client_timestamp,x,y,button,state,window
1569854321.284,2607,712,None,Move,development
1569854321.3,2609,708,None,Move,development
1569854321.322,2611,706,None,Move,development
1569854321.3379998,2613,704,None,Move,development
1569854321.353,2615,701,None,Move,development
1569854321.369,2618,698,None,Move,development
1569854321.385,2624,691,None,Move,development
1569854321.4,2633,683,None,Move,development
1569854321.417,2643,672,None,Move,development
1569854321.4220002,2649,665,None,Move,development
1569854321.437,2664,653,None,Move,development
1569854321.4529998,2680,639,None,Move,development
1569854321.469,2700,622,None,Move,development
1569854321.484,2721,611,None,Move,development
1569854321.5,2730,601,None,Move,development
1569854321.516,2732,600,None,Move,development
1569854321.522,2732,600,None,Move,development
1569854321.601,2733,599,None,Move,development
1569854328.329,2727,593,None,Move,development
1569854328.345,2712,579,None,Move,development
1569854328.361,2705,573,None,Move,development
1569854328.3760002,2699,567,None,Move,development
1569854328.3820002,2695,564,None,Move,development
1569854328.3979998,2684,555,None,Move,development
1569854328.414,2665,542,None,Move,development
1569854328.43,2645,525,None,Move,development
1569854328.445,2632,515,None,Move,development
1569854328.461,2626,510,None,Move,development
1569854328.476,2624,508,None,Move,development
1569854328.482,2624,508,None,Move,development
1569854328.498,2623,507,None,Move,development
1569854328.514,2622,507,None,Move,development
1569854328.529,2621,506,None,Move,development
1569854328.545,2621,505,None,Move,development
1569854328.586,2620,505,None,Move,development
1569854328.633,2620,505,None,Move,development
1569854328.865,2620,505,None,Move,development
1569854328.88,2627,510,None,Move,development
1569854328.887,2627,511,None,Move,development
1569854328.9020002,2633,514,None,Move,development
1569854328.918,2635,517,None,Move,development
1569854328.934,2638,518,None,Move,development
1569854328.949,2639,520,None,Move,development
1569854328.965,2641,521,None,Move,development
1569854329.117,2615,470,None,Move,development
1569854329.133,2600,446,None,Move,development
1569854329.149,2532,333,None,Move,development
1569854329.164,2469,236,None,Move,development
1569854329.18,2406,137,None,Move,development
1569854329.207,2342,59,None,Move,development
1569854329.222,2255,-3,None,Move,development
1569854329.238,2241,-4,None,Move,development
1569854329.254,2226,-4,None,Move,development
1569854329.271,2219,-2,None,Move,development
1569854329.3079998,2217,0,None,Move,development
1569854329.323,2216,0,None,Move,development
1569854329.339,2215,0,None,Move,development
1569854329.36,2214,0,None,Move,development
1569854329.361,2214,0,None,Move,development
1569854329.377,2213,1,None,Move,development
1569854329.3920002,2211,3,None,Move,development
1569854329.408,2211,9,None,Move,development
1569854329.423,2210,23,None,Move,development
1569854329.439,2210,31,None,Move,development
1569854329.455,2209,38,None,Move,development
1569854329.47,2207,45,None,Move,development
1569854329.486,2205,52,None,Move,development
1569854329.492,2203,57,None,Move,development
1569854329.508,2201,62,None,Move,development
1569854329.524,2199,69,None,Move,development
1569854329.539,2196,72,None,Move,development
1569854329.555,2196,73,None,Move,development
1569854329.572,2196,74,None,Move,development
1569854329.59,2199,76,None,Move,development
1569854329.593,2203,79,None,Move,development
1569854329.609,2211,80,None,Move,development
1569854329.6239998,2215,81,None,Move,development
1569854329.64,2218,81,None,Move,development
1569854329.653,2219,81,None,Move,development
1569854329.685,2221,81,None,Move,development
1569854329.6929998,2221,81,None,Move,development
1569854329.725,2222,81,None,Move,development
1569854329.856,2222,81,None,Move,development
1569854329.909,2222,81,Left,Pressed,development
1569854329.952,2222,81,Left,Released,development
1569854330.225,2223,83,None,Move,development
1569854330.242,2225,96,None,Move,development
1569854330.258,2229,112,None,Move,development
1569854330.2729998,2232,133,None,Move,development
1569854330.284,2233,145,None,Move,development
1569854330.294,2233,157,None,Move,development
1569854330.31,2233,194,None,Move,development
1569854330.326,2233,204,None,Move,development
1569854330.341,2233,249,None,Move,development
1569854330.357,2230,281,None,Move,development
1569854330.373,2230,304,None,Move,development
1569854330.3879998,2230,319,None,Move,development
1569854330.395,2230,325,None,Move,development
1569854330.41,2230,335,None,Move,development
1569854330.426,2231,342,None,Move,development
1569854330.4420002,2231,346,None,Move,development
1569854330.457,2231,350,None,Move,development
1569854330.4729998,2231,352,None,Move,development
1569854330.4889998,2231,353,None,Move,development
1569854330.495,2232,354,None,Move,development
1569854330.5110002,2232,355,None,Move,development
1569854330.526,2232,356,None,Move,development
1569854330.542,2234,358,None,Move,development
1569854330.5570002,2239,362,None,Move,development
1569854330.573,2248,370,None,Move,development
1569854330.589,2264,382,None,Move,development
1569854330.595,2276,387,None,Move,development
1569854330.611,2305,405,None,Move,development
1569854330.627,2336,420,None,Move,development
1569854330.6420002,2378,440,None,Move,development
1569854330.658,2423,465,None,Move,development
1569854330.674,2454,482,None,Move,development
1569854330.689,2480,498,None,Move,development
1569854330.695,2490,504,None,Move,development
1569854330.711,2507,513,None,Move,development
1569854331.231,2534,523,None,Move,development
1569854331.246,2546,528,None,Move,development
1569854331.262,2583,540,None,Move,development
1569854331.2770002,2621,555,None,Move,development
1569854331.294,2654,571,None,Move,development
1569854331.301,2672,581,None,Move,development
1569854331.3170002,2693,593,None,Move,development
1569854331.332,2711,604,None,Move,development
1569854331.3479998,2723,611,None,Move,development
1569854331.363,2731,616,None,Move,development
1569854331.379,2732,617,None,Move,development
1569854331.978,2727,612,None,Move,development
1569854331.994,2710,592,None,Move,development
1569854332.0010002,2706,584,None,Move,development
1569854332.016,2698,574,None,Move,development
1569854332.032,2694,570,None,Move,development
1569854332.048,2693,567,None,Move,development
1569854332.056,2692,566,None,Move,development
1569854332.063,2692,566,None,Move,development
1569854332.071,2691,565,None,Move,development
1569854332.086,2691,565,None,Move,development
1569854332.094,2691,565,None,Move,development
1569854332.1020002,2691,564,None,Move,development
1569854332.117,2690,564,None,Move,development
1569854332.133,2690,563,None,Move,development
1569854332.1479998,2690,561,None,Move,development
1569854332.164,2688,558,None,Move,development
1569854332.18,2685,551,None,Move,development
1569854332.195,2684,547,None,Move,development
1569854332.201,2683,546,None,Move,development
1569854332.216,2682,544,None,Move,development
1569854332.232,2682,543,None,Move,development
1569854332.248,2681,541,None,Move,development
1569854332.279,2681,540,None,Move,development
1569854332.295,2680,540,None,Move,development
1569854332.301,2680,540,None,Move,development
1569854332.903,2679,538,None,Move,development
1569854332.918,2678,536,None,Move,development
1569854332.934,2675,532,None,Move,development
1569854332.95,2671,530,None,Move,development
1569854332.965,2669,528,None,Move,development
1569854332.981,2667,526,None,Move,development
1569854332.996,2666,525,None,Move,development
1569854333.0029998,2665,524,None,Move,development
1569854333.019,2664,524,None,Move,development
1569854333.034,2663,523,None,Move,development
1569854333.053,2661,523,None,Move,development
1569854333.061,2661,523,None,Move,development
1569854333.077,2661,523,None,Move,development
1569854333.084,2661,522,None,Move,development
1569854333.092,2660,522,None,Move,development
1569854333.104,2659,522,None,Move,development
1569854333.119,2659,520,None,Move,development
1569854333.135,2658,518,None,Move,development
1569854333.151,2654,515,None,Move,development
1569854333.166,2652,511,None,Move,development
1569854333.1820002,2649,508,None,Move,development
1569854333.204,2647,506,None,Move,development
1569854333.22,2646,505,None,Move,development
1569854333.235,2645,504,None,Move,development
1569854333.2510002,2645,503,None,Move,development
1569854333.266,2644,503,None,Move,development
1569854333.282,2644,502,None,Move,development
1569854333.304,2642,502,None,Move,development
1569854333.316,2641,501,None,Move,development
1569854333.332,2641,501,None,Move,development
1569854333.347,2641,500,None,Move,development
1569854333.395,2640,500,None,Move,development
1569854333.472,2640,499,None,Move,development
1569854333.841,2640,499,Left,Pressed,development
1569854333.941,2640,499,Left,Released,development
1569854338.447,2640,499,None,Move,development
1569854338.457,2638,499,None,Move,development
1569854338.465,2638,499,None,Move,development
1569854338.468,2638,501,None,Move,development
1569854338.478,2638,502,None,Move,development
1569854338.486,2640,504,None,Move,development
1569854338.496,2642,508,None,Move,development
1569854338.512,2654,525,None,Move,development
1569854338.528,2669,551,None,Move,development
1569854338.544,2692,589,None,Move,development
1569854338.559,2719,634,None,Move,development
1569854338.575,2743,670,None,Move,development
1569854338.591,2782,698,None,Move,development
1569854338.597,2798,709,None,Move,development
1569854338.613,2829,724,None,Move,development
1569854338.629,2857,737,None,Move,development
1569854338.644,2876,746,None,Move,development
1569854338.66,2889,750,None,Move,development
1569854338.675,2895,749,None,Move,development
1569854338.691,2899,740,None,Move,development
1569854338.698,2901,731,None,Move,development
1569854338.714,2905,712,None,Move,development
1569854338.729,2910,693,None,Move,development
1569854338.745,2910,677,None,Move,development
1569854338.76,2907,662,None,Move,development
1569854338.776,2899,650,None,Move,development
1569854338.791,2891,644,None,Move,development
1569854338.798,2890,643,None,Move,development
1569854338.814,2887,640,None,Move,development
1569854338.829,2882,636,None,Move,development
1569854338.845,2873,630,None,Move,development
1569854338.865,2866,620,None,Move,development
1569854338.8720002,2862,613,None,Move,development
1569854338.887,2853,600,None,Move,development
1569854338.8979998,2848,585,None,Move,development
1569854338.919,2846,578,None,Move,development
1569854338.934,2845,575,None,Move,development
1569854338.95,2845,573,None,Move,development
1569854338.966,2845,570,None,Move,development
1569854338.981,2845,568,None,Move,development
1569854338.9970002,2845,566,None,Move,development
1569854338.998,2845,566,None,Move,development
1569854339.146,2845,565,None,Move,development
1569854339.161,2845,566,None,Move,development
1569854339.177,2845,568,None,Move,development
1569854339.1920002,2845,570,None,Move,development
1569854339.262,2845,570,Left,Pressed,development
1569854339.395,2845,570,Left,Released,development
1569854339.431,2845,570,None,Move,development
1569854340.7270002,2845,571,None,Move,development
1569854340.758,2845,571,None,Move,development
1569854341.07,2848,573,None,Move,development
1569854341.0779998,2871,588,None,Move,development
1569854341.086,2911,609,None,Move,development
1569854341.091,2953,628,None,Move,development
1569854341.103,2982,634,None,Move,development
1569854341.119,3053,630,None,Move,development
1569854341.1339998,3098,606,None,Move,development
1569854341.15,3128,574,None,Move,development
1569854341.16,3137,558,None,Move,development
1569854341.176,3158,514,None,Move,development
1569854341.1920002,3175,479,None,Move,development
1569854341.2029998,3179,465,None,Move,development
1569854341.219,3183,439,None,Move,development
1569854341.235,3183,415,None,Move,development
1569854341.25,3179,400,None,Move,development
1569854341.266,3178,390,None,Move,development
1569854341.282,3178,388,None,Move,development
1569854341.335,3178,386,None,Move,development
1569854341.351,3180,386,None,Move,development
1569854341.3660002,3187,389,None,Move,development
1569854341.3820002,3193,393,None,Move,development
1569854341.397,3197,395,None,Move,development
1569854341.404,3197,395,None,Move,development
1569854342.1920002,3197,395,None,Move,development
1569854342.202,3195,395,None,Move,development
1569854342.212,3194,394,None,Move,development
1569854342.222,3192,394,None,Move,development
1569854342.23,3191,393,None,Move,development
1569854342.24,3190,393,None,Move,development
1569854342.256,3189,393,None,Move,development
1569854342.271,3187,391,None,Move,development
1569854342.2870002,3186,390,None,Move,development
1569854342.303,3186,389,None,Move,development
1569854342.3179998,3186,389,None,Move,development
1569854342.958,3185,389,None,Move,development
1569854342.974,3183,388,None,Move,development
1569854342.99,3178,386,None,Move,development
1569854343.0089998,3157,380,None,Move,development
1569854343.025,3146,377,None,Move,development
1569854343.045,3137,376,None,Move,development
1569854343.061,3133,376,None,Move,development
1569854343.069,3132,376,None,Move,development
1569854343.075,3131,376,None,Move,development
1569854343.106,3131,375,None,Move,development
1569854343.137,3131,375,None,Move,development
1569854343.979,3130,375,None,Move,development
1569854343.995,3088,375,None,Move,development
1569854344.01,2993,377,None,Move,development
1569854344.026,2931,372,None,Move,development
1569854344.042,2884,366,None,Move,development
1569854344.048,2859,363,None,Move,development
1569854344.07,2807,357,None,Move,development
1569854344.076,2784,354,None,Move,development
1569854344.084,2771,352,None,Move,development
1569854344.093,2760,350,None,Move,development
1569854344.101,2752,349,None,Move,development
1569854344.1079998,2746,348,None,Move,development
1569854344.117,2743,347,None,Move,development
1569854344.12,2742,347,None,Move,development
1569854344.512,2742,347,None,Move,development
1569854344.528,2742,347,None,Move,development
1569854344.544,2743,350,None,Move,development
1569854344.55,2743,350,None,Move,development
1569854344.566,2744,352,None,Move,development
1569854344.583,2745,353,None,Move,development
1569854344.5979998,2745,354,None,Move,development
1569854344.6139998,2746,355,None,Move,development
1569854344.744,2747,354,None,Move,development
1569854344.75,2749,347,None,Move,development
1569854344.766,2763,328,None,Move,development
1569854344.782,2785,292,None,Move,development
1569854344.7970002,2804,251,None,Move,development
1569854344.813,2808,205,None,Move,development
1569854344.829,2800,160,None,Move,development
1569854344.844,2783,126,None,Move,development
1569854344.851,2774,115,None,Move,development
1569854344.867,2749,96,None,Move,development
1569854344.8820002,2734,90,None,Move,development
1569854344.897,2697,74,None,Move,development
1569854344.913,2681,70,None,Move,development
1569854344.929,2670,65,None,Move,development
1569854344.945,2664,62,None,Move,development
1569854344.951,2663,62,None,Move,development
1569854345.12,2662,61,None,Move,development
1569854345.1360002,2659,63,None,Move,development
1569854345.151,2649,67,None,Move,development
1569854345.156,2644,69,None,Move,development
1569854345.171,2629,75,None,Move,development
1569854345.187,2613,80,None,Move,development
1569854345.2029998,2591,82,None,Move,development
1569854345.218,2566,85,None,Move,development
1569854345.234,2542,88,None,Move,development
1569854345.252,2518,92,None,Move,development
1569854345.268,2495,92,None,Move,development
1569854345.283,2477,96,None,Move,development
1569854345.299,2464,97,None,Move,development
1569854345.315,2458,97,None,Move,development
1569854345.33,2456,96,None,Move,development
1569854345.346,2454,95,None,Move,development
1569854345.3520002,2453,95,None,Move,development
1569854345.3679998,2447,94,None,Move,development
1569854345.383,2438,96,None,Move,development
1569854345.399,2426,100,None,Move,development
1569854345.415,2421,101,None,Move,development
1569854345.43,2417,102,None,Move,development
1569854345.446,2416,102,None,Move,development
1569854345.452,2415,102,None,Move,development
1569854345.47,2414,102,None,Move,development
1569854345.486,2414,101,None,Move,development
1569854345.5010002,2413,100,None,Move,development
1569854345.5170002,2413,100,None,Move,development
1569854345.532,2412,97,None,Move,development
1569854345.552,2412,97,None,Move,development
1569854345.5679998,2410,93,None,Move,development
1569854345.584,2410,91,None,Move,development
1569854345.599,2410,89,None,Move,development
1569854345.615,2410,88,None,Move,development
1569854345.631,2410,86,None,Move,development
1569854345.653,2410,84,None,Move,development
1569854345.669,2410,81,None,Move,development
1569854345.731,2410,80,Left,Pressed,development
1569854345.831,2410,80,Left,Released,development
1569854345.969,2411,80,None,Move,development
1569854345.985,2411,81,None,Move,development
1569854346.0,2419,87,None,Move,development
1569854346.016,2436,97,None,Move,development
1569854346.032,2465,110,None,Move,development
1569854346.05,2516,133,None,Move,development
1569854346.0779998,2547,146,None,Move,development
1569854346.079,2612,176,None,Move,development
1569854346.083,2641,190,None,Move,development
1569854346.097,2668,200,None,Move,development
1569854346.113,2740,232,None,Move,development
1569854346.1320002,2752,236,None,Move,development
1569854346.147,2776,246,None,Move,development
1569854346.154,2779,248,None,Move,development
1569854346.169,2782,249,None,Move,development
1569854346.201,2782,250,None,Move,development
1569854346.3860002,2782,251,None,Move,development
1569854346.401,2784,263,None,Move,development
1569854346.417,2784,278,None,Move,development
1569854346.4320002,2782,294,None,Move,development
1569854346.448,2774,317,None,Move,development
1569854346.455,2767,329,None,Move,development
1569854346.47,2745,355,None,Move,development
1569854346.486,2724,376,None,Move,development
1569854346.5010002,2701,395,None,Move,development
1569854346.5170002,2684,410,None,Move,development
1569854346.533,2674,418,None,Move,development
1569854346.548,2673,419,None,Move,development
1569854346.603,2673,419,None,Move,development
1569854346.6179998,2674,414,None,Move,development
1569854346.6360002,2675,407,None,Move,development
1569854346.6520002,2677,401,None,Move,development
1569854346.655,2678,397,None,Move,development
1569854346.671,2680,391,None,Move,development
1569854346.686,2683,385,None,Move,development
1569854346.702,2687,376,None,Move,development
1569854346.718,2688,367,None,Move,development
1569854346.7329998,2688,363,None,Move,development
1569854346.7489998,2688,358,None,Move,development
1569854346.755,2688,354,None,Move,development
1569854346.771,2689,351,None,Move,development
1569854346.7870002,2689,349,None,Move,development
1569854346.802,2690,346,None,Move,development
1569854346.8179998,2690,344,None,Move,development
1569854346.9020002,2691,341,None,Move,development
1569854346.918,2694,339,None,Move,development
1569854346.9329998,2697,337,None,Move,development
1569854347.062,2697,337,None,Move,development
1569854347.07,2696,336,None,Move,development
1569854347.0779998,2694,335,None,Move,development
1569854347.086,2692,335,None,Move,development
1569854347.094,2691,335,None,Move,development
1569854347.1020002,2690,335,None,Move,development
1569854347.1179998,2690,335,None,Move,development
1569854347.133,2690,336,None,Move,development
1569854347.149,2691,337,None,Move,development
1569854347.2489998,2692,337,None,Move,development
1569854347.255,2692,337,None,Move,development
1569854347.271,2693,339,None,Move,development
1569854347.2870002,2696,342,None,Move,development
1569854347.302,2699,345,None,Move,development
1569854347.3179998,2704,348,None,Move,development
1569854347.333,2708,351,None,Move,development
1569854347.356,2712,354,None,Move,development
1569854347.3579998,2715,355,None,Move,development
1569854347.3679998,2717,357,None,Move,development
1569854347.3779998,2719,358,None,Move,development
1569854347.3860002,2721,360,None,Move,development
1569854347.3879998,2725,361,None,Move,development
1569854347.3979998,2726,363,None,Move,development
1569854347.408,2727,363,None,Move,development
1569854347.418,2729,364,None,Move,development
1569854347.426,2730,365,None,Move,development
1569854347.428,2732,365,None,Move,development
1569854347.446,2733,367,None,Move,development
1569854347.456,2737,369,None,Move,development
1569854347.458,2738,370,None,Move,development
1569854347.468,2739,370,None,Move,development
1569854347.4889998,2741,371,None,Move,development
1569854347.4989998,2744,373,None,Move,development
1569854347.5089998,2745,374,None,Move,development
1569854347.519,2747,375,None,Move,development
1569854347.5270002,2749,376,None,Move,development
1569854347.529,2751,377,None,Move,development
1569854347.539,2754,379,None,Move,development
1569854347.549,2760,381,None,Move,development
1569854347.5570002,2766,383,None,Move,development
1569854347.559,2772,385,None,Move,development
1569854347.569,2777,387,None,Move,development
1569854347.579,2783,389,None,Move,development
1569854347.589,2789,390,None,Move,development
1569854347.599,2798,394,None,Move,development
1569854347.61,2801,395,None,Move,development
1569854347.62,2802,396,None,Move,development
1569854347.6279998,2804,398,None,Move,development
1569854347.63,2804,398,None,Move,development
1569854347.64,2805,398,None,Move,development
1569854347.831,2805,398,None,Move,development
1569854347.841,2806,397,None,Move,development
1569854347.849,2807,395,None,Move,development
1569854347.851,2808,394,None,Move,development
1569854347.861,2809,393,None,Move,development
1569854347.871,2811,391,None,Move,development
1569854347.881,2811,390,None,Move,development
1569854347.89,2813,388,None,Move,development
1569854347.8920002,2813,387,None,Move,development
1569854347.9020002,2814,386,None,Move,development
1569854347.9120002,2814,386,None,Move,development
1569854347.92,2814,385,None,Move,development
1569854347.9220002,2814,385,None,Move,development
1569854347.9320002,2815,384,None,Move,development
1569854347.9420002,2815,384,None,Move,development
1569854347.972,2815,383,None,Move,development
1569854348.08,2816,382,None,Move,development
1569854348.084,2817,380,None,Move,development
1569854348.092,2818,380,None,Move,development
1569854348.1,2819,378,None,Move,development
1569854348.101,2820,377,None,Move,development
1569854348.113,2821,375,None,Move,development
1569854348.123,2823,374,None,Move,development
1569854348.131,2825,371,None,Move,development
1569854348.141,2826,370,None,Move,development
1569854348.157,2829,367,None,Move,development
1569854348.173,2831,364,None,Move,development
1569854348.188,2834,361,None,Move,development
1569854348.204,2835,356,None,Move,development
1569854348.22,2835,351,None,Move,development
1569854348.235,2835,344,None,Move,development
1569854348.242,2835,339,None,Move,development
1569854348.2570002,2835,330,None,Move,development
1569854348.2729998,2835,318,None,Move,development
1569854348.289,2836,305,None,Move,development
1569854348.31,2837,294,None,Move,development
1569854348.3179998,2837,288,None,Move,development
1569854348.321,2837,283,None,Move,development
1569854348.342,2836,272,None,Move,development
1569854348.357,2829,262,None,Move,development
1569854348.373,2823,257,None,Move,development
1569854348.389,2820,254,None,Move,development
1569854348.404,2818,253,None,Move,development
1569854348.42,2815,250,None,Move,development
1569854348.4420002,2811,246,None,Move,development
1569854348.458,2808,243,None,Move,development
1569854348.462,2807,242,None,Move,development
1569854348.478,2804,239,None,Move,development
1569854348.4929998,2801,237,None,Move,development
1569854348.5089998,2798,234,None,Move,development
1569854348.525,2795,233,None,Move,development
1569854348.542,2795,231,None,Move,development
1569854348.574,2794,231,None,Move,development
1569854349.167,2794,231,None,Move,development
1569854349.178,2794,231,None,Move,development
1569854349.188,2794,232,None,Move,development
1569854349.196,2794,233,None,Move,development
1569854349.198,2794,233,None,Move,development
1569854349.208,2795,235,None,Move,development
1569854349.216,2795,236,None,Move,development
1569854349.226,2795,237,None,Move,development
1569854349.2410002,2795,240,None,Move,development
1569854349.2570002,2796,242,None,Move,development
1569854349.2729998,2797,245,None,Move,development
1569854349.288,2797,248,None,Move,development
1569854349.296,2797,249,None,Move,development
1569854349.2970002,2797,250,None,Move,development
1569854349.313,2798,253,None,Move,development
1569854349.326,2798,253,None,Move,development
1569854349.342,2798,255,None,Move,development
1569854349.357,2799,256,None,Move,development
1569854349.518,2799,256,None,Move,development
1569854349.619,2800,256,None,Move,development
1569854349.627,2801,255,None,Move,development
1569854349.629,2802,253,None,Move,development
1569854349.639,2804,251,None,Move,development
1569854349.649,2805,249,None,Move,development
1569854349.658,2807,247,None,Move,development
1569854349.66,2809,244,None,Move,development
1569854349.6720002,2811,242,None,Move,development
1569854349.679,2812,239,None,Move,development
1569854349.689,2814,234,None,Move,development
1569854349.704,2818,224,None,Move,development
1569854349.72,2820,215,None,Move,development
1569854349.736,2823,208,None,Move,development
1569854349.7510002,2826,200,None,Move,development
1569854349.7670002,2829,192,None,Move,development
1569854349.783,2833,183,None,Move,development
1569854349.789,2834,181,None,Move,development
1569854349.805,2837,174,None,Move,development
1569854349.82,2840,168,None,Move,development
1569854349.836,2842,164,None,Move,development
1569854349.8520002,2843,162,None,Move,development
1569854349.867,2844,158,None,Move,development
1569854349.883,2845,156,None,Move,development
1569854349.889,2845,155,None,Move,development
1569854349.905,2845,154,None,Move,development
1569854349.967,2845,153,None,Move,development
1569854349.99,2845,152,None,Move,development
1569854350.005,2845,151,None,Move,development
1569854350.022,2845,149,None,Move,development
1569854350.038,2846,147,None,Move,development
1569854350.056,2848,145,None,Move,development
1569854350.064,2850,143,None,Move,development
1569854350.072,2850,142,None,Move,development
1569854350.08,2852,141,None,Move,development
1569854350.0879998,2852,140,None,Move,development
1569854350.0979998,2853,140,None,Move,development
1569854350.1139998,2854,140,None,Move,development
1569854350.129,2855,140,None,Move,development
1569854350.145,2856,142,None,Move,development
1569854350.161,2859,146,None,Move,development
1569854350.176,2862,155,None,Move,development
1569854350.19,2866,165,None,Move,development
1569854350.206,2869,172,None,Move,development
1569854350.221,2869,177,None,Move,development
1569854350.2370002,2871,180,None,Move,development
1569854350.2529998,2873,181,None,Move,development
1569854350.268,2873,182,None,Move,development
1569854350.522,2873,182,Left,Pressed,development
1569854350.6260002,2873,182,Left,Released,development
1569854350.688,2873,182,Left,Pressed,development
1569854350.7570002,2873,182,Left,Released,development
1569854350.795,2873,182,Left,Pressed,development
1569854350.873,2873,182,Left,Released,development
1569854351.496,2873,182,None,Move,development
1569854351.5110002,2864,178,None,Move,development
1569854351.5270002,2845,149,None,Move,development
1569854351.542,2843,140,None,Move,development
1569854351.5579998,2839,122,None,Move,development
1569854351.574,2835,105,None,Move,development
1569854351.596,2831,89,None,Move,development
1569854351.6120002,2817,68,None,Move,development
1569854351.627,2805,56,None,Move,development
1569854351.643,2794,51,None,Move,development
1569854351.659,2789,48,None,Move,development
1569854351.674,2786,48,None,Move,development
1569854351.69,2783,49,None,Move,development
1569854351.702,2782,49,None,Move,development
1569854351.7029998,2780,51,None,Move,development
1569854351.719,2773,54,None,Move,development
1569854351.734,2762,61,None,Move,development
1569854351.75,2755,64,None,Move,development
1569854351.766,2748,66,None,Move,development
1569854351.781,2721,76,None,Move,development
1569854351.796,2692,91,None,Move,development
1569854351.812,2652,101,None,Move,development
1569854351.827,2628,105,None,Move,development
1569854351.843,2610,107,None,Move,development
1569854351.859,2603,107,None,Move,development
1569854351.8739998,2602,107,None,Move,development
1569854351.945,2601,107,None,Move,development
1569854351.96,2599,105,None,Move,development
1569854351.976,2597,103,None,Move,development
1569854351.996,2596,100,None,Move,development
1569854352.012,2595,97,None,Move,development
1569854352.028,2595,92,None,Move,development
1569854352.043,2595,91,None,Move,development
1569854352.06,2596,88,None,Move,development
1569854352.0679998,2596,87,None,Move,development
1569854352.076,2596,87,None,Move,development
1569854352.084,2596,86,None,Move,development
1569854352.092,2596,86,None,Move,development
1569854352.1,2596,86,None,Move,development
1569854352.1079998,2596,85,None,Move,development
1569854352.113,2596,84,None,Move,development
1569854352.175,2596,84,Left,Pressed,development
1569854352.291,2596,84,Left,Released,development
1569854352.3760002,2598,85,None,Move,development
1569854352.391,2605,91,None,Move,development
1569854352.3979998,2614,98,None,Move,development
1569854352.413,2642,109,None,Move,development
1569854352.429,2677,123,None,Move,development
1569854352.445,2724,140,None,Move,development
1569854352.461,2758,156,None,Move,development
1569854352.476,2782,173,None,Move,development
1569854352.4910002,2804,194,None,Move,development
1569854352.498,2812,203,None,Move,development
1569854352.514,2828,219,None,Move,development
1569854352.529,2833,234,None,Move,development
1569854352.548,2833,251,None,Move,development
1569854352.549,2831,259,None,Move,development
1569854352.565,2826,276,None,Move,development
1569854352.581,2822,293,None,Move,development
1569854352.5979998,2818,310,None,Move,development
1569854352.6139998,2811,324,None,Move,development
1569854352.629,2798,339,None,Move,development
1569854352.645,2786,352,None,Move,development
1569854352.661,2776,364,None,Move,development
1569854352.676,2767,377,None,Move,development
1569854352.6920002,2759,392,None,Move,development
1569854352.698,2754,399,None,Move,development
1569854352.714,2745,411,None,Move,development
1569854352.73,2735,419,None,Move,development
1569854352.745,2727,424,None,Move,development
1569854352.7610002,2720,428,None,Move,development
1569854352.7770002,2717,428,None,Move,development
1569854352.799,2710,423,None,Move,development
1569854352.814,2699,408,None,Move,development
1569854352.83,2695,398,None,Move,development
1569854352.846,2692,389,None,Move,development
1569854352.861,2692,386,None,Move,development
1569854352.877,2693,382,None,Move,development
1569854352.8920002,2695,380,None,Move,development
1569854352.962,2696,380,None,Move,development
1569854352.9770002,2697,380,None,Move,development
1569854352.9929998,2699,382,None,Move,development
1569854352.9989998,2699,382,None,Move,development
1569854353.416,2700,382,None,Move,development
1569854353.4320002,2710,386,None,Move,development
1569854353.446,2717,388,None,Move,development
1569854353.447,2727,390,None,Move,development
1569854353.462,2746,394,None,Move,development
1569854353.478,2767,398,None,Move,development
1569854353.494,2784,400,None,Move,development
1569854353.5010002,2789,400,None,Move,development
1569854353.516,2800,400,None,Move,development
1569854353.532,2807,400,None,Move,development
1569854353.5470002,2815,396,None,Move,development
1569854353.563,2829,394,None,Move,development
1569854353.579,2839,394,None,Move,development
1569854353.594,2839,402,None,Move,development
1569854353.601,2838,405,None,Move,development
1569854353.88,2838,405,None,Move,development
1569854353.896,2839,405,None,Move,development
1569854353.9020002,2840,406,None,Move,development
1569854353.918,2841,409,None,Move,development
1569854353.9220002,2842,410,None,Move,development
1569854353.938,2844,413,None,Move,development
1569854353.9529998,2847,415,None,Move,development
1569854353.969,2849,417,None,Move,development
1569854353.984,2850,419,None,Move,development
1569854354.002,2851,420,None,Move,development
1569854354.018,2851,421,None,Move,development
1569854354.052,2851,421,None,Move,development
1569854354.061,2852,421,None,Move,development
1569854354.0679998,2853,421,None,Move,development
1569854354.076,2855,422,None,Move,development
1569854354.085,2856,422,None,Move,development
1569854354.09,2858,422,None,Move,development
1569854354.095,2859,422,None,Move,development
1569854354.1020002,2859,422,None,Move,development
1569854354.1179998,2860,423,None,Move,development
1569854354.1339998,2861,423,None,Move,development
1569854354.135,2862,423,None,Move,development
1569854354.151,2862,423,None,Move,development
1569854354.166,2863,424,None,Move,development
1569854354.1820002,2865,424,None,Move,development
1569854354.197,2865,424,None,Move,development
1569854354.202,2865,423,None,Move,development
1569854354.218,2867,420,None,Move,development
1569854354.234,2868,417,None,Move,development
1569854354.2489998,2869,415,None,Move,development
1569854354.265,2869,413,None,Move,development
1569854354.281,2870,412,None,Move,development
1569854354.303,2871,411,None,Move,development
1569854354.336,2871,411,None,Move,development
1569854355.7529998,2871,411,None,Move,development
1569854355.768,2865,426,None,Move,development
1569854355.784,2859,439,None,Move,development
1569854355.8,2855,453,None,Move,development
1569854355.806,2851,462,None,Move,development
1569854355.822,2843,478,None,Move,development
1569854355.8379998,2833,492,None,Move,development
1569854355.853,2826,504,None,Move,development
1569854355.869,2821,515,None,Move,development
1569854355.8839998,2817,522,None,Move,development
1569854355.9,2814,524,None,Move,development
1569854355.906,2812,526,None,Move,development
1569854355.9220002,2808,531,None,Move,development
1569854355.938,2804,537,None,Move,development
1569854355.9529998,2798,544,None,Move,development
1569854355.969,2795,551,None,Move,development
1569854355.985,2792,555,None,Move,development
1569854356.0070002,2787,560,None,Move,development
1569854356.022,2780,565,None,Move,development
1569854356.185,2778,566,None,Move,development
1569854356.201,2777,565,None,Move,development
1569854356.354,2777,565,None,Move,development
1569854356.37,2776,563,None,Move,development
1569854356.589,2776,563,None,Move,development
1569854356.611,2776,562,None,Move,development
1569854356.627,2777,561,None,Move,development
1569854356.6420002,2783,551,None,Move,development
1569854356.658,2786,545,None,Move,development
1569854356.674,2789,541,None,Move,development
1569854356.689,2792,535,None,Move,development
1569854356.705,2793,533,None,Move,development
1569854356.711,2796,528,None,Move,development
1569854356.7270002,2800,519,None,Move,development
1569854356.7429998,2803,514,None,Move,development
1569854356.758,2806,509,None,Move,development
1569854356.774,2808,505,None,Move,development
1569854356.79,2811,502,None,Move,development
1569854356.812,2812,500,None,Move,development
1569854356.8279998,2813,497,None,Move,development
1569854356.843,2814,496,None,Move,development
1569854356.859,2815,493,None,Move,development
1569854356.875,2815,492,None,Move,development
1569854356.89,2816,491,None,Move,development
1569854357.0129998,2815,492,None,Move,development
1569854357.029,2804,506,None,Move,development
1569854357.045,2791,523,None,Move,development
1569854357.062,2778,540,None,Move,development
1569854357.071,2771,549,None,Move,development
1569854357.079,2763,556,None,Move,development
1569854357.087,2756,562,None,Move,development
1569854357.092,2751,566,None,Move,development
1569854357.101,2749,568,None,Move,development
1569854357.109,2747,570,None,Move,development
1569854357.113,2747,570,None,Move,development
1569854357.176,2746,570,None,Move,development
1569854357.199,2746,569,None,Move,development
1569854357.2,2746,569,None,Move,development
1569854357.214,2746,568,None,Move,development
1569854357.23,2746,566,None,Move,development
1569854357.245,2749,563,None,Move,development
1569854357.2610002,2752,561,None,Move,development
1569854357.2770002,2754,561,None,Move,development
1569854357.445,2754,561,Left,Pressed,development
1569854357.5779998,2754,561,Left,Released,development
1569854357.647,2755,561,None,Move,development
1569854357.6620002,2757,560,None,Move,development
1569854357.678,2762,556,None,Move,development
1569854359.3779998,2762,556,None,Move,development
1569854359.394,2762,556,None,Move,development
1569854359.41,2757,551,None,Move,development
1569854359.428,2747,539,None,Move,development
1569854359.444,2744,534,None,Move,development
1569854359.545,2743,534,None,Move,development
1569854359.56,2774,548,None,Move,development
1569854359.577,2850,599,None,Move,development
1569854359.592,2923,650,None,Move,development
1569854359.6079998,2952,683,None,Move,development
1569854359.629,2964,700,None,Move,development
1569854359.645,2971,711,None,Move,development
1569854359.66,2973,716,None,Move,development
1569854359.676,2974,718,None,Move,development
1569854359.691,2975,721,None,Move,development
1569854359.707,2976,722,None,Move,development
1569854359.729,2977,724,None,Move,development
1569854359.745,2978,725,None,Move,development
1569854359.792,2979,725,None,Move,development
1569854359.8070002,2984,722,None,Move,development
1569854359.823,2985,722,None,Move,development
1569854359.829,2987,722,None,Move,development
1569854359.877,2988,722,None,Move,development
1569854359.8920002,2988,722,None,Move,development
1569854359.908,2989,723,None,Move,development
1569854359.923,2992,726,None,Move,development
1569854359.93,2994,727,None,Move,development
1569854359.946,2997,730,None,Move,development
1569854359.961,2999,733,None,Move,development
1569854359.9770002,3002,735,None,Move,development
1569854359.992,3003,736,None,Move,development
1569854360.065,3003,736,Left,Pressed,development
1569854360.163,3003,736,Left,Released,development
1569854360.225,3003,736,None,Move,development
1569854360.231,3002,736,None,Move,development
1569854360.2470002,2988,733,None,Move,development
1569854360.262,2961,728,None,Move,development
1569854360.278,2901,722,None,Move,development
1569854360.294,2816,715,None,Move,development
1569854360.309,2712,695,None,Move,development
1569854360.325,2637,679,None,Move,development
1569854360.332,2596,666,None,Move,development
1569854360.347,2517,624,None,Move,development
1569854360.363,2461,594,None,Move,development
1569854360.3779998,2434,574,None,Move,development
1569854360.394,2417,557,None,Move,development
1569854360.41,2410,548,None,Move,development
1569854360.425,2408,545,None,Move,development
1569854360.4320002,2408,544,None,Move,development
1569854360.51,2407,544,None,Move,development
1569854360.526,2414,557,None,Move,development
1569854360.532,2417,563,None,Move,development
1569854360.548,2420,567,None,Move,development
1569854360.564,2422,568,None,Move,development
1569854360.579,2424,570,None,Move,development
1569854360.595,2435,577,None,Move,development
1569854360.611,2445,581,None,Move,development
1569854360.6260002,2458,583,None,Move,development
1569854360.633,2465,584,None,Move,development
1569854360.6479998,2481,584,None,Move,development
1569854360.664,2493,582,None,Move,development
1569854360.68,2501,579,None,Move,development
1569854360.695,2504,576,None,Move,development
1569854360.711,2504,575,None,Move,development
1569854360.726,2504,572,None,Move,development
1569854360.7329998,2502,570,None,Move,development
1569854360.748,2500,566,None,Move,development
1569854360.764,2499,554,None,Move,development
1569854360.78,2501,536,None,Move,development
1569854360.795,2506,513,None,Move,development
1569854360.811,2509,502,None,Move,development
1569854360.827,2512,499,None,Move,development
1569854360.833,2513,499,None,Move,development
1569854360.849,2515,499,None,Move,development
1569854360.8639998,2516,500,None,Move,development
1569854360.88,2520,502,None,Move,development
1569854360.896,2523,501,None,Move,development
1569854360.911,2526,499,None,Move,development
1569854360.9329998,2528,496,None,Move,development
1569854360.949,2534,492,None,Move,development
1569854360.964,2536,491,None,Move,development
1569854360.98,2552,487,None,Move,development
1569854360.981,2565,484,None,Move,development
1569854360.9970002,2590,487,None,Move,development
1569854361.0129998,2602,492,None,Move,development
1569854361.033,2620,506,None,Move,development
1569854361.05,2625,508,None,Move,development
1569854361.0579998,2628,508,None,Move,development
1569854361.0670002,2632,507,None,Move,development
1569854361.075,2638,501,None,Move,development
1569854361.083,2647,493,None,Move,development
1569854361.0879998,2656,487,None,Move,development
1569854361.104,2673,479,None,Move,development
1569854361.119,2689,483,None,Move,development
1569854361.133,2705,491,None,Move,development
1569854361.149,2718,494,None,Move,development
1569854361.165,2729,497,None,Move,development
1569854361.18,2736,500,None,Move,development
1569854361.196,2739,502,None,Move,development
1569854361.212,2741,505,None,Move,development
1569854361.2270002,2746,506,None,Move,development
1569854361.234,2748,508,None,Move,development
1569854361.2489998,2751,511,None,Move,development
1569854361.265,2755,514,None,Move,development
1569854361.281,2764,517,None,Move,development
1569854361.2970002,2771,521,None,Move,development
1569854361.312,2775,523,None,Move,development
1569854361.329,2778,524,None,Move,development
1569854361.334,2778,525,None,Move,development
1569854361.35,2779,526,None,Move,development
1569854361.365,2782,528,None,Move,development
1569854361.381,2785,531,None,Move,development
1569854361.396,2789,534,None,Move,development
1569854361.4120002,2798,539,None,Move,development
1569854361.428,2809,546,None,Move,development
1569854361.434,2815,552,None,Move,development
1569854361.45,2826,562,None,Move,development
1569854361.466,2836,575,None,Move,development
1569854361.481,2841,585,None,Move,development
1569854361.4970002,2844,592,None,Move,development
1569854361.512,2847,599,None,Move,development
1569854361.535,2852,604,None,Move,development
1569854361.551,2855,607,None,Move,development
1569854361.698,2857,608,None,Move,development
1569854361.7129998,2856,601,None,Move,development
1569854361.735,2856,599,None,Move,development
1569854362.015,2856,599,None,Move,development
1569854362.0370002,2857,598,None,Move,development
1569854362.052,2862,596,None,Move,development
1569854362.06,2865,595,None,Move,development
1569854362.0679998,2869,595,None,Move,development
1569854362.077,2874,595,None,Move,development
1569854362.084,2877,595,None,Move,development
1569854362.092,2879,595,None,Move,development
1569854362.099,2880,595,None,Move,development
1569854362.103,2881,595,None,Move,development
1569854362.39,2881,595,None,Move,development
1569854362.406,2873,597,None,Move,development
1569854362.421,2851,607,None,Move,development
1569854362.4420002,2825,616,None,Move,development
1569854362.457,2805,621,None,Move,development
1569854362.4729998,2787,626,None,Move,development
1569854362.4889998,2769,627,None,Move,development
1569854362.504,2758,623,None,Move,development
1569854362.658,2754,620,None,Move,development
1569854362.674,2739,613,None,Move,development
1569854362.689,2719,611,None,Move,development
1569854362.705,2693,614,None,Move,development
1569854362.721,2649,620,None,Move,development
1569854362.7429998,2596,621,None,Move,development
1569854362.758,2569,624,None,Move,development
1569854362.774,2550,626,None,Move,development
1569854362.79,2530,629,None,Move,development
1569854362.805,2528,629,None,Move,development
1569854362.821,2526,630,None,Move,development
1569854362.837,2524,631,None,Move,development
1569854362.843,2522,631,None,Move,development
1569854362.859,2520,633,None,Move,development
1569854362.8779998,2518,636,None,Move,development
1569854362.879,2516,638,None,Move,development
1569854362.895,2513,643,None,Move,development
1569854362.91,2509,647,None,Move,development
1569854362.926,2506,653,None,Move,development
1569854362.945,2505,660,None,Move,development
1569854362.946,2504,663,None,Move,development
1569854362.961,2503,672,None,Move,development
1569854362.9770002,2502,676,None,Move,development
1569854362.9929998,2500,686,None,Move,development
1569854363.008,2497,695,None,Move,development
1569854363.024,2492,702,None,Move,development
1569854363.046,2488,705,None,Move,development
1569854363.062,2485,707,None,Move,development
1569854363.07,2482,709,None,Move,development
1569854363.0779998,2480,711,None,Move,development
1569854363.086,2478,712,None,Move,development
1569854363.094,2477,713,None,Move,development
1569854363.1,2476,713,None,Move,development
1569854363.103,2475,713,None,Move,development
1569854363.1929998,2475,713,None,Move,development
1569854363.209,2476,713,None,Move,development
1569854363.2470002,2476,713,None,Move,development
1569854363.266,2477,711,None,Move,development
1569854363.2670002,2479,710,None,Move,development
1569854363.283,2482,707,None,Move,development
1569854363.298,2485,703,None,Move,development
1569854363.314,2488,700,None,Move,development
1569854363.33,2490,696,None,Move,development
1569854363.347,2494,691,None,Move,development
1569854363.3620002,2497,680,None,Move,development
1569854363.3779998,2501,668,None,Move,development
1569854363.394,2505,658,None,Move,development
1569854363.41,2508,650,None,Move,development
1569854363.425,2510,646,None,Move,development
1569854363.441,2510,644,None,Move,development
1569854363.447,2510,642,None,Move,development
1569854363.462,2507,640,None,Move,development
1569854363.478,2505,638,None,Move,development
1569854363.494,2503,637,None,Move,development
1569854363.5089998,2495,637,None,Move,development
1569854363.525,2482,640,None,Move,development
1569854363.541,2471,643,None,Move,development
1569854363.5470002,2465,643,None,Move,development
1569854363.563,2459,643,None,Move,development
1569854363.5779998,2455,642,None,Move,development
1569854363.594,2453,640,None,Move,development
1569854363.61,2452,638,None,Move,development
1569854363.665,2450,635,None,Move,development
1569854363.686,2449,634,None,Move,development
1569854363.702,2449,632,None,Move,development
1569854363.717,2449,630,None,Move,development
1569854363.7329998,2449,629,None,Move,development
1569854363.748,2449,629,None,Move,development
1569854363.7629998,2450,628,None,Move,development
1569854363.779,2452,626,None,Move,development
1569854363.795,2453,625,None,Move,development
1569854363.81,2454,624,None,Move,development
1569854363.826,2454,623,None,Move,development
1569854363.9120002,2455,623,None,Move,development
1569854363.928,2456,623,None,Move,development
1569854363.949,2457,624,None,Move,development
1569854363.98,2457,624,Left,Pressed,development
1569854364.0979998,2457,624,Left,Released,development
1569854367.8379998,2459,624,None,Move,development
1569854367.853,2481,628,None,Move,development
1569854367.865,2571,623,None,Move,development
1569854367.881,2669,608,None,Move,development
1569854367.897,2768,573,None,Move,development
1569854367.9120002,2786,544,None,Move,development
1569854367.928,2785,529,None,Move,development
1569854367.9429998,2781,514,None,Move,development
1569854367.959,2781,503,None,Move,development
1569854367.966,2782,497,None,Move,development
1569854367.981,2784,491,None,Move,development
1569854367.9970002,2784,486,None,Move,development
1569854368.012,2784,483,None,Move,development
1569854368.028,2781,480,None,Move,development
1569854368.044,2778,479,None,Move,development
1569854368.0670002,2777,479,None,Move,development
1569854368.075,2776,479,None,Move,development
1569854368.083,2775,479,None,Move,development
1569854368.089,2774,479,None,Move,development
1569854368.097,2774,479,None,Move,development
1569854368.1,2773,479,None,Move,development
1569854368.147,2773,479,Left,Pressed,development
1569854368.244,2773,479,Left,Released,development
1569854368.498,2771,481,None,Move,development
1569854368.514,2752,499,None,Move,development
1569854368.529,2717,529,None,Move,development
1569854368.545,2665,564,None,Move,development
1569854368.56,2624,592,None,Move,development
1569854368.5670002,2613,599,None,Move,development
1569854368.583,2604,607,None,Move,development
1569854368.5979998,2602,610,None,Move,development
1569854368.667,2602,611,None,Move,development
1569854368.6829998,2600,611,None,Move,development
1569854368.698,2600,612,None,Move,development
1569854368.714,2599,612,None,Move,development
1569854368.783,2599,613,None,Move,development
1569854368.799,2598,614,None,Move,development
1569854368.814,2596,616,None,Move,development
1569854368.83,2595,618,None,Move,development
1569854368.845,2593,619,None,Move,development
1569854368.8679998,2592,620,None,Move,development
1569854368.883,2591,621,None,Move,development
1569854368.899,2591,622,None,Move,development
1569854368.918,2590,622,None,Move,development
1569854368.919,2590,623,None,Move,development
1569854368.935,2588,623,None,Move,development
1569854368.95,2586,624,None,Move,development
1569854368.968,2585,625,None,Move,development
1569854369.284,2584,626,Left,Pressed,development
1569854369.284,2584,626,None,Drag,development
1569854369.3,2583,626,None,Drag,development
1569854369.315,2582,625,None,Drag,development
1569854369.331,2579,625,None,Drag,development
1569854369.347,2577,625,None,Drag,development
1569854369.3620002,2573,625,None,Drag,development
1569854369.369,2568,625,None,Drag,development
1569854369.385,2560,626,None,Drag,development
1569854369.4,2552,629,None,Drag,development
1569854369.416,2547,629,None,Drag,development
1569854369.4320002,2540,629,None,Drag,development
1569854369.447,2536,629,None,Drag,development
1569854369.462,2533,629,None,Drag,development
1569854369.469,2532,629,None,Drag,development
1569854369.485,2529,629,None,Drag,development
1569854369.4929998,2526,629,None,Drag,development
1569854369.5089998,2524,629,None,Drag,development
1569854369.524,2519,629,None,Drag,development
1569854369.54,2516,629,None,Drag,development
1569854369.556,2512,629,None,Drag,development
1569854369.569,2508,630,None,Drag,development
1569854369.585,2506,630,None,Drag,development
1569854369.6,2503,630,None,Drag,development
1569854369.6160002,2500,629,None,Drag,development
1569854369.6320002,2498,629,None,Drag,development
1569854369.647,2495,628,None,Drag,development
1569854369.663,2493,628,None,Drag,development
1569854369.669,2491,627,None,Drag,development
1569854369.685,2489,627,None,Drag,development
1569854369.702,2487,627,None,Drag,development
1569854369.718,2486,627,None,Drag,development
1569854369.7329998,2484,627,None,Drag,development
1569854369.7489998,2481,627,None,Drag,development
1569854369.769,2479,627,None,Drag,development
1569854369.785,2475,628,None,Drag,development
1569854369.801,2473,628,None,Drag,development
1569854369.816,2472,628,None,Drag,development
1569854369.832,2472,628,None,Drag,development
1569854369.847,2471,628,None,Drag,development
1569854369.87,2467,629,None,Drag,development
1569854369.885,2464,630,None,Drag,development
1569854369.901,2463,630,None,Drag,development
1569854369.917,2462,630,None,Drag,development
1569854370.0170002,2461,630,None,Drag,development
1569854370.066,2461,630,None,Drag,development
1569854370.066,2461,630,Left,Released,development
1569854370.734,2461,630,None,Move,development
1569854370.7670002,2460,632,None,Move,development
1569854370.768,2459,633,None,Move,development
1569854370.771,2458,635,None,Move,development
1569854370.7870002,2454,640,None,Move,development
1569854370.803,2451,645,None,Move,development
1569854370.819,2450,648,None,Move,development
1569854370.834,2447,650,None,Move,development
1569854370.85,2444,653,None,Move,development
1569854370.8720002,2441,656,None,Move,development
1569854370.887,2438,657,None,Move,development
1569854370.903,2437,658,None,Move,development
1569854370.972,2437,658,None,Move,development
1569854370.9889998,2439,658,None,Move,development
1569854371.004,2441,657,None,Move,development
1569854371.02,2444,656,None,Move,development
1569854371.036,2446,655,None,Move,development
1569854371.056,2447,655,None,Move,development
1569854371.065,2448,655,None,Move,development
1569854371.072,2448,654,None,Move,development
1569854371.079,2448,653,None,Move,development
1569854371.085,2450,653,None,Move,development
1569854371.095,2450,652,None,Move,development
1569854371.095,2451,652,None,Move,development
1569854371.111,2453,650,None,Move,development
1569854371.127,2455,649,None,Move,development
1569854371.393,2455,649,Left,Pressed,development
1569854371.393,2455,649,None,Drag,development
1569854371.393,2455,649,Left,Released,development
1569854371.525,2456,649,None,Move,development
1569854371.594,2456,649,None,Move,development
1569854371.61,2458,652,None,Move,development
1569854371.625,2458,654,None,Move,development
1569854371.646,2459,657,None,Move,development
1569854371.6620002,2460,658,None,Move,development
1569854371.678,2460,660,None,Move,development
1569854371.694,2460,660,None,Move,development
1569854371.879,2460,660,None,Move,development
1569854371.894,2460,661,None,Move,development
1569854371.91,2459,661,None,Move,development
1569854372.01,2459,661,Left,Pressed,development
1569854372.127,2459,661,Left,Released,development
1569854372.198,2459,662,None,Move,development
1569854372.2129998,2460,662,None,Move,development
1569854372.228,2460,663,None,Move,development
1569854372.244,2461,664,None,Move,development
1569854372.26,2461,664,None,Move,development
1569854372.281,2462,665,None,Move,development
1569854372.286,2463,666,None,Move,development
1569854372.302,2463,668,None,Move,development
1569854372.3170002,2464,671,None,Move,development
1569854372.333,2465,674,None,Move,development
1569854372.349,2464,676,None,Move,development
1569854372.3639998,2463,679,None,Move,development
1569854372.549,2463,680,None,Move,development
1569854372.565,2462,680,None,Move,development
1569854372.58,2461,680,None,Move,development
1569854372.603,2461,680,None,Move,development
1569854372.781,2461,680,Left,Pressed,development
1569854372.92,2461,680,Left,Released,development
1569854373.22,2461,680,None,Move,development
1569854373.236,2461,679,None,Move,development
1569854373.252,2464,677,None,Move,development
1569854373.268,2465,677,None,Move,development
1569854373.289,2465,676,None,Move,development
1569854373.336,2466,676,None,Move,development
1569854373.468,2467,676,None,Move,development
1569854373.4829998,2467,676,None,Move,development
1569854373.49,2468,676,None,Move,development
1569854373.506,2468,675,None,Move,development
1569854373.521,2468,675,None,Move,development
1569854373.5370002,2468,674,None,Move,development
1569854373.552,2469,674,None,Move,development
1569854373.59,2469,673,None,Move,development
1569854373.605,2469,673,None,Move,development
1569854373.621,2469,673,None,Move,development
1569854373.668,2470,673,None,Move,development
1569854373.69,2470,672,None,Move,development
1569854373.721,2470,672,None,Move,development
1569854373.7370002,2470,671,None,Move,development
1569854373.752,2470,670,None,Move,development
1569854373.768,2470,669,None,Move,development
1569854373.784,2470,668,None,Move,development
1569854373.79,2470,668,None,Move,development
1569854373.806,2470,667,None,Move,development
1569854373.821,2471,666,None,Move,development
1569854373.837,2471,664,None,Move,development
1569854373.853,2472,663,None,Move,development
1569854373.8679998,2474,661,None,Move,development
1569854373.891,2475,660,None,Move,development
1569854373.907,2475,658,None,Move,development
1569854373.9220002,2475,656,None,Move,development
1569854373.938,2475,654,None,Move,development
1569854373.954,2466,647,None,Move,development
1569854373.97,2449,644,None,Move,development
1569854373.9910002,2416,644,None,Move,development
1569854374.0070002,2355,645,None,Move,development
1569854374.022,2283,646,None,Move,development
1569854374.038,2256,649,None,Move,development
1569854374.0579998,2255,649,None,Move,development
1569854374.066,2251,650,None,Move,development
1569854374.074,2251,652,None,Move,development
1569854374.11,2251,652,None,Move,development
1569854374.292,2251,652,None,Move,development
1569854374.3070002,2251,653,None,Move,development
1569854374.339,2250,653,None,Move,development
1569854374.355,2242,658,None,Move,development
1569854374.37,2211,669,None,Move,development
1569854374.3860002,2148,677,None,Move,development
1569854374.3920002,2112,681,None,Move,development
1569854374.407,2012,692,None,Move,development
1569854374.423,1869,711,None,Move,development
1569854374.439,1670,738,None,Move,development
1569854374.454,1503,751,None,Move,development
1569854374.47,1369,781,None,Move,development
1569854374.485,1242,810,None,Move,development
1569854374.492,1196,817,None,Move,development
1569854374.508,1127,836,None,Move,development
1569854374.5229998,1091,850,None,Move,development
1569854374.539,1061,861,None,Move,development
1569854374.555,1044,866,None,Move,development
1569854374.57,1027,879,None,Move,development
1569854374.586,1013,892,None,Move,development
1569854374.592,1006,897,None,Move,development
1569854374.6079998,1000,903,None,Move,development
1569854374.6239998,998,905,None,Move,development
1569854374.657,997,905,None,Move,development
1569854374.6720002,996,904,None,Move,development
1569854374.6920002,992,898,None,Move,development
1569854374.708,988,887,None,Move,development
1569854374.724,979,874,None,Move,development
1569854374.74,965,860,None,Move,development
1569854374.755,950,844,None,Move,development
1569854374.771,933,830,None,Move,development
1569854374.786,926,823,None,Move,development
1569854374.793,924,819,None,Move,development
1569854374.809,921,812,None,Move,development
1569854374.824,920,805,None,Move,development
1569854374.84,919,802,None,Move,development
1569854374.85,919,800,None,Move,development
1569854374.867,919,799,None,Move,development
1569854375.106,918,797,None,Move,development
1569854375.109,916,796,None,Move,development
1569854375.1239998,914,793,None,Move,development
1569854375.14,911,790,None,Move,development
1569854375.155,907,786,None,Move,development
1569854375.171,904,782,None,Move,development
1569854375.187,899,781,None,Move,development
1569854375.196,897,781,None,Move,development
1569854375.211,890,781,None,Move,development
1569854375.2270002,887,781,None,Move,development
1569854375.2429998,886,780,None,Move,development
1569854375.258,885,778,None,Move,development
1569854375.274,884,777,None,Move,development
1569854375.29,884,776,None,Move,development
1569854375.481,884,776,None,Move,development
1569854375.519,884,776,None,Move,development
1569854375.536,881,779,None,Move,development
1569854375.551,876,782,None,Move,development
1569854375.5670002,872,784,None,Move,development
1569854375.58,872,784,None,Move,development
1569854375.596,869,785,None,Move,development
1569854375.603,869,786,None,Move,development
1569854375.6179998,867,786,None,Move,development
1569854375.6339998,864,787,None,Move,development
1569854375.65,863,787,None,Move,development
1569854375.766,861,787,None,Move,development
1569854375.782,860,788,None,Move,development
1569854375.7970002,859,790,None,Move,development
1569854375.804,857,792,None,Move,development
1569854375.82,856,793,None,Move,development
1569854375.937,856,794,None,Move,development
1569854376.022,856,794,None,Move,development
1569854376.038,858,794,None,Move,development
1569854376.059,862,794,None,Move,development
1569854376.0670002,862,794,None,Move,development
1569854376.075,863,794,None,Move,development
1569854376.1079998,863,794,None,Move,development
1569854376.1239998,863,793,None,Move,development
1569854376.14,863,790,None,Move,development
1569854376.155,863,788,None,Move,development
1569854376.171,863,787,None,Move,development
1569854376.187,863,786,None,Move,development
1569854376.285,863,786,Left,Pressed,development
1569854376.407,863,786,Left,Released,development
1569854376.485,862,786,None,Move,development
1569854376.5070002,862,786,None,Move,development
1569854376.5229998,858,782,None,Move,development
1569854376.539,854,779,None,Move,development
1569854376.554,851,775,None,Move,development
1569854376.57,847,773,None,Move,development
1569854376.586,845,772,None,Move,development
1569854376.601,843,770,None,Move,development
1569854376.6079998,842,770,None,Move,development
1569854376.755,841,770,None,Move,development
1569854376.771,838,770,None,Move,development
1569854376.7870002,830,770,None,Move,development
1569854376.802,818,771,None,Move,development
1569854376.809,811,772,None,Move,development
1569854376.824,803,772,None,Move,development
1569854376.84,800,772,None,Move,development
1569854376.856,798,771,None,Move,development
1569854376.94,798,771,None,Move,development
1569854376.956,797,770,None,Move,development
1569854376.972,796,769,None,Move,development
1569854376.9870002,795,768,None,Move,development
1569854377.087,794,767,None,Move,development
1569854377.0979998,793,767,None,Move,development
1569854377.272,793,767,Left,Pressed,development
1569854377.2729998,793,767,None,Drag,development
1569854377.288,795,767,None,Drag,development
1569854377.305,797,767,None,Drag,development
1569854377.31,798,767,None,Drag,development
1569854377.326,805,766,None,Drag,development
1569854377.342,811,765,None,Drag,development
1569854377.357,817,765,None,Drag,development
1569854377.373,822,764,None,Drag,development
1569854377.3879998,825,764,None,Drag,development
1569854377.411,830,762,None,Drag,development
1569854377.427,833,762,None,Drag,development
1569854377.4420002,835,762,None,Drag,development
1569854377.458,838,761,None,Drag,development
1569854377.4729998,841,761,None,Drag,development
1569854377.4889998,845,761,None,Drag,development
1569854377.505,847,760,None,Drag,development
1569854377.5110002,850,759,None,Drag,development
1569854377.5270002,857,756,None,Drag,development
1569854377.543,863,754,None,Drag,development
1569854377.5579998,869,753,None,Drag,development
1569854377.574,873,752,None,Drag,development
1569854377.589,877,752,None,Drag,development
1569854377.605,881,751,None,Drag,development
1569854377.6120002,882,751,None,Drag,development
1569854377.627,889,750,None,Drag,development
1569854377.643,896,749,None,Drag,development
1569854377.659,901,747,None,Drag,development
1569854377.674,906,747,None,Drag,development
1569854377.69,911,746,None,Drag,development
1569854377.705,915,746,None,Drag,development
1569854377.712,918,746,None,Drag,development
1569854377.728,921,746,None,Drag,development
1569854377.744,924,746,None,Drag,development
1569854377.7589998,927,746,None,Drag,development
1569854377.775,931,747,None,Drag,development
1569854377.779,932,749,None,Drag,development
1569854377.795,937,750,None,Drag,development
1569854377.812,941,752,None,Drag,development
1569854377.8279998,945,753,None,Drag,development
1569854377.843,948,753,None,Drag,development
1569854377.859,950,753,None,Drag,development
1569854377.875,952,753,None,Drag,development
1569854377.89,956,752,None,Drag,development
1569854377.906,959,751,None,Drag,development
1569854377.9120002,961,751,None,Drag,development
1569854377.928,964,750,None,Drag,development
1569854377.944,965,750,None,Drag,development
1569854377.959,967,749,None,Drag,development
1569854378.054,968,749,None,Drag,development
1569854378.062,968,750,None,Drag,development
1569854378.07,970,750,None,Drag,development
1569854378.076,971,750,None,Drag,development
1569854378.084,973,750,None,Drag,development
1569854378.089,974,750,None,Drag,development
1569854378.104,976,750,None,Drag,development
1569854378.1179998,978,750,None,Drag,development
1569854378.165,979,750,None,Drag,development
1569854378.196,980,750,None,Drag,development
1569854378.218,980,750,None,Drag,development
1569854378.234,982,751,None,Drag,development
1569854378.25,985,752,None,Drag,development
1569854378.265,987,753,None,Drag,development
1569854378.281,988,753,None,Drag,development
1569854378.298,989,754,None,Drag,development
1569854378.37,989,754,None,Drag,development
1569854378.541,990,754,None,Drag,development
1569854378.627,991,754,None,Drag,development
1569854378.6920002,992,754,None,Drag,development
1569854378.728,992,754,None,Drag,development
1569854378.728,992,754,Left,Released,development
1569854379.206,992,754,None,Move,development
1569854379.228,992,754,None,Move,development
1569854379.244,991,753,None,Move,development
1569854379.3920002,990,752,None,Move,development
1569854379.407,991,752,None,Move,development
1569854379.423,1014,750,None,Move,development
1569854379.429,1033,747,None,Move,development
1569854379.445,1073,746,None,Move,development
1569854379.46,1129,744,None,Move,development
1569854379.476,1192,731,None,Move,development
1569854379.4910002,1273,709,None,Move,development
1569854379.5070002,1358,683,None,Move,development
1569854379.518,1409,669,None,Move,development
1569854379.5370002,1526,640,None,Move,development
1569854379.542,1590,623,None,Move,development
1569854379.551,1663,613,None,Move,development
1569854379.559,1729,606,None,Move,development
1569854379.564,1788,596,None,Move,development
1569854379.58,1917,579,None,Move,development
1569854379.595,2030,560,None,Move,development
1569854379.611,2122,548,None,Move,development
1569854379.627,2198,538,None,Move,development
1569854379.629,2228,528,None,Move,development
1569854379.645,2265,521,None,Move,development
1569854379.661,2325,512,None,Move,development
1569854379.676,2360,510,None,Move,development
1569854379.6920002,2387,507,None,Move,development
1569854379.7229998,2392,507,None,Move,development
1569854379.923,2392,507,None,Move,file system
1569854379.93,2393,506,None,Move,file system
1569854379.945,2395,504,None,Move,file system
1569854379.961,2398,503,None,Move,file system
1569854379.976,2400,503,None,Move,file system
1569854379.9770002,2402,503,None,Move,file system
1569854379.9929998,2403,503,None,Move,file system
1569854380.12,2404,503,None,Move,file system
1569854380.1929998,2405,503,None,Move,file system
1569854380.208,2405,502,None,Move,file system
1569854380.698,2408,501,None,Move,development
1569854380.714,2415,500,None,Move,development
1569854380.736,2439,492,None,Move,development
1569854380.752,2465,486,None,Move,development
1569854380.7670002,2491,482,None,Move,development
1569854380.783,2525,477,None,Move,development
1569854380.798,2531,477,None,Move,development
1569854380.814,2540,476,None,Move,development
1569854380.83,2542,476,None,Move,development
1569854380.836,2542,476,None,Move,development
1569854382.409,2542,477,None,Move,development
1569854382.429,2542,477,None,Move,development
1569854382.439,2542,478,None,Move,development
1569854382.447,2543,478,None,Move,development
1569854382.457,2543,479,None,Move,development
1569854382.4729998,2543,480,None,Move,development
1569854383.175,2543,480,None,Move,development
1569854383.191,2539,476,None,Move,development
1569854383.207,2526,461,None,Move,development
1569854383.222,2513,441,None,Move,development
1569854383.238,2495,422,None,Move,development
1569854383.2529998,2471,399,None,Move,development
1569854383.26,2459,388,None,Move,development
1569854383.276,2427,360,None,Move,development
1569854383.291,2407,342,None,Move,development
1569854383.3070002,2381,327,None,Move,development
1569854383.322,2363,314,None,Move,development
1569854383.3379998,2354,303,None,Move,development
1569854383.36,2349,294,None,Move,development
1569854383.3760002,2346,290,None,Move,development
1569854383.3920002,2343,287,None,Move,development
1569854383.407,2336,283,None,Move,development
1569854383.423,2330,281,None,Move,development
1569854383.436,2319,278,None,Move,development
1569854383.452,2305,276,None,Move,development
1569854383.461,2298,274,None,Move,development
1569854383.4770002,2280,270,None,Move,development
1569854383.492,2265,267,None,Move,development
1569854383.508,2254,263,None,Move,development
1569854383.524,2249,260,None,Move,development
1569854383.539,2246,257,None,Move,development
1569854383.561,2245,253,None,Move,development
1569854383.577,2245,249,None,Move,development
1569854383.593,2248,246,None,Move,development
1569854383.6079998,2250,243,None,Move,development
1569854383.6239998,2251,240,None,Move,development
1569854383.64,2251,238,None,Move,development
1569854383.641,2251,236,None,Move,development
1569854383.657,2251,235,None,Move,development
1569854383.6620002,2251,234,None,Move,development
1569854383.677,2251,231,None,Move,development
1569854383.6929998,2251,228,None,Move,development
1569854383.709,2251,226,None,Move,development
1569854383.714,2251,225,None,Move,development
1569854383.746,2251,225,Left,Pressed,development
1569854383.863,2251,225,Left,Released,development
1569854384.379,2253,225,None,Move,development
1569854384.395,2270,229,None,Move,development
1569854384.417,2294,234,None,Move,development
1569854384.418,2315,237,None,Move,development
1569854384.4329998,2366,243,None,Move,development
1569854384.449,2419,246,None,Move,development
1569854384.464,2452,248,None,Move,development
1569854384.48,2524,256,None,Move,development
1569854384.495,2544,256,None,Move,development
1569854384.5110002,2550,256,None,Move,development
1569854384.5270002,2553,256,None,Move,development
1569854384.865,2553,257,None,Move,development
1569854384.881,2553,258,None,Move,development
1569854384.897,2554,259,None,Move,development
1569854384.9120002,2556,262,None,Move,development
1569854384.928,2558,264,None,Move,development
1569854384.9429998,2558,267,None,Move,development
1569854384.959,2559,268,None,Move,development
1569854384.966,2559,269,None,Move,development
1569854384.981,2560,270,None,Move,development
1569854385.198,2561,271,None,Move,development
1569854385.2129998,2562,272,None,Move,development
1569854385.229,2562,274,None,Move,development
1569854385.245,2562,275,None,Move,development
1569854385.799,2562,275,None,Move,file system
1569854385.814,2562,276,None,Move,file system
1569854385.83,2562,277,None,Move,file system
1569854385.837,2562,279,None,Move,file system
1569854385.8520002,2562,280,None,Move,file system
1569854385.8679998,2562,281,None,Move,file system
1569854388.145,2560,281,None,Move,development
1569854388.161,2534,273,None,Move,development
1569854388.179,2484,270,None,Move,development
1569854388.194,2425,263,None,Move,development
1569854388.211,2388,262,None,Move,development
1569854388.2270002,2353,266,None,Move,development
1569854388.2429998,2335,265,None,Move,development
1569854388.2589998,2327,261,None,Move,development
1569854388.274,2324,259,None,Move,development
1569854388.279,2322,257,None,Move,development
1569854388.294,2320,254,None,Move,development
1569854388.31,2319,252,None,Move,development
1569854388.326,2318,251,None,Move,development
1569854388.426,2318,250,None,Move,development
1569854388.4420002,2316,247,None,Move,development
1569854388.457,2310,244,None,Move,development
1569854388.4729998,2300,241,None,Move,development
1569854388.479,2294,239,None,Move,development
1569854388.495,2283,238,None,Move,development
1569854388.5110002,2273,236,None,Move,development
1569854388.526,2268,234,None,Move,development
1569854388.542,2265,233,None,Move,development
1569854388.5570002,2263,232,None,Move,development
1569854388.573,2262,231,None,Move,development
1569854388.58,2262,230,None,Move,development
1569854388.595,2261,229,None,Move,development
1569854388.658,2261,229,Left,Pressed,development
1569854388.774,2261,229,Left,Released,development
1569854389.252,2261,229,None,Move,development
1569854389.2670002,2261,229,None,Move,development
1569854389.283,2262,232,None,Move,development
1569854389.289,2263,234,None,Move,development
1569854389.305,2266,238,None,Move,development
1569854389.32,2269,246,None,Move,development
1569854389.336,2272,257,None,Move,development
1569854389.3520002,2272,272,None,Move,development
1569854389.367,2266,293,None,Move,development
1569854389.387,2250,319,None,Move,development
1569854389.389,2242,330,None,Move,development
1569854389.405,2221,358,None,Move,development
1569854389.42,2194,381,None,Move,development
1569854389.436,2174,397,None,Move,development
1569854389.451,2158,409,None,Move,development
1569854389.467,2152,414,None,Move,development
1569854389.4829998,2137,422,None,Move,development
1569854389.4889998,2135,423,None,Move,development
1569854389.505,2133,424,None,Move,development
1569854389.9529998,2132,425,None,Move,file system
1569854390.111,2132,425,None,Move,file system
1569854390.158,2132,426,None,Move,file system
1569854393.9889998,2132,425,None,Move,development
1569854393.9989998,2129,414,None,Move,development
1569854394.0070002,2127,403,None,Move,development
1569854394.0089998,2125,396,None,Move,development
1569854394.02,2122,387,None,Move,development
1569854394.03,2119,375,None,Move,development
1569854394.038,2115,362,None,Move,development
1569854394.04,2109,348,None,Move,development
1569854394.05,2106,332,None,Move,development
1569854394.063,2100,310,None,Move,development
1569854394.07,2096,289,None,Move,development
1569854394.0779998,2092,273,None,Move,development
1569854394.086,2090,257,None,Move,development
1569854394.094,2088,247,None,Move,development
1569854394.1,2086,236,None,Move,development
1569854394.1079998,2086,229,None,Move,development
1569854394.111,2086,224,None,Move,development
1569854394.121,2086,222,None,Move,development
1569854394.131,2088,220,None,Move,development
1569854394.14,2089,219,None,Move,development
1569854394.1520002,2090,219,None,Move,development
1569854394.16,2090,219,None,Move,development
1569854394.1620002,2091,220,None,Move,development
1569854394.1720002,2093,223,None,Move,development
1569854394.1820002,2094,225,None,Move,development
1569854394.1929998,2102,231,None,Move,development
1569854394.201,2108,235,None,Move,development
1569854394.2129998,2117,237,None,Move,development
1569854394.221,2128,239,None,Move,development
1569854394.2229998,2141,240,None,Move,development
1569854394.234,2157,240,None,Move,development
1569854394.242,2182,240,None,Move,development
1569854394.252,2213,237,None,Move,development
1569854394.268,2275,230,None,Move,development
1569854394.284,2337,224,None,Move,development
1569854394.299,2406,222,None,Move,development
1569854394.315,2483,228,None,Move,development
1569854394.324,2520,231,None,Move,development
1569854394.325,2545,234,None,Move,development
1569854394.341,2573,237,None,Move,development
1569854394.353,2584,239,None,Move,development
1569854394.3679998,2598,243,None,Move,development
1569854394.3860002,2601,245,None,Move,development
1569854394.394,2601,245,None,Move,development
1569854394.4020002,2601,246,None,Move,development
1569854394.418,2601,247,None,Move,development
1569854394.434,2601,247,None,Move,development
1569854394.4529998,2601,248,None,Move,development
1569854394.469,2600,248,None,Move,development
1569854394.484,2599,250,None,Move,development
1569854394.5,2597,251,None,Move,development
1569854394.515,2595,253,None,Move,development
1569854394.531,2591,256,None,Move,development
1569854394.5470002,2583,260,None,Move,development
1569854394.553,2578,262,None,Move,development
1569854394.569,2569,265,None,Move,development
1569854394.584,2564,268,None,Move,development
1569854394.6,2556,272,None,Move,development
1569854394.6160002,2550,274,None,Move,development
1569854394.631,2543,275,None,Move,development
1569854394.653,2539,275,None,Move,development
1569854394.669,2532,277,None,Move,development
1569854394.685,2520,281,None,Move,development
1569854394.7,2515,282,None,Move,development
1569854394.705,2514,282,None,Move,development
1569854394.721,2513,282,None,Move,development
1569854394.736,2511,280,None,Move,development
1569854394.754,2511,278,None,Move,development
1569854394.769,2511,275,None,Move,development
1569854394.785,2511,273,None,Move,development
1569854394.8,2512,270,None,Move,development
1569854394.816,2514,267,None,Move,development
1569854394.832,2514,265,None,Move,development
1569854394.847,2514,264,None,Move,development
1569854394.854,2515,262,None,Move,development
1569854394.869,2515,261,None,Move,development
1569854394.885,2516,258,None,Move,development
1569854394.901,2516,256,None,Move,development
1569854394.916,2516,254,None,Move,development
1569854394.9320002,2516,253,None,Move,development
1569854397.53,2516,253,Left,Pressed,development
1569854397.62,2516,253,Left,Released,development
1569854397.667,2516,253,Left,Pressed,development
1569854397.79,2516,253,Left,Released,development
1569854398.961,2511,258,None,Move,development
1569854398.976,2415,332,None,Move,development
1569854398.994,2355,386,None,Move,development
1569854399.0089998,2142,557,None,Move,development
1569854399.025,2020,640,None,Move,development
1569854399.041,1909,693,None,Move,development
1569854399.056,1758,756,None,Move,development
1569854399.064,1695,771,None,Move,development
1569854399.073,1646,777,None,Move,development
1569854399.081,1606,784,None,Move,development
1569854399.089,1577,789,None,Move,development
1569854399.096,1552,791,None,Move,development
1569854399.103,1537,792,None,Move,development
1569854399.119,1521,793,None,Move,development
1569854399.12,1516,792,None,Move,development
1569854399.1360002,1510,789,None,Move,development
1569854399.151,1505,785,None,Move,development
1569854399.167,1504,782,None,Move,development
1569854399.1829998,1500,771,None,Move,development
1569854399.194,1498,762,None,Move,development
1569854399.21,1495,755,None,Move,development
1569854399.226,1492,747,None,Move,development
1569854399.242,1491,741,None,Move,development
1569854399.2570002,1489,733,None,Move,development
1569854399.2729998,1488,725,None,Move,development
1569854399.288,1487,721,None,Move,development
1569854399.295,1487,719,None,Move,development
1569854399.31,1487,716,None,Move,development
1569854399.326,1487,715,None,Move,development
1569854399.342,1487,714,None,Move,development
1569854399.357,1489,713,None,Move,development
1569854399.373,1490,712,None,Move,development
1569854399.393,1491,711,None,Move,development
1569854399.396,1491,710,None,Move,development
1569854399.411,1492,710,None,Move,development
1569854399.427,1492,709,None,Move,development
1569854399.4429998,1494,708,None,Move,development
1569854399.458,1495,707,None,Move,development
1569854402.1220002,1486,701,None,Move,development
1569854402.1239998,1452,678,None,Move,development
1569854402.1339998,1426,663,None,Move,development
1569854402.144,1405,656,None,Move,development
1569854402.153,1377,657,None,Move,development
1569854402.163,1260,704,None,Move,development
1569854402.179,1101,751,None,Move,development
1569854402.194,993,764,None,Move,development
1569854402.21,946,766,None,Move,development
1569854402.226,916,760,None,Move,development
1569854402.2410002,887,755,None,Move,development
1569854402.2570002,849,748,None,Move,development
1569854402.2629998,823,742,None,Move,development
1569854402.279,795,740,None,Move,development
1569854402.295,714,745,None,Move,development
1569854402.31,656,752,None,Move,development
1569854402.326,634,755,None,Move,development
1569854402.341,623,755,None,Move,development
1569854402.357,618,756,None,Move,development
1569854402.3639998,616,757,None,Move,development
1569854402.4420002,612,758,None,Move,development
1569854402.464,633,759,None,Move,development
1569854402.48,659,751,None,Move,development
1569854402.496,695,742,None,Move,development
1569854402.5110002,732,730,None,Move,development
1569854402.5270002,769,715,None,Move,development
1569854402.543,812,698,None,Move,development
1569854402.5579998,841,690,None,Move,development
1569854402.565,851,687,None,Move,development
1569854402.581,857,685,None,Move,development
1569854402.6120002,857,685,Left,Pressed,development
1569854402.712,857,685,Left,Released,development
1569854402.897,858,687,None,Move,development
1569854402.913,866,705,None,Move,development
1569854402.928,871,721,None,Move,development
1569854402.944,876,736,None,Move,development
1569854402.965,880,751,None,Move,development
1569854402.97,880,758,None,Move,development
1569854402.985,880,767,None,Move,development
1569854403.0010002,879,772,None,Move,development
1569854403.0170002,878,775,None,Move,development
1569854403.032,877,776,None,Move,development
1569854403.05,877,777,None,Move,development
1569854403.059,876,778,None,Move,development
1569854403.0670002,875,778,None,Move,development
1569854403.073,875,779,None,Move,development
1569854403.081,874,779,None,Move,development
1569854403.342,874,779,None,Move,development
1569854403.3579998,874,779,None,Move,development
1569854403.3779998,874,777,None,Move,development
1569854403.394,874,777,None,Move,development
1569854403.41,874,776,None,Move,development
1569854403.425,876,775,None,Move,development
1569854403.441,878,775,None,Move,development
1569854403.457,882,774,None,Move,development
1569854404.274,883,774,None,Move,development
1569854404.281,889,770,None,Move,development
1569854404.296,901,763,None,Move,development
1569854404.3070002,905,760,None,Move,development
1569854404.3079998,907,758,None,Move,development
1569854404.324,910,755,None,Move,development
1569854404.34,914,751,None,Move,development
1569854404.355,919,747,None,Move,development
1569854404.371,921,747,None,Move,development
1569854404.381,922,747,None,Move,development
1569854404.397,926,748,None,Move,development
1569854404.413,929,751,None,Move,development
1569854404.429,931,753,None,Move,development
1569854404.444,932,755,None,Move,development
1569854404.73,932,755,None,Move,development
1569854404.745,930,756,None,Move,development
1569854404.7610002,927,760,None,Move,development
1569854404.776,924,765,None,Move,development
1569854404.783,922,766,None,Move,development
1569854404.798,921,770,None,Move,development
1569854404.814,919,773,None,Move,development
1569854404.83,915,777,None,Move,development
1569854404.845,912,780,None,Move,development
1569854404.861,906,783,None,Move,development
1569854404.877,901,785,None,Move,development
1569854404.883,898,786,None,Move,development
1569854404.899,891,790,None,Move,development
1569854404.914,885,793,None,Move,development
1569854404.93,876,798,None,Move,development
1569854404.946,868,802,None,Move,development
1569854404.961,858,805,None,Move,development
1569854404.981,847,807,None,Move,development
1569854404.9829998,844,807,None,Move,development
1569854404.9989998,837,807,None,Move,development
1569854405.015,834,807,None,Move,development
1569854405.03,832,806,None,Move,development
1569854405.05,832,806,None,Move,development
1569854405.062,831,806,None,Move,development
1569854405.07,829,806,None,Move,development
1569854405.0779998,828,806,None,Move,development
1569854405.084,826,806,None,Move,development
1569854405.092,824,805,None,Move,development
1569854405.097,823,803,None,Move,development
1569854405.113,819,799,None,Move,development
1569854405.1279998,816,796,None,Move,development
1569854405.144,812,792,None,Move,development
1569854405.16,809,789,None,Move,development
1569854405.175,808,785,None,Move,development
1569854405.184,807,784,None,Move,development
1569854405.2,806,781,None,Move,development
1569854405.216,804,778,None,Move,development
1569854405.232,804,776,None,Move,development
1569854405.2470002,804,773,None,Move,development
1569854405.2629998,804,769,None,Move,development
1569854405.278,804,768,None,Move,development
1569854405.285,804,767,None,Move,development
1569854405.301,804,766,None,Move,development
1569854405.316,803,764,None,Move,development
1569854405.332,802,763,None,Move,development
1569854405.347,802,761,None,Move,development
1569854405.363,801,758,None,Move,development
1569854405.3739998,801,757,None,Move,development
1569854405.385,801,755,None,Move,development
1569854405.485,801,755,None,Move,development
1569854405.5010002,800,755,None,Move,development
1569854405.5170002,800,754,None,Move,development
1569854405.8070002,799,753,None,Move,development
1569854405.823,799,753,None,Move,development
1569854405.839,799,751,None,Move,development
1569854405.854,798,750,None,Move,development
1569854406.097,797,749,None,Move,development
1569854406.1120002,796,748,None,Move,development
1569854406.1279998,796,748,None,Move,development
1569854406.143,795,748,None,Move,development
1569854406.3170002,795,747,None,Move,development
1569854406.4329998,794,746,None,Move,development
1569854406.449,794,745,None,Move,development
1569854406.685,794,745,Left,Pressed,development
1569854406.685,794,745,None,Drag,development
1569854406.7,797,745,None,Drag,development
1569854406.707,800,745,None,Drag,development
1569854406.7229998,808,742,None,Drag,development
1569854406.738,814,739,None,Drag,development
1569854406.754,818,737,None,Drag,development
1569854406.77,820,737,None,Drag,development
1569854406.785,821,737,None,Drag,development
1569854406.801,822,737,None,Drag,development
1569854406.839,822,737,None,Drag,development
1569854406.855,823,737,None,Drag,development
1569854406.87,824,737,None,Drag,development
1569854406.8860002,826,737,None,Drag,development
1569854406.901,827,737,None,Drag,development
1569854406.908,829,737,None,Drag,development
1569854406.923,832,737,None,Drag,development
1569854406.94,835,738,None,Drag,development
1569854406.955,839,739,None,Drag,development
1569854406.971,842,739,None,Drag,development
1569854406.986,845,740,None,Drag,development
1569854407.002,849,741,None,Drag,development
1569854407.008,849,741,None,Drag,development
1569854407.024,851,741,None,Drag,development
1569854407.04,852,742,None,Drag,development
1569854407.171,853,742,None,Drag,development
1569854407.2410002,854,742,None,Drag,development
1569854407.426,854,742,None,Drag,development
1569854407.441,855,742,None,Drag,development
1569854407.456,856,742,None,Drag,development
1569854407.472,856,742,None,Drag,development
1569854407.5070002,857,742,None,Drag,development
1569854407.526,858,742,None,Drag,development
1569854407.5570002,858,742,None,Drag,development
1569854407.5570002,858,742,Left,Released,development
1569854408.76,859,742,None,Move,development
1569854408.776,858,742,None,Move,development
1569854408.877,860,742,None,Move,development
1569854408.8920002,946,719,None,Move,development
1569854408.914,1115,693,None,Move,development
1569854408.93,1307,669,None,Move,development
1569854408.946,1610,618,None,Move,development
1569854408.961,1812,593,None,Move,development
1569854408.9770002,1898,583,None,Move,development
1569854408.9929998,2030,569,None,Move,development
1569854408.994,2070,564,None,Move,development
1569854409.014,2131,559,None,Move,development
1569854409.03,2158,558,None,Move,development
1569854409.046,2174,557,None,Move,development
1569854409.054,2178,557,None,Move,development
1569854409.063,2179,557,None,Move,development
1569854409.071,2180,557,None,Move,development
1569854409.079,2180,557,None,Move,development
1569854409.084,2181,557,None,Move,development
1569854409.093,2181,557,None,Move,development
1569854409.093,2183,557,None,Move,development
1569854409.109,2184,557,None,Move,development
1569854409.115,2186,557,None,Move,development
1569854409.131,2194,557,None,Move,development
1569854409.147,2213,555,None,Move,development
1569854409.1620002,2254,549,None,Move,development
1569854409.178,2317,527,None,Move,development
1569854409.1929998,2393,494,None,Move,development
1569854409.209,2470,451,None,Move,development
1569854409.215,2517,429,None,Move,development
1569854409.231,2613,396,None,Move,development
1569854409.246,2673,376,None,Move,development
1569854409.262,2723,360,None,Move,development
1569854409.2770002,2749,350,None,Move,development
1569854409.293,2763,346,None,Move,development
1569854409.309,2767,344,None,Move,development
1569854409.315,2768,343,None,Move,development
1569854409.363,2768,343,Left,Pressed,development
1569854409.478,2768,343,Left,Released,development
1569854411.335,2768,343,None,Move,development
1569854411.351,2768,343,None,Move,development
1569854411.3660002,2768,345,None,Move,development
1569854411.3820002,2768,347,None,Move,development
1569854411.383,2768,348,None,Move,development
1569854411.399,2768,350,None,Move,development
1569854411.419,2768,350,None,Move,development
1569854411.435,2767,351,None,Move,development
1569854411.581,2767,351,None,Move,file system
1569854411.597,2767,352,None,Move,file system
1569854411.62,2767,353,None,Move,file system
1569854411.635,2762,362,None,Move,file system
1569854411.651,2756,367,None,Move,file system
1569854411.666,2754,369,None,Move,file system
1569854411.6820002,2753,376,None,Move,file system
1569854411.698,2752,377,None,Move,file system
1569854411.951,2752,377,None,Move,file system
1569854411.967,2752,377,None,Move,file system
1569854411.982,2752,375,None,Move,file system
1569854411.998,2752,374,None,Move,file system
1569854412.014,2752,372,None,Move,file system
1569854412.02,2752,372,None,Move,file system
1569854412.036,2752,371,None,Move,file system
1569854412.052,2752,371,None,Move,file system
1569854412.072,2752,370,None,Move,file system
1569854412.08,2752,370,None,Move,file system
1569854412.0879998,2752,368,None,Move,file system
1569854412.09,2752,367,None,Move,file system
1569854412.106,2752,365,None,Move,file system
1569854412.121,2751,365,None,Move,file system
1569854412.1360002,2750,365,None,Move,file system
1569854412.167,2749,365,None,Move,file system
1569854412.1829998,2749,366,None,Move,file system
1569854412.199,2749,367,None,Move,file system
1569854412.252,2749,368,None,Move,file system
1569854412.268,2749,368,None,Move,file system
1569854412.3,2749,367,None,Move,file system
1569854412.7370002,2749,366,None,Move,development
1569854412.754,2749,366,None,Move,development
1569854412.77,2749,365,None,Move,development
1569854412.786,2748,364,None,Move,development
1569854412.802,2748,364,None,Move,development
1569854412.853,2747,364,None,Move,development
1569854413.301,2746,363,None,Move,development
1569854413.323,2745,362,None,Move,development
1569854413.339,2744,360,None,Move,development
1569854413.355,2744,360,None,Move,development
1569854414.789,2744,360,None,Move,development
1569854414.804,2742,363,None,Move,development
1569854414.8179998,2739,365,None,Move,development
1569854414.833,2739,367,None,Move,development
1569854414.89,2738,368,None,Move,development
1569854414.905,2738,367,None,Move,development
1569854414.92,2736,364,None,Move,development
1569854414.936,2734,361,None,Move,development
1569854414.958,2733,358,None,Move,development
1569854415.021,2733,357,None,Move,development
1569854415.0370002,2732,360,None,Move,development
1569854415.054,2731,362,None,Move,development
1569854415.063,2731,363,None,Move,development
1569854415.07,2731,363,None,Move,development
1569854415.0779998,2731,364,None,Move,development
1569854416.832,2731,364,None,Move,development
1569854416.835,2731,364,None,Move,development
1569854416.845,2731,363,None,Move,development
1569854416.855,2731,362,None,Move,development
1569854416.863,2731,361,None,Move,development
1569854416.873,2730,360,None,Move,development
1569854417.606,2730,360,None,Move,development
1569854417.6220002,2730,362,None,Move,development
1569854417.637,2730,363,None,Move,development
1569854417.908,2730,364,None,Move,development
1569854417.924,2730,365,None,Move,development
1569854417.941,2731,365,None,Move,development
1569854417.956,2732,367,None,Move,development
1569854418.256,2732,368,None,Move,development
1569854418.2729998,2732,369,None,Move,development
1569854418.276,2732,369,None,Move,development
1569854418.292,2733,370,None,Move,development
1569854418.3070002,2733,371,None,Move,development
1569854418.323,2734,373,None,Move,development
1569854418.355,2734,374,None,Move,development
1569854418.377,2735,374,None,Move,development
1569854418.441,2735,374,None,Move,development
1569854418.71,2735,375,None,Move,development
1569854418.725,2735,375,None,Move,development
1569854418.7410002,2736,375,None,Move,development
1569854420.066,2736,377,None,Move,development
1569854420.074,2731,378,None,Move,development
1569854420.08,2720,381,None,Move,development
1569854420.0879998,2703,385,None,Move,development
1569854420.096,2679,389,None,Move,development
1569854420.099,2648,396,None,Move,development
1569854420.115,2556,419,None,Move,development
1569854420.131,2444,445,None,Move,development
1569854420.146,2307,473,None,Move,development
1569854420.1620002,2150,501,None,Move,development
1569854420.18,2083,517,None,Move,development
1569854420.196,1907,566,None,Move,development
1569854420.211,1809,596,None,Move,development
1569854420.2270002,1746,620,None,Move,development
1569854420.2429998,1706,651,None,Move,development
1569854420.258,1661,694,None,Move,development
1569854420.274,1624,718,None,Move,development
1569854420.28,1610,727,None,Move,development
1569854420.296,1575,740,None,Move,development
1569854420.312,1534,751,None,Move,development
1569854420.3279998,1487,765,None,Move,development
1569854420.343,1414,777,None,Move,development
1569854420.359,1355,780,None,Move,development
1569854420.3739998,1290,772,None,Move,development
1569854420.381,1264,768,None,Move,development
1569854420.397,1219,760,None,Move,development
1569854420.4120002,1189,746,None,Move,development
1569854420.428,1170,726,None,Move,development
1569854420.4429998,1154,707,None,Move,development
1569854420.459,1137,692,None,Move,development
1569854420.475,1122,670,None,Move,development
1569854420.481,1114,662,None,Move,development
1569854420.4970002,1098,652,None,Move,development
1569854420.512,1082,647,None,Move,development
1569854420.5270002,1071,643,None,Move,development
1569854420.543,1067,640,None,Move,development
1569854420.559,1065,639,None,Move,development
1569854420.736,1065,639,Left,Pressed,development
1569854420.83,1065,639,Left,Released,development
1569854420.861,1062,640,None,Move,development
1569854420.877,1035,652,None,Move,development
1569854420.883,1018,656,None,Move,development
1569854420.899,984,666,None,Move,development
1569854420.915,934,676,None,Move,development
1569854420.93,883,683,None,Move,development
1569854420.946,851,687,None,Move,development
1569854420.962,834,689,None,Move,development
1569854420.978,829,689,None,Move,development
1569854420.984,827,688,None,Move,development
1569854420.9989998,827,687,None,Move,development
1569854421.09,827,687,None,Move,development
1569854421.099,828,687,None,Move,development
1569854421.115,828,688,None,Move,development
1569854421.131,825,693,None,Move,development
1569854421.146,822,700,None,Move,development
1569854421.1620002,818,709,None,Move,development
1569854421.178,814,716,None,Move,development
1569854421.185,813,720,None,Move,development
1569854421.201,809,726,None,Move,development
1569854421.216,805,730,None,Move,development
1569854421.232,802,734,None,Move,development
1569854421.2470002,798,737,None,Move,development
1569854421.2629998,796,739,None,Move,development
1569854421.279,793,740,None,Move,development
1569854421.285,792,741,None,Move,development
1569854421.3,791,741,None,Move,development
1569854421.58,790,741,Left,Pressed,development
1569854421.58,790,741,None,Drag,development
1569854421.585,790,741,None,Drag,development
1569854421.601,791,741,None,Drag,development
1569854421.6479998,792,741,None,Drag,development
1569854421.75,792,741,None,Drag,development
1569854421.766,793,742,None,Drag,development
1569854421.786,796,743,None,Drag,development
1569854421.802,800,745,None,Drag,development
1569854421.8179998,803,745,None,Drag,development
1569854421.833,805,745,None,Drag,development
1569854421.849,808,745,None,Drag,development
1569854421.8639998,810,745,None,Drag,development
1569854421.8639998,810,745,Left,Released,development
1569854422.066,811,746,None,Move,development
1569854422.075,813,748,None,Move,development
1569854422.083,815,749,None,Move,development
1569854422.091,816,749,None,Move,development
1569854422.097,818,750,None,Move,development
1569854422.0979998,820,750,None,Move,development
1569854422.113,821,751,None,Move,development
1569854422.234,822,751,Left,Pressed,development
1569854422.234,822,751,None,Drag,development
1569854422.25,821,752,None,Drag,development
1569854422.25,821,752,Left,Released,development
1569854422.2870002,814,751,None,Move,development
1569854422.303,810,747,None,Move,development
1569854422.319,807,744,None,Move,development
1569854422.334,805,741,None,Move,development
1569854422.35,804,740,None,Move,development
1569854422.591,803,739,None,Move,development
1569854422.623,802,739,None,Move,development
1569854422.654,802,739,None,Move,development
1569854422.67,801,739,None,Move,development
1569854422.685,800,739,None,Move,development
1569854422.6920002,799,739,None,Move,development
1569854422.707,799,739,None,Move,development
1569854422.7229998,797,739,None,Move,development
1569854422.738,796,739,None,Move,development
1569854423.024,796,739,Left,Pressed,development
1569854423.024,796,739,None,Drag,development
1569854423.04,796,739,None,Drag,development
1569854423.0570002,799,739,None,Drag,development
1569854423.064,801,739,None,Drag,development
1569854423.072,804,739,None,Drag,development
1569854423.08,805,739,None,Drag,development
1569854423.0879998,807,739,None,Drag,development
1569854423.096,809,739,None,Drag,development
1569854423.0979998,809,739,None,Drag,development
1569854423.177,811,740,None,Drag,development
1569854423.1929998,811,740,None,Drag,development
1569854423.209,814,740,None,Drag,development
1569854423.225,818,741,None,Drag,development
1569854423.24,821,741,None,Drag,development
1569854423.256,824,741,None,Drag,development
1569854423.272,827,741,None,Drag,development
1569854423.291,831,741,None,Drag,development
1569854423.296,831,741,None,Drag,development
1569854423.312,833,741,None,Drag,development
1569854423.3739998,833,741,None,Drag,development
1569854423.4320002,834,741,None,Drag,development
1569854423.448,836,741,None,Drag,development
1569854423.464,840,741,None,Drag,development
1569854423.479,843,741,None,Drag,development
1569854423.496,846,740,None,Drag,development
1569854423.512,849,738,None,Drag,development
1569854423.5270002,851,738,None,Drag,development
1569854423.543,854,735,None,Drag,development
1569854423.559,858,733,None,Drag,development
1569854423.575,859,733,None,Drag,development
1569854423.575,859,733,Left,Released,development
1569854424.26,859,733,None,Move,development
1569854424.361,859,733,None,Move,development
1569854424.377,865,730,None,Move,development
1569854424.399,953,699,None,Move,development
1569854424.4020002,1025,673,None,Move,development
1569854424.418,1212,633,None,Move,development
1569854424.434,1450,583,None,Move,development
1569854424.449,1719,514,None,Move,development
1569854424.465,1996,457,None,Move,development
1569854424.48,2189,414,None,Move,development
1569854424.496,2350,379,None,Move,development
1569854424.502,2414,371,None,Move,development
1569854424.518,2509,356,None,Move,development
1569854424.534,2553,350,None,Move,development
1569854424.549,2566,347,None,Move,development
1569854424.565,2569,347,None,Move,development
1569854424.681,2569,346,None,Move,development
1569854424.696,2559,334,None,Move,development
1569854424.7029998,2551,325,None,Move,development
1569854424.718,2518,297,None,Move,development
1569854424.734,2476,268,None,Move,development
1569854424.75,2436,244,None,Move,development
1569854424.765,2414,231,None,Move,development
1569854424.781,2395,215,None,Move,development
1569854424.7970002,2383,204,None,Move,development
1569854424.804,2379,199,None,Move,development
1569854424.82,2377,194,None,Move,development
1569854424.835,2377,193,None,Move,development
1569854424.904,2377,193,None,Move,development
1569854424.92,2378,193,None,Move,development
1569854424.935,2380,193,None,Move,development
1569854424.951,2383,193,None,Move,development
1569854424.967,2384,193,None,Move,development
1569854424.982,2385,193,None,Move,development
1569854425.004,2386,193,None,Move,development
1569854425.021,2387,192,None,Move,development
1569854425.085,2387,192,Left,Pressed,development
1569854425.177,2387,192,Left,Released,development
1569854425.221,2387,192,Left,Pressed,development
1569854425.305,2387,192,Left,Released,development
1569854425.3379998,2387,192,Left,Pressed,development
1569854425.452,2387,192,Left,Released,development
