client_timestamp,x,y,button,state,window
1571381157.41,1212,699,None,Move,office
1571381157.417,1213,699,None,Move,office
1571381157.426,1215,699,None,Move,office
1571381157.4329998,1217,699,None,Move,office
1571381157.441,1217,699,None,Move,office
1571381157.447,1217,698,None,Move,office
1571381157.456,1217,697,None,Move,office
1571381157.464,1217,697,None,Move,office
1571381157.6120002,1217,696,None,Move,office
1571381186.811,1217,697,None,Move,office
1571381186.8179998,1215,697,None,Move,office
1571381186.849,1214,697,None,Move,office
1571381186.8579998,1214,698,None,Move,office
1571381186.865,1213,698,None,Move,office
1571381186.873,1212,699,None,Move,office
1571381186.881,1211,699,None,Move,office
1571381186.887,1209,701,None,Move,office
1571381186.895,1208,702,None,Move,office
1571381186.903,1206,704,None,Move,office
1571381186.911,1204,705,None,Move,office
1571381186.92,1203,706,None,Move,office
1571381186.927,1201,708,None,Move,office
1571381186.935,1198,710,None,Move,office
1571381186.944,1194,712,None,Move,office
1571381186.951,1189,713,None,Move,office
1571381186.96,1182,715,None,Move,office
1571381186.967,1175,716,None,Move,office
1571381186.9729998,1165,719,None,Move,office
1571381186.981,1157,720,None,Move,office
1571381186.99,1148,720,None,Move,office
1571381186.9970002,1138,720,None,Move,office
1571381187.006,1125,720,None,Move,office
1571381187.0129998,1112,719,None,Move,office
1571381187.022,1102,717,None,Move,office
1571381187.029,1095,715,None,Move,office
1571381187.038,1092,713,None,Move,office
1571381187.043,1090,712,None,Move,office
1571381187.051,1088,711,None,Move,office
1571381187.059,1087,709,None,Move,office
1571381187.0670002,1084,707,None,Move,office
1571381187.076,1082,704,None,Move,office
1571381187.083,1080,699,None,Move,office
1571381187.092,1078,692,None,Move,office
1571381187.099,1075,684,None,Move,office
1571381187.1079998,1070,675,None,Move,office
1571381187.113,1061,669,None,Move,office
1571381187.1220002,1047,666,None,Move,office
1571381187.129,1020,666,None,Move,office
1571381187.137,977,669,None,Move,office
1571381187.145,924,690,None,Move,office
1571381187.154,870,718,None,Move,office
1571381187.161,815,751,None,Move,office
1571381187.17,772,766,None,Move,office
1571381187.175,755,781,None,Move,office
1571381187.5370002,755,781,None,Move,office
1571381187.545,760,780,None,Move,office
1571381187.553,768,777,None,Move,office
1571381187.561,779,770,None,Move,office
1571381187.569,790,764,None,Move,office
1571381187.577,802,760,None,Move,office
1571381187.585,812,758,None,Move,office
1571381187.593,819,757,None,Move,office
1571381187.599,824,757,None,Move,office
1571381187.607,825,757,None,Move,office
1571381187.615,827,757,None,Move,office
1571381187.6239998,828,758,None,Move,office
1571381187.631,834,760,None,Move,office
1571381187.64,838,762,None,Move,office
1571381187.647,844,765,None,Move,office
1571381187.656,850,767,None,Move,office
1571381187.664,857,769,None,Move,office
1571381187.669,864,771,None,Move,office
1571381187.677,869,774,None,Move,office
1571381187.685,875,776,None,Move,office
1571381187.694,880,778,None,Move,office
1571381187.701,884,780,None,Move,office
1571381187.71,891,782,None,Move,office
1571381187.717,898,786,None,Move,office
1571381187.726,902,789,None,Move,office
1571381187.7329998,909,791,None,Move,office
1571381187.74,914,793,None,Move,office
1571381187.7470002,920,796,None,Move,office
1571381187.756,923,797,None,Move,office
1571381187.7629998,924,799,None,Move,office
1571381187.771,926,801,None,Move,office
1571381187.779,928,803,None,Move,office
1571381187.788,929,805,None,Move,office
1571381187.795,931,808,None,Move,office
1571381187.804,933,810,None,Move,office
1571381187.81,935,811,None,Move,office
1571381187.8170002,936,813,None,Move,office
1571381187.829,939,814,None,Move,office
1571381187.8379998,940,814,None,Move,office
1571381187.961,940,814,None,Move,office
1571381187.974,943,812,None,Move,office
1571381187.981,957,793,None,Move,office
1571381187.99,968,779,None,Move,office
1571381187.9970002,977,769,None,Move,office
1571381188.006,979,762,None,Move,office
1571381188.0129998,982,755,None,Move,office
1571381188.019,984,748,None,Move,office
1571381188.028,986,741,None,Move,office
1571381188.035,987,734,None,Move,office
1571381188.044,987,729,None,Move,office
1571381188.051,988,726,None,Move,office
1571381188.06,988,723,None,Move,office
1571381188.0670002,989,721,None,Move,office
1571381188.076,990,721,None,Move,office
1571381188.083,991,719,None,Move,office
1571381188.092,991,718,None,Move,office
1571381188.099,989,717,None,Move,office
1571381188.106,987,718,None,Move,office
1571381188.113,987,718,None,Move,office
1571381188.137,986,720,None,Move,office
1571381188.146,983,722,None,Move,office
1571381188.169,983,723,None,Move,office
1571381188.301,983,723,None,Move,office
1571381188.31,986,721,None,Move,office
1571381188.315,992,719,None,Move,office
1571381188.323,999,718,None,Move,office
1571381188.331,1006,719,None,Move,office
1571381188.34,1007,721,None,Move,office
1571381188.347,1010,723,None,Move,office
1571381188.356,1012,726,None,Move,office
1571381188.363,1014,730,None,Move,office
1571381188.3720002,1014,732,None,Move,office
1571381188.38,1014,735,None,Move,office
1571381188.3860002,1013,738,None,Move,office
1571381188.394,1011,740,None,Move,office
1571381188.401,1008,743,None,Move,office
1571381188.41,1004,746,None,Move,office
1571381188.417,999,750,None,Move,office
1571381188.426,993,753,None,Move,office
1571381188.4329998,990,755,None,Move,office
1571381188.4420002,989,756,None,Move,office
1571381188.449,987,758,None,Move,office
1571381188.455,986,760,None,Move,office
1571381188.4629998,985,761,None,Move,office
1571381188.472,985,763,None,Move,office
1571381188.479,985,765,None,Move,office
1571381188.488,986,766,None,Move,office
1571381188.496,987,768,None,Move,office
1571381188.5029998,988,770,None,Move,office
1571381188.512,988,771,None,Move,office
1571381188.52,988,772,None,Move,office
1571381188.525,989,773,None,Move,office
1571381188.533,989,774,None,Move,office
1571381188.541,989,775,None,Move,office
1571381188.549,989,776,None,Move,office
1571381188.5579998,989,778,None,Move,office
1571381188.565,989,778,None,Move,office
1571381188.574,989,780,None,Move,office
1571381188.581,989,780,None,Move,office
1571381188.589,989,781,None,Move,office
1571381188.595,988,783,None,Move,office
1571381188.603,988,783,None,Move,office
1571381188.6120002,988,784,None,Move,office
1571381188.62,987,785,None,Move,office
1571381188.627,987,785,None,Move,office
1571381209.526,987,783,None,Move,office
1571381209.532,989,778,None,Move,office
1571381209.541,990,768,None,Move,office
1571381209.548,990,760,None,Move,office
1571381209.555,987,753,None,Move,office
1571381209.564,979,745,None,Move,office
1571381209.571,974,741,None,Move,office
1571381209.58,971,739,None,Move,office
1571381209.587,970,738,None,Move,office
1571381209.765,970,737,None,Move,office
1571381209.782,970,737,None,Move,office
1571381209.79,971,736,None,Move,office
1571381209.798,972,736,None,Move,office
1571381209.805,973,735,None,Move,office
1571381209.812,973,735,None,Move,office
1571381209.819,974,735,None,Move,office
1571381209.827,974,734,None,Move,office
1571381209.835,975,734,None,Move,office
1571381209.844,976,733,None,Move,office
1571381209.851,977,733,None,Move,office
1571381209.86,978,733,None,Move,office
1571381210.2389998,978,733,None,Move,office
1571381210.255,978,733,None,Move,office
1571381210.268,978,734,None,Move,office
1571381215.675,980,734,None,Move,office
1571381215.684,1012,732,None,Move,office
1571381215.689,1051,723,None,Move,office
1571381215.698,1073,719,None,Move,office
1571381215.706,1083,714,None,Move,office
1571381215.714,1090,711,None,Move,office
1571381215.722,1093,710,None,Move,office
1571381215.73,1096,709,None,Move,office
1571381215.738,1099,709,None,Move,office
1571381215.745,1101,713,None,Move,office
1571381215.754,1101,720,None,Move,office
1571381215.7589998,1096,727,None,Move,office
1571381215.768,1088,736,None,Move,office
1571381215.775,1081,745,None,Move,office
1571381215.784,1080,745,None,Move,office
1571381216.0089998,1080,746,None,Move,office
1571381216.1160002,1082,744,None,Move,office
1571381216.121,1083,744,None,Move,office
1571381216.141,1084,743,None,Move,office
1571381216.149,1091,729,None,Move,office
1571381216.157,1093,722,None,Move,office
1571381216.166,1093,720,None,Move,office
1571381216.173,1093,718,None,Move,office
1571381216.1820002,1092,717,None,Move,office
1571381216.188,1089,717,None,Move,office
1571381216.195,1088,716,None,Move,office
1571381216.204,1086,715,None,Move,office
1571381216.211,1086,714,None,Move,office
1571381216.219,1085,714,None,Move,office
1571381216.2610002,1085,714,None,Move,office
1571381216.2770002,1084,713,None,Move,office
1571381216.286,1083,712,None,Move,office
1571381216.293,1083,711,None,Move,office
1571381216.301,1082,711,None,Move,office
1571381216.309,1082,711,None,Move,office
1571381216.3179998,1081,711,None,Move,office
1571381216.331,1081,711,None,Move,office
1571381216.3520002,1080,711,None,Move,office
1571381216.3720002,1079,711,None,Move,office
1571381216.379,1078,711,None,Move,office
1571381216.387,1078,711,None,Move,office
1571381216.395,1078,712,None,Move,office
1571381216.406,1078,713,None,Move,office
1571381216.418,1077,713,None,Move,office
1571381216.457,1076,713,None,Move,office
1571381216.466,1075,713,None,Move,office
1571381216.472,1074,714,None,Move,office
1571381216.479,1074,715,None,Move,office
1571381216.488,1074,715,None,Move,office
1571381216.495,1074,717,None,Move,office
1571381216.506,1073,718,None,Move,office
1571381216.5110002,1072,720,None,Move,office
1571381216.52,1071,721,None,Move,office
1571381216.5270002,1071,721,None,Move,office
1571381216.535,1071,722,None,Move,office
1571381216.59,1071,724,None,Move,office
1571381216.597,1071,725,None,Move,office
1571381216.605,1071,727,None,Move,office
1571381216.611,1071,728,None,Move,office
1571381216.62,1071,731,None,Move,office
1571381216.627,1070,737,None,Move,office
1571381216.6360002,1068,744,None,Move,office
1571381216.643,1068,750,None,Move,office
1571381216.6520002,1068,755,None,Move,office
1571381216.659,1069,762,None,Move,office
1571381216.668,1070,769,None,Move,office
1571381216.676,1071,772,None,Move,office
1571381216.686,1071,774,None,Move,office
1571381216.689,1071,775,None,Move,office
1571381216.698,1072,775,None,Move,office
1571381216.706,1074,776,None,Move,office
1571381216.718,1075,778,None,Move,office
1571381216.725,1077,780,None,Move,office
1571381216.734,1079,781,None,Move,office
1571381216.7410002,1079,782,None,Move,office
1571381216.75,1080,783,None,Move,office
1571381216.756,1081,783,None,Move,office
1571381216.7629998,1082,784,None,Move,office
1571381216.772,1082,784,None,Move,office
1571381216.837,1082,784,Left,Pressed,office
1571381216.8379998,1082,784,None,Drag,office
1571381216.854,1080,783,None,Drag,office
1571381216.861,1076,781,None,Drag,office
1571381216.869,1071,779,None,Drag,office
1571381216.877,1064,776,None,Drag,office
1571381216.8860002,1057,773,None,Drag,office
1571381216.891,1047,769,None,Drag,office
1571381216.9020002,1033,761,None,Drag,office
1571381216.907,1021,754,None,Drag,office
1571381216.916,1011,749,None,Drag,office
1571381216.924,1001,744,None,Drag,office
1571381216.9320002,991,740,None,Drag,office
1571381216.939,981,737,None,Drag,office
1571381216.948,971,734,None,Drag,office
1571381216.955,962,732,None,Drag,office
1571381216.9629998,954,729,None,Drag,office
1571381216.97,949,727,None,Drag,office
1571381216.9770002,942,725,None,Drag,office
1571381216.986,939,723,None,Drag,office
1571381216.9929998,936,721,None,Drag,office
1571381217.002,935,720,None,Drag,office
1571381217.0089998,934,719,None,Drag,office
1571381217.018,933,719,None,Drag,office
1571381217.025,933,718,None,Drag,office
1571381217.119,933,717,None,Drag,office
1571381217.133,932,715,None,Drag,office
1571381217.141,931,713,None,Drag,office
1571381217.15,930,713,None,Drag,office
1571381217.158,929,711,None,Drag,office
1571381217.166,928,710,None,Drag,office
1571381217.1720002,927,709,None,Drag,office
1571381217.179,926,707,None,Drag,office
1571381217.188,926,707,None,Drag,office
1571381217.198,926,706,None,Drag,office
1571381217.216,926,705,None,Drag,office
1571381217.216,926,705,Left,Released,office
1571381217.406,925,705,None,Move,office
1571381217.516,925,705,Left,Pressed,office
1571381217.599,925,705,Left,Released,office
1571381217.768,924,705,None,Move,office
1571381217.775,919,704,None,Move,office
1571381217.784,907,698,None,Move,office
1571381217.791,882,683,None,Move,office
1571381217.799,852,663,None,Move,office
1571381217.806,819,638,None,Move,office
1571381217.813,787,616,None,Move,office
1571381217.821,773,608,None,Move,office
1571381217.829,769,606,None,Move,office
1571381217.8379998,768,604,None,Move,office
1571381217.845,767,600,None,Move,office
1571381217.854,767,597,None,Move,office
1571381217.861,765,592,None,Move,office
1571381217.87,761,582,None,Move,office
1571381217.877,753,571,None,Move,office
1571381217.883,745,559,None,Move,office
1571381217.891,740,546,None,Move,office
1571381217.899,738,535,None,Move,office
1571381217.908,737,525,None,Move,office
1571381217.915,737,518,None,Move,office
1571381217.923,737,512,None,Move,office
1571381217.931,737,505,None,Move,office
1571381217.94,737,504,None,Move,office
1571381217.947,737,502,None,Move,office
1571381217.954,736,500,None,Move,office
1571381217.961,734,499,None,Move,office
1571381217.97,731,497,None,Move,office
1571381217.9770002,730,495,None,Move,office
1571381217.986,725,493,None,Move,office
1571381217.9929998,723,493,None,Move,office
1571381218.0010002,721,495,None,Move,office
1571381218.0089998,719,501,None,Move,office
1571381218.018,719,507,None,Move,office
1571381218.024,719,510,None,Move,office
1571381218.031,720,511,None,Move,office
1571381218.2370002,720,509,None,Move,office
1571381218.245,717,506,None,Move,office
1571381218.2529998,707,507,None,Move,office
1571381218.2610002,691,508,None,Move,office
1571381218.269,671,506,None,Move,office
1571381218.278,655,503,None,Move,office
1571381218.285,643,501,None,Move,office
1571381218.293,633,500,None,Move,office
1571381218.301,625,497,None,Move,office
1571381218.3079998,617,495,None,Move,office
1571381218.316,611,493,None,Move,office
1571381218.324,608,492,None,Move,office
1571381218.331,607,491,None,Move,office
1571381218.34,605,490,None,Move,office
1571381218.347,604,490,None,Move,office
1571381218.356,603,489,None,Move,office
1571381218.363,601,489,None,Move,office
1571381218.37,601,489,None,Move,office
1571381218.377,599,488,None,Move,office
1571381218.3860002,598,487,None,Move,office
1571381218.393,597,487,None,Move,office
1571381218.401,595,487,None,Move,office
1571381218.409,594,486,None,Move,office
1571381218.418,593,486,None,Move,office
1571381218.425,592,486,None,Move,office
1571381218.4329998,592,486,None,Move,office
1571381218.476,592,486,Left,Pressed,office
1571381218.55,592,486,Left,Released,office
1571381218.574,591,485,None,Move,office
1571381218.5879998,590,484,None,Move,office
1571381218.595,589,484,None,Move,office
1571381218.603,585,482,None,Move,office
1571381218.611,580,479,None,Move,office
1571381218.62,571,477,None,Move,office
1571381218.627,558,474,None,Move,office
1571381218.6360002,542,472,None,Move,office
1571381218.643,524,468,None,Move,office
1571381218.6520002,495,462,None,Move,office
1571381218.658,466,453,None,Move,office
1571381218.665,439,444,None,Move,office
1571381218.674,404,436,None,Move,office
1571381218.6820002,369,430,None,Move,office
1571381218.69,341,427,None,Move,office
1571381218.697,315,427,None,Move,office
1571381218.706,288,428,None,Move,office
1571381218.7129998,260,431,None,Move,office
1571381218.722,237,431,None,Move,office
1571381218.7270002,219,434,None,Move,office
1571381218.736,206,435,None,Move,office
1571381218.745,196,436,None,Move,office
1571381218.7510002,188,438,None,Move,office
1571381218.7589998,181,438,None,Move,office
1571381218.7670002,179,438,None,Move,office
1571381218.776,177,438,None,Move,office
1571381218.784,176,438,None,Move,office
1571381218.86,176,437,None,Move,office
1571381218.895,176,437,Left,Pressed,office
1571381218.9929998,176,437,Left,Released,office
1571381219.0110002,175,437,None,Move,office
1571381219.281,175,437,None,Move,office
1571381219.29,176,437,None,Move,office
1571381219.295,179,437,None,Move,office
1571381219.304,182,437,None,Move,office
1571381219.311,187,438,None,Move,office
1571381219.32,194,439,None,Move,office
1571381219.327,202,439,None,Move,office
1571381219.336,211,439,None,Move,office
1571381219.343,224,442,None,Move,office
1571381219.3520002,240,444,None,Move,office
1571381219.36,258,446,None,Move,office
1571381219.365,283,445,None,Move,office
1571381219.3739998,310,442,None,Move,office
1571381219.381,337,440,None,Move,office
1571381219.389,368,441,None,Move,office
1571381219.397,404,443,None,Move,office
1571381219.405,437,445,None,Move,office
1571381219.413,467,445,None,Move,office
1571381219.421,500,445,None,Move,office
1571381219.427,524,442,None,Move,office
1571381219.435,546,439,None,Move,office
1571381219.4429998,559,438,None,Move,office
1571381219.451,567,437,None,Move,office
1571381219.462,572,437,None,Move,office
1571381219.47,573,437,None,Move,office
1571381219.476,574,437,None,Move,office
1571381219.53,575,437,None,Move,office
1571381219.603,575,437,None,Move,office
1571381219.681,575,438,None,Move,office
1571381219.69,578,439,None,Move,office
1571381219.697,578,440,None,Move,office
1571381219.7270002,579,441,None,Move,office
1571381219.736,580,442,None,Move,office
1571381219.7429998,582,442,None,Move,office
1571381219.7510002,583,444,None,Move,office
1571381219.7589998,584,444,None,Move,office
1571381219.8170002,584,445,None,Move,office
1571381219.871,584,445,None,Move,office
1571381219.895,584,445,None,Move,office
1571381219.907,584,445,None,Move,office
1571381219.915,585,447,None,Move,office
1571381219.921,585,448,None,Move,office
1571381219.969,586,448,None,Move,office
1571381219.988,587,448,None,Move,office
1571381220.121,587,448,None,Move,office
1571381220.147,587,449,None,Move,office
1571381220.155,587,452,None,Move,office
1571381220.165,587,457,None,Move,office
1571381220.171,587,462,None,Move,office
1571381220.179,587,465,None,Move,office
1571381220.187,587,469,None,Move,office
1571381220.195,587,474,None,Move,office
1571381220.2029998,587,479,None,Move,office
1571381220.211,589,484,None,Move,office
1571381220.217,589,490,None,Move,office
1571381220.225,591,497,None,Move,office
1571381220.2370002,595,509,None,Move,office
1571381220.245,597,516,None,Move,office
1571381220.2529998,598,519,None,Move,office
1571381220.2610002,600,524,None,Move,office
1571381220.269,601,529,None,Move,office
1571381220.2770002,603,534,None,Move,office
1571381220.285,605,540,None,Move,office
1571381220.293,606,543,None,Move,office
1571381220.299,607,545,None,Move,office
1571381220.3070002,607,547,None,Move,office
1571381220.314,608,548,None,Move,office
1571381220.327,608,549,None,Move,office
1571381220.335,609,550,None,Move,office
1571381220.347,609,550,None,Move,office
1571381220.401,609,550,Left,Pressed,office
1571381220.496,609,550,Left,Released,office
1571381223.631,609,551,None,Move,office
1571381223.64,600,574,None,Move,office
1571381223.646,583,614,None,Move,office
1571381223.653,566,657,None,Move,office
1571381223.6620002,553,703,None,Move,office
1571381223.669,541,739,None,Move,office
1571381223.677,529,769,None,Move,office
1571381223.685,520,799,None,Move,office
1571381223.694,515,824,None,Move,office
1571381223.701,508,847,None,Move,office
1571381223.708,503,862,None,Move,office
1571381223.716,499,874,None,Move,office
1571381223.724,495,884,None,Move,office
1571381223.731,493,894,None,Move,office
1571381223.74,491,901,None,Move,office
1571381223.7489998,489,905,None,Move,office
1571381223.755,486,912,None,Move,office
1571381223.7629998,484,917,None,Move,office
1571381223.771,482,924,None,Move,office
1571381223.78,480,929,None,Move,office
1571381223.7870002,477,936,None,Move,office
1571381223.794,475,943,None,Move,office
1571381223.801,473,950,None,Move,office
1571381223.809,471,957,None,Move,office
1571381223.8170002,468,964,None,Move,office
1571381223.826,466,971,None,Move,office
1571381223.833,464,979,None,Move,office
1571381223.842,461,986,None,Move,office
1571381223.849,459,995,None,Move,office
1571381223.857,457,1002,None,Move,office
1571381223.865,454,1008,None,Move,office
1571381223.8720002,449,1016,None,Move,office
1571381223.879,445,1021,None,Move,office
1571381223.887,441,1028,None,Move,office
1571381223.895,438,1036,None,Move,office
1571381223.903,436,1041,None,Move,office
1571381223.9120002,434,1044,None,Move,office
1571381223.919,432,1046,None,Move,office
1571381223.928,430,1048,None,Move,office
1571381223.935,429,1050,None,Move,office
1571381223.9420002,429,1050,None,Move,office
1571381223.949,429,1051,None,Move,office
1571381224.024,429,1053,None,Move,office
1571381224.031,429,1055,None,Move,office
1571381224.04,431,1057,None,Move,office
1571381224.0470002,433,1060,None,Move,office
1571381224.0570002,435,1062,None,Move,office
1571381224.063,436,1065,None,Move,office
1571381224.072,438,1068,None,Move,office
1571381224.0779998,441,1070,None,Move,office
1571381224.085,445,1074,None,Move,office
1571381224.094,449,1076,None,Move,office
1571381224.101,455,1078,None,Move,office
1571381224.11,458,1079,None,Move,office
1571381224.117,463,1080,None,Move,office
1571381224.1260002,466,1079,None,Move,office
1571381224.133,469,1079,None,Move,office
1571381224.147,470,1078,None,Move,office
1571381224.154,472,1077,None,Move,office
1571381224.16,473,1077,None,Move,office
1571381224.167,473,1075,None,Move,office
1571381224.176,473,1074,None,Move,office
1571381224.185,474,1074,None,Move,office
1571381224.196,474,1073,None,Move,office
1571381224.2029998,474,1072,None,Move,office
1571381224.212,475,1071,None,Move,office
1571381224.217,475,1070,None,Move,office
1571381224.238,475,1070,Left,Pressed,office
1571381224.319,475,1070,Left,Released,office
1571381224.389,475,1070,None,Move,browsing
1571381224.401,476,1062,None,Move,browsing
1571381224.406,481,1045,None,Move,browsing
1571381224.414,492,1021,None,Move,browsing
1571381224.4220002,504,985,None,Move,browsing
1571381224.429,515,936,None,Move,browsing
1571381224.435,522,870,None,Move,browsing
1571381224.4420002,539,796,None,Move,browsing
1571381224.452,559,709,None,Move,browsing
1571381224.458,567,621,None,Move,browsing
1571381224.467,572,529,None,Move,browsing
1571381224.476,575,448,None,Move,browsing
1571381224.4829998,577,357,None,Move,browsing
1571381224.4910002,592,267,None,Move,browsing
1571381224.4989998,595,186,None,Move,browsing
1571381224.505,591,107,None,Move,browsing
1571381224.5129998,591,46,None,Move,browsing
1571381224.522,592,-7,None,Move,browsing
1571381224.529,595,-38,None,Move,browsing
1571381224.5370002,598,-65,None,Move,browsing
1571381224.545,599,-89,None,Move,browsing
1571381224.553,599,-109,None,Move,browsing
1571381224.561,599,-122,None,Move,browsing
1571381224.569,599,-132,None,Move,browsing
1571381224.575,598,-136,None,Move,browsing
1571381224.583,597,-138,None,Move,browsing
1571381224.591,597,-139,None,Move,browsing
1571381224.7429998,597,-139,None,Move,browsing
1571381224.7510002,600,-139,None,Move,browsing
1571381224.7589998,603,-139,None,Move,browsing
1571381224.7670002,609,-138,None,Move,browsing
1571381224.775,614,-138,None,Move,browsing
1571381224.781,619,-137,None,Move,browsing
1571381224.789,623,-137,None,Move,browsing
1571381224.799,629,-136,None,Move,browsing
1571381224.805,635,-136,None,Move,browsing
1571381224.813,641,-135,None,Move,browsing
1571381224.821,648,-135,None,Move,browsing
1571381224.829,653,-135,None,Move,browsing
1571381224.837,658,-135,None,Move,browsing
1571381224.845,662,-136,None,Move,browsing
1571381224.853,666,-136,None,Move,browsing
1571381224.859,668,-136,None,Move,browsing
1571381224.867,671,-137,None,Move,browsing
1571381224.8760002,672,-137,None,Move,browsing
1571381224.883,674,-137,None,Move,browsing
1571381224.8920002,677,-138,None,Move,browsing
1571381224.899,682,-138,None,Move,browsing
1571381224.908,686,-138,None,Move,browsing
1571381224.915,691,-140,None,Move,browsing
1571381224.923,695,-141,None,Move,browsing
1571381224.929,699,-141,None,Move,browsing
1571381224.937,701,-141,None,Move,browsing
1571381224.946,703,-141,None,Move,browsing
1571381224.9529998,704,-141,None,Move,browsing
1571381224.961,704,-141,None,Move,browsing
1571381224.969,705,-141,None,Move,browsing
1571381224.98,705,-140,None,Move,browsing
1571381224.985,706,-139,None,Move,browsing
1571381224.9910002,707,-137,None,Move,browsing
1571381224.9989998,708,-135,None,Move,browsing
1571381225.008,710,-132,None,Move,browsing
1571381225.015,713,-128,None,Move,browsing
1571381225.0229998,717,-123,None,Move,browsing
1571381225.032,724,-118,None,Move,browsing
1571381225.039,732,-112,None,Move,browsing
1571381225.0470002,740,-105,None,Move,browsing
1571381225.055,749,-98,None,Move,browsing
1571381225.061,764,-87,None,Move,browsing
1571381225.069,779,-78,None,Move,browsing
1571381225.077,792,-69,None,Move,browsing
1571381225.085,812,-56,None,Move,browsing
1571381225.093,826,-43,None,Move,browsing
1571381225.101,849,-22,None,Move,browsing
1571381225.11,875,5,None,Move,browsing
1571381225.117,913,46,None,Move,browsing
1571381225.1260002,949,87,None,Move,browsing
1571381225.1320002,975,126,None,Move,browsing
1571381225.1520002,1010,160,None,Move,browsing
1571381225.158,1075,217,None,Move,browsing
1571381225.163,1101,234,None,Move,browsing
1571381225.171,1116,242,None,Move,browsing
1571381225.18,1128,247,None,Move,browsing
1571381225.187,1135,251,None,Move,browsing
1571381225.195,1140,252,None,Move,browsing
1571381225.201,1143,253,None,Move,browsing
1571381225.21,1143,254,None,Move,browsing
1571381225.217,1143,256,None,Move,browsing
1571381225.319,1143,256,None,Move,browsing
1571381225.327,1143,256,None,Move,browsing
1571381225.427,1144,256,None,Move,browsing
1571381225.435,1147,258,None,Move,browsing
1571381225.444,1148,259,None,Move,browsing
1571381225.451,1150,261,None,Move,browsing
1571381225.459,1151,264,None,Move,browsing
1571381225.467,1151,268,None,Move,browsing
1571381225.476,1149,277,None,Move,browsing
1571381225.4829998,1147,287,None,Move,browsing
1571381225.4889998,1143,295,None,Move,browsing
1571381225.498,1137,306,None,Move,browsing
1571381225.505,1129,316,None,Move,browsing
1571381225.514,1120,327,None,Move,browsing
1571381225.521,1109,337,None,Move,browsing
1571381225.53,1096,347,None,Move,browsing
1571381225.5370002,1085,354,None,Move,browsing
1571381225.546,1075,362,None,Move,browsing
1571381225.553,1066,370,None,Move,browsing
1571381225.559,1057,376,None,Move,browsing
1571381225.5670002,1052,378,None,Move,browsing
1571381225.575,1050,380,None,Move,browsing
1571381225.583,1049,380,None,Move,browsing
1571381225.711,1050,380,None,Move,browsing
1571381225.721,1054,378,None,Move,browsing
1571381225.7270002,1057,377,None,Move,browsing
1571381225.735,1061,375,None,Move,browsing
1571381225.7429998,1064,375,None,Move,browsing
1571381225.7510002,1069,374,None,Move,browsing
1571381225.7589998,1076,371,None,Move,browsing
1571381225.765,1084,369,None,Move,browsing
1571381225.7729998,1094,366,None,Move,browsing
1571381225.781,1109,364,None,Move,browsing
1571381225.789,1125,362,None,Move,browsing
1571381225.7970002,1143,360,None,Move,browsing
1571381225.805,1172,352,None,Move,browsing
1571381225.813,1204,345,None,Move,browsing
1571381225.821,1240,335,None,Move,browsing
1571381225.829,1272,325,None,Move,browsing
1571381225.837,1302,318,None,Move,browsing
1571381225.843,1323,308,None,Move,browsing
1571381225.8520002,1347,298,None,Move,browsing
1571381225.859,1375,285,None,Move,browsing
1571381225.867,1404,267,None,Move,browsing
1571381225.875,1436,250,None,Move,browsing
1571381225.883,1465,230,None,Move,browsing
1571381225.891,1493,215,None,Move,browsing
1571381225.899,1518,202,None,Move,browsing
1571381225.907,1543,192,None,Move,browsing
1571381225.913,1560,185,None,Move,browsing
1571381225.921,1572,178,None,Move,browsing
1571381225.93,1577,176,None,Move,browsing
1571381225.937,1579,175,None,Move,browsing
1571381226.016,1580,175,None,Move,browsing
1571381226.0270002,1580,174,None,Move,browsing
1571381226.035,1581,174,None,Move,browsing
1571381226.044,1582,173,None,Move,browsing
1571381226.05,1583,172,None,Move,browsing
1571381226.0570002,1583,172,None,Move,browsing
1571381226.065,1584,171,None,Move,browsing
1571381226.073,1585,169,None,Move,browsing
1571381226.082,1585,169,None,Move,browsing
1571381226.089,1586,168,None,Move,browsing
1571381226.0979998,1587,167,None,Move,browsing
1571381226.105,1587,167,None,Move,browsing
1571381226.117,1588,167,None,Move,browsing
1571381226.144,1589,167,None,Move,browsing
1571381226.151,1590,166,None,Move,browsing
1571381226.16,1592,166,None,Move,browsing
1571381226.167,1593,165,None,Move,browsing
1571381226.176,1595,165,None,Move,browsing
1571381226.184,1598,165,None,Move,browsing
1571381226.189,1600,165,None,Move,browsing
1571381226.198,1601,165,None,Move,browsing
1571381226.21,1601,165,None,Move,browsing
1571381226.217,1603,164,None,Move,browsing
1571381226.226,1604,164,None,Move,browsing
1571381226.2329998,1605,164,None,Move,browsing
1571381226.242,1606,164,None,Move,browsing
1571381226.2489998,1607,164,None,Move,browsing
1571381226.2570002,1608,164,None,Move,browsing
1571381226.264,1609,163,None,Move,browsing
1571381226.271,1611,163,None,Move,browsing
1571381226.283,1612,163,None,Move,browsing
1571381226.291,1612,163,None,Move,browsing
1571381226.303,1613,163,None,Move,browsing
1571381226.324,1614,163,None,Move,browsing
1571381226.33,1614,162,None,Move,browsing
1571381226.337,1614,162,None,Move,browsing
1571381226.385,1615,162,None,Move,browsing
1571381226.395,1616,162,Left,Pressed,browsing
1571381226.395,1616,162,None,Drag,browsing
1571381226.403,1616,162,None,Drag,browsing
1571381226.411,1617,162,None,Drag,browsing
1571381226.485,1617,162,None,Drag,browsing
1571381226.485,1617,162,Left,Released,browsing
1571381226.5010002,1617,162,None,Move,browsing
1571381226.5170002,1616,162,None,Move,browsing
1571381226.525,1615,162,None,Move,browsing
1571381226.533,1615,162,None,Move,browsing
1571381226.539,1615,162,None,Move,browsing
1571381226.5470002,1614,161,None,Move,browsing
1571381226.555,1613,161,None,Move,browsing
1571381226.563,1612,161,None,Move,browsing
1571381226.571,1610,160,None,Move,browsing
1571381226.5779998,1609,160,None,Move,browsing
1571381226.587,1607,161,None,Move,browsing
1571381226.595,1605,163,None,Move,browsing
1571381226.603,1599,170,None,Move,browsing
1571381226.609,1591,183,None,Move,browsing
1571381226.617,1580,212,None,Move,browsing
1571381226.625,1565,258,None,Move,browsing
1571381226.633,1547,293,None,Move,browsing
1571381226.641,1545,296,None,Move,browsing
1571381227.077,1545,296,None,Move,browsing
1571381227.103,1545,295,None,Move,browsing
1571381227.111,1548,293,None,Move,browsing
1571381227.119,1554,288,None,Move,browsing
1571381227.129,1561,281,None,Move,browsing
1571381227.135,1569,273,None,Move,browsing
1571381227.143,1576,268,None,Move,browsing
1571381227.151,1583,266,None,Move,browsing
1571381227.159,1588,264,None,Move,browsing
1571381227.167,1590,262,None,Move,browsing
1571381227.175,1591,260,None,Move,browsing
1571381227.181,1591,260,None,Move,browsing
1571381227.1929998,1591,260,None,Move,browsing
1571381227.201,1590,260,None,Move,browsing
1571381227.209,1589,260,None,Move,browsing
1571381227.217,1587,262,None,Move,browsing
1571381227.225,1584,265,None,Move,browsing
1571381227.2329998,1580,269,None,Move,browsing
1571381227.2410002,1573,271,None,Move,browsing
1571381227.2470002,1566,276,None,Move,browsing
1571381227.2570002,1557,283,None,Move,browsing
1571381227.2629998,1547,290,None,Move,browsing
1571381227.271,1536,298,None,Move,browsing
1571381227.279,1521,306,None,Move,browsing
1571381227.2870002,1502,316,None,Move,browsing
1571381227.295,1484,325,None,Move,browsing
1571381227.304,1460,335,None,Move,browsing
1571381227.311,1435,346,None,Move,browsing
1571381227.3170002,1402,357,None,Move,browsing
1571381227.325,1369,369,None,Move,browsing
1571381227.333,1352,375,None,Move,browsing
1571381227.341,1340,380,None,Move,browsing
1571381227.35,1330,384,None,Move,browsing
1571381227.36,1323,386,None,Move,browsing
1571381227.365,1316,388,None,Move,browsing
1571381227.373,1311,391,None,Move,browsing
1571381227.381,1304,393,None,Move,browsing
1571381227.387,1297,395,None,Move,browsing
1571381227.395,1290,398,None,Move,browsing
1571381227.403,1283,400,None,Move,browsing
1571381227.411,1276,402,None,Move,browsing
1571381227.419,1272,404,None,Move,browsing
1571381227.427,1270,406,None,Move,browsing
1571381227.435,1268,407,None,Move,browsing
1571381227.4429998,1267,407,None,Move,browsing
1571381227.4889998,1265,407,None,Move,browsing
1571381227.4970002,1262,409,None,Move,browsing
1571381227.505,1256,411,None,Move,browsing
1571381227.5129998,1251,412,None,Move,browsing
1571381227.521,1246,412,None,Move,browsing
1571381227.5270002,1239,412,None,Move,browsing
1571381227.535,1232,411,None,Move,browsing
1571381227.543,1222,409,None,Move,browsing
1571381227.551,1209,403,None,Move,browsing
1571381227.559,1193,399,None,Move,browsing
1571381227.5670002,1170,396,None,Move,browsing
1571381227.575,1149,393,None,Move,browsing
1571381227.583,1128,392,None,Move,browsing
1571381227.591,1112,389,None,Move,browsing
1571381227.597,1094,386,None,Move,browsing
1571381227.605,1078,382,None,Move,browsing
1571381227.613,1060,379,None,Move,browsing
1571381227.621,1044,377,None,Move,browsing
1571381227.629,1021,374,None,Move,browsing
1571381227.637,997,370,None,Move,browsing
1571381227.645,972,367,None,Move,browsing
1571381227.653,944,364,None,Move,browsing
1571381227.659,916,360,None,Move,browsing
1571381227.668,889,357,None,Move,browsing
1571381227.675,862,355,None,Move,browsing
1571381227.684,835,353,None,Move,browsing
1571381227.691,817,352,None,Move,browsing
1571381227.699,804,352,None,Move,browsing
1571381227.707,798,357,None,Move,browsing
1571381227.715,795,364,None,Move,browsing
1571381227.7229998,794,371,None,Move,browsing
1571381227.731,794,372,None,Move,browsing
1571381227.738,796,374,None,Move,browsing
1571381227.745,796,375,None,Move,browsing
1571381227.871,801,375,None,Move,browsing
1571381227.877,814,370,None,Move,browsing
1571381227.885,829,361,None,Move,browsing
1571381227.893,847,354,None,Move,browsing
1571381227.901,859,349,None,Move,browsing
1571381227.929,860,349,None,Move,browsing
1571381227.937,861,349,None,Move,browsing
1571381227.9429998,862,350,None,Move,browsing
1571381227.951,861,352,None,Move,browsing
1571381227.959,857,355,None,Move,browsing
1571381227.968,853,357,None,Move,browsing
1571381227.975,849,359,None,Move,browsing
1571381227.984,842,362,None,Move,browsing
1571381227.9910002,836,366,None,Move,browsing
1571381228.0,831,368,None,Move,browsing
1571381228.0070002,828,370,None,Move,browsing
1571381228.014,827,370,None,Move,browsing
1571381228.021,826,370,None,Move,browsing
1571381228.029,824,370,None,Move,browsing
1571381228.0370002,823,370,None,Move,browsing
1571381228.045,821,372,None,Move,browsing
1571381228.054,819,374,None,Move,browsing
1571381228.073,819,374,None,Move,browsing
1571381228.081,821,374,None,Move,browsing
1571381228.087,824,372,None,Move,browsing
1571381228.096,830,370,None,Move,browsing
1571381228.103,840,368,None,Move,browsing
1571381228.111,855,365,None,Move,browsing
1571381228.119,875,362,None,Move,browsing
1571381228.127,905,360,None,Move,browsing
1571381228.1360002,945,358,None,Move,browsing
1571381228.143,991,356,None,Move,browsing
1571381228.1520002,1042,350,None,Move,browsing
1571381228.156,1091,347,None,Move,browsing
1571381228.166,1140,349,None,Move,browsing
1571381228.173,1183,349,None,Move,browsing
1571381228.181,1223,348,None,Move,browsing
1571381228.189,1260,344,None,Move,browsing
1571381228.197,1295,336,None,Move,browsing
1571381228.205,1327,328,None,Move,browsing
1571381228.2129998,1357,317,None,Move,browsing
1571381228.221,1376,308,None,Move,browsing
1571381228.2270002,1386,305,None,Move,browsing
1571381228.235,1391,303,None,Move,browsing
1571381228.2429998,1392,302,None,Move,browsing
1571381228.357,1392,302,None,Move,browsing
1571381228.367,1392,302,None,Move,browsing
1571381228.375,1389,302,None,Move,browsing
1571381228.383,1384,300,None,Move,browsing
1571381228.391,1377,298,None,Move,browsing
1571381228.399,1368,297,None,Move,browsing
1571381228.407,1355,297,None,Move,browsing
1571381228.415,1339,297,None,Move,browsing
1571381228.423,1323,297,None,Move,browsing
1571381228.431,1309,296,None,Move,browsing
1571381228.437,1293,296,None,Move,browsing
1571381228.445,1277,296,None,Move,browsing
1571381228.4529998,1261,296,None,Move,browsing
1571381228.461,1250,296,None,Move,browsing
1571381228.469,1239,296,None,Move,browsing
1571381228.4770002,1229,296,None,Move,browsing
1571381228.485,1221,295,None,Move,browsing
1571381228.4929998,1214,294,None,Move,browsing
1571381228.5010002,1210,294,None,Move,browsing
1571381228.5070002,1209,293,None,Move,browsing
1571381228.516,1208,293,None,Move,browsing
1571381228.644,1208,293,Left,Pressed,browsing
1571381228.645,1208,293,None,Drag,browsing
1571381228.645,1208,293,Left,Released,browsing
1571381228.655,1209,293,None,Move,browsing
1571381229.107,1209,293,None,Move,browsing
1571381229.119,1210,293,None,Move,browsing
1571381229.127,1211,292,None,Move,browsing
1571381229.1360002,1214,291,None,Move,browsing
1571381229.141,1217,290,None,Move,browsing
1571381229.15,1222,288,None,Move,browsing
1571381229.157,1230,288,None,Move,browsing
1571381229.165,1238,288,None,Move,browsing
1571381229.173,1249,290,None,Move,browsing
1571381229.1820002,1259,291,None,Move,browsing
1571381229.189,1270,291,None,Move,browsing
1571381229.198,1282,291,None,Move,browsing
1571381229.206,1293,291,None,Move,browsing
1571381229.2129998,1304,291,None,Move,browsing
1571381229.22,1314,291,None,Move,browsing
1571381229.2270002,1325,288,None,Move,browsing
1571381229.235,1337,286,None,Move,browsing
1571381229.2429998,1348,283,None,Move,browsing
1571381229.252,1361,279,None,Move,browsing
1571381229.2589998,1374,277,None,Move,browsing
1571381229.2670002,1387,274,None,Move,browsing
1571381229.275,1402,271,None,Move,browsing
1571381229.283,1415,269,None,Move,browsing
1571381229.289,1428,267,None,Move,browsing
1571381229.2970002,1441,267,None,Move,browsing
1571381229.305,1452,266,None,Move,browsing
1571381229.313,1465,264,None,Move,browsing
1571381229.321,1475,262,None,Move,browsing
1571381229.33,1483,261,None,Move,browsing
1571381229.337,1488,260,None,Move,browsing
1571381229.346,1492,258,None,Move,browsing
1571381229.351,1496,257,None,Move,browsing
1571381229.359,1497,257,None,Move,browsing
1571381229.367,1499,256,None,Move,browsing
1571381229.375,1501,256,None,Move,browsing
1571381229.383,1502,255,None,Move,browsing
1571381229.391,1503,255,None,Move,browsing
1571381229.399,1504,255,None,Move,browsing
1571381229.407,1504,254,None,Move,browsing
1571381229.415,1505,254,None,Move,browsing
1571381229.423,1506,253,None,Move,browsing
1571381229.43,1507,253,None,Move,browsing
1571381229.437,1509,253,None,Move,browsing
1571381229.445,1509,253,None,Move,browsing
1571381229.893,1509,253,Left,Pressed,browsing
1571381230.021,1509,253,Left,Released,browsing
1571381230.337,1511,253,None,Move,browsing
1571381230.345,1519,258,None,Move,browsing
1571381230.351,1531,266,None,Move,browsing
1571381230.359,1546,278,None,Move,browsing
1571381230.367,1565,296,None,Move,browsing
1571381230.375,1589,326,None,Move,browsing
1571381230.383,1617,360,None,Move,browsing
1571381230.391,1649,397,None,Move,browsing
1571381230.399,1687,447,None,Move,browsing
1571381230.415,1753,559,None,Move,browsing
1571381230.421,1776,609,None,Move,browsing
1571381230.429,1793,656,None,Move,browsing
1571381230.437,1810,693,None,Move,browsing
1571381230.445,1826,727,None,Move,browsing
1571381230.4529998,1835,754,None,Move,browsing
1571381230.461,1840,776,None,Move,browsing
1571381230.469,1845,799,None,Move,browsing
1571381230.4770002,1848,820,None,Move,browsing
1571381230.485,1850,838,None,Move,browsing
1571381230.492,1853,855,None,Move,browsing
1571381230.4989998,1853,864,None,Move,browsing
1571381230.5070002,1853,871,None,Move,browsing
1571381230.515,1853,877,None,Move,browsing
1571381230.5229998,1851,881,None,Move,browsing
1571381230.531,1850,883,None,Move,browsing
1571381230.539,1849,885,None,Move,browsing
1571381230.5470002,1848,886,None,Move,browsing
1571381230.555,1847,887,None,Move,browsing
1571381230.569,1847,888,None,Move,browsing
1571381230.635,1846,888,None,Move,browsing
1571381230.647,1846,888,None,Move,browsing
1571381230.655,1845,889,None,Move,browsing
1571381230.663,1843,891,None,Move,browsing
1571381230.671,1842,894,None,Move,browsing
1571381230.68,1839,901,None,Move,browsing
1571381230.687,1836,908,None,Move,browsing
1571381230.695,1832,916,None,Move,browsing
1571381230.702,1829,923,None,Move,browsing
1571381230.709,1826,928,None,Move,browsing
1571381230.718,1824,932,None,Move,browsing
1571381230.725,1824,935,None,Move,browsing
1571381230.734,1822,936,None,Move,browsing
1571381230.7410002,1821,938,None,Move,browsing
1571381230.7489998,1821,939,None,Move,browsing
1571381230.7570002,1821,939,None,Move,browsing
1571381230.769,1821,940,None,Move,browsing
1571381230.7870002,1821,940,Left,Pressed,browsing
1571381230.861,1821,940,Left,Released,browsing
1571381231.687,1821,940,None,Move,browsing
1571381231.701,1821,939,None,Move,browsing
1571381231.709,1821,932,None,Move,browsing
1571381231.717,1821,922,None,Move,browsing
1571381231.725,1821,909,None,Move,browsing
1571381231.7329998,1821,895,None,Move,browsing
1571381231.7410002,1821,879,None,Move,browsing
1571381231.7489998,1821,857,None,Move,browsing
1571381231.7570002,1821,824,None,Move,browsing
1571381231.7629998,1823,794,None,Move,browsing
1571381231.771,1823,771,None,Move,browsing
1571381231.779,1822,741,None,Move,browsing
1571381231.7870002,1821,711,None,Move,browsing
1571381231.795,1817,680,None,Move,browsing
1571381231.803,1814,655,None,Move,browsing
1571381231.811,1812,641,None,Move,browsing
1571381231.819,1811,625,None,Move,browsing
1571381231.827,1811,614,None,Move,browsing
1571381231.833,1810,605,None,Move,browsing
1571381231.841,1809,596,None,Move,browsing
1571381231.849,1808,589,None,Move,browsing
1571381231.857,1805,582,None,Move,browsing
1571381231.865,1804,575,None,Move,browsing
1571381231.873,1802,570,None,Move,browsing
1571381231.881,1800,563,None,Move,browsing
1571381231.889,1799,556,None,Move,browsing
1571381231.897,1797,548,None,Move,browsing
1571381231.904,1796,540,None,Move,browsing
1571381231.9120002,1794,531,None,Move,browsing
1571381231.92,1793,524,None,Move,browsing
1571381231.927,1790,514,None,Move,browsing
1571381231.936,1789,505,None,Move,browsing
1571381231.951,1788,496,None,Move,browsing
1571381231.958,1785,486,None,Move,browsing
1571381231.967,1783,477,None,Move,browsing
1571381231.974,1778,455,None,Move,browsing
1571381231.985,1775,444,None,Move,browsing
1571381231.992,1770,433,None,Move,browsing
1571381232.0,1766,423,None,Move,browsing
1571381232.0070002,1761,413,None,Move,browsing
1571381232.014,1757,403,None,Move,browsing
1571381232.021,1754,395,None,Move,browsing
1571381232.03,1749,384,None,Move,browsing
1571381232.0370002,1745,376,None,Move,browsing
1571381232.051,1735,360,None,Move,browsing
1571381232.06,1730,353,None,Move,browsing
1571381232.0670002,1727,346,None,Move,browsing
1571381232.08,1723,338,None,Move,browsing
1571381232.086,1718,331,None,Move,browsing
1571381232.093,1711,322,None,Move,browsing
1571381232.099,1703,315,None,Move,browsing
1571381232.107,1696,307,None,Move,browsing
1571381232.113,1685,298,None,Move,browsing
1571381232.121,1675,289,None,Move,browsing
1571381232.129,1664,280,None,Move,browsing
1571381232.137,1654,271,None,Move,browsing
1571381232.145,1642,261,None,Move,browsing
1571381232.153,1628,250,None,Move,browsing
1571381232.161,1616,242,None,Move,browsing
1571381232.169,1607,237,None,Move,browsing
1571381232.177,1600,233,None,Move,browsing
1571381232.1829998,1593,228,None,Move,browsing
1571381232.191,1586,222,None,Move,browsing
1571381232.199,1578,215,None,Move,browsing
1571381232.207,1574,211,None,Move,browsing
1571381232.215,1571,209,None,Move,browsing
1571381232.2229998,1569,207,None,Move,browsing
1571381232.231,1567,205,None,Move,browsing
1571381232.2389998,1565,203,None,Move,browsing
1571381232.2470002,1563,201,None,Move,browsing
1571381232.252,1563,200,None,Move,browsing
1571381232.2610002,1563,198,None,Move,browsing
1571381232.269,1563,198,None,Move,browsing
1571381232.2770002,1563,197,None,Move,browsing
1571381232.288,1563,196,None,Move,browsing
1571381232.3,1563,196,None,Move,browsing
1571381232.309,1563,195,None,Move,browsing
1571381232.321,1563,194,None,Move,browsing
1571381232.3279998,1563,193,None,Move,browsing
1571381232.335,1563,192,None,Move,browsing
1571381232.343,1565,190,None,Move,browsing
1571381232.351,1569,188,None,Move,browsing
1571381232.359,1574,185,None,Move,browsing
1571381232.367,1581,183,None,Move,browsing
1571381232.375,1590,179,None,Move,browsing
1571381232.383,1600,176,None,Move,browsing
1571381232.391,1610,173,None,Move,browsing
1571381232.397,1620,169,None,Move,browsing
1571381232.405,1630,164,None,Move,browsing
1571381232.413,1639,159,None,Move,browsing
1571381232.421,1646,157,None,Move,browsing
1571381232.429,1653,154,None,Move,browsing
1571381232.437,1658,152,None,Move,browsing
1571381232.445,1662,150,None,Move,browsing
1571381232.4529998,1664,148,None,Move,browsing
1571381232.461,1665,148,None,Move,browsing
1571381232.467,1666,147,None,Move,browsing
1571381232.475,1667,147,None,Move,browsing
1571381232.4829998,1667,146,None,Move,browsing
1571381232.603,1668,146,None,Move,browsing
1571381232.611,1669,147,None,Move,browsing
1571381232.619,1669,152,None,Move,browsing
1571381232.627,1669,157,None,Move,browsing
1571381232.635,1667,164,None,Move,browsing
1571381232.643,1665,172,None,Move,browsing
1571381232.651,1661,183,None,Move,browsing
1571381232.659,1657,194,None,Move,browsing
1571381232.667,1652,209,None,Move,browsing
1571381232.675,1647,226,None,Move,browsing
1571381232.681,1644,242,None,Move,browsing
1571381232.689,1641,258,None,Move,browsing
1571381232.697,1637,271,None,Move,browsing
1571381232.706,1635,282,None,Move,browsing
1571381232.714,1632,292,None,Move,browsing
1571381232.721,1631,299,None,Move,browsing
1571381232.728,1630,306,None,Move,browsing
1571381232.738,1628,314,None,Move,browsing
1571381232.745,1625,324,None,Move,browsing
1571381232.752,1623,334,None,Move,browsing
1571381232.7589998,1620,342,None,Move,browsing
1571381232.7670002,1618,352,None,Move,browsing
1571381232.775,1616,362,None,Move,browsing
1571381232.783,1614,372,None,Move,browsing
1571381232.791,1611,382,None,Move,browsing
1571381232.8,1609,392,None,Move,browsing
1571381232.8070002,1607,400,None,Move,browsing
1571381232.816,1604,407,None,Move,browsing
1571381232.822,1604,414,None,Move,browsing
1571381232.829,1603,421,None,Move,browsing
1571381232.8379998,1603,426,None,Move,browsing
1571381232.845,1603,430,None,Move,browsing
1571381232.854,1603,435,None,Move,browsing
1571381232.861,1603,438,None,Move,browsing
1571381232.87,1603,440,None,Move,browsing
1571381232.8779998,1603,441,None,Move,browsing
1571381232.8860002,1603,444,None,Move,browsing
1571381232.891,1603,446,None,Move,browsing
1571381232.9,1602,449,None,Move,browsing
1571381232.907,1601,455,None,Move,browsing
1571381232.916,1600,462,None,Move,browsing
1571381232.924,1600,465,None,Move,browsing
1571381232.9320002,1600,468,None,Move,browsing
1571381232.94,1602,471,None,Move,browsing
1571381232.947,1602,472,None,Move,browsing
1571381232.955,1603,475,None,Move,browsing
1571381232.961,1604,478,None,Move,browsing
1571381232.97,1604,481,None,Move,browsing
1571381232.9770002,1604,485,None,Move,browsing
1571381232.986,1604,487,None,Move,browsing
1571381232.9929998,1604,491,None,Move,browsing
1571381233.002,1603,494,None,Move,browsing
1571381233.0089998,1602,495,None,Move,browsing
1571381233.0170002,1601,497,None,Move,browsing
1571381233.025,1600,499,None,Move,browsing
1571381233.031,1599,501,None,Move,browsing
1571381233.04,1598,504,None,Move,browsing
1571381233.059,1596,509,None,Move,browsing
1571381233.064,1596,511,None,Move,browsing
1571381233.072,1595,513,None,Move,browsing
1571381233.08,1595,516,None,Move,browsing
1571381233.0879998,1594,518,None,Move,browsing
1571381233.095,1594,521,None,Move,browsing
1571381233.1020002,1593,523,None,Move,browsing
1571381233.109,1593,524,None,Move,browsing
1571381233.1179998,1593,526,None,Move,browsing
1571381233.1260002,1593,527,None,Move,browsing
1571381233.1339998,1592,530,None,Move,browsing
1571381233.141,1591,532,None,Move,browsing
1571381233.15,1590,533,None,Move,browsing
1571381233.161,1589,537,None,Move,browsing
1571381233.167,1589,539,None,Move,browsing
1571381233.175,1588,542,None,Move,browsing
1571381233.1929998,1588,546,None,Move,browsing
1571381233.2,1588,548,None,Move,browsing
1571381233.207,1588,549,None,Move,browsing
1571381233.215,1588,551,None,Move,browsing
1571381233.2229998,1588,552,None,Move,browsing
1571381233.232,1587,554,None,Move,browsing
1571381233.238,1587,556,None,Move,browsing
1571381233.245,1587,557,None,Move,browsing
1571381233.254,1587,559,None,Move,browsing
1571381233.266,1586,559,None,Move,browsing
1571381233.274,1586,560,None,Move,browsing
1571381233.282,1585,561,None,Move,browsing
1571381233.29,1585,562,None,Move,browsing
1571381233.2970002,1585,562,None,Move,browsing
1571381233.495,1584,564,None,Move,browsing
1571381233.508,1584,564,None,Move,browsing
1571381233.528,1584,565,None,Move,browsing
1571381233.5370002,1584,566,None,Move,browsing
1571381237.83,1582,566,None,Move,browsing
1571381237.8379998,1574,572,None,Move,browsing
1571381237.847,1567,578,None,Move,browsing
1571381237.855,1558,586,None,Move,browsing
1571381237.863,1549,593,None,Move,browsing
1571381237.88,1532,606,None,Move,browsing
1571381237.887,1524,614,None,Move,browsing
1571381237.895,1517,618,None,Move,browsing
1571381237.903,1514,621,None,Move,browsing
1571381237.911,1512,623,None,Move,browsing
1571381237.919,1511,625,None,Move,browsing
1571381237.925,1509,625,None,Move,browsing
1571381237.9329998,1508,626,None,Move,browsing
1571381237.941,1508,627,None,Move,browsing
1571381238.2729998,1508,627,None,Move,browsing
1571381238.279,1502,625,None,Move,browsing
1571381238.2870002,1495,623,None,Move,browsing
1571381238.295,1488,621,None,Move,browsing
1571381238.303,1480,618,None,Move,browsing
1571381238.311,1470,616,None,Move,browsing
1571381238.319,1460,613,None,Move,browsing
1571381238.327,1449,611,None,Move,browsing
1571381238.335,1433,609,None,Move,browsing
1571381238.343,1396,608,None,Move,browsing
1571381238.349,1343,603,None,Move,browsing
1571381238.365,1303,601,None,Move,browsing
1571381238.37,1277,601,None,Move,browsing
1571381238.375,1246,604,None,Move,browsing
1571381238.381,1216,606,None,Move,browsing
1571381238.389,1183,607,None,Move,browsing
1571381238.397,1155,611,None,Move,browsing
1571381238.405,1124,615,None,Move,browsing
1571381238.411,1096,618,None,Move,browsing
1571381238.419,1078,621,None,Move,browsing
1571381238.427,1060,622,None,Move,browsing
1571381238.435,1044,624,None,Move,browsing
1571381238.4429998,1031,625,None,Move,browsing
1571381238.451,1019,626,None,Move,browsing
1571381238.459,1009,627,None,Move,browsing
1571381238.467,1000,630,None,Move,browsing
1571381238.475,994,631,None,Move,browsing
1571381238.4829998,987,633,None,Move,browsing
1571381238.4889998,983,634,None,Move,browsing
1571381238.4970002,979,635,None,Move,browsing
1571381238.505,978,635,None,Move,browsing
1571381238.5129998,975,636,None,Move,browsing
1571381238.521,974,636,None,Move,browsing
1571381238.529,971,636,None,Move,browsing
1571381238.5370002,967,637,None,Move,browsing
1571381238.545,962,637,None,Move,browsing
1571381238.553,959,637,None,Move,browsing
1571381238.559,954,638,None,Move,browsing
1571381238.5670002,947,639,None,Move,browsing
1571381238.575,942,639,None,Move,browsing
1571381238.583,937,639,None,Move,browsing
1571381238.591,932,639,None,Move,browsing
1571381238.599,927,639,None,Move,browsing
1571381238.607,922,639,None,Move,browsing
1571381238.615,917,639,None,Move,browsing
1571381238.623,914,639,None,Move,browsing
1571381238.629,910,638,None,Move,browsing
1571381238.637,906,638,None,Move,browsing
1571381238.645,905,637,None,Move,browsing
1571381238.653,903,637,None,Move,browsing
1571381238.661,902,636,None,Move,browsing
1571381240.7970002,902,636,Left,Pressed,browsing
1571381240.9870002,902,636,Left,Released,browsing
1571381241.119,902,636,None,Move,browsing
1571381241.127,900,636,None,Move,browsing
1571381241.135,899,638,None,Move,browsing
1571381241.143,897,639,None,Move,browsing
1571381241.151,895,640,None,Move,browsing
1571381241.159,894,640,None,Move,browsing
1571381241.167,892,640,None,Move,browsing
1571381241.175,890,640,None,Move,browsing
1571381241.1829998,889,640,None,Move,browsing
1571381241.191,887,639,None,Move,browsing
1571381241.197,886,638,None,Move,browsing
1571381241.205,884,638,None,Move,browsing
1571381241.2129998,882,638,None,Move,browsing
1571381241.221,881,638,None,Move,browsing
1571381241.229,879,638,None,Move,browsing
1571381241.2370002,879,638,None,Move,browsing
1571381241.245,877,638,None,Move,browsing
1571381241.2529998,876,638,None,Move,browsing
1571381241.2610002,875,638,None,Move,browsing
1571381241.2670002,874,638,None,Move,browsing
1571381241.319,874,638,None,Move,browsing
1571381241.327,868,622,None,Move,browsing
1571381241.335,856,591,None,Move,browsing
1571381241.341,844,552,None,Move,browsing
1571381241.35,828,500,None,Move,browsing
1571381241.357,788,429,None,Move,browsing
1571381241.365,739,358,None,Move,browsing
1571381241.373,692,293,None,Move,browsing
1571381241.381,654,243,None,Move,browsing
1571381241.389,608,190,None,Move,browsing
1571381241.399,566,143,None,Move,browsing
1571381241.405,520,90,None,Move,browsing
1571381241.4120002,478,46,None,Move,browsing
1571381241.4329998,437,5,None,Move,browsing
1571381241.439,363,-74,None,Move,browsing
1571381241.444,347,-92,None,Move,browsing
1571381241.451,340,-98,None,Move,browsing
1571381241.459,337,-101,None,Move,browsing
1571381241.467,335,-103,None,Move,browsing
1571381241.475,334,-103,None,Move,browsing
1571381241.481,333,-103,None,Move,browsing
1571381241.4889998,333,-103,None,Move,browsing
1571381241.5370002,333,-103,None,Move,browsing
1571381241.545,333,-103,None,Move,browsing
1571381241.551,334,-102,None,Move,browsing
1571381241.559,334,-102,None,Move,browsing
1571381241.5670002,335,-101,None,Move,browsing
1571381241.575,335,-101,None,Move,browsing
1571381241.583,336,-101,None,Move,browsing
1571381241.595,336,-101,None,Move,browsing
1571381241.603,336,-100,None,Move,browsing
1571381241.617,336,-100,None,Move,browsing
1571381241.645,337,-100,None,Move,browsing
1571381241.657,337,-100,None,Move,browsing
1571381241.665,337,-100,None,Move,browsing
1571381241.673,338,-99,None,Move,browsing
1571381241.681,340,-99,None,Move,browsing
1571381241.687,343,-99,None,Move,browsing
1571381241.695,348,-99,None,Move,browsing
1571381241.7029998,352,-99,None,Move,browsing
1571381241.711,357,-99,None,Move,browsing
1571381241.719,363,-99,None,Move,browsing
1571381241.7270002,369,-99,None,Move,browsing
1571381241.735,376,-101,None,Move,browsing
1571381241.7429998,383,-103,None,Move,browsing
1571381241.7510002,389,-104,None,Move,browsing
1571381241.7570002,397,-106,None,Move,browsing
1571381241.765,405,-108,None,Move,browsing
1571381241.7729998,411,-109,None,Move,browsing
1571381241.781,418,-111,None,Move,browsing
1571381241.789,424,-111,None,Move,browsing
1571381241.7970002,431,-111,None,Move,browsing
1571381241.805,441,-111,None,Move,browsing
1571381241.813,452,-111,None,Move,browsing
1571381241.821,465,-111,None,Move,browsing
1571381241.827,482,-111,None,Move,browsing
1571381241.835,502,-111,None,Move,browsing
1571381241.843,523,-113,None,Move,browsing
1571381241.851,545,-115,None,Move,browsing
1571381241.859,567,-116,None,Move,browsing
1571381241.8660002,592,-117,None,Move,browsing
1571381241.875,614,-118,None,Move,browsing
1571381241.883,636,-120,None,Move,browsing
1571381241.891,656,-120,None,Move,browsing
1571381241.897,678,-119,None,Move,browsing
1571381241.905,703,-115,None,Move,browsing
1571381241.913,733,-107,None,Move,browsing
1571381241.9220002,766,-98,None,Move,browsing
1571381241.929,798,-91,None,Move,browsing
1571381241.937,827,-88,None,Move,browsing
1571381241.946,856,-85,None,Move,browsing
1571381241.9529998,887,-82,None,Move,browsing
1571381241.961,914,-79,None,Move,browsing
1571381241.969,937,-77,None,Move,browsing
1571381241.975,959,-74,None,Move,browsing
1571381241.9829998,984,-66,None,Move,browsing
1571381241.992,1003,-60,None,Move,browsing
1571381241.9989998,1017,-56,None,Move,browsing
1571381242.0070002,1029,-51,None,Move,browsing
1571381242.015,1035,-48,None,Move,browsing
1571381242.024,1042,-46,None,Move,browsing
1571381242.032,1047,-44,None,Move,browsing
1571381242.0370002,1051,-42,None,Move,browsing
1571381242.046,1055,-41,None,Move,browsing
1571381242.053,1060,-38,None,Move,browsing
1571381242.062,1065,-34,None,Move,browsing
1571381242.069,1070,-31,None,Move,browsing
1571381242.0779998,1075,-28,None,Move,browsing
1571381242.085,1080,-25,None,Move,browsing
1571381242.094,1085,-22,None,Move,browsing
1571381242.101,1088,-20,None,Move,browsing
1571381242.1079998,1092,-19,None,Move,browsing
1571381242.1160002,1093,-17,None,Move,browsing
1571381242.1239998,1094,-16,None,Move,browsing
1571381242.1320002,1096,-13,None,Move,browsing
1571381242.14,1098,-9,None,Move,browsing
1571381242.1479998,1101,-4,None,Move,browsing
1571381242.156,1106,3,None,Move,browsing
1571381242.164,1112,14,None,Move,browsing
1571381242.1720002,1119,24,None,Move,browsing
1571381242.178,1126,36,None,Move,browsing
1571381242.185,1133,51,None,Move,browsing
1571381242.194,1140,68,None,Move,browsing
1571381242.201,1145,96,None,Move,browsing
1571381242.221,1149,124,None,Move,browsing
1571381242.2270002,1154,182,None,Move,browsing
1571381242.2329998,1155,209,None,Move,browsing
1571381242.242,1155,235,None,Move,browsing
1571381242.248,1155,258,None,Move,browsing
1571381242.255,1153,286,None,Move,browsing
1571381242.264,1150,310,None,Move,browsing
1571381242.271,1147,329,None,Move,browsing
1571381242.28,1144,345,None,Move,browsing
1571381242.2870002,1142,359,None,Move,browsing
1571381242.296,1139,372,None,Move,browsing
1571381242.303,1136,386,None,Move,browsing
1571381242.312,1134,395,None,Move,browsing
1571381242.3170002,1131,404,None,Move,browsing
1571381242.326,1130,412,None,Move,browsing
1571381242.333,1128,421,None,Move,browsing
1571381242.341,1127,429,None,Move,browsing
1571381242.35,1126,436,None,Move,browsing
1571381242.357,1126,442,None,Move,browsing
1571381242.365,1126,449,None,Move,browsing
1571381242.373,1127,454,None,Move,browsing
1571381242.38,1128,457,None,Move,browsing
1571381242.387,1129,458,None,Move,browsing
1571381242.395,1130,459,None,Move,browsing
1571381242.419,1131,459,None,Move,browsing
1571381242.427,1131,459,None,Move,browsing
1571381242.435,1134,458,None,Move,browsing
1571381242.4429998,1137,452,None,Move,browsing
1571381242.451,1137,442,None,Move,browsing
1571381242.457,1135,422,None,Move,browsing
1571381242.465,1129,391,None,Move,browsing
1571381242.4729998,1122,355,None,Move,browsing
1571381242.481,1109,310,None,Move,browsing
1571381242.4889998,1091,266,None,Move,browsing
1571381242.498,1066,213,None,Move,browsing
1571381242.505,1038,162,None,Move,browsing
1571381242.514,1010,111,None,Move,browsing
1571381242.521,991,73,None,Move,browsing
1571381242.528,978,42,None,Move,browsing
1571381242.551,967,26,None,Move,browsing
1571381242.556,952,4,None,Move,browsing
1571381242.562,947,-4,None,Move,browsing
1571381242.5670002,945,-7,None,Move,browsing
1571381242.576,942,-10,None,Move,browsing
1571381242.583,941,-11,None,Move,browsing
1571381242.591,939,-12,None,Move,browsing
1571381242.597,938,-13,None,Move,browsing
1571381242.605,937,-14,None,Move,browsing
1571381242.6139998,936,-14,None,Move,browsing
1571381242.621,935,-14,None,Move,browsing
1571381242.63,934,-14,None,Move,browsing
1571381242.637,933,-14,None,Move,browsing
1571381242.646,932,-15,None,Move,browsing
1571381242.653,931,-15,None,Move,browsing
1571381242.661,930,-16,None,Move,browsing
1571381242.667,929,-16,None,Move,browsing
1571381242.676,928,-16,None,Move,browsing
1571381242.6829998,925,-17,None,Move,browsing
1571381242.6920002,923,-17,None,Move,browsing
1571381242.7,920,-17,None,Move,browsing
1571381242.708,917,-17,None,Move,browsing
1571381242.715,913,-17,None,Move,browsing
1571381242.724,910,-17,None,Move,browsing
1571381242.732,906,-16,None,Move,browsing
1571381242.7370002,904,-14,None,Move,browsing
1571381242.746,900,-13,None,Move,browsing
1571381242.752,897,-11,None,Move,browsing
1571381242.762,892,-10,None,Move,browsing
1571381242.769,887,-8,None,Move,browsing
1571381242.778,884,-7,None,Move,browsing
1571381242.785,880,-6,None,Move,browsing
1571381242.794,878,-6,None,Move,browsing
1571381242.801,874,-5,None,Move,browsing
1571381242.8079998,871,-4,None,Move,browsing
1571381242.816,867,-3,None,Move,browsing
1571381242.823,863,-1,None,Move,browsing
1571381242.832,859,0,None,Move,browsing
1571381242.84,854,2,None,Move,browsing
1571381242.8479998,850,3,None,Move,browsing
1571381242.856,847,5,None,Move,browsing
1571381242.8639998,846,7,None,Move,browsing
1571381242.8720002,843,9,None,Move,browsing
1571381242.8779998,841,10,None,Move,browsing
1571381242.885,840,13,None,Move,browsing
1571381242.894,840,15,None,Move,browsing
1571381242.9020002,840,20,None,Move,browsing
1571381242.91,841,24,None,Move,browsing
1571381242.917,845,30,None,Move,browsing
1571381242.926,851,37,None,Move,browsing
1571381242.9329998,859,42,None,Move,browsing
1571381242.941,873,49,None,Move,browsing
1571381242.948,889,54,None,Move,browsing
1571381242.9829998,910,62,None,Move,browsing
1571381242.988,1016,96,None,Move,browsing
1571381243.0170002,1043,105,None,Move,browsing
1571381243.0229998,1104,133,None,Move,browsing
1571381243.0270002,1114,141,None,Move,browsing
1571381243.034,1123,149,None,Move,browsing
1571381243.041,1131,156,None,Move,browsing
1571381243.05,1133,160,None,Move,browsing
1571381243.0570002,1135,164,None,Move,browsing
1571381243.066,1136,166,None,Move,browsing
1571381243.073,1138,168,None,Move,browsing
1571381243.082,1138,169,None,Move,browsing
1571381243.089,1138,170,None,Move,browsing
1571381243.095,1138,171,None,Move,browsing
1571381243.103,1136,172,None,Move,browsing
1571381243.1120002,1133,173,None,Move,browsing
1571381243.1179998,1127,174,None,Move,browsing
1571381243.1279998,1121,174,None,Move,browsing
1571381243.135,1111,174,None,Move,browsing
1571381243.144,1096,171,None,Move,browsing
1571381243.151,1080,169,None,Move,browsing
1571381243.157,1062,166,None,Move,browsing
1571381243.165,1032,157,None,Move,browsing
1571381243.173,1003,147,None,Move,browsing
1571381243.1820002,973,136,None,Move,browsing
1571381243.189,943,129,None,Move,browsing
1571381243.198,916,118,None,Move,browsing
1571381243.205,892,107,None,Move,browsing
1571381243.214,876,103,None,Move,browsing
1571381243.221,861,98,None,Move,browsing
1571381243.2270002,851,95,None,Move,browsing
1571381243.235,842,92,None,Move,browsing
1571381243.244,834,88,None,Move,browsing
1571381243.2510002,827,85,None,Move,browsing
1571381243.26,821,82,None,Move,browsing
1571381243.2670002,819,81,None,Move,browsing
1571381243.275,817,79,None,Move,browsing
1571381243.283,815,77,None,Move,browsing
1571381243.292,814,75,None,Move,browsing
1571381243.298,812,74,None,Move,browsing
1571381243.305,810,73,None,Move,browsing
1571381243.314,809,71,None,Move,browsing
1571381243.321,807,70,None,Move,browsing
1571381243.33,805,70,None,Move,browsing
1571381243.337,804,69,None,Move,browsing
1571381243.346,802,69,None,Move,browsing
1571381243.353,800,68,None,Move,browsing
1571381243.361,799,67,None,Move,browsing
1571381243.367,797,66,None,Move,browsing
1571381243.3760002,795,65,None,Move,browsing
1571381243.383,794,64,None,Move,browsing
1571381243.3920002,792,62,None,Move,browsing
1571381243.399,790,60,None,Move,browsing
1571381243.407,789,59,None,Move,browsing
1571381243.427,787,57,None,Move,browsing
1571381243.4320002,786,55,None,Move,browsing
1571381243.437,785,53,None,Move,browsing
1571381243.446,783,52,None,Move,browsing
1571381243.4529998,782,51,None,Move,browsing
1571381243.462,781,49,None,Move,browsing
1571381243.469,780,47,None,Move,browsing
1571381243.478,778,46,None,Move,browsing
1571381243.485,776,44,None,Move,browsing
1571381243.494,775,42,None,Move,browsing
1571381243.5010002,773,40,None,Move,browsing
1571381243.51,771,39,None,Move,browsing
1571381243.515,769,37,None,Move,browsing
1571381243.5229998,769,36,None,Move,browsing
1571381243.532,768,36,None,Move,browsing
1571381243.542,768,35,None,Move,browsing
1571381243.569,768,35,Left,Pressed,browsing
1571381243.667,768,35,Left,Released,browsing
1571381243.6829998,767,35,None,Move,browsing
1571381248.043,767,35,None,Move,browsing
1571381248.051,773,40,None,Move,browsing
1571381248.059,781,51,None,Move,browsing
1571381248.0670002,796,70,None,Move,browsing
1571381248.075,827,99,None,Move,browsing
1571381248.106,862,133,None,Move,browsing
1571381248.1160002,909,278,None,Move,browsing
1571381248.1220002,899,314,None,Move,browsing
1571381248.129,887,347,None,Move,browsing
1571381248.137,891,363,None,Move,browsing
1571381248.145,895,384,None,Move,browsing
1571381248.153,908,432,None,Move,browsing
1571381248.161,930,495,None,Move,browsing
1571381248.169,944,559,None,Move,browsing
1571381248.177,946,631,None,Move,browsing
1571381248.184,945,703,None,Move,browsing
1571381248.1929998,938,772,None,Move,browsing
1571381248.202,926,836,None,Move,browsing
1571381248.211,913,884,None,Move,browsing
1571381248.217,901,921,None,Move,browsing
1571381248.224,892,944,None,Move,browsing
1571381248.231,884,965,None,Move,browsing
1571381248.238,876,981,None,Move,browsing
1571381248.2470002,869,991,None,Move,browsing
1571381248.254,863,1001,None,Move,browsing
1571381248.262,859,1010,None,Move,browsing
1571381248.268,857,1017,None,Move,browsing
1571381248.2770002,854,1027,None,Move,browsing
1571381248.285,852,1035,None,Move,browsing
1571381248.293,850,1045,None,Move,browsing
1571381248.301,847,1055,None,Move,browsing
1571381248.309,844,1068,None,Move,browsing
1571381248.3170002,842,1083,None,Move,browsing
1571381248.325,839,1090,None,Move,browsing
1571381248.333,838,1089,None,Move,browsing
1571381248.339,836,1089,None,Move,browsing
1571381248.3479998,834,1089,None,Move,browsing
1571381248.359,833,1088,None,Move,browsing
1571381248.371,832,1085,None,Move,browsing
1571381248.379,831,1080,None,Move,browsing
1571381248.387,830,1081,None,Move,browsing
1571381248.396,830,1080,None,Move,browsing
1571381248.404,830,1079,None,Move,browsing
1571381248.4120002,829,1081,None,Move,browsing
1571381248.42,828,1079,None,Move,browsing
1571381248.425,828,1079,None,Move,browsing
1571381248.434,826,1080,None,Move,browsing
1571381248.4420002,825,1079,None,Move,browsing
1571381248.449,825,1079,None,Move,browsing
1571381248.457,824,1079,None,Move,browsing
1571381248.466,823,1079,None,Move,browsing
1571381248.4729998,821,1077,None,Move,browsing
1571381248.481,819,1075,None,Move,browsing
1571381248.488,817,1074,None,Move,browsing
1571381248.495,816,1072,None,Move,browsing
1571381248.502,814,1070,None,Move,browsing
1571381248.512,812,1067,None,Move,browsing
1571381248.52,810,1066,None,Move,browsing
1571381248.528,809,1064,None,Move,browsing
1571381248.536,807,1062,None,Move,browsing
1571381248.544,805,1061,None,Move,browsing
1571381248.552,804,1059,None,Move,browsing
1571381248.559,803,1057,None,Move,browsing
1571381248.565,803,1057,None,Move,browsing
1571381248.5979998,803,1057,Left,Pressed,browsing
1571381248.699,803,1057,Left,Released,browsing
1571381248.869,804,1054,None,Move,file system
1571381248.877,809,1044,None,Move,file system
1571381248.885,817,1031,None,Move,file system
1571381248.893,826,1011,None,Move,file system
1571381248.901,844,979,None,Move,file system
1571381248.911,864,938,None,Move,file system
1571381248.918,888,897,None,Move,file system
1571381248.924,907,856,None,Move,file system
1571381248.931,934,814,None,Move,file system
1571381248.939,963,769,None,Move,file system
1571381248.947,997,728,None,Move,file system
1571381248.955,1030,688,None,Move,file system
1571381248.9629998,1062,654,None,Move,file system
1571381248.971,1091,623,None,Move,file system
1571381248.979,1115,593,None,Move,file system
1571381248.985,1141,556,None,Move,file system
1571381248.9929998,1161,532,None,Move,file system
1571381249.0010002,1177,509,None,Move,file system
1571381249.0089998,1201,482,None,Move,file system
1571381249.0170002,1225,452,None,Move,file system
1571381249.025,1242,431,None,Move,file system
1571381249.033,1255,411,None,Move,file system
1571381249.041,1269,391,None,Move,file system
1571381249.048,1282,372,None,Move,file system
1571381249.0570002,1295,352,None,Move,file system
1571381249.063,1304,334,None,Move,file system
1571381249.07,1312,320,None,Move,file system
1571381249.0779998,1320,310,None,Move,file system
1571381249.087,1329,299,None,Move,file system
1571381249.094,1337,289,None,Move,file system
1571381249.103,1345,278,None,Move,file system
1571381249.111,1354,268,None,Move,file system
1571381249.119,1364,257,None,Move,file system
1571381249.127,1374,247,None,Move,file system
1571381249.135,1381,238,None,Move,file system
1571381249.144,1389,231,None,Move,file system
1571381249.15,1394,223,None,Move,file system
1571381249.157,1396,219,None,Move,file system
1571381249.165,1397,217,None,Move,file system
1571381249.177,1400,214,None,Move,file system
1571381249.185,1400,212,None,Move,file system
1571381249.1929998,1401,212,None,Move,file system
1571381249.199,1401,211,None,Move,file system
1571381249.207,1402,209,None,Move,file system
1571381249.215,1402,208,None,Move,file system
1571381249.2229998,1404,205,None,Move,file system
1571381249.231,1406,203,None,Move,file system
1571381249.2389998,1408,201,None,Move,file system
1571381249.2470002,1409,198,None,Move,file system
1571381249.255,1411,196,None,Move,file system
1571381249.2629998,1413,194,None,Move,file system
1571381249.269,1414,193,None,Move,file system
1571381249.2770002,1415,191,None,Move,file system
1571381249.286,1415,190,None,Move,file system
1571381249.294,1416,190,None,Move,file system
1571381249.301,1417,188,None,Move,file system
1571381249.309,1417,187,None,Move,file system
1571381249.3170002,1419,184,None,Move,file system
1571381249.325,1421,181,None,Move,file system
1571381249.333,1422,180,None,Move,file system
1571381249.339,1424,177,None,Move,file system
1571381249.3479998,1425,175,None,Move,file system
1571381249.355,1425,174,None,Move,file system
1571381249.363,1426,172,None,Move,file system
1571381249.371,1427,170,None,Move,file system
1571381249.379,1428,169,None,Move,file system
1571381249.387,1428,167,None,Move,file system
1571381249.395,1429,166,None,Move,file system
1571381249.4020002,1429,164,None,Move,file system
1571381249.4120002,1429,163,None,Move,file system
1571381249.418,1429,162,None,Move,file system
1571381249.427,1429,161,None,Move,file system
1571381249.435,1430,161,None,Move,file system
1571381249.445,1430,160,None,Move,file system
1571381249.635,1430,160,Left,Pressed,file system
1571381249.729,1430,160,Left,Released,file system
1571381249.923,1430,160,None,Move,file system
1571381249.931,1428,164,None,Move,file system
1571381249.939,1425,169,None,Move,file system
1571381249.947,1422,174,None,Move,file system
1571381249.955,1419,178,None,Move,file system
1571381249.9629998,1413,185,None,Move,file system
1571381249.971,1406,193,None,Move,file system
1571381249.979,1398,200,None,Move,file system
1571381249.9870002,1390,210,None,Move,file system
1571381249.9929998,1383,221,None,Move,file system
1571381250.0010002,1375,228,None,Move,file system
1571381250.0089998,1366,236,None,Move,file system
1571381250.0170002,1359,243,None,Move,file system
1571381250.025,1351,252,None,Move,file system
1571381250.033,1340,263,None,Move,file system
1571381250.041,1331,273,None,Move,file system
1571381250.049,1321,286,None,Move,file system
1571381250.0570002,1311,297,None,Move,file system
1571381250.064,1299,316,None,Move,file system
1571381250.071,1285,333,None,Move,file system
1571381250.079,1274,345,None,Move,file system
1571381250.087,1265,356,None,Move,file system
1571381250.095,1257,365,None,Move,file system
1571381250.103,1250,374,None,Move,file system
1571381250.115,1245,381,None,Move,file system
1571381250.1260002,1242,388,None,Move,file system
1571381250.1320002,1240,393,None,Move,file system
1571381250.139,1239,396,None,Move,file system
1571381250.145,1239,398,None,Move,file system
1571381250.1520002,1239,400,None,Move,file system
1571381250.16,1239,402,None,Move,file system
1571381250.167,1241,405,None,Move,file system
1571381250.176,1243,407,None,Move,file system
1571381250.1820002,1245,409,None,Move,file system
1571381250.19,1246,410,None,Move,file system
1571381250.197,1247,412,None,Move,file system
1571381250.2029998,1249,414,None,Move,file system
1571381250.212,1249,414,None,Move,file system
1571381250.219,1249,415,None,Move,file system
1571381250.2270002,1250,417,None,Move,file system
1571381250.235,1250,417,None,Move,file system
1571381250.2429998,1251,417,None,Move,file system
1571381250.2510002,1251,418,None,Move,file system
1571381250.2670002,1252,419,None,Move,file system
1571381250.2770002,1252,419,None,Move,file system
1571381250.285,1254,419,None,Move,file system
1571381250.293,1255,419,None,Move,file system
1571381250.301,1256,418,None,Move,file system
1571381250.309,1258,417,None,Move,file system
1571381250.3170002,1259,415,None,Move,file system
1571381250.325,1262,413,None,Move,file system
1571381250.333,1267,409,None,Move,file system
1571381250.341,1275,401,None,Move,file system
1571381250.3479998,1284,392,None,Move,file system
1571381250.355,1291,382,None,Move,file system
1571381250.363,1299,372,None,Move,file system
1571381250.371,1307,360,None,Move,file system
1571381250.38,1315,348,None,Move,file system
1571381250.387,1325,332,None,Move,file system
1571381250.397,1337,315,None,Move,file system
1571381250.405,1351,296,None,Move,file system
1571381250.4120002,1364,276,None,Move,file system
1571381250.421,1377,256,None,Move,file system
1571381250.428,1388,242,None,Move,file system
1571381250.434,1399,230,None,Move,file system
1571381250.441,1408,216,None,Move,file system
1571381250.448,1416,206,None,Move,file system
1571381250.457,1424,196,None,Move,file system
1571381250.465,1429,187,None,Move,file system
1571381250.4729998,1431,180,None,Move,file system
1571381250.481,1433,175,None,Move,file system
1571381250.488,1434,172,None,Move,file system
1571381250.496,1436,170,None,Move,file system
1571381250.5029998,1436,169,None,Move,file system
1571381250.5110002,1437,167,None,Move,file system
1571381250.519,1437,166,None,Move,file system
1571381250.529,1438,164,None,Move,file system
1571381250.5370002,1438,162,None,Move,file system
1571381250.545,1439,160,None,Move,file system
1571381250.552,1440,158,None,Move,file system
1571381250.56,1441,155,None,Move,file system
1571381250.5670002,1443,152,None,Move,file system
1571381250.574,1445,148,None,Move,file system
1571381250.581,1446,145,None,Move,file system
1571381250.589,1447,142,None,Move,file system
1571381250.5979998,1447,141,None,Move,file system
1571381250.607,1448,139,None,Move,file system
1571381250.617,1448,137,None,Move,file system
1571381250.627,1448,135,None,Move,file system
1571381250.635,1449,134,None,Move,file system
1571381250.643,1449,132,None,Move,file system
1571381250.6520002,1449,131,None,Move,file system
1571381250.66,1449,129,None,Move,file system
1571381250.667,1449,128,None,Move,file system
1571381250.675,1449,128,None,Move,file system
1571381250.6829998,1449,127,None,Move,file system
1571381250.691,1449,126,None,Move,file system
1571381250.698,1449,126,None,Move,file system
1571381250.7570002,1449,126,Left,Pressed,file system
1571381250.877,1449,126,Left,Released,file system
1571381251.079,1449,126,None,Move,file system
1571381251.087,1446,127,None,Move,file system
1571381251.095,1443,129,None,Move,file system
1571381251.103,1439,131,None,Move,file system
1571381251.111,1435,133,None,Move,file system
1571381251.117,1429,136,None,Move,file system
1571381251.125,1424,138,None,Move,file system
1571381251.133,1420,140,None,Move,file system
1571381251.141,1415,144,None,Move,file system
1571381251.149,1413,146,None,Move,file system
1571381251.157,1410,148,None,Move,file system
1571381251.166,1407,150,None,Move,file system
1571381251.173,1406,152,None,Move,file system
1571381251.181,1404,153,None,Move,file system
1571381251.19,1402,155,None,Move,file system
1571381251.197,1402,156,None,Move,file system
1571381251.207,1401,156,None,Move,file system
1571381251.375,1401,156,None,Move,file system
1571381251.387,1402,156,None,Move,file system
1571381251.394,1403,155,None,Move,file system
1571381251.403,1403,155,None,Move,file system
1571381251.41,1404,155,None,Move,file system
1571381251.417,1405,154,None,Move,file system
1571381251.425,1405,153,None,Move,file system
1571381251.4329998,1407,153,None,Move,file system
1571381251.445,1407,152,None,Move,file system
1571381251.4529998,1407,152,None,Move,file system
1571381251.461,1408,151,None,Move,file system
1571381251.469,1409,150,None,Move,file system
1571381251.476,1409,150,None,Move,file system
1571381251.4829998,1411,149,None,Move,file system
1571381251.4910002,1412,147,None,Move,file system
1571381251.4989998,1413,147,None,Move,file system
1571381251.5070002,1413,145,None,Move,file system
1571381251.515,1414,143,None,Move,file system
1571381251.5229998,1416,142,None,Move,file system
1571381251.531,1416,140,None,Move,file system
1571381251.538,1416,140,None,Move,file system
1571381251.549,1416,139,None,Move,file system
1571381251.565,1416,138,None,Move,file system
1571381251.573,1417,138,None,Move,file system
1571381251.623,1417,138,Left,Pressed,file system
1571381251.721,1417,138,Left,Released,file system
1571381251.915,1417,138,None,Move,file system
1571381251.923,1412,143,None,Move,file system
1571381251.931,1405,150,None,Move,file system
1571381251.939,1396,159,None,Move,file system
1571381251.947,1387,168,None,Move,file system
1571381251.955,1376,177,None,Move,file system
1571381251.962,1366,188,None,Move,file system
1571381251.97,1355,197,None,Move,file system
1571381251.978,1345,205,None,Move,file system
1571381251.985,1336,215,None,Move,file system
1571381251.9929998,1328,227,None,Move,file system
1571381252.0010002,1317,245,None,Move,file system
1571381252.008,1297,280,None,Move,file system
1571381252.016,1271,319,None,Move,file system
1571381252.025,1245,355,None,Move,file system
1571381252.031,1227,387,None,Move,file system
1571381252.039,1211,425,None,Move,file system
1571381252.0470002,1194,462,None,Move,file system
1571381252.055,1182,501,None,Move,file system
1571381252.063,1170,535,None,Move,file system
1571381252.071,1154,569,None,Move,file system
1571381252.079,1137,606,None,Move,file system
1571381252.087,1126,639,None,Move,file system
1571381252.095,1116,669,None,Move,file system
1571381252.104,1105,699,None,Move,file system
1571381252.1120002,1094,727,None,Move,file system
1571381252.12,1083,746,None,Move,file system
1571381252.127,1072,770,None,Move,file system
1571381252.135,1063,788,None,Move,file system
1571381252.143,1054,807,None,Move,file system
1571381252.151,1050,821,None,Move,file system
1571381252.158,1048,833,None,Move,file system
1571381252.165,1045,844,None,Move,file system
1571381252.1720002,1042,856,None,Move,file system
1571381252.179,1040,867,None,Move,file system
1571381252.187,1036,877,None,Move,file system
1571381252.195,1031,889,None,Move,file system
1571381252.2029998,1027,899,None,Move,file system
1571381252.211,1023,908,None,Move,file system
1571381252.219,1016,918,None,Move,file system
1571381252.2270002,1008,929,None,Move,file system
1571381252.235,1000,939,None,Move,file system
1571381252.242,992,948,None,Move,file system
1571381252.25,985,958,None,Move,file system
1571381252.2570002,979,969,None,Move,file system
1571381252.265,973,979,None,Move,file system
1571381252.2729998,968,988,None,Move,file system
1571381252.281,964,996,None,Move,file system
1571381252.289,962,1003,None,Move,file system
1571381252.2970002,960,1010,None,Move,file system
1571381252.305,958,1015,None,Move,file system
1571381252.313,955,1021,None,Move,file system
1571381252.319,953,1025,None,Move,file system
1571381252.327,951,1029,None,Move,file system
1571381252.335,949,1033,None,Move,file system
1571381252.343,947,1038,None,Move,file system
1571381252.351,944,1044,None,Move,file system
1571381252.359,942,1049,None,Move,file system
1571381252.3660002,940,1053,None,Move,file system
1571381252.375,938,1058,None,Move,file system
1571381252.381,935,1064,None,Move,file system
1571381252.389,933,1069,None,Move,file system
1571381252.397,931,1073,None,Move,file system
1571381252.405,929,1079,None,Move,file system
1571381252.414,927,1081,None,Move,file system
1571381252.421,926,1082,None,Move,file system
1571381252.429,924,1081,None,Move,file system
1571381252.437,922,1081,None,Move,file system
1571381252.445,921,1080,None,Move,file system
1571381252.452,920,1081,None,Move,file system
1571381252.459,920,1080,None,Move,file system
1571381252.467,919,1079,None,Move,file system
1571381252.475,919,1080,None,Move,file system
1571381252.521,919,1080,None,Move,file system
1571381252.553,919,1079,Left,Pressed,file system
1571381252.553,919,1079,None,Drag,file system
1571381252.573,919,1079,None,Drag,file system
1571381252.573,919,1079,Left,Released,file system
1571381252.661,919,1079,None,Move,file system
1571381252.721,919,1078,None,Move,file system
1571381252.7429998,919,1078,None,Move,file system
1571381252.7510002,920,1077,None,Move,file system
1571381252.7589998,922,1075,None,Move,file system
1571381252.7670002,923,1074,None,Move,file system
1571381252.775,926,1072,None,Move,file system
1571381252.785,929,1069,None,Move,file system
1571381252.792,933,1066,None,Move,file system
1571381252.8,939,1060,None,Move,file system
1571381252.8070002,945,1054,None,Move,file system
1571381252.814,952,1047,None,Move,file system
1571381252.821,960,1038,None,Move,file system
1571381252.829,967,1029,None,Move,file system
1571381252.837,977,1018,None,Move,file system
1571381252.845,987,1008,None,Move,file system
1571381252.853,998,997,None,Move,file system
1571381252.863,1017,978,None,Move,file system
1571381252.873,1044,954,None,Move,file system
1571381252.879,1073,923,None,Move,file system
1571381252.8860002,1102,895,None,Move,file system
1571381252.893,1136,860,None,Move,file system
1571381252.9,1175,820,None,Move,file system
1571381252.907,1214,776,None,Move,file system
1571381252.915,1240,737,None,Move,file system
1571381252.923,1267,695,None,Move,file system
1571381252.931,1295,655,None,Move,file system
1571381252.939,1318,620,None,Move,file system
1571381252.945,1337,585,None,Move,file system
1571381252.9529998,1352,557,None,Move,file system
1571381252.961,1364,532,None,Move,file system
1571381252.969,1376,501,None,Move,file system
1571381252.9770002,1390,476,None,Move,file system
1571381252.985,1402,454,None,Move,file system
1571381252.995,1411,436,None,Move,file system
1571381253.0029998,1422,417,None,Move,file system
1571381253.0089998,1431,398,None,Move,file system
1571381253.0170002,1435,382,None,Move,file system
1571381253.025,1438,369,None,Move,file system
1571381253.033,1441,354,None,Move,file system
1571381253.039,1443,344,None,Move,file system
1571381253.0470002,1446,336,None,Move,file system
1571381253.055,1448,326,None,Move,file system
1571381253.062,1451,318,None,Move,file system
1571381253.07,1453,309,None,Move,file system
1571381253.0779998,1455,302,None,Move,file system
1571381253.084,1458,295,None,Move,file system
1571381253.093,1459,290,None,Move,file system
1571381253.1,1460,285,None,Move,file system
1571381253.109,1460,283,None,Move,file system
1571381253.117,1460,281,None,Move,file system
1571381253.125,1460,279,None,Move,file system
1571381253.133,1460,278,None,Move,file system
1571381253.141,1460,276,None,Move,file system
1571381253.151,1460,274,None,Move,file system
1571381253.157,1459,273,None,Move,file system
1571381253.163,1457,270,None,Move,file system
1571381253.171,1456,267,None,Move,file system
1571381253.179,1455,266,None,Move,file system
1571381253.187,1455,263,None,Move,file system
1571381253.195,1454,262,None,Move,file system
1571381253.2029998,1453,260,None,Move,file system
1571381253.211,1453,258,None,Move,file system
1571381253.219,1452,257,None,Move,file system
1571381253.225,1451,255,None,Move,file system
1571381253.2329998,1451,252,None,Move,file system
1571381253.2410002,1450,250,None,Move,file system
1571381253.2489998,1450,248,None,Move,file system
1571381253.2570002,1450,247,None,Move,file system
1571381253.265,1450,246,None,Move,file system
1571381253.2729998,1450,245,None,Move,file system
1571381253.295,1449,245,None,Move,file system
1571381253.319,1448,245,None,Move,file system
1571381253.335,1448,244,None,Move,file system
1571381253.343,1447,244,None,Move,file system
1571381253.4910002,1447,244,None,Move,file system
1571381253.5010002,1447,244,None,Move,file system
1571381253.5089998,1452,249,None,Move,file system
1571381253.5170002,1459,256,None,Move,file system
1571381253.525,1467,264,None,Move,file system
1571381253.533,1474,271,None,Move,file system
1571381253.541,1482,277,None,Move,file system
1571381253.549,1488,283,None,Move,file system
1571381253.5570002,1495,289,None,Move,file system
1571381253.565,1500,295,None,Move,file system
1571381253.571,1504,298,None,Move,file system
1571381253.579,1506,301,None,Move,file system
1571381253.587,1508,303,None,Move,file system
1571381253.595,1510,305,None,Move,file system
1571381253.603,1512,306,None,Move,file system
1571381253.611,1512,308,None,Move,file system
1571381253.619,1512,309,None,Move,file system
1571381253.627,1513,309,None,Move,file system
1571381253.645,1513,310,None,Move,file system
1571381253.685,1513,311,None,Move,file system
1571381253.6929998,1511,311,None,Move,file system
1571381253.701,1506,311,None,Move,file system
1571381253.709,1496,311,None,Move,file system
1571381253.717,1482,309,None,Move,file system
1571381253.7229998,1463,303,None,Move,file system
1571381253.731,1433,291,None,Move,file system
1571381253.7389998,1400,280,None,Move,file system
1571381253.7470002,1366,268,None,Move,file system
1571381253.755,1323,251,None,Move,file system
1571381253.7629998,1273,230,None,Move,file system
1571381253.771,1213,206,None,Move,file system
1571381253.779,1152,187,None,Move,file system
1571381253.785,1083,163,None,Move,file system
1571381253.793,1011,135,None,Move,file system
1571381253.801,939,111,None,Move,file system
1571381253.809,869,78,None,Move,file system
1571381253.8170002,806,54,None,Move,file system
1571381253.845,727,13,None,Move,file system
1571381253.851,552,-98,None,Move,file system
1571381253.857,521,-123,None,Move,file system
1571381253.8639998,486,-149,None,Move,file system
1571381253.871,458,-170,None,Move,file system
1571381253.879,428,-189,None,Move,file system
1571381253.887,405,-206,None,Move,file system
1571381253.895,385,-225,None,Move,file system
1571381253.903,363,-248,None,Move,file system
1571381253.911,350,-268,None,Move,file system
1571381253.919,337,-287,None,Move,file system
1571381253.926,327,-306,None,Move,file system
1571381253.934,319,-323,None,Move,file system
1571381253.941,315,-334,None,Move,file system
1571381253.949,312,-345,None,Move,file system
1571381253.958,311,-353,None,Move,file system
1571381253.964,309,-359,None,Move,file system
1571381253.9729998,308,-364,None,Move,file system
1571381253.981,308,-364,None,Move,file system
1571381253.9889998,308,-364,None,Move,file system
1571381254.1620002,307,-364,None,Move,file system
1571381254.171,302,-361,None,Move,file system
1571381254.179,297,-356,None,Move,file system
1571381254.187,291,-351,None,Move,file system
1571381254.195,284,-345,None,Move,file system
1571381254.2029998,274,-340,None,Move,file system
1571381254.209,254,-332,None,Move,file system
1571381254.217,232,-326,None,Move,file system
1571381254.225,209,-321,None,Move,file system
1571381254.234,175,-315,None,Move,file system
1571381254.2410002,131,-312,None,Move,file system
1571381254.248,72,-312,None,Move,file system
1571381254.2570002,-6,-325,None,Move,file system
1571381254.266,-79,-337,None,Move,file system
1571381254.2729998,-82,-356,None,Move,file system
1571381254.279,-84,-377,None,Move,file system
1571381254.288,-83,-390,None,Move,file system
1571381254.295,-81,-401,None,Move,file system
1571381254.303,-82,-406,None,Move,file system
1571381254.311,-78,-422,None,Move,file system
1571381254.32,-70,-438,None,Move,file system
1571381254.327,-67,-454,None,Move,file system
1571381254.334,-61,-475,None,Move,file system
1571381254.343,-51,-483,None,Move,file system
1571381254.35,-42,-491,None,Move,file system
1571381254.357,-37,-499,None,Move,file system
1571381254.367,-24,-507,None,Move,file system
1571381254.373,-20,-516,None,Move,file system
1571381254.381,-22,-529,None,Move,file system
1571381254.39,-14,-544,None,Move,file system
1571381254.397,-10,-555,None,Move,file system
1571381254.405,-7,-566,None,Move,file system
1571381254.411,-6,-578,None,Move,file system
1571381254.419,-4,-587,None,Move,file system
1571381254.427,-5,-597,None,Move,file system
1571381254.435,-3,-608,None,Move,file system
1571381254.4429998,-2,-620,None,Move,file system
1571381254.454,-2,-631,None,Move,file system
1571381254.459,-2,-640,None,Move,file system
1571381254.467,0,-646,None,Move,file system
1571381254.475,0,-651,None,Move,file system
1571381254.481,0,-653,None,Move,file system
1571381254.4889998,0,-654,None,Move,file system
1571381254.5670002,0,-654,None,Move,file system
1571381254.575,2,-656,None,Move,file system
1571381254.585,4,-657,None,Move,file system
1571381254.595,6,-658,None,Move,file system
1571381254.607,8,-659,None,Move,file system
1571381254.621,11,-661,None,Move,file system
1571381254.6260002,20,-662,None,Move,file system
1571381254.633,30,-664,None,Move,file system
1571381254.641,40,-666,None,Move,file system
1571381254.649,51,-670,None,Move,file system
1571381254.657,60,-674,None,Move,file system
1571381254.665,68,-679,None,Move,file system
1571381254.675,73,-684,None,Move,file system
1571381254.681,78,-689,None,Move,file system
1571381254.689,81,-694,None,Move,file system
1571381254.695,84,-698,None,Move,file system
1571381254.7029998,85,-701,None,Move,file system
1571381254.711,86,-702,None,Move,file system
1571381254.719,86,-702,None,Move,file system
1571381254.836,86,-702,Left,Pressed,file system
1571381254.909,86,-702,Left,Released,file system
1571381255.123,87,-704,None,Move,file system
1571381255.131,93,-712,None,Move,file system
1571381255.139,105,-731,None,Move,file system
1571381255.147,122,-757,None,Move,file system
1571381255.155,136,-782,None,Move,file system
1571381255.164,144,-803,None,Move,file system
1571381255.1720002,150,-826,None,Move,file system
1571381255.179,160,-851,None,Move,file system
1571381255.185,170,-876,None,Move,file system
1571381255.1920002,179,-896,None,Move,file system
1571381255.202,184,-914,None,Move,file system
1571381255.21,188,-931,None,Move,file system
1571381255.218,191,-944,None,Move,file system
1571381255.225,194,-956,None,Move,file system
1571381255.234,196,-965,None,Move,file system
1571381255.242,200,-975,None,Move,file system
1571381255.25,202,-983,None,Move,file system
1571381255.256,203,-987,None,Move,file system
1571381255.264,205,-993,None,Move,file system
1571381255.272,206,-997,None,Move,file system
1571381255.279,208,-1001,None,Move,file system
1571381255.289,209,-1006,None,Move,file system
1571381255.295,211,-1008,None,Move,file system
1571381255.303,212,-1010,None,Move,file system
1571381255.311,213,-1013,None,Move,file system
1571381255.319,214,-1014,None,Move,file system
1571381255.326,215,-1016,None,Move,file system
1571381255.333,217,-1017,None,Move,file system
1571381255.344,218,-1018,None,Move,file system
1571381255.35,219,-1020,None,Move,file system
1571381255.3579998,220,-1021,None,Move,file system
1571381255.3660002,221,-1023,None,Move,file system
1571381255.3739998,222,-1024,None,Move,file system
1571381255.3820002,224,-1026,None,Move,file system
1571381255.389,225,-1027,None,Move,file system
1571381255.395,225,-1028,None,Move,file system
1571381255.404,225,-1030,None,Move,file system
1571381255.4120002,225,-1031,None,Move,file system
1571381255.42,225,-1032,None,Move,file system
1571381255.428,225,-1033,None,Move,file system
1571381255.436,225,-1034,None,Move,file system
1571381255.444,225,-1035,None,Move,file system
1571381255.452,225,-1036,None,Move,file system
1571381255.46,225,-1037,None,Move,file system
1571381255.466,224,-1038,None,Move,file system
1571381255.474,223,-1039,None,Move,file system
1571381255.482,222,-1040,None,Move,file system
1571381255.49,221,-1041,None,Move,file system
1571381255.498,220,-1043,None,Move,file system
1571381255.5070002,218,-1044,None,Move,file system
1571381255.5129998,217,-1045,None,Move,file system
1571381255.522,216,-1046,None,Move,file system
1571381255.528,215,-1047,None,Move,file system
1571381255.536,214,-1048,None,Move,file system
1571381255.544,213,-1049,None,Move,file system
1571381255.552,212,-1051,None,Move,file system
1571381255.56,211,-1051,None,Move,file system
1571381255.5679998,211,-1052,None,Move,file system
1571381255.576,210,-1052,None,Move,file system
1571381255.584,210,-1052,None,Move,file system
1571381255.592,210,-1053,None,Move,file system
1571381255.6620002,210,-1053,None,Move,file system
1571381255.6720002,210,-1053,None,Move,file system
1571381255.68,210,-1051,None,Move,file system
1571381255.688,210,-1049,None,Move,file system
1571381255.695,210,-1046,None,Move,file system
1571381255.704,210,-1043,None,Move,file system
1571381255.712,212,-1039,None,Move,file system
1571381255.72,213,-1032,None,Move,file system
1571381255.728,215,-1026,None,Move,file system
1571381255.736,217,-1018,None,Move,file system
1571381255.7410002,218,-1009,None,Move,file system
1571381255.75,220,-998,None,Move,file system
1571381255.7570002,223,-988,None,Move,file system
1571381255.765,228,-975,None,Move,file system
1571381255.7729998,233,-961,None,Move,file system
1571381255.781,238,-947,None,Move,file system
1571381255.789,244,-935,None,Move,file system
1571381255.7970002,249,-923,None,Move,file system
1571381255.806,253,-912,None,Move,file system
1571381255.813,255,-903,None,Move,file system
1571381255.819,257,-897,None,Move,file system
1571381255.83,258,-890,None,Move,file system
1571381255.835,260,-884,None,Move,file system
1571381255.843,261,-879,None,Move,file system
1571381255.851,261,-874,None,Move,file system
1571381255.86,261,-871,None,Move,file system
1571381255.867,261,-869,None,Move,file system
1571381255.8760002,261,-866,None,Move,file system
1571381255.881,261,-864,None,Move,file system
1571381255.8879998,261,-863,None,Move,file system
1571381255.897,261,-862,None,Move,file system
1571381255.905,260,-861,None,Move,file system
1571381255.913,260,-860,None,Move,file system
1571381255.921,259,-858,None,Move,file system
1571381255.934,258,-857,None,Move,file system
1571381255.941,257,-857,None,Move,file system
1571381255.949,256,-856,None,Move,file system
1571381255.955,256,-856,None,Move,file system
1571381255.9629998,255,-855,None,Move,file system
1571381255.97,254,-855,None,Move,file system
1571381255.979,253,-855,None,Move,file system
1571381255.9870002,252,-855,None,Move,file system
1571381255.995,251,-855,None,Move,file system
1571381256.0029998,250,-855,None,Move,file system
1571381256.0110002,248,-855,None,Move,file system
1571381256.02,246,-855,None,Move,file system
1571381256.025,243,-855,None,Move,file system
1571381256.034,240,-855,None,Move,file system
1571381256.041,238,-855,None,Move,file system
1571381256.05,235,-855,None,Move,file system
1571381256.0570002,234,-855,None,Move,file system
1571381256.065,232,-855,None,Move,file system
1571381256.073,231,-855,None,Move,file system
1571381256.082,230,-855,None,Move,file system
1571381256.09,229,-855,None,Move,file system
1571381256.2429998,229,-855,None,Move,file system
1571381256.2589998,229,-854,None,Move,file system
1571381256.2670002,229,-852,None,Move,file system
1571381256.275,229,-851,None,Move,file system
1571381256.283,230,-851,None,Move,file system
1571381256.292,230,-851,None,Move,file system
1571381256.3,230,-850,None,Move,file system
1571381256.306,230,-850,None,Move,file system
1571381256.313,230,-850,None,Move,file system
1571381256.4529998,230,-849,None,Move,file system
1571381256.468,230,-848,None,Move,file system
1571381256.4770002,230,-847,None,Move,file system
1571381256.485,230,-846,None,Move,file system
1571381256.4929998,230,-845,None,Move,file system
1571381256.5010002,230,-844,None,Move,file system
1571381256.51,230,-843,None,Move,file system
1571381256.519,231,-843,None,Move,file system
1571381256.5229998,231,-842,None,Move,file system
1571381256.531,231,-842,None,Move,file system
1571381256.5470002,231,-841,None,Move,file system
1571381256.72,231,-841,None,Move,file system
1571381256.847,232,-841,Left,Pressed,file system
1571381256.847,232,-841,None,Drag,file system
1571381256.855,235,-838,None,Drag,file system
1571381256.863,240,-833,None,Drag,file system
1571381256.869,245,-828,None,Drag,file system
1571381256.8760002,250,-823,None,Drag,file system
1571381256.885,256,-816,None,Drag,file system
1571381256.894,267,-805,None,Drag,file system
1571381256.901,285,-789,None,Drag,file system
1571381256.909,305,-773,None,Drag,file system
1571381256.918,328,-755,None,Drag,file system
1571381256.925,354,-736,None,Drag,file system
1571381256.9329998,380,-717,None,Drag,file system
1571381256.939,411,-694,None,Drag,file system
1571381256.948,442,-671,None,Drag,file system
1571381256.955,473,-646,None,Drag,file system
1571381256.964,507,-624,None,Drag,file system
1571381256.972,537,-606,None,Drag,file system
1571381256.979,568,-585,None,Drag,file system
1571381256.9870002,598,-562,None,Drag,file system
1571381256.995,627,-542,None,Drag,file system
1571381257.0010002,650,-527,None,Drag,file system
1571381257.0089998,672,-510,None,Drag,file system
1571381257.0170002,695,-494,None,Drag,file system
1571381257.025,714,-482,None,Drag,file system
1571381257.033,730,-468,None,Drag,file system
1571381257.043,743,-458,None,Drag,file system
1571381257.049,757,-450,None,Drag,file system
1571381257.0570002,765,-443,None,Drag,file system
1571381257.069,775,-434,None,Drag,file system
1571381257.075,781,-429,None,Drag,file system
1571381257.083,786,-425,None,Drag,file system
1571381257.091,789,-422,None,Drag,file system
1571381257.099,792,-420,None,Drag,file system
1571381257.107,794,-418,None,Drag,file system
1571381257.115,795,-417,None,Drag,file system
1571381257.123,796,-416,None,Drag,file system
1571381257.133,797,-414,None,Drag,file system
1571381257.139,798,-413,None,Drag,file system
1571381257.145,800,-411,None,Drag,file system
1571381257.153,801,-410,None,Drag,file system
1571381257.161,803,-408,None,Drag,file system
1571381257.169,805,-407,None,Drag,file system
1571381257.169,805,-407,Left,Released,file system
1571381257.178,806,-406,None,Move,file system
1571381257.185,807,-405,None,Move,file system
1571381257.1929998,808,-404,None,Move,file system
1571381257.201,809,-404,None,Move,file system
1571381257.21,810,-404,None,Move,file system
1571381257.215,812,-404,None,Move,file system
1571381257.2229998,813,-406,None,Move,file system
1571381257.231,814,-410,None,Move,file system
1571381257.24,816,-418,None,Move,file system
1571381257.2470002,819,-428,None,Move,file system
1571381257.255,823,-446,None,Move,file system
1571381257.2629998,830,-472,None,Move,file system
1571381257.272,839,-508,None,Move,file system
1571381257.28,852,-549,None,Move,file system
1571381257.284,863,-592,None,Move,file system
1571381257.294,864,-636,None,Move,file system
1571381257.301,859,-680,None,Move,file system
1571381257.309,860,-726,None,Move,file system
1571381257.3170002,864,-770,None,Move,file system
1571381257.325,871,-815,None,Move,file system
1571381257.333,875,-853,None,Move,file system
1571381257.341,878,-884,None,Move,file system
1571381257.35,883,-909,None,Move,file system
1571381257.355,891,-933,None,Move,file system
1571381257.3639998,899,-952,None,Move,file system
1571381257.3720002,905,-964,None,Move,file system
1571381257.38,907,-971,None,Move,file system
1571381257.3879998,910,-977,None,Move,file system
1571381257.395,911,-983,None,Move,file system
1571381257.404,913,-988,None,Move,file system
1571381257.4120002,914,-989,None,Move,file system
1571381257.419,914,-990,None,Move,file system
1571381257.425,914,-991,None,Move,file system
1571381257.4329998,915,-992,None,Move,file system
1571381257.441,915,-992,None,Move,file system
1571381257.45,915,-993,None,Move,file system
1571381257.457,915,-993,None,Move,file system
1571381257.474,915,-994,None,Move,file system
1571381257.515,915,-994,None,Move,file system
1571381257.524,914,-995,None,Move,file system
1571381257.532,913,-996,None,Move,file system
1571381257.54,912,-997,None,Move,file system
1571381257.548,910,-998,None,Move,file system
1571381257.556,908,-999,None,Move,file system
1571381257.564,903,-999,None,Move,file system
1571381257.569,897,-1001,None,Move,file system
1571381257.5779998,890,-1003,None,Move,file system
1571381257.586,882,-1004,None,Move,file system
1571381257.594,874,-1006,None,Move,file system
1571381257.601,864,-1009,None,Move,file system
1571381257.61,854,-1011,None,Move,file system
1571381257.6179998,843,-1013,None,Move,file system
1571381257.625,834,-1015,None,Move,file system
1571381257.631,823,-1018,None,Move,file system
1571381257.64,814,-1020,None,Move,file system
1571381257.647,806,-1022,None,Move,file system
1571381257.657,800,-1025,None,Move,file system
1571381257.67,790,-1027,None,Move,file system
1571381257.675,786,-1029,None,Move,file system
1571381257.684,784,-1030,None,Move,file system
1571381257.6920002,783,-1031,None,Move,file system
1571381257.7,781,-1032,None,Move,file system
1571381257.706,780,-1033,None,Move,file system
1571381257.714,780,-1034,None,Move,file system
1571381257.722,779,-1034,None,Move,file system
1571381257.73,779,-1035,None,Move,file system
1571381257.738,779,-1035,None,Move,file system
1571381257.746,779,-1036,None,Move,file system
1571381257.7529998,778,-1037,None,Move,file system
1571381257.7610002,778,-1037,None,Move,file system
1571381257.769,778,-1038,None,Move,file system
1571381257.775,778,-1038,None,Move,file system
1571381257.783,777,-1039,None,Move,file system
1571381257.791,777,-1039,None,Move,file system
1571381257.799,777,-1040,None,Move,file system
1571381257.8070002,777,-1041,None,Move,file system
1571381257.815,777,-1042,None,Move,file system
1571381257.823,776,-1043,None,Move,file system
1571381257.831,776,-1044,None,Move,file system
1571381257.839,775,-1045,None,Move,file system
1571381257.846,775,-1046,None,Move,file system
1571381257.854,775,-1047,None,Move,file system
1571381257.8620002,775,-1048,None,Move,file system
1571381257.87,775,-1049,None,Move,file system
1571381257.8779998,774,-1050,None,Move,file system
1571381257.885,774,-1051,None,Move,file system
1571381257.894,774,-1051,None,Move,file system
1571381257.9020002,774,-1052,None,Move,file system
1571381257.909,774,-1053,None,Move,file system
1571381257.915,774,-1054,None,Move,file system
1571381257.923,774,-1055,None,Move,file system
1571381257.931,774,-1055,None,Move,file system
1571381257.939,774,-1056,None,Move,file system
1571381257.947,774,-1057,None,Move,file system
1571381257.955,774,-1058,None,Move,file system
1571381257.9629998,774,-1059,None,Move,file system
1571381257.971,774,-1060,None,Move,file system
1571381257.979,774,-1061,None,Move,file system
1571381257.985,774,-1062,None,Move,file system
1571381257.9929998,774,-1063,None,Move,file system
1571381258.0010002,774,-1064,None,Move,file system
1571381258.0089998,773,-1064,None,Move,file system
1571381258.053,773,-1064,Left,Pressed,file system
1571381258.1220002,773,-1064,Left,Released,file system
1571381258.2770002,773,-1064,None,Move,browsing
1571381258.285,773,-1063,None,Move,browsing
1571381258.293,774,-1061,None,Move,browsing
1571381258.301,775,-1057,None,Move,browsing
1571381258.309,776,-1053,None,Move,browsing
1571381258.3170002,778,-1048,None,Move,browsing
1571381258.325,780,-1042,None,Move,browsing
1571381258.331,783,-1036,None,Move,browsing
1571381258.339,787,-1028,None,Move,browsing
1571381258.3479998,793,-1019,None,Move,browsing
1571381258.356,801,-1007,None,Move,browsing
1571381258.363,816,-985,None,Move,browsing
1571381258.373,831,-963,None,Move,browsing
1571381258.379,853,-938,None,Move,browsing
1571381258.387,885,-903,None,Move,browsing
1571381258.395,920,-865,None,Move,browsing
1571381258.404,962,-822,None,Move,browsing
1571381258.409,1009,-775,None,Move,browsing
1571381258.417,1049,-733,None,Move,browsing
1571381258.425,1097,-682,None,Move,browsing
1571381258.4329998,1146,-629,None,Move,browsing
1571381258.441,1191,-581,None,Move,browsing
1571381258.449,1236,-536,None,Move,browsing
1571381258.457,1274,-488,None,Move,browsing
1571381258.465,1316,-436,None,Move,browsing
1571381258.4729998,1353,-390,None,Move,browsing
1571381258.48,1387,-344,None,Move,browsing
1571381258.4870002,1417,-297,None,Move,browsing
1571381258.495,1447,-257,None,Move,browsing
1571381258.5029998,1478,-220,None,Move,browsing
1571381258.5110002,1505,-185,None,Move,browsing
1571381258.519,1532,-148,None,Move,browsing
1571381258.5270002,1557,-117,None,Move,browsing
1571381258.535,1580,-90,None,Move,browsing
1571381258.541,1603,-65,None,Move,browsing
1571381258.549,1628,-40,None,Move,browsing
1571381258.5570002,1652,-13,None,Move,browsing
1571381258.565,1676,11,None,Move,browsing
1571381258.573,1709,40,None,Move,browsing
1571381258.581,1737,64,None,Move,browsing
1571381258.589,1760,80,None,Move,browsing
1571381258.597,1777,92,None,Move,browsing
1571381258.606,1792,101,None,Move,browsing
1571381258.613,1807,107,None,Move,browsing
1571381258.6179998,1822,114,None,Move,browsing
1571381258.6279998,1837,121,None,Move,browsing
1571381258.635,1856,128,None,Move,browsing
1571381258.65,1885,134,None,Move,browsing
1571381258.656,1917,141,None,Move,browsing
1571381258.661,1953,153,None,Move,browsing
1571381258.667,1956,170,None,Move,browsing
1571381258.675,1956,184,None,Move,browsing
1571381258.6829998,1954,190,None,Move,browsing
1571381258.69,1957,196,None,Move,browsing
1571381258.698,1956,200,None,Move,browsing
1571381258.706,1955,202,None,Move,browsing
1571381258.7129998,1957,199,None,Move,browsing
1571381258.721,1954,189,None,Move,browsing
1571381258.729,1956,177,None,Move,browsing
1571381258.738,1949,163,None,Move,browsing
1571381258.746,1947,150,None,Move,browsing
1571381258.754,1939,137,None,Move,browsing
1571381258.758,1935,127,None,Move,browsing
1571381258.766,1931,117,None,Move,browsing
1571381258.774,1928,110,None,Move,browsing
1571381258.782,1926,104,None,Move,browsing
1571381258.791,1925,98,None,Move,browsing
1571381258.799,1924,95,None,Move,browsing
1571381258.8070002,1922,89,None,Move,browsing
1571381258.815,1921,85,None,Move,browsing
1571381258.823,1921,81,None,Move,browsing
1571381258.829,1921,78,None,Move,browsing
1571381258.837,1920,74,None,Move,browsing
1571381258.845,1920,67,None,Move,browsing
1571381258.853,1919,60,None,Move,browsing
1571381258.861,1919,51,None,Move,browsing
1571381258.869,1919,35,None,Move,browsing
1571381258.8779998,1919,19,None,Move,browsing
1571381258.885,1918,-1,None,Move,browsing
1571381258.8920002,1917,-21,None,Move,browsing
1571381258.899,1916,-17,None,Move,browsing
1571381258.907,1913,-21,None,Move,browsing
1571381258.915,1911,-31,None,Move,browsing
1571381258.923,1909,-37,None,Move,browsing
1571381258.931,1908,-41,None,Move,browsing
1571381258.94,1907,-43,None,Move,browsing
1571381258.947,1907,-44,None,Move,browsing
1571381258.956,1907,-45,None,Move,browsing
1571381258.982,1907,-45,None,Move,browsing
1571381258.994,1906,-46,None,Move,browsing
1571381259.0010002,1904,-47,None,Move,browsing
1571381259.01,1899,-48,None,Move,browsing
1571381259.0170002,1892,-50,None,Move,browsing
1571381259.025,1886,-53,None,Move,browsing
1571381259.031,1877,-57,None,Move,browsing
1571381259.039,1865,-62,None,Move,browsing
1571381259.0470002,1851,-68,None,Move,browsing
1571381259.055,1833,-76,None,Move,browsing
1571381259.064,1819,-82,None,Move,browsing
1571381259.072,1806,-88,None,Move,browsing
1571381259.08,1794,-95,None,Move,browsing
1571381259.087,1784,-100,None,Move,browsing
1571381259.096,1773,-107,None,Move,browsing
1571381259.101,1762,-115,None,Move,browsing
1571381259.11,1749,-123,None,Move,browsing
1571381259.117,1740,-128,None,Move,browsing
1571381259.125,1731,-131,None,Move,browsing
1571381259.133,1722,-133,None,Move,browsing
1571381259.1420002,1711,-135,None,Move,browsing
1571381259.149,1702,-137,None,Move,browsing
1571381259.157,1694,-138,None,Move,browsing
1571381259.165,1685,-139,None,Move,browsing
1571381259.1720002,1676,-139,None,Move,browsing
1571381259.18,1670,-140,None,Move,browsing
1571381259.188,1663,-140,None,Move,browsing
1571381259.196,1656,-140,None,Move,browsing
1571381259.204,1646,-138,None,Move,browsing
1571381259.212,1633,-133,None,Move,browsing
1571381259.22,1617,-126,None,Move,browsing
1571381259.228,1597,-118,None,Move,browsing
1571381259.236,1577,-111,None,Move,browsing
1571381259.242,1556,-108,None,Move,browsing
1571381259.2489998,1535,-105,None,Move,browsing
1571381259.258,1513,-98,None,Move,browsing
1571381259.265,1490,-87,None,Move,browsing
1571381259.274,1465,-72,None,Move,browsing
1571381259.283,1437,-56,None,Move,browsing
1571381259.29,1411,-38,None,Move,browsing
1571381259.2970002,1387,-25,None,Move,browsing
1571381259.305,1366,-11,None,Move,browsing
1571381259.312,1352,1,None,Move,browsing
1571381259.32,1331,18,None,Move,browsing
1571381259.3279998,1310,35,None,Move,browsing
1571381259.336,1294,47,None,Move,browsing
1571381259.344,1283,58,None,Move,browsing
1571381259.351,1274,69,None,Move,browsing
1571381259.359,1266,79,None,Move,browsing
1571381259.367,1264,87,None,Move,browsing
1571381259.375,1261,96,None,Move,browsing
1571381259.395,1261,105,None,Move,browsing
1571381259.4020002,1273,131,None,Move,browsing
1571381259.408,1287,149,None,Move,browsing
1571381259.413,1307,170,None,Move,browsing
1571381259.4220002,1331,193,None,Move,browsing
1571381259.43,1362,217,None,Move,browsing
1571381259.45,1392,244,None,Move,browsing
1571381259.456,1461,311,None,Move,browsing
1571381259.46,1499,346,None,Move,browsing
1571381259.467,1549,389,None,Move,browsing
1571381259.475,1596,429,None,Move,browsing
1571381259.4829998,1655,473,None,Move,browsing
1571381259.4910002,1710,514,None,Move,browsing
1571381259.4989998,1768,548,None,Move,browsing
1571381259.5070002,1820,581,None,Move,browsing
1571381259.515,1878,614,None,Move,browsing
1571381259.522,1932,645,None,Move,browsing
1571381259.529,1967,670,None,Move,browsing
1571381259.5370002,1962,690,None,Move,browsing
1571381259.545,1956,702,None,Move,browsing
1571381259.553,1940,705,None,Move,browsing
1571381259.562,1935,706,None,Move,browsing
1571381259.569,1929,706,None,Move,browsing
1571381259.577,1926,704,None,Move,browsing
1571381259.586,1923,702,None,Move,browsing
1571381259.592,1921,700,None,Move,browsing
1571381259.599,1919,698,None,Move,browsing
1571381259.6079998,1920,698,None,Move,browsing
1571381259.6160002,1919,697,None,Move,browsing
1571381259.623,1919,695,None,Move,browsing
1571381259.6320002,1918,692,None,Move,browsing
1571381259.64,1915,685,None,Move,browsing
1571381259.6479998,1910,676,None,Move,browsing
1571381259.656,1902,664,None,Move,browsing
1571381259.6620002,1891,650,None,Move,browsing
1571381259.669,1876,633,None,Move,browsing
1571381259.678,1854,611,None,Move,browsing
1571381259.685,1828,592,None,Move,browsing
1571381259.694,1799,572,None,Move,browsing
1571381259.702,1763,552,None,Move,browsing
1571381259.71,1726,535,None,Move,browsing
1571381259.717,1695,519,None,Move,browsing
1571381259.726,1660,503,None,Move,browsing
1571381259.732,1630,492,None,Move,browsing
1571381259.7389998,1613,486,None,Move,browsing
1571381259.7470002,1597,482,None,Move,browsing
1571381259.755,1582,478,None,Move,browsing
1571381259.764,1572,476,None,Move,browsing
1571381259.771,1562,472,None,Move,browsing
1571381259.779,1554,469,None,Move,browsing
1571381259.786,1547,467,None,Move,browsing
1571381259.795,1540,465,None,Move,browsing
1571381259.801,1533,461,None,Move,browsing
1571381259.8079998,1526,458,None,Move,browsing
1571381259.8170002,1519,452,None,Move,browsing
1571381259.825,1510,447,None,Move,browsing
1571381259.833,1501,439,None,Move,browsing
1571381259.841,1491,431,None,Move,browsing
1571381259.849,1479,423,None,Move,browsing
1571381259.857,1468,416,None,Move,browsing
1571381259.863,1459,409,None,Move,browsing
1571381259.871,1452,406,None,Move,browsing
1571381259.879,1447,403,None,Move,browsing
1571381259.887,1443,402,None,Move,browsing
1571381259.897,1440,400,None,Move,browsing
1571381259.903,1439,398,None,Move,browsing
1571381259.9120002,1437,396,None,Move,browsing
1571381259.919,1435,395,None,Move,browsing
1571381259.927,1433,393,None,Move,browsing
1571381259.935,1432,390,None,Move,browsing
1571381259.941,1430,387,None,Move,browsing
1571381259.949,1428,385,None,Move,browsing
1571381259.957,1425,381,None,Move,browsing
1571381259.965,1422,375,None,Move,browsing
1571381259.9729998,1419,368,None,Move,browsing
1571381259.981,1416,363,None,Move,browsing
1571381259.9889998,1414,357,None,Move,browsing
1571381259.998,1411,352,None,Move,browsing
1571381260.0029998,1408,346,None,Move,browsing
1571381260.0110002,1406,341,None,Move,browsing
1571381260.019,1404,338,None,Move,browsing
1571381260.028,1402,334,None,Move,browsing
1571381260.035,1401,333,None,Move,browsing
1571381260.044,1400,329,None,Move,browsing
1571381260.051,1398,326,None,Move,browsing
1571381260.06,1396,324,None,Move,browsing
1571381260.0670002,1395,322,None,Move,browsing
1571381260.076,1394,319,None,Move,browsing
1571381260.082,1393,318,None,Move,browsing
1571381260.089,1393,317,None,Move,browsing
1571381260.097,1393,316,None,Move,browsing
1571381260.113,1393,316,Left,Pressed,browsing
1571381260.211,1393,316,Left,Released,browsing
1571381260.549,1393,316,None,Move,browsing
1571381260.5570002,1393,316,None,Move,browsing
1571381260.565,1395,316,None,Move,browsing
1571381260.571,1396,316,None,Move,browsing
1571381260.579,1398,314,None,Move,browsing
1571381260.587,1400,314,None,Move,browsing
1571381260.595,1401,313,None,Move,browsing
1571381260.603,1403,312,None,Move,browsing
1571381260.611,1404,311,None,Move,browsing
1571381260.619,1405,311,None,Move,browsing
1571381260.627,1406,311,None,Move,browsing
1571381260.635,1407,311,None,Move,browsing
1571381260.643,1408,311,None,Move,browsing
1571381260.649,1408,311,None,Move,browsing
1571381260.719,1408,313,None,Move,browsing
1571381260.7270002,1400,324,None,Move,browsing
1571381260.735,1387,341,None,Move,browsing
1571381260.744,1366,356,None,Move,browsing
1571381260.7510002,1340,372,None,Move,browsing
1571381260.7589998,1297,390,None,Move,browsing
1571381260.7670002,1245,408,None,Move,browsing
1571381260.775,1199,421,None,Move,browsing
1571381260.781,1144,435,None,Move,browsing
1571381260.789,1083,451,None,Move,browsing
1571381260.7970002,1021,470,None,Move,browsing
1571381260.805,969,484,None,Move,browsing
1571381260.813,921,493,None,Move,browsing
1571381260.821,882,503,None,Move,browsing
1571381260.829,851,508,None,Move,browsing
1571381260.837,821,518,None,Move,browsing
1571381260.845,802,522,None,Move,browsing
1571381260.853,786,526,None,Move,browsing
1571381260.861,773,529,None,Move,browsing
1571381260.8679998,758,531,None,Move,browsing
1571381260.8760002,742,533,None,Move,browsing
1571381260.8839998,730,533,None,Move,browsing
1571381260.8920002,720,532,None,Move,browsing
1571381260.899,711,530,None,Move,browsing
1571381260.908,704,528,None,Move,browsing
1571381260.916,703,527,None,Move,browsing
1571381260.931,703,527,None,Move,browsing
1571381260.937,704,528,None,Move,browsing
1571381260.946,706,530,None,Move,browsing
1571381260.9529998,707,531,None,Move,browsing
1571381260.962,710,532,None,Move,browsing
1571381260.969,712,533,None,Move,browsing
1571381260.9770002,712,533,None,Move,browsing
1571381261.079,713,533,None,Move,browsing
1571381261.085,716,528,None,Move,browsing
1571381261.093,719,522,None,Move,browsing
1571381261.101,724,518,None,Move,browsing
1571381261.109,726,517,None,Move,browsing
1571381261.117,729,516,None,Move,browsing
1571381261.125,730,516,None,Move,browsing
1571381261.141,730,516,None,Move,browsing
1571381261.149,728,516,None,Move,browsing
1571381261.155,727,514,None,Move,browsing
1571381261.163,725,512,None,Move,browsing
1571381261.171,723,509,None,Move,browsing
1571381261.179,720,506,None,Move,browsing
1571381261.187,717,503,None,Move,browsing
1571381261.195,711,497,None,Move,browsing
1571381261.204,707,491,None,Move,browsing
1571381261.211,702,484,None,Move,browsing
1571381261.217,697,475,None,Move,browsing
1571381261.225,692,466,None,Move,browsing
1571381261.2329998,685,460,None,Move,browsing
1571381261.2410002,677,453,None,Move,browsing
1571381261.2489998,670,445,None,Move,browsing
1571381261.2570002,662,438,None,Move,browsing
1571381261.265,658,431,None,Move,browsing
1571381261.272,655,425,None,Move,browsing
1571381261.28,655,424,None,Move,browsing
1571381261.286,655,422,None,Move,browsing
1571381261.302,655,421,None,Move,browsing
1571381261.31,654,421,None,Move,browsing
1571381261.327,654,421,None,Move,browsing
1571381261.339,654,420,None,Move,browsing
1571381261.347,653,420,None,Move,browsing
1571381261.359,653,419,None,Move,browsing
1571381261.365,653,419,None,Move,browsing
1571381261.373,651,419,None,Move,browsing
1571381261.381,650,419,None,Move,browsing
1571381261.389,650,419,None,Move,browsing
1571381261.397,649,419,None,Move,browsing
1571381261.405,648,419,None,Move,browsing
1571381261.413,647,419,None,Move,browsing
1571381261.421,646,420,None,Move,browsing
1571381261.427,645,420,None,Move,browsing
1571381261.435,644,421,None,Move,browsing
1571381261.4429998,643,422,None,Move,browsing
1571381261.451,641,423,None,Move,browsing
1571381261.459,639,424,None,Move,browsing
1571381261.467,637,424,None,Move,browsing
1571381261.475,635,424,None,Move,browsing
1571381261.4829998,632,424,None,Move,browsing
1571381261.4910002,625,424,None,Move,browsing
1571381261.4989998,619,425,None,Move,browsing
1571381261.505,610,426,None,Move,browsing
1571381261.5129998,602,426,None,Move,browsing
1571381261.521,593,426,None,Move,browsing
1571381261.529,583,424,None,Move,browsing
1571381261.5370002,573,423,None,Move,browsing
1571381261.545,562,423,None,Move,browsing
1571381261.553,552,422,None,Move,browsing
1571381261.561,542,419,None,Move,browsing
1571381261.5670002,532,419,None,Move,browsing
1571381261.576,523,418,None,Move,browsing
1571381261.583,516,418,None,Move,browsing
1571381261.591,510,418,None,Move,browsing
1571381261.599,503,418,None,Move,browsing
1571381261.607,497,418,None,Move,browsing
1571381261.615,491,417,None,Move,browsing
1571381261.623,488,417,None,Move,browsing
1571381261.6320002,484,417,None,Move,browsing
1571381261.637,482,417,None,Move,browsing
1571381261.645,479,417,None,Move,browsing
1571381261.653,478,417,None,Move,browsing
1571381261.661,475,417,None,Move,browsing
1571381261.669,473,417,None,Move,browsing
1571381261.677,472,417,None,Move,browsing
1571381261.685,470,417,None,Move,browsing
1571381261.6929998,469,417,None,Move,browsing
1571381261.701,467,417,None,Move,browsing
1571381261.709,465,416,None,Move,browsing
1571381261.715,464,416,None,Move,browsing
1571381261.7229998,463,415,None,Move,browsing
1571381261.731,462,414,None,Move,browsing
1571381261.7389998,460,413,None,Move,browsing
1571381261.7470002,458,412,None,Move,browsing
1571381261.755,458,411,None,Move,browsing
1571381261.7629998,457,411,None,Move,browsing
1571381261.771,456,409,None,Move,browsing
1571381261.778,455,409,None,Move,browsing
1571381261.786,454,408,None,Move,browsing
1571381261.793,453,407,None,Move,browsing
1571381261.801,453,406,None,Move,browsing
1571381261.809,452,405,None,Move,browsing
1571381261.8170002,450,404,None,Move,browsing
1571381261.825,450,404,None,Move,browsing
1571381261.833,448,403,None,Move,browsing
1571381261.841,448,402,None,Move,browsing
1571381261.846,447,401,None,Move,browsing
1571381261.854,446,401,None,Move,browsing
1571381261.863,445,400,None,Move,browsing
1571381261.871,445,399,None,Move,browsing
1571381261.879,444,399,None,Move,browsing
1571381261.887,442,398,None,Move,browsing
1571381261.895,441,396,None,Move,browsing
1571381261.903,440,395,None,Move,browsing
1571381261.911,439,394,None,Move,browsing
1571381261.918,438,393,None,Move,browsing
1571381261.926,436,392,None,Move,browsing
1571381261.934,435,392,None,Move,browsing
1571381261.941,435,391,None,Move,browsing
1571381261.949,433,390,None,Move,browsing
1571381261.957,432,390,None,Move,browsing
1571381261.965,431,389,None,Move,browsing
1571381261.9729998,430,388,None,Move,browsing
1571381261.982,429,387,None,Move,browsing
1571381261.988,427,387,None,Move,browsing
1571381261.996,426,386,None,Move,browsing
1571381262.0029998,424,385,None,Move,browsing
1571381262.0110002,422,385,None,Move,browsing
1571381262.019,421,384,None,Move,browsing
1571381262.0270002,419,384,None,Move,browsing
1571381262.036,418,384,None,Move,browsing
1571381262.043,417,384,None,Move,browsing
1571381262.051,416,384,None,Move,browsing
1571381262.069,416,384,None,Move,browsing
1571381262.163,415,384,Left,Pressed,browsing
1571381262.163,415,384,None,Drag,browsing
1571381262.163,415,384,Left,Released,browsing
1571381262.394,415,384,None,Move,browsing
1571381262.41,415,385,None,Move,browsing
1571381262.416,414,389,None,Move,browsing
1571381262.423,414,391,None,Move,browsing
1571381262.43,414,394,None,Move,browsing
1571381262.439,413,396,None,Move,browsing
1571381262.447,412,397,None,Move,browsing
1571381262.455,412,399,None,Move,browsing
1571381262.4629998,412,400,None,Move,browsing
1571381262.471,411,402,None,Move,browsing
1571381262.4770002,411,404,None,Move,browsing
1571381262.485,411,405,None,Move,browsing
1571381262.4929998,411,407,None,Move,browsing
1571381262.5010002,411,408,None,Move,browsing
1571381262.508,411,410,None,Move,browsing
1571381262.5170002,411,411,None,Move,browsing
1571381262.525,411,413,None,Move,browsing
1571381262.533,411,414,None,Move,browsing
1571381262.542,411,417,None,Move,browsing
1571381262.548,411,419,None,Move,browsing
1571381262.555,411,420,None,Move,browsing
1571381262.563,411,422,None,Move,browsing
1571381262.571,411,423,None,Move,browsing
1571381262.579,411,424,None,Move,browsing
1571381262.587,411,425,None,Move,browsing
1571381262.595,411,427,None,Move,browsing
1571381262.607,411,427,None,Move,browsing
1571381262.6160002,411,428,None,Move,browsing
1571381262.77,411,428,Left,Pressed,browsing
1571381262.77,411,428,None,Drag,browsing
1571381262.77,411,428,Left,Released,browsing
1571381263.2570002,411,428,Left,Pressed,browsing
1571381263.365,411,428,Left,Released,browsing
1571381263.435,411,428,None,Move,browsing
1571381263.4429998,411,424,None,Move,browsing
1571381263.451,411,421,None,Move,browsing
1571381263.459,411,418,None,Move,browsing
1571381263.465,411,415,None,Move,browsing
1571381263.4729998,411,413,None,Move,browsing
1571381263.481,411,410,None,Move,browsing
1571381263.4889998,412,407,None,Move,browsing
1571381263.4970002,413,406,None,Move,browsing
1571381263.505,413,403,None,Move,browsing
1571381263.5129998,414,401,None,Move,browsing
1571381263.521,415,399,None,Move,browsing
1571381263.53,415,397,None,Move,browsing
1571381263.5370002,415,396,None,Move,browsing
1571381263.543,415,394,None,Move,browsing
1571381263.552,416,393,None,Move,browsing
1571381263.559,416,391,None,Move,browsing
1571381263.5679998,416,390,None,Move,browsing
1571381263.575,416,388,None,Move,browsing
1571381263.584,416,387,None,Move,browsing
1571381263.591,416,386,None,Move,browsing
1571381263.6,417,385,None,Move,browsing
1571381263.607,417,384,None,Move,browsing
1571381263.6139998,417,383,None,Move,browsing
1571381263.621,417,382,None,Move,browsing
1571381263.716,417,382,Left,Pressed,browsing
1571381263.793,417,382,Left,Released,browsing
1571381263.98,418,382,None,Move,browsing
1571381263.995,419,383,None,Move,browsing
1571381264.0029998,425,385,None,Move,browsing
1571381264.0110002,435,387,None,Move,browsing
1571381264.019,445,390,None,Move,browsing
1571381264.0270002,455,392,None,Move,browsing
1571381264.033,467,395,None,Move,browsing
1571381264.041,483,396,None,Move,browsing
1571381264.049,508,399,None,Move,browsing
1571381264.0570002,539,403,None,Move,browsing
1571381264.065,569,407,None,Move,browsing
1571381264.073,605,414,None,Move,browsing
1571381264.081,639,420,None,Move,browsing
1571381264.089,674,426,None,Move,browsing
1571381264.097,704,428,None,Move,browsing
1571381264.103,737,428,None,Move,browsing
1571381264.111,773,428,None,Move,browsing
1571381264.119,803,430,None,Move,browsing
1571381264.127,830,431,None,Move,browsing
1571381264.135,848,434,None,Move,browsing
1571381264.143,865,437,None,Move,browsing
1571381264.151,879,439,None,Move,browsing
1571381264.159,889,442,None,Move,browsing
1571381264.167,897,444,None,Move,browsing
1571381264.173,903,445,None,Move,browsing
1571381264.181,905,447,None,Move,browsing
1571381264.189,907,447,None,Move,browsing
1571381264.197,908,447,None,Move,browsing
1571381264.205,908,448,None,Move,browsing
1571381264.314,908,448,Left,Pressed,browsing
1571381264.424,908,448,Left,Released,browsing
1571381265.015,908,448,None,Move,browsing
1571381265.029,907,447,None,Move,browsing
1571381265.0370002,905,446,None,Move,browsing
1571381265.045,901,442,None,Move,browsing
1571381265.053,898,440,None,Move,browsing
1571381265.061,894,436,None,Move,browsing
1571381265.069,887,431,None,Move,browsing
1571381265.077,881,427,None,Move,browsing
1571381265.0979998,867,417,None,Move,browsing
1571381265.103,858,413,None,Move,browsing
1571381265.1079998,851,411,None,Move,browsing
1571381265.115,843,409,None,Move,browsing
1571381265.123,836,406,None,Move,browsing
1571381265.131,827,404,None,Move,browsing
1571381265.139,821,403,None,Move,browsing
1571381265.147,817,401,None,Move,browsing
1571381265.155,814,401,None,Move,browsing
1571381265.1620002,812,400,None,Move,browsing
1571381265.169,811,400,None,Move,browsing
1571381265.177,810,400,None,Move,browsing
1571381265.229,810,400,None,Move,browsing
1571381265.2389998,809,400,None,Move,browsing
1571381265.2470002,808,400,None,Move,browsing
1571381265.256,807,399,None,Move,browsing
1571381265.304,805,398,None,Move,browsing
1571381265.309,803,397,None,Move,browsing
1571381265.3170002,800,395,None,Move,browsing
1571381265.324,797,393,None,Move,browsing
1571381265.333,795,391,None,Move,browsing
1571381265.341,794,390,None,Move,browsing
1571381265.349,794,390,None,Move,browsing
1571381265.357,794,388,None,Move,browsing
1571381265.365,793,385,None,Move,browsing
1571381265.373,793,382,None,Move,browsing
1571381265.379,793,381,None,Move,browsing
1571381265.387,793,379,None,Move,browsing
1571381265.641,792,378,None,Move,browsing
1571381265.65,791,377,None,Move,browsing
1571381265.655,790,375,None,Move,browsing
1571381265.663,788,372,None,Move,browsing
1571381265.671,785,370,None,Move,browsing
1571381265.68,783,367,None,Move,browsing
1571381265.688,781,365,None,Move,browsing
1571381265.696,779,363,None,Move,browsing
1571381265.704,775,362,None,Move,browsing
1571381265.712,773,360,None,Move,browsing
1571381265.719,772,358,None,Move,browsing
1571381265.725,770,356,None,Move,browsing
1571381265.7329998,769,356,None,Move,browsing
1571381265.7410002,769,356,None,Move,browsing
1571381265.8520002,769,357,None,Move,browsing
1571381265.859,769,363,None,Move,browsing
1571381265.867,769,370,None,Move,browsing
1571381265.873,770,377,None,Move,browsing
1571381265.881,771,383,None,Move,browsing
1571381265.889,771,391,None,Move,browsing
1571381265.897,774,401,None,Move,browsing
1571381265.905,775,408,None,Move,browsing
1571381265.913,777,415,None,Move,browsing
1571381265.9220002,779,422,None,Move,browsing
1571381265.929,781,429,None,Move,browsing
1571381265.938,782,435,None,Move,browsing
1571381265.945,784,441,None,Move,browsing
1571381265.952,785,446,None,Move,browsing
1571381265.958,786,450,None,Move,browsing
1571381265.967,788,455,None,Move,browsing
1571381265.975,790,459,None,Move,browsing
1571381265.9829998,791,462,None,Move,browsing
1571381265.9910002,792,463,None,Move,browsing
1571381265.9989998,793,465,None,Move,browsing
1571381266.0070002,793,466,None,Move,browsing
1571381266.028,793,468,None,Move,browsing
1571381266.034,794,469,None,Move,browsing
1571381266.041,794,470,None,Move,browsing
1571381266.049,794,471,None,Move,browsing
1571381266.839,794,471,None,Move,browsing
1571381266.851,794,470,None,Move,browsing
1571381266.859,792,465,None,Move,browsing
1571381266.867,788,459,None,Move,browsing
1571381266.875,787,457,None,Move,browsing
1571381266.8839998,785,450,None,Move,browsing
1571381266.891,782,442,None,Move,browsing
1571381266.9,780,432,None,Move,browsing
1571381266.906,776,420,None,Move,browsing
1571381266.914,773,410,None,Move,browsing
1571381266.9220002,769,396,None,Move,browsing
1571381266.93,767,384,None,Move,browsing
1571381266.938,763,371,None,Move,browsing
1571381266.945,759,359,None,Move,browsing
1571381266.9529998,755,348,None,Move,browsing
1571381266.962,751,339,None,Move,browsing
1571381266.97,749,331,None,Move,browsing
1571381266.978,747,325,None,Move,browsing
1571381266.986,744,319,None,Move,browsing
1571381266.9910002,742,313,None,Move,browsing
1571381267.0,740,309,None,Move,browsing
1571381267.006,738,305,None,Move,browsing
1571381267.015,737,303,None,Move,browsing
1571381267.024,736,299,None,Move,browsing
1571381267.032,734,296,None,Move,browsing
1571381267.039,733,295,None,Move,browsing
1571381267.0470002,732,293,None,Move,browsing
1571381267.056,731,291,None,Move,browsing
1571381267.061,731,290,None,Move,browsing
1571381267.072,730,288,None,Move,browsing
1571381267.0779998,729,286,None,Move,browsing
1571381267.085,728,285,None,Move,browsing
1571381267.093,727,283,None,Move,browsing
1571381267.101,726,281,None,Move,browsing
1571381267.11,726,281,None,Move,browsing
1571381267.117,726,279,None,Move,browsing
1571381267.1260002,725,278,None,Move,browsing
1571381267.1339998,724,277,None,Move,browsing
1571381267.141,723,275,None,Move,browsing
1571381267.1479998,723,274,None,Move,browsing
1571381267.156,721,272,None,Move,browsing
1571381267.164,721,271,None,Move,browsing
1571381267.171,719,270,None,Move,browsing
1571381267.19,717,268,None,Move,browsing
1571381267.195,715,266,None,Move,browsing
1571381267.204,714,264,None,Move,browsing
1571381267.211,712,262,None,Move,browsing
1571381267.217,710,261,None,Move,browsing
1571381267.225,709,259,None,Move,browsing
1571381267.234,707,257,None,Move,browsing
1571381267.2410002,705,256,None,Move,browsing
1571381267.25,704,254,None,Move,browsing
1571381267.258,701,253,None,Move,browsing
1571381267.265,699,252,None,Move,browsing
1571381267.2729998,697,252,None,Move,browsing
1571381267.282,694,252,None,Move,browsing
1571381267.289,688,252,None,Move,browsing
1571381267.2970002,684,252,None,Move,browsing
1571381267.303,681,253,None,Move,browsing
1571381267.311,677,254,None,Move,browsing
1571381267.319,673,255,None,Move,browsing
1571381267.327,671,256,None,Move,browsing
1571381267.335,669,256,None,Move,browsing
1571381267.343,668,256,None,Move,browsing
1571381267.351,666,256,None,Move,browsing
1571381267.359,664,256,None,Move,browsing
1571381267.3679998,663,256,None,Move,browsing
1571381267.375,661,256,None,Move,browsing
1571381267.3820002,661,256,None,Move,browsing
1571381267.39,659,256,None,Move,browsing
1571381267.397,659,256,None,Move,browsing
1571381267.405,657,256,None,Move,browsing
1571381267.414,656,256,None,Move,browsing
1571381267.421,655,255,None,Move,browsing
1571381267.43,654,254,None,Move,browsing
1571381267.438,654,254,None,Move,browsing
1571381267.455,653,253,None,Move,browsing
1571381267.471,652,253,None,Move,browsing
1571381267.479,652,253,None,Move,browsing
1571381267.495,652,253,Left,Pressed,browsing
1571381267.495,652,253,None,Drag,browsing
1571381267.5029998,651,253,None,Drag,browsing
1571381267.5029998,651,253,Left,Released,browsing
1571381267.7470002,651,253,None,Move,browsing
1571381267.755,651,257,None,Move,browsing
1571381267.7629998,651,262,None,Move,browsing
1571381267.771,651,264,None,Move,browsing
1571381267.779,651,267,None,Move,browsing
1571381267.7870002,652,270,None,Move,browsing
1571381267.793,653,273,None,Move,browsing
1571381267.801,653,276,None,Move,browsing
1571381267.809,655,277,None,Move,browsing
1571381267.8170002,657,281,None,Move,browsing
1571381267.825,659,284,None,Move,browsing
1571381267.833,661,288,None,Move,browsing
1571381267.841,663,290,None,Move,browsing
1571381267.849,665,297,None,Move,browsing
1571381267.857,667,304,None,Move,browsing
1571381267.863,671,312,None,Move,browsing
1571381267.871,673,322,None,Move,browsing
1571381267.879,677,334,None,Move,browsing
1571381267.887,679,344,None,Move,browsing
1571381267.897,682,355,None,Move,browsing
1571381267.903,684,365,None,Move,browsing
1571381267.911,687,375,None,Move,browsing
1571381267.919,688,385,None,Move,browsing
1571381267.927,689,392,None,Move,browsing
1571381267.9329998,689,398,None,Move,browsing
1571381267.941,690,403,None,Move,browsing
1571381267.949,690,408,None,Move,browsing
1571381267.957,690,413,None,Move,browsing
1571381267.965,690,420,None,Move,browsing
1571381267.972,690,426,None,Move,browsing
1571381267.981,690,431,None,Move,browsing
1571381267.9889998,690,438,None,Move,browsing
1571381267.9970002,690,441,None,Move,browsing
1571381268.0029998,690,447,None,Move,browsing
1571381268.0110002,690,453,None,Move,browsing
1571381268.019,689,458,None,Move,browsing
1571381268.0270002,688,465,None,Move,browsing
1571381268.035,686,471,None,Move,browsing
1571381268.043,685,478,None,Move,browsing
1571381268.051,683,484,None,Move,browsing
1571381268.059,681,486,None,Move,browsing
1571381268.0670002,680,488,None,Move,browsing
1571381268.073,679,490,None,Move,browsing
1571381268.081,678,491,None,Move,browsing
1571381268.089,678,493,None,Move,browsing
1571381268.097,677,494,None,Move,browsing
1571381268.105,677,495,None,Move,browsing
1571381268.113,677,496,None,Move,browsing
1571381268.137,677,496,None,Move,browsing
1571381268.266,677,496,None,Move,browsing
1571381268.274,677,492,None,Move,browsing
1571381268.281,677,488,None,Move,browsing
1571381268.2870002,677,486,None,Move,browsing
1571381268.295,678,479,None,Move,browsing
1571381268.303,679,473,None,Move,browsing
1571381268.311,680,468,None,Move,browsing
1571381268.319,681,462,None,Move,browsing
1571381268.327,681,460,None,Move,browsing
1571381268.335,681,457,None,Move,browsing
1571381268.343,681,455,None,Move,browsing
1571381268.351,681,453,None,Move,browsing
1571381268.357,681,452,None,Move,browsing
1571381268.365,681,450,None,Move,browsing
1571381268.373,681,449,None,Move,browsing
1571381268.385,681,448,None,Move,browsing
1571381268.417,681,448,Left,Pressed,browsing
1571381268.541,681,448,Left,Released,browsing
1571381268.8170002,681,447,None,Move,browsing
1571381268.825,681,442,None,Move,browsing
1571381268.833,681,435,None,Move,browsing
1571381268.841,681,429,None,Move,browsing
1571381268.8479998,681,421,None,Move,browsing
1571381268.855,680,414,None,Move,browsing
1571381268.875,680,407,None,Move,browsing
1571381268.88,680,394,None,Move,browsing
1571381268.887,680,386,None,Move,browsing
1571381268.895,680,378,None,Move,browsing
1571381268.903,678,368,None,Move,browsing
1571381268.911,677,362,None,Move,browsing
1571381268.918,676,355,None,Move,browsing
1571381268.925,674,348,None,Move,browsing
1571381268.934,672,341,None,Move,browsing
1571381268.9420002,670,334,None,Move,browsing
1571381268.949,668,329,None,Move,browsing
1571381268.957,666,323,None,Move,browsing
1571381268.965,664,318,None,Move,browsing
1571381268.9729998,662,315,None,Move,browsing
1571381268.982,660,313,None,Move,browsing
1571381268.9870002,659,311,None,Move,browsing
1571381268.996,658,309,None,Move,browsing
1571381269.0029998,657,306,None,Move,browsing
1571381269.0110002,655,304,None,Move,browsing
1571381269.02,654,301,None,Move,browsing
1571381269.028,654,298,None,Move,browsing
1571381269.044,653,292,None,Move,browsing
1571381269.052,653,290,None,Move,browsing
1571381269.0570002,653,287,None,Move,browsing
1571381269.066,652,285,None,Move,browsing
1571381269.073,651,282,None,Move,browsing
1571381269.082,650,280,None,Move,browsing
1571381269.09,649,279,None,Move,browsing
1571381269.0979998,649,277,None,Move,browsing
1571381269.106,649,276,None,Move,browsing
1571381269.1139998,648,274,None,Move,browsing
1571381269.121,648,273,None,Move,browsing
1571381269.127,648,272,None,Move,browsing
1571381269.135,648,271,None,Move,browsing
1571381269.143,648,271,None,Move,browsing
1571381269.151,648,270,None,Move,browsing
1571381269.159,648,268,None,Move,browsing
1571381269.167,648,268,None,Move,browsing
1571381269.175,648,266,None,Move,browsing
1571381269.1820002,650,265,None,Move,browsing
1571381269.191,652,263,None,Move,browsing
1571381269.197,653,261,None,Move,browsing
1571381269.205,655,259,None,Move,browsing
1571381269.212,657,259,None,Move,browsing
1571381269.22,657,258,None,Move,browsing
1571381269.236,658,257,None,Move,browsing
1571381269.245,658,257,None,Move,browsing
1571381269.283,658,256,None,Move,browsing
1571381269.295,658,254,None,Move,browsing
1571381269.303,658,252,None,Move,browsing
1571381269.311,658,250,None,Move,browsing
1571381269.319,657,249,None,Move,browsing
1571381269.327,656,247,None,Move,browsing
1571381269.333,656,246,None,Move,browsing
1571381269.341,654,245,None,Move,browsing
1571381269.349,654,244,None,Move,browsing
1571381269.37,653,244,None,Move,browsing
1571381269.416,653,243,Left,Pressed,browsing
1571381269.416,653,243,None,Drag,browsing
1571381269.416,653,243,Left,Released,browsing
1571381269.595,653,243,None,Move,browsing
1571381269.607,653,245,None,Move,browsing
1571381269.613,653,248,None,Move,browsing
1571381269.621,653,252,None,Move,browsing
1571381269.629,655,258,None,Move,browsing
1571381269.637,655,263,None,Move,browsing
1571381269.645,657,270,None,Move,browsing
1571381269.653,660,278,None,Move,browsing
1571381269.661,662,290,None,Move,browsing
1571381269.669,665,300,None,Move,browsing
1571381269.677,668,310,None,Move,browsing
1571381269.6829998,672,322,None,Move,browsing
1571381269.691,678,333,None,Move,browsing
1571381269.699,684,344,None,Move,browsing
1571381269.707,690,354,None,Move,browsing
1571381269.715,694,364,None,Move,browsing
1571381269.7229998,699,374,None,Move,browsing
1571381269.731,702,384,None,Move,browsing
1571381269.7389998,704,393,None,Move,browsing
1571381269.7470002,707,401,None,Move,browsing
1571381269.755,708,408,None,Move,browsing
1571381269.7610002,709,413,None,Move,browsing
1571381269.769,709,418,None,Move,browsing
1571381269.7770002,709,423,None,Move,browsing
1571381269.785,710,428,None,Move,browsing
1571381269.793,710,432,None,Move,browsing
1571381269.801,710,434,None,Move,browsing
1571381269.809,710,437,None,Move,browsing
1571381269.8170002,710,438,None,Move,browsing
1571381269.825,710,440,None,Move,browsing
1571381269.831,710,441,None,Move,browsing
1571381269.839,710,442,None,Move,browsing
1571381269.847,710,443,None,Move,browsing
1571381269.863,710,443,None,Move,browsing
1571381270.0110002,710,445,None,Move,browsing
1571381270.0270002,710,446,None,Move,browsing
1571381270.036,710,446,None,Move,browsing
1571381270.042,710,446,Left,Pressed,browsing
1571381270.131,710,446,Left,Released,browsing
1571381270.291,710,445,None,Move,browsing
1571381270.299,710,439,None,Move,browsing
1571381270.3070002,710,431,None,Move,browsing
1571381270.315,710,421,None,Move,browsing
1571381270.321,710,411,None,Move,browsing
1571381270.329,707,401,None,Move,browsing
1571381270.337,705,390,None,Move,browsing
1571381270.345,701,378,None,Move,browsing
1571381270.353,697,368,None,Move,browsing
1571381270.361,692,358,None,Move,browsing
1571381270.369,687,348,None,Move,browsing
1571381270.3860002,679,332,None,Move,browsing
1571381270.3920002,676,324,None,Move,browsing
1571381270.399,674,318,None,Move,browsing
1571381270.407,671,313,None,Move,browsing
1571381270.416,670,310,None,Move,browsing
1571381270.423,668,307,None,Move,browsing
1571381270.4320002,666,306,None,Move,browsing
1571381270.44,665,304,None,Move,browsing
1571381270.447,664,302,None,Move,browsing
1571381270.455,663,301,None,Move,browsing
1571381270.461,662,299,None,Move,browsing
1571381270.478,660,296,None,Move,browsing
1571381270.485,659,294,None,Move,browsing
1571381270.4929998,659,293,None,Move,browsing
1571381270.5010002,658,292,None,Move,browsing
1571381270.5089998,657,290,None,Move,browsing
1571381270.5170002,656,289,None,Move,browsing
1571381270.525,656,287,None,Move,browsing
1571381270.531,655,285,None,Move,browsing
1571381270.539,654,284,None,Move,browsing
1571381270.5470002,653,281,None,Move,browsing
1571381270.555,651,278,None,Move,browsing
1571381270.563,650,274,None,Move,browsing
1571381270.571,648,271,None,Move,browsing
1571381270.58,646,266,None,Move,browsing
1571381270.587,644,260,None,Move,browsing
1571381270.596,642,255,None,Move,browsing
1571381270.6,640,251,None,Move,browsing
1571381270.6079998,638,248,None,Move,browsing
1571381270.617,637,247,None,Move,browsing
1571381270.625,636,245,None,Move,browsing
1571381270.6339998,635,243,None,Move,browsing
1571381270.6420002,634,242,None,Move,browsing
1571381270.649,633,241,None,Move,browsing
1571381270.657,633,240,None,Move,browsing
1571381270.667,633,240,None,Move,browsing
1571381270.679,633,239,None,Move,browsing
1571381270.7229998,633,239,Left,Pressed,browsing
1571381270.827,633,239,Left,Released,browsing
1571381270.9989998,633,239,None,Move,browsing
1571381271.015,633,240,None,Move,browsing
1571381271.021,635,246,None,Move,browsing
1571381271.029,638,255,None,Move,browsing
1571381271.0370002,640,263,None,Move,browsing
1571381271.045,643,272,None,Move,browsing
1571381271.053,645,279,None,Move,browsing
1571381271.061,647,286,None,Move,browsing
1571381271.069,649,292,None,Move,browsing
1571381271.077,652,301,None,Move,browsing
1571381271.085,654,308,None,Move,browsing
1571381271.091,657,315,None,Move,browsing
1571381271.099,659,322,None,Move,browsing
1571381271.107,661,327,None,Move,browsing
1571381271.115,663,334,None,Move,browsing
1571381271.123,666,341,None,Move,browsing
1571381271.131,668,348,None,Move,browsing
1571381271.139,670,355,None,Move,browsing
1571381271.147,673,363,None,Move,browsing
1571381271.156,675,369,None,Move,browsing
1571381271.161,677,375,None,Move,browsing
1571381271.169,679,382,None,Move,browsing
1571381271.177,682,389,None,Move,browsing
1571381271.186,684,392,None,Move,browsing
1571381271.1920002,684,395,None,Move,browsing
1571381271.201,684,397,None,Move,browsing
1571381271.208,684,399,None,Move,browsing
1571381271.216,685,400,None,Move,browsing
1571381271.224,685,402,None,Move,browsing
1571381271.23,685,403,None,Move,browsing
1571381271.238,685,403,None,Move,browsing
1571381271.2470002,686,405,None,Move,browsing
1571381271.255,686,405,None,Move,browsing
1571381271.2629998,686,406,None,Move,browsing
1571381271.271,686,408,None,Move,browsing
1571381271.279,687,409,None,Move,browsing
1571381271.2870002,687,411,None,Move,browsing
1571381271.295,687,412,None,Move,browsing
1571381271.301,687,414,None,Move,browsing
1571381271.309,687,416,None,Move,browsing
1571381271.3179998,687,420,None,Move,browsing
1571381271.325,687,424,None,Move,browsing
1571381271.333,686,427,None,Move,browsing
1571381271.341,686,431,None,Move,browsing
1571381271.349,685,435,None,Move,browsing
1571381271.357,684,438,None,Move,browsing
1571381271.365,684,440,None,Move,browsing
1571381271.371,684,441,None,Move,browsing
1571381271.379,683,443,None,Move,browsing
1571381271.387,683,445,None,Move,browsing
1571381271.395,683,446,None,Move,browsing
1571381271.403,683,448,None,Move,browsing
1571381271.411,683,448,None,Move,browsing
1571381271.419,683,449,None,Move,browsing
1571381271.431,683,450,None,Move,browsing
1571381271.441,683,450,None,Move,browsing
1571381271.449,683,451,None,Move,browsing
1571381271.465,683,452,None,Move,browsing
1571381271.481,683,452,Left,Pressed,browsing
1571381271.481,683,452,None,Drag,browsing
1571381271.481,683,452,Left,Released,browsing
1571381271.605,683,452,None,Move,browsing
1571381271.613,683,450,None,Move,browsing
1571381271.621,683,445,None,Move,browsing
1571381271.629,683,438,None,Move,browsing
1571381271.637,684,432,None,Move,browsing
1571381271.645,685,425,None,Move,browsing
1571381271.651,686,418,None,Move,browsing
1571381271.659,686,412,None,Move,browsing
1571381271.667,687,405,None,Move,browsing
1571381271.675,687,395,None,Move,browsing
1571381271.6820002,687,389,None,Move,browsing
1571381271.691,687,381,None,Move,browsing
1571381271.698,686,371,None,Move,browsing
1571381271.706,684,362,None,Move,browsing
1571381271.715,681,356,None,Move,browsing
1571381271.7229998,679,349,None,Move,browsing
1571381271.73,677,342,None,Move,browsing
1571381271.7370002,674,335,None,Move,browsing
1571381271.745,673,328,None,Move,browsing
1571381271.7529998,671,321,None,Move,browsing
1571381271.7610002,670,314,None,Move,browsing
1571381271.769,668,307,None,Move,browsing
1571381271.7770002,666,301,None,Move,browsing
1571381271.785,664,294,None,Move,browsing
1571381271.791,662,288,None,Move,browsing
1571381271.799,661,285,None,Move,browsing
1571381271.8170002,659,276,None,Move,browsing
1571381271.823,658,273,None,Move,browsing
1571381271.831,658,271,None,Move,browsing
1571381271.839,657,269,None,Move,browsing
1571381271.847,657,267,None,Move,browsing
1571381271.855,657,266,None,Move,browsing
1571381271.861,656,264,None,Move,browsing
1571381271.869,655,262,None,Move,browsing
1571381271.877,654,260,None,Move,browsing
1571381271.885,653,258,None,Move,browsing
1571381271.893,652,257,None,Move,browsing
1571381271.901,652,255,None,Move,browsing
1571381271.909,651,253,None,Move,browsing
1571381271.917,651,252,None,Move,browsing
1571381271.925,650,250,None,Move,browsing
1571381271.931,649,248,None,Move,browsing
1571381271.939,648,247,None,Move,browsing
1571381271.947,648,245,None,Move,browsing
1571381271.955,647,244,None,Move,browsing
1571381271.9629998,647,242,None,Move,browsing
1571381271.972,647,241,None,Move,browsing
1571381271.979,647,240,None,Move,browsing
1571381271.9870002,646,239,None,Move,browsing
1571381271.9970002,646,239,None,Move,browsing
1571381272.0570002,646,239,Left,Pressed,browsing
1571381272.141,646,239,Left,Released,browsing
1571381272.379,646,239,None,Move,browsing
1571381272.387,646,240,None,Move,browsing
1571381272.395,647,241,None,Move,browsing
1571381272.403,647,243,None,Move,browsing
1571381272.411,648,246,None,Move,browsing
1571381272.419,650,249,None,Move,browsing
1571381272.425,652,255,None,Move,browsing
1571381272.4329998,654,260,None,Move,browsing
1571381272.441,657,266,None,Move,browsing
1571381272.449,659,271,None,Move,browsing
1571381272.457,661,278,None,Move,browsing
1571381272.465,664,287,None,Move,browsing
1571381272.4729998,666,293,None,Move,browsing
1571381272.481,668,302,None,Move,browsing
1571381272.4889998,671,310,None,Move,browsing
1571381272.495,673,320,None,Move,browsing
1571381272.5029998,677,330,None,Move,browsing
1571381272.5110002,682,345,None,Move,browsing
1571381272.519,689,358,None,Move,browsing
1571381272.5270002,694,375,None,Move,browsing
1571381272.535,697,390,None,Move,browsing
1571381272.543,700,404,None,Move,browsing
1571381272.551,702,414,None,Move,browsing
1571381272.5570002,705,424,None,Move,browsing
1571381272.565,706,432,None,Move,browsing
1571381272.573,708,444,None,Move,browsing
1571381272.581,711,454,None,Move,browsing
1571381272.589,713,464,None,Move,browsing
1571381272.597,715,473,None,Move,browsing
1571381272.607,716,480,None,Move,browsing
1571381272.613,716,487,None,Move,browsing
1571381272.621,716,493,None,Move,browsing
1571381272.629,716,498,None,Move,browsing
1571381272.635,716,501,None,Move,browsing
1571381272.643,716,503,None,Move,browsing
1571381272.651,716,506,None,Move,browsing
1571381272.659,716,507,None,Move,browsing
1571381272.667,716,509,None,Move,browsing
1571381272.675,716,510,None,Move,browsing
1571381272.6829998,716,511,None,Move,browsing
1571381272.699,716,512,None,Move,browsing
1571381272.709,716,512,None,Move,browsing
1571381272.717,716,513,None,Move,browsing
1571381272.725,716,514,None,Move,browsing
1571381272.7329998,716,515,None,Move,browsing
1571381272.7410002,716,517,None,Move,browsing
1571381272.7489998,716,518,None,Move,browsing
1571381272.7570002,716,520,None,Move,browsing
1571381272.765,716,521,None,Move,browsing
1571381272.771,716,523,None,Move,browsing
1571381272.779,715,525,None,Move,browsing
1571381272.7870002,715,528,None,Move,browsing
1571381272.795,714,532,None,Move,browsing
1571381272.803,714,536,None,Move,browsing
1571381272.811,713,540,None,Move,browsing
1571381272.819,713,545,None,Move,browsing
1571381272.827,713,552,None,Move,browsing
1571381272.835,713,557,None,Move,browsing
1571381272.841,712,564,None,Move,browsing
1571381272.849,712,570,None,Move,browsing
1571381272.857,710,577,None,Move,browsing
1571381272.865,710,581,None,Move,browsing
1571381272.873,708,587,None,Move,browsing
1571381272.881,708,593,None,Move,browsing
1571381272.889,707,600,None,Move,browsing
1571381272.897,706,605,None,Move,browsing
1571381272.905,704,611,None,Move,browsing
1571381272.915,704,613,None,Move,browsing
1571381272.92,703,618,None,Move,browsing
1571381272.927,702,621,None,Move,browsing
1571381272.935,702,623,None,Move,browsing
1571381272.9429998,701,625,None,Move,browsing
1571381272.951,701,627,None,Move,browsing
1571381272.959,700,628,None,Move,browsing
1571381272.967,700,630,None,Move,browsing
1571381272.975,700,631,None,Move,browsing
1571381272.981,699,633,None,Move,browsing
1571381272.9889998,699,634,None,Move,browsing
1571381272.9970002,698,636,None,Move,browsing
1571381273.005,698,638,None,Move,browsing
1571381273.0129998,698,639,None,Move,browsing
1571381273.021,698,641,None,Move,browsing
1571381273.029,698,641,None,Move,browsing
1571381273.0370002,697,642,None,Move,browsing
1571381273.055,697,643,None,Move,browsing
1571381273.8,697,643,Left,Pressed,browsing
1571381273.919,697,643,Left,Released,browsing
1571381277.014,697,643,None,Move,browsing
1571381277.022,704,643,None,Move,browsing
1571381277.03,717,646,None,Move,browsing
1571381277.05,737,653,None,Move,browsing
1571381277.055,806,675,None,Move,browsing
1571381277.062,847,681,None,Move,browsing
1571381277.0670002,893,685,None,Move,browsing
1571381277.076,939,684,None,Move,browsing
1571381277.083,988,684,None,Move,browsing
1571381277.092,1031,684,None,Move,browsing
1571381277.099,1077,680,None,Move,browsing
1571381277.1079998,1123,680,None,Move,browsing
1571381277.1160002,1170,685,None,Move,browsing
1571381277.1239998,1211,692,None,Move,browsing
1571381277.129,1242,695,None,Move,browsing
1571381277.137,1269,697,None,Move,browsing
1571381277.146,1285,698,None,Move,browsing
1571381277.154,1301,701,None,Move,browsing
1571381277.1620002,1313,703,None,Move,browsing
1571381277.1829998,1321,706,None,Move,browsing
1571381277.188,1329,708,None,Move,browsing
1571381277.1929998,1330,709,None,Move,browsing
1571381277.344,1331,709,None,Move,browsing
1571381277.3720002,1331,709,None,Move,browsing
1571381277.383,1331,707,None,Move,browsing
1571381277.3920002,1331,706,None,Move,browsing
1571381277.4,1331,704,None,Move,browsing
1571381277.408,1331,704,None,Move,browsing
1571381277.414,1331,702,None,Move,browsing
1571381277.4220002,1330,701,None,Move,browsing
1571381277.43,1329,701,None,Move,browsing
1571381277.438,1329,699,None,Move,browsing
1571381277.446,1328,698,None,Move,browsing
1571381277.4529998,1327,697,None,Move,browsing
1571381277.462,1327,696,None,Move,browsing
1571381277.469,1326,696,None,Move,browsing
1571381277.478,1326,695,None,Move,browsing
1571381277.4829998,1326,694,None,Move,browsing
1571381277.492,1326,694,None,Move,browsing
1571381277.5,1325,693,None,Move,browsing
1571381277.508,1325,692,None,Move,browsing
1571381277.516,1324,692,None,Move,browsing
1571381277.524,1324,691,None,Move,browsing
1571381277.532,1324,691,None,Move,browsing
1571381277.539,1324,690,None,Move,browsing
1571381277.555,1324,689,None,Move,browsing
1571381277.566,1323,689,None,Move,browsing
1571381277.577,1323,689,None,Move,browsing
1571381277.597,1323,688,None,Move,browsing
1571381277.606,1322,688,None,Move,browsing
1571381277.696,1322,687,None,Move,browsing
1571381277.706,1322,687,None,Move,browsing
1571381277.742,1322,686,None,Move,browsing
1571381277.775,1322,686,None,Move,browsing
1571381277.832,1322,685,None,Move,browsing
1571381277.8660002,1321,684,None,Move,browsing
1571381277.8739998,1321,683,None,Move,browsing
1571381277.881,1320,682,None,Move,browsing
1571381277.89,1320,682,None,Move,browsing
1571381277.897,1319,682,None,Move,browsing
1571381277.905,1319,681,None,Move,browsing
1571381277.919,1319,680,None,Move,browsing
1571381277.9970002,1319,680,Left,Pressed,browsing
1571381278.123,1319,680,Left,Released,browsing
1571381278.3479998,1319,680,None,Move,browsing
1571381278.359,1318,680,None,Move,browsing
1571381278.367,1317,680,None,Move,browsing
1571381278.375,1317,680,None,Move,browsing
1571381278.383,1315,680,None,Move,browsing
1571381278.437,1315,680,None,Move,browsing
1571381278.465,1314,680,None,Move,browsing
1571381278.4729998,1312,679,None,Move,browsing
1571381278.482,1311,679,None,Move,browsing
1571381278.4870002,1309,678,None,Move,browsing
1571381278.495,1308,678,None,Move,browsing
1571381278.5029998,1308,677,None,Move,browsing
1571381278.512,1306,674,None,Move,browsing
1571381278.519,1303,666,None,Move,browsing
1571381278.5270002,1295,654,None,Move,browsing
1571381278.535,1279,636,None,Move,browsing
1571381278.543,1256,608,None,Move,browsing
1571381278.551,1238,576,None,Move,browsing
1571381278.5570002,1214,538,None,Move,browsing
1571381278.565,1189,487,None,Move,browsing
1571381278.573,1166,437,None,Move,browsing
1571381278.581,1138,389,None,Move,browsing
1571381278.589,1101,325,None,Move,browsing
1571381278.597,1061,254,None,Move,browsing
1571381278.605,1021,184,None,Move,browsing
1571381278.613,983,113,None,Move,browsing
1571381278.621,954,50,None,Move,browsing
1571381278.627,927,2,None,Move,browsing
1571381278.635,903,-37,None,Move,browsing
1571381278.643,891,-58,None,Move,browsing
1571381278.651,883,-74,None,Move,browsing
1571381278.659,878,-86,None,Move,browsing
1571381278.667,874,-95,None,Move,browsing
1571381278.676,873,-102,None,Move,browsing
1571381278.684,871,-106,None,Move,browsing
1571381278.6920002,870,-110,None,Move,browsing
1571381278.697,870,-113,None,Move,browsing
1571381278.705,870,-115,None,Move,browsing
1571381278.718,870,-117,None,Move,browsing
1571381278.726,870,-118,None,Move,browsing
1571381278.865,870,-118,Left,Pressed,browsing
1571381278.9629998,870,-118,Left,Released,file system
1571381279.1339998,870,-117,None,Move,file system
1571381279.1420002,869,-113,None,Move,file system
1571381279.149,867,-107,None,Move,file system
1571381279.157,866,-102,None,Move,file system
1571381279.165,864,-96,None,Move,file system
1571381279.173,862,-89,None,Move,file system
1571381279.1820002,861,-83,None,Move,file system
1571381279.187,861,-75,None,Move,file system
1571381279.196,861,-69,None,Move,file system
1571381279.2029998,861,-61,None,Move,file system
1571381279.212,864,-52,None,Move,file system
1571381279.219,870,-41,None,Move,file system
1571381279.2270002,877,-25,None,Move,file system
1571381279.236,886,-10,None,Move,file system
1571381279.244,899,5,None,Move,file system
1571381279.252,921,26,None,Move,file system
1571381279.256,954,49,None,Move,file system
1571381279.266,991,68,None,Move,file system
1571381279.2729998,1042,93,None,Move,file system
1571381279.282,1093,121,None,Move,file system
1571381279.303,1151,152,None,Move,file system
1571381279.311,1254,198,None,Move,file system
1571381279.3170002,1307,216,None,Move,file system
1571381279.323,1365,230,None,Move,file system
1571381279.3279998,1425,257,None,Move,file system
1571381279.335,1485,285,None,Move,file system
1571381279.343,1535,308,None,Move,file system
1571381279.353,1569,322,None,Move,file system
1571381279.359,1593,331,None,Move,file system
1571381279.367,1604,335,None,Move,file system
1571381279.3760002,1611,337,None,Move,file system
1571381279.3839998,1616,339,None,Move,file system
1571381279.3920002,1619,341,None,Move,file system
1571381279.4,1621,344,None,Move,file system
1571381279.405,1625,349,None,Move,file system
1571381279.414,1631,355,None,Move,file system
1571381279.421,1637,362,None,Move,file system
1571381279.43,1645,370,None,Move,file system
1571381279.438,1651,377,None,Move,file system
1571381279.446,1655,381,None,Move,file system
1571381279.4529998,1658,383,None,Move,file system
1571381279.462,1660,385,None,Move,file system
1571381279.47,1662,386,None,Move,file system
1571381279.476,1663,386,None,Move,file system
1571381279.5229998,1663,385,None,Move,file system
1571381279.531,1650,370,None,Move,file system
1571381279.54,1628,349,None,Move,file system
1571381279.548,1594,321,None,Move,file system
1571381279.554,1557,286,None,Move,file system
1571381279.561,1521,246,None,Move,file system
1571381279.569,1474,203,None,Move,file system
1571381279.577,1422,165,None,Move,file system
1571381279.585,1369,127,None,Move,file system
1571381279.593,1321,100,None,Move,file system
1571381279.62,1277,75,None,Move,file system
1571381279.6260002,1180,47,None,Move,file system
1571381279.631,1163,45,None,Move,file system
1571381279.653,1136,43,None,Move,file system
1571381279.659,1128,43,None,Move,file system
1571381279.664,1122,43,None,Move,file system
1571381279.671,1118,43,None,Move,file system
1571381279.677,1117,43,None,Move,file system
1571381279.686,1117,43,None,Move,file system
1571381279.698,1116,43,None,Move,file system
1571381279.726,1115,44,None,Move,file system
1571381279.734,1114,44,None,Move,file system
1571381279.7410002,1112,44,None,Move,file system
1571381279.7470002,1111,44,None,Move,file system
1571381279.755,1108,44,None,Move,file system
1571381279.764,1107,44,None,Move,file system
1571381279.772,1105,44,None,Move,file system
1571381279.778,1104,44,None,Move,file system
1571381279.7870002,1103,44,None,Move,file system
1571381279.837,1102,44,None,Move,file system
1571381279.849,1101,44,None,Move,file system
1571381279.857,1099,45,None,Move,file system
1571381279.865,1096,47,None,Move,file system
1571381279.873,1094,49,None,Move,file system
1571381279.881,1092,51,None,Move,file system
1571381279.887,1087,53,None,Move,file system
1571381279.895,1081,55,None,Move,file system
1571381279.903,1074,57,None,Move,file system
1571381279.911,1068,59,None,Move,file system
1571381279.919,1061,61,None,Move,file system
1571381279.927,1054,62,None,Move,file system
1571381279.935,1048,62,None,Move,file system
1571381279.9429998,1041,62,None,Move,file system
1571381279.951,1036,62,None,Move,file system
1571381279.957,1033,62,None,Move,file system
1571381279.965,1030,62,None,Move,file system
1571381279.9729998,1028,62,None,Move,file system
1571381279.981,1027,61,None,Move,file system
1571381279.9889998,1025,60,None,Move,file system
1571381279.9970002,1023,59,None,Move,file system
1571381280.019,1022,59,None,Move,file system
1571381280.0270002,1018,57,None,Move,file system
1571381280.033,1017,55,None,Move,file system
1571381280.042,1015,53,None,Move,file system
1571381280.051,1014,53,None,Move,file system
1571381280.063,1013,51,None,Move,file system
1571381280.072,1012,51,None,Move,file system
1571381280.081,1012,51,None,Move,file system
1571381280.1479998,1011,51,None,Move,file system
1571381280.16,1010,51,None,Move,file system
1571381280.199,1010,51,None,Move,file system
1571381280.2229998,1010,51,None,Move,file system
1571381280.231,1010,52,None,Move,file system
1571381280.2370002,1011,53,None,Move,file system
1571381280.245,1011,54,None,Move,file system
1571381280.255,1013,56,None,Move,file system
1571381280.266,1015,57,None,Move,file system
1571381280.276,1017,59,None,Move,file system
1571381280.284,1021,62,None,Move,file system
1571381280.293,1034,66,None,Move,file system
1571381280.301,1039,68,None,Move,file system
1571381280.309,1043,68,None,Move,file system
1571381280.315,1045,68,None,Move,file system
1571381280.323,1048,68,None,Move,file system
1571381280.331,1051,68,None,Move,file system
1571381280.339,1054,68,None,Move,file system
1571381280.347,1057,66,None,Move,file system
1571381280.355,1059,64,None,Move,file system
1571381280.363,1061,62,None,Move,file system
1571381280.371,1063,61,None,Move,file system
1571381280.377,1064,59,None,Move,file system
1571381280.3979998,1066,58,None,Move,file system
1571381280.41,1067,57,None,Move,file system
1571381280.417,1067,57,None,Move,file system
1571381280.451,1068,58,None,Move,file system
1571381280.459,1072,67,None,Move,file system
1571381280.467,1079,84,None,Move,file system
1571381280.475,1083,106,None,Move,file system
1571381280.495,1086,125,None,Move,file system
1571381280.5010002,1074,167,None,Move,file system
1571381280.5070002,1061,187,None,Move,file system
1571381280.5129998,1047,204,None,Move,file system
1571381280.521,1030,223,None,Move,file system
1571381280.529,1008,244,None,Move,file system
1571381280.5370002,987,266,None,Move,file system
1571381280.545,965,286,None,Move,file system
1571381280.553,945,301,None,Move,file system
1571381280.561,925,314,None,Move,file system
1571381280.569,906,327,None,Move,file system
1571381280.577,886,340,None,Move,file system
1571381280.585,867,349,None,Move,file system
1571381280.592,854,359,None,Move,file system
1571381280.601,840,370,None,Move,file system
1571381280.607,830,379,None,Move,file system
1571381280.615,821,385,None,Move,file system
1571381280.799,821,384,None,Move,file system
1571381280.8070002,825,377,None,Move,file system
1571381280.813,831,373,None,Move,file system
1571381280.821,835,371,None,Move,file system
1571381280.829,839,369,None,Move,file system
1571381280.837,840,367,None,Move,file system
1571381280.845,841,365,None,Move,file system
1571381280.853,841,364,None,Move,file system
1571381280.861,841,363,None,Move,file system
1571381280.869,841,363,None,Move,file system
1571381280.8760002,841,363,None,Move,file system
1571381280.8860002,839,363,None,Move,file system
1571381280.891,839,363,None,Move,file system
1571381280.899,838,363,None,Move,file system
1571381280.907,838,364,None,Move,file system
1571381280.923,838,363,None,Move,file system
1571381280.931,838,362,None,Move,file system
1571381280.939,838,360,None,Move,file system
1571381280.948,838,360,None,Move,file system
1571381280.954,837,361,None,Move,file system
1571381280.961,836,363,None,Move,file system
1571381280.97,834,365,None,Move,file system
1571381280.9770002,833,366,None,Move,file system
1571381280.986,832,368,None,Move,file system
1571381280.9929998,831,370,None,Move,file system
1571381281.0010002,831,371,None,Move,file system
1571381281.01,830,373,None,Move,file system
1571381281.018,829,375,None,Move,file system
1571381281.0229998,829,376,None,Move,file system
1571381281.031,828,377,None,Move,file system
1571381281.04,828,377,None,Move,file system
1571381281.347,829,377,None,Move,file system
1571381281.355,835,376,None,Move,file system
1571381281.363,840,373,None,Move,file system
1571381281.371,847,371,None,Move,file system
1571381281.379,859,369,None,Move,file system
1571381281.385,877,366,None,Move,file system
1571381281.393,905,360,None,Move,file system
1571381281.401,941,353,None,Move,file system
1571381281.409,977,341,None,Move,file system
1571381281.417,1013,328,None,Move,file system
1571381281.438,1088,306,None,Move,file system
1571381281.4429998,1123,300,None,Move,file system
1571381281.447,1160,296,None,Move,file system
1571381281.455,1197,284,None,Move,file system
1571381281.464,1234,268,None,Move,file system
1571381281.471,1265,252,None,Move,file system
1571381281.479,1287,240,None,Move,file system
1571381281.4870002,1300,234,None,Move,file system
1571381281.495,1311,228,None,Move,file system
1571381281.5029998,1318,224,None,Move,file system
1571381281.5110002,1321,222,None,Move,file system
1571381281.518,1321,221,None,Move,file system
1571381281.526,1321,221,None,Move,file system
1571381281.538,1321,220,None,Move,file system
1571381281.546,1321,219,None,Move,file system
1571381281.554,1318,219,None,Move,file system
1571381281.562,1312,218,None,Move,file system
1571381281.569,1307,217,None,Move,file system
1571381281.5779998,1300,216,None,Move,file system
1571381281.584,1290,216,None,Move,file system
1571381281.591,1282,216,None,Move,file system
1571381281.599,1272,219,None,Move,file system
1571381281.607,1258,221,None,Move,file system
1571381281.6160002,1241,227,None,Move,file system
1571381281.623,1225,229,None,Move,file system
1571381281.631,1209,232,None,Move,file system
1571381281.639,1193,235,None,Move,file system
1571381281.647,1177,237,None,Move,file system
1571381281.654,1160,241,None,Move,file system
1571381281.6620002,1143,250,None,Move,file system
1571381281.67,1129,262,None,Move,file system
1571381281.678,1114,275,None,Move,file system
1571381281.686,1103,287,None,Move,file system
1571381281.694,1090,303,None,Move,file system
1571381281.702,1078,320,None,Move,file system
1571381281.71,1067,339,None,Move,file system
1571381281.718,1055,361,None,Move,file system
1571381281.722,1044,388,None,Move,file system
1571381281.731,1035,418,None,Move,file system
1571381281.7389998,1031,443,None,Move,file system
1571381281.7470002,1031,469,None,Move,file system
1571381281.755,1030,496,None,Move,file system
1571381281.7629998,1026,524,None,Move,file system
1571381281.771,1026,553,None,Move,file system
1571381281.78,1026,579,None,Move,file system
1571381281.7870002,1024,606,None,Move,file system
1571381281.793,1024,629,None,Move,file system
1571381281.801,1023,650,None,Move,file system
1571381281.809,1023,673,None,Move,file system
1571381281.8170002,1023,691,None,Move,file system
1571381281.825,1025,707,None,Move,file system
1571381281.833,1025,723,None,Move,file system
1571381281.841,1025,737,None,Move,file system
1571381281.849,1023,750,None,Move,file system
1571381281.857,1021,760,None,Move,file system
1571381281.863,1018,768,None,Move,file system
1571381281.871,1016,778,None,Move,file system
1571381281.879,1013,788,None,Move,file system
1571381281.887,1010,795,None,Move,file system
1571381281.896,1006,804,None,Move,file system
1571381281.903,1000,813,None,Move,file system
1571381281.911,996,820,None,Move,file system
1571381281.923,992,830,None,Move,file system
1571381281.9320002,990,835,None,Move,file system
1571381281.938,988,841,None,Move,file system
1571381281.945,986,848,None,Move,file system
1571381281.954,983,854,None,Move,file system
1571381281.962,981,858,None,Move,file system
1571381281.969,980,861,None,Move,file system
1571381281.9770002,978,864,None,Move,file system
1571381281.986,976,865,None,Move,file system
1571381281.9929998,974,867,None,Move,file system
1571381282.0010002,974,868,None,Move,file system
1571381282.0070002,972,869,None,Move,file system
1571381282.015,972,869,None,Move,file system
1571381282.0229998,971,869,None,Move,file system
1571381282.032,969,869,None,Move,file system
1571381282.039,968,869,None,Move,file system
1571381282.0470002,965,869,None,Move,file system
1571381282.056,963,868,None,Move,file system
1571381282.063,960,866,None,Move,file system
1571381282.072,955,864,None,Move,file system
1571381282.08,949,862,None,Move,file system
1571381282.085,943,860,None,Move,file system
1571381282.093,936,857,None,Move,file system
1571381282.1020002,929,855,None,Move,file system
1571381282.109,922,853,None,Move,file system
1571381282.117,912,850,None,Move,file system
1571381282.125,902,848,None,Move,file system
1571381282.133,892,848,None,Move,file system
1571381282.141,882,846,None,Move,file system
1571381282.149,873,846,None,Move,file system
1571381282.157,863,847,None,Move,file system
1571381282.165,857,847,None,Move,file system
1571381282.171,850,847,None,Move,file system
1571381282.179,846,848,None,Move,file system
1571381282.187,845,848,None,Move,file system
1571381282.195,843,848,None,Move,file system
1571381282.627,843,848,None,Move,file system
1571381282.643,843,847,None,Move,file system
1571381282.651,843,846,None,Move,file system
1571381282.659,843,844,None,Move,file system
1571381282.665,843,843,None,Move,file system
1571381282.673,843,841,None,Move,file system
1571381282.681,843,840,None,Move,file system
1571381282.689,843,839,None,Move,file system
1571381282.697,843,837,None,Move,file system
1571381282.706,843,835,None,Move,file system
1571381282.7129998,843,832,None,Move,file system
1571381282.721,843,829,None,Move,file system
1571381282.729,843,825,None,Move,file system
1571381282.736,843,819,None,Move,file system
1571381282.7429998,841,812,None,Move,file system
1571381282.7510002,838,805,None,Move,file system
1571381282.7589998,837,798,None,Move,file system
1571381282.7670002,836,790,None,Move,file system
1571381282.775,836,782,None,Move,file system
1571381282.784,836,772,None,Move,file system
1571381282.791,834,761,None,Move,file system
1571381282.799,832,748,None,Move,file system
1571381282.805,832,737,None,Move,file system
1571381282.813,832,727,None,Move,file system
1571381282.821,832,719,None,Move,file system
1571381282.83,834,709,None,Move,file system
1571381282.837,836,699,None,Move,file system
1571381282.846,839,688,None,Move,file system
1571381282.853,841,678,None,Move,file system
1571381282.861,844,668,None,Move,file system
1571381282.869,845,660,None,Move,file system
1571381282.875,847,651,None,Move,file system
1571381282.883,848,643,None,Move,file system
1571381282.891,850,635,None,Move,file system
1571381282.9,851,628,None,Move,file system
1571381282.907,852,621,None,Move,file system
1571381282.915,852,613,None,Move,file system
1571381282.923,852,605,None,Move,file system
1571381282.931,852,595,None,Move,file system
1571381282.939,852,589,None,Move,file system
1571381282.945,851,579,None,Move,file system
1571381282.9529998,851,571,None,Move,file system
1571381282.961,849,561,None,Move,file system
1571381282.969,849,551,None,Move,file system
1571381282.9770002,849,542,None,Move,file system
1571381282.985,849,532,None,Move,file system
1571381282.9929998,849,522,None,Move,file system
1571381283.0010002,850,513,None,Move,file system
1571381283.0089998,850,503,None,Move,file system
1571381283.015,851,495,None,Move,file system
1571381283.0229998,851,487,None,Move,file system
1571381283.031,852,480,None,Move,file system
1571381283.039,852,475,None,Move,file system
1571381283.0470002,852,470,None,Move,file system
1571381283.055,852,466,None,Move,file system
1571381283.063,852,463,None,Move,file system
1571381283.071,852,461,None,Move,file system
1571381283.079,852,460,None,Move,file system
1571381283.084,852,458,None,Move,file system
1571381283.096,852,457,None,Move,file system
1571381283.719,852,457,Left,Pressed,file system
1571381283.822,852,457,Left,Released,browsing
1571381285.393,851,457,None,Move,browsing
1571381285.405,851,458,None,Move,browsing
1571381285.413,847,464,None,Move,browsing
1571381285.419,839,474,None,Move,browsing
1571381285.427,831,484,None,Move,browsing
1571381285.435,823,495,None,Move,browsing
1571381285.4429998,813,505,None,Move,browsing
1571381285.451,800,518,None,Move,browsing
1571381285.459,786,532,None,Move,browsing
1571381285.467,774,543,None,Move,browsing
1571381285.475,763,552,None,Move,browsing
1571381285.4829998,751,563,None,Move,browsing
1571381285.4889998,741,572,None,Move,browsing
1571381285.4970002,730,581,None,Move,browsing
1571381285.505,720,590,None,Move,browsing
1571381285.5129998,709,601,None,Move,browsing
1571381285.521,699,610,None,Move,browsing
1571381285.529,688,618,None,Move,browsing
1571381285.5370002,678,626,None,Move,browsing
1571381285.545,668,633,None,Move,browsing
1571381285.553,659,641,None,Move,browsing
1571381285.559,648,649,None,Move,browsing
1571381285.5670002,635,657,None,Move,browsing
1571381285.575,620,664,None,Move,browsing
1571381285.583,605,672,None,Move,browsing
1571381285.591,593,679,None,Move,browsing
1571381285.599,583,684,None,Move,browsing
1571381285.607,571,687,None,Move,browsing
1571381285.615,559,693,None,Move,browsing
1571381285.623,551,696,None,Move,browsing
1571381285.646,531,706,None,Move,browsing
1571381285.654,529,707,None,Move,browsing
1571381285.666,528,709,None,Move,browsing
1571381285.675,527,709,None,Move,browsing
1571381285.684,527,710,None,Move,browsing
1571381286.4929998,527,710,None,Move,browsing
1571381286.505,527,709,None,Move,browsing
1571381286.5129998,533,701,None,Move,browsing
1571381286.521,541,692,None,Move,browsing
1571381286.529,550,683,None,Move,browsing
1571381286.535,564,672,None,Move,browsing
1571381286.543,587,656,None,Move,browsing
1571381286.553,623,633,None,Move,browsing
1571381286.559,652,616,None,Move,browsing
1571381286.5670002,686,600,None,Move,browsing
1571381286.575,727,576,None,Move,browsing
1571381286.593,846,508,None,Move,browsing
1571381286.601,911,486,None,Move,browsing
1571381286.6079998,981,457,None,Move,browsing
1571381286.615,1051,424,None,Move,browsing
1571381286.623,1120,394,None,Move,browsing
1571381286.631,1202,364,None,Move,browsing
1571381286.6379998,1274,336,None,Move,browsing
1571381286.645,1342,314,None,Move,browsing
1571381286.653,1404,295,None,Move,browsing
1571381286.661,1456,282,None,Move,browsing
1571381286.669,1498,269,None,Move,browsing
1571381286.677,1532,257,None,Move,browsing
1571381286.685,1555,249,None,Move,browsing
1571381286.6920002,1568,246,None,Move,browsing
1571381286.699,1575,244,None,Move,browsing
1571381286.707,1578,243,None,Move,browsing
1571381286.7270002,1578,243,None,Move,browsing
1571381286.734,1577,243,None,Move,browsing
1571381286.7429998,1575,244,None,Move,browsing
1571381286.7510002,1573,245,None,Move,browsing
1571381286.7589998,1572,245,None,Move,browsing
1571381286.765,1571,246,None,Move,browsing
1571381286.826,1570,246,None,Move,browsing
1571381286.833,1568,245,None,Move,browsing
1571381286.84,1564,244,None,Move,browsing
1571381286.847,1559,241,None,Move,browsing
1571381286.855,1552,239,None,Move,browsing
1571381286.863,1545,237,None,Move,browsing
1571381286.8720002,1538,235,None,Move,browsing
1571381286.88,1531,231,None,Move,browsing
1571381286.8879998,1524,228,None,Move,browsing
1571381286.895,1517,223,None,Move,browsing
1571381286.903,1510,220,None,Move,browsing
1571381286.909,1503,217,None,Move,browsing
1571381286.918,1496,213,None,Move,browsing
1571381286.926,1491,210,None,Move,browsing
1571381286.9329998,1488,206,None,Move,browsing
1571381286.9420002,1486,203,None,Move,browsing
1571381286.949,1484,201,None,Move,browsing
1571381286.958,1482,198,None,Move,browsing
1571381286.965,1480,196,None,Move,browsing
1571381286.974,1479,194,None,Move,browsing
1571381286.981,1477,192,None,Move,browsing
1571381286.9889998,1476,190,None,Move,browsing
1571381286.995,1474,188,None,Move,browsing
1571381287.004,1474,186,None,Move,browsing
1571381287.0110002,1473,183,None,Move,browsing
1571381287.019,1473,182,None,Move,browsing
1571381287.0270002,1472,180,None,Move,browsing
1571381287.036,1471,178,None,Move,browsing
1571381287.044,1470,177,None,Move,browsing
1571381287.052,1469,175,None,Move,browsing
1571381287.0570002,1469,173,None,Move,browsing
1571381287.069,1468,171,None,Move,browsing
1571381287.077,1468,170,None,Move,browsing
1571381287.085,1468,169,None,Move,browsing
1571381287.209,1468,169,Left,Pressed,browsing
1571381287.209,1468,169,None,Drag,browsing
1571381287.209,1468,169,Left,Released,browsing
1571381287.847,1468,169,None,Move,browsing
1571381287.863,1467,171,None,Move,browsing
1571381287.871,1461,179,None,Move,browsing
1571381287.879,1455,189,None,Move,browsing
1571381287.887,1447,201,None,Move,browsing
1571381287.895,1436,213,None,Move,browsing
1571381287.903,1419,230,None,Move,browsing
1571381287.91,1398,249,None,Move,browsing
1571381287.918,1376,271,None,Move,browsing
1571381287.926,1354,293,None,Move,browsing
1571381287.934,1333,312,None,Move,browsing
1571381287.941,1311,334,None,Move,browsing
1571381287.949,1290,356,None,Move,browsing
1571381287.957,1271,375,None,Move,browsing
1571381287.965,1251,390,None,Move,browsing
1571381287.9729998,1227,410,None,Move,browsing
1571381287.982,1202,431,None,Move,browsing
1571381287.988,1186,443,None,Move,browsing
1571381287.995,1171,454,None,Move,browsing
1571381288.008,1129,481,None,Move,browsing
1571381288.015,1110,492,None,Move,browsing
1571381288.026,1091,503,None,Move,browsing
1571381288.031,1078,511,None,Move,browsing
1571381288.039,1064,519,None,Move,browsing
1571381288.045,1053,526,None,Move,browsing
1571381288.061,1034,534,None,Move,browsing
1571381288.069,1027,537,None,Move,browsing
1571381288.077,1023,538,None,Move,browsing
1571381288.086,1021,538,None,Move,browsing
1571381288.093,1019,538,None,Move,browsing
1571381288.1020002,1018,538,None,Move,browsing
1571381288.11,1016,538,None,Move,browsing
1571381288.115,1015,538,None,Move,browsing
1571381288.1239998,1013,538,None,Move,browsing
1571381288.1320002,1010,538,None,Move,browsing
1571381288.14,1007,536,None,Move,browsing
1571381288.147,1001,534,None,Move,browsing
1571381288.155,994,531,None,Move,browsing
1571381288.163,989,529,None,Move,browsing
1571381288.1720002,982,527,None,Move,browsing
1571381288.179,975,525,None,Move,browsing
1571381288.188,968,522,None,Move,browsing
1571381288.194,961,520,None,Move,browsing
1571381288.202,956,518,None,Move,browsing
1571381288.209,949,514,None,Move,browsing
1571381288.218,943,511,None,Move,browsing
1571381288.226,937,508,None,Move,browsing
1571381288.234,933,502,None,Move,browsing
1571381288.242,930,498,None,Move,browsing
1571381288.25,927,493,None,Move,browsing
1571381288.258,923,489,None,Move,browsing
1571381288.2629998,921,484,None,Move,browsing
1571381288.272,919,480,None,Move,browsing
1571381288.28,917,474,None,Move,browsing
1571381288.2870002,915,470,None,Move,browsing
1571381288.295,913,469,None,Move,browsing
1571381288.303,913,468,None,Move,browsing
1571381288.311,912,467,None,Move,browsing
1571381288.319,912,467,None,Move,browsing
1571381288.415,911,467,Left,Pressed,browsing
1571381288.415,911,467,None,Drag,browsing
1571381288.416,911,467,Left,Released,browsing
1571381288.465,911,467,Left,Pressed,browsing
1571381288.583,911,467,Left,Released,browsing
1571381288.697,911,467,None,Move,browsing
1571381288.711,911,469,None,Move,browsing
1571381288.719,911,476,None,Move,browsing
1571381288.7270002,911,487,None,Move,browsing
1571381288.735,910,497,None,Move,browsing
1571381288.7429998,910,507,None,Move,browsing
1571381288.7489998,909,515,None,Move,browsing
1571381288.771,909,521,None,Move,browsing
1571381288.778,909,534,None,Move,browsing
1571381288.785,909,537,None,Move,browsing
1571381288.791,909,541,None,Move,browsing
1571381288.799,909,543,None,Move,browsing
1571381288.805,909,545,None,Move,browsing
1571381288.813,909,546,None,Move,browsing
1571381288.819,909,548,None,Move,browsing
1571381288.827,909,549,None,Move,browsing
1571381288.883,909,549,Left,Pressed,browsing
1571381288.96,909,549,Left,Released,browsing
1571381289.111,909,550,None,Move,browsing
1571381289.119,909,554,None,Move,browsing
1571381289.127,909,560,None,Move,browsing
1571381289.1339998,909,562,None,Move,browsing
1571381289.144,909,566,None,Move,browsing
1571381289.1520002,908,569,None,Move,browsing
1571381289.16,907,571,None,Move,browsing
1571381289.168,906,574,None,Move,browsing
1571381289.173,905,577,None,Move,browsing
1571381289.184,905,578,None,Move,browsing
1571381289.189,905,580,None,Move,browsing
1571381289.197,905,580,None,Move,browsing
1571381289.256,905,580,Left,Pressed,browsing
1571381289.341,905,580,Left,Released,browsing
1571381289.536,904,581,None,Move,browsing
1571381293.988,904,581,None,Move,browsing
1571381293.995,895,574,None,Move,browsing
1571381294.0010002,883,564,None,Move,browsing
1571381294.01,863,544,None,Move,browsing
1571381294.0170002,818,515,None,Move,browsing
1571381294.025,757,475,None,Move,browsing
1571381294.034,708,446,None,Move,browsing
1571381294.041,662,430,None,Move,browsing
1571381294.05,614,419,None,Move,browsing
1571381294.0570002,574,415,None,Move,browsing
1571381294.064,537,413,None,Move,browsing
1571381294.071,504,411,None,Move,browsing
1571381294.08,476,408,None,Move,browsing
1571381294.0879998,452,406,None,Move,browsing
1571381294.095,435,406,None,Move,browsing
1571381294.103,422,405,None,Move,browsing
1571381294.111,414,404,None,Move,browsing
1571381294.119,410,404,None,Move,browsing
1571381294.127,407,403,None,Move,browsing
1571381294.869,407,403,None,Move,browsing
1571381294.885,408,404,None,Move,browsing
1571381294.893,409,406,None,Move,browsing
1571381294.901,411,409,None,Move,browsing
1571381294.907,413,411,None,Move,browsing
1571381294.915,415,414,None,Move,browsing
1571381294.924,417,417,None,Move,browsing
1571381294.931,419,421,None,Move,browsing
1571381294.94,424,426,None,Move,browsing
1571381294.947,432,433,None,Move,browsing
1571381294.955,439,439,None,Move,browsing
1571381294.9629998,448,446,None,Move,browsing
1571381294.971,457,453,None,Move,browsing
1571381294.98,464,459,None,Move,browsing
1571381294.985,475,467,None,Move,browsing
1571381295.002,522,496,None,Move,browsing
1571381295.008,554,512,None,Move,browsing
1571381295.0170002,584,523,None,Move,browsing
1571381295.025,607,530,None,Move,browsing
1571381295.033,630,536,None,Move,browsing
1571381295.053,665,543,None,Move,browsing
1571381295.0570002,681,546,None,Move,browsing
1571381295.063,693,549,None,Move,browsing
1571381295.071,703,551,None,Move,browsing
1571381295.079,708,553,None,Move,browsing
1571381295.096,711,555,None,Move,browsing
1571381295.141,711,555,None,Move,browsing
1571381295.149,710,556,None,Move,browsing
1571381295.157,709,557,None,Move,browsing
1571381295.165,707,558,None,Move,browsing
1571381295.173,706,558,None,Move,browsing
1571381295.1820002,706,559,None,Move,browsing
1571381295.187,705,559,None,Move,browsing
1571381295.256,705,559,None,Move,browsing
1571381295.2610002,705,558,None,Move,browsing
1571381295.269,705,557,None,Move,browsing
1571381295.278,705,555,None,Move,browsing
1571381295.285,705,553,None,Move,browsing
1571381295.294,704,552,None,Move,browsing
1571381295.301,704,551,None,Move,browsing
1571381295.309,704,550,None,Move,browsing
1571381295.3170002,704,550,None,Move,browsing
1571381295.326,704,549,None,Move,browsing
1571381295.343,703,549,None,Move,browsing
1571381295.589,703,548,None,Move,browsing
1571381297.76,703,548,None,Move,browsing
1571381297.775,700,546,None,Move,browsing
1571381297.783,690,537,None,Move,browsing
1571381297.791,679,529,None,Move,browsing
1571381297.799,670,518,None,Move,browsing
1571381297.8070002,662,508,None,Move,browsing
1571381297.813,655,498,None,Move,browsing
1571381297.821,643,482,None,Move,browsing
1571381297.829,613,457,None,Move,browsing
1571381297.837,573,429,None,Move,browsing
1571381297.846,539,413,None,Move,browsing
1571381297.853,508,397,None,Move,browsing
1571381297.8620002,473,381,None,Move,browsing
1571381297.869,442,365,None,Move,browsing
1571381297.8779998,411,350,None,Move,browsing
1571381297.8839998,384,341,None,Move,browsing
1571381297.895,329,322,None,Move,browsing
1571381297.903,307,312,None,Move,browsing
1571381297.914,289,303,None,Move,browsing
1571381297.919,274,297,None,Move,browsing
1571381297.927,257,289,None,Move,browsing
1571381297.936,241,281,None,Move,browsing
1571381297.944,229,273,None,Move,browsing
1571381297.949,218,265,None,Move,browsing
1571381297.958,207,254,None,Move,browsing
1571381297.965,198,245,None,Move,browsing
1571381297.9870002,190,237,None,Move,browsing
1571381297.992,180,218,None,Move,browsing
1571381297.9970002,178,211,None,Move,browsing
1571381298.005,176,205,None,Move,browsing
1571381298.014,174,201,None,Move,browsing
1571381298.0229998,171,197,None,Move,browsing
1571381298.031,171,196,None,Move,browsing
1571381298.039,170,195,None,Move,browsing
1571381298.0470002,170,194,None,Move,browsing
1571381298.1179998,170,194,None,Move,browsing
1571381298.1339998,172,193,None,Move,browsing
1571381298.1420002,173,193,None,Move,browsing
1571381298.15,174,193,None,Move,browsing
1571381298.157,176,192,None,Move,browsing
1571381298.164,176,192,None,Move,browsing
1571381298.171,177,191,None,Move,browsing
1571381298.179,178,191,None,Move,browsing
1571381298.274,178,191,None,Move,browsing
1571381298.29,178,189,None,Move,browsing
1571381298.298,177,187,None,Move,browsing
1571381298.304,175,186,None,Move,browsing
1571381298.312,174,183,None,Move,browsing
1571381298.32,172,181,None,Move,browsing
1571381298.3279998,169,180,None,Move,browsing
1571381298.335,167,178,None,Move,browsing
1571381298.343,165,176,None,Move,browsing
1571381298.3520002,163,174,None,Move,browsing
1571381298.36,160,173,None,Move,browsing
1571381298.3679998,160,172,None,Move,browsing
1571381298.373,158,172,None,Move,browsing
1571381298.3820002,157,172,None,Move,browsing
1571381298.389,157,171,None,Move,browsing
1571381298.4,156,171,None,Move,browsing
1571381298.405,155,170,None,Move,browsing
1571381298.413,155,170,None,Move,browsing
1571381298.421,153,169,None,Move,browsing
1571381298.43,151,167,None,Move,browsing
1571381298.438,150,166,None,Move,browsing
1571381298.444,148,166,None,Move,browsing
1571381298.451,146,164,None,Move,browsing
1571381298.46,145,162,None,Move,browsing
1571381298.467,143,161,None,Move,browsing
1571381298.476,141,160,None,Move,browsing
1571381298.4829998,141,159,None,Move,browsing
1571381298.4910002,139,158,None,Move,browsing
1571381298.4989998,138,158,None,Move,browsing
1571381298.5070002,138,157,None,Move,browsing
1571381298.5170002,138,156,None,Move,browsing
1571381298.566,138,156,Left,Pressed,browsing
1571381298.708,138,156,Left,Released,browsing
1571381299.459,138,156,None,Move,browsing
1571381299.467,143,157,None,Move,browsing
1571381299.475,151,161,None,Move,browsing
1571381299.4829998,166,166,None,Move,browsing
1571381299.4910002,182,170,None,Move,browsing
1571381299.4989998,206,176,None,Move,browsing
1571381299.505,244,186,None,Move,browsing
1571381299.514,287,199,None,Move,browsing
1571381299.521,332,212,None,Move,browsing
1571381299.529,390,224,None,Move,browsing
1571381299.5370002,447,233,None,Move,browsing
1571381299.545,507,240,None,Move,browsing
1571381299.554,573,247,None,Move,browsing
1571381299.562,633,251,None,Move,browsing
1571381299.57,687,260,None,Move,browsing
1571381299.575,748,275,None,Move,browsing
1571381299.583,802,286,None,Move,browsing
1571381299.592,855,290,None,Move,browsing
1571381299.599,905,292,None,Move,browsing
1571381299.606,939,296,None,Move,browsing
1571381299.6139998,966,300,None,Move,browsing
1571381299.623,987,301,None,Move,browsing
1571381299.6320002,1001,303,None,Move,browsing
1571381299.64,1010,304,None,Move,browsing
1571381299.645,1015,305,None,Move,browsing
1571381299.654,1016,305,None,Move,browsing
1571381299.6620002,1017,305,None,Move,browsing
1571381300.451,1018,305,None,Move,browsing
1571381300.459,1021,307,None,Move,browsing
1571381300.467,1024,309,None,Move,browsing
1571381300.475,1028,311,None,Move,browsing
1571381300.4829998,1036,313,None,Move,browsing
1571381300.4889998,1051,316,None,Move,browsing
1571381300.4970002,1067,319,None,Move,browsing
1571381300.505,1085,321,None,Move,browsing
1571381300.5129998,1102,323,None,Move,browsing
1571381300.521,1125,324,None,Move,browsing
1571381300.529,1151,324,None,Move,browsing
1571381300.5370002,1179,328,None,Move,browsing
1571381300.545,1206,329,None,Move,browsing
1571381300.553,1236,331,None,Move,browsing
1571381300.56,1262,331,None,Move,browsing
1571381300.5670002,1292,330,None,Move,browsing
1571381300.575,1326,328,None,Move,browsing
1571381300.583,1356,325,None,Move,browsing
1571381300.591,1385,319,None,Move,browsing
1571381300.599,1413,316,None,Move,browsing
1571381300.607,1440,313,None,Move,browsing
1571381300.615,1463,308,None,Move,browsing
1571381300.621,1479,305,None,Move,browsing
1571381300.629,1493,302,None,Move,browsing
1571381300.637,1508,300,None,Move,browsing
1571381300.645,1519,297,None,Move,browsing
1571381300.653,1528,295,None,Move,browsing
1571381300.661,1534,294,None,Move,browsing
1571381300.669,1541,291,None,Move,browsing
1571381300.677,1544,290,None,Move,browsing
1571381300.685,1546,289,None,Move,browsing
1571381300.6929998,1547,287,None,Move,browsing
1571381300.699,1548,287,None,Move,browsing
1571381301.221,1547,287,None,Move,browsing
1571381301.229,1545,289,None,Move,browsing
1571381301.2370002,1543,290,None,Move,browsing
1571381301.245,1541,292,None,Move,browsing
1571381301.2529998,1535,295,None,Move,browsing
1571381301.2610002,1530,297,None,Move,browsing
1571381301.2670002,1524,301,None,Move,browsing
1571381301.275,1517,304,None,Move,browsing
1571381301.283,1507,309,None,Move,browsing
1571381301.291,1497,316,None,Move,browsing
1571381301.299,1486,324,None,Move,browsing
1571381301.3070002,1471,334,None,Move,browsing
1571381301.314,1447,344,None,Move,browsing
1571381301.322,1418,359,None,Move,browsing
1571381301.331,1393,374,None,Move,browsing
1571381301.337,1364,389,None,Move,browsing
1571381301.345,1333,407,None,Move,browsing
1571381301.354,1297,427,None,Move,browsing
1571381301.3620002,1266,445,None,Move,browsing
1571381301.369,1224,469,None,Move,browsing
1571381301.377,1179,499,None,Move,browsing
1571381301.385,1140,522,None,Move,browsing
1571381301.393,1112,538,None,Move,browsing
1571381301.401,1086,552,None,Move,browsing
1571381301.407,1062,572,None,Move,browsing
1571381301.415,1039,597,None,Move,browsing
1571381301.423,1020,624,None,Move,browsing
1571381301.4320002,1005,655,None,Move,browsing
1571381301.44,984,690,None,Move,browsing
1571381301.448,958,729,None,Move,browsing
1571381301.455,938,761,None,Move,browsing
1571381301.462,924,784,None,Move,browsing
1571381301.469,916,797,None,Move,browsing
1571381301.4770002,908,811,None,Move,browsing
1571381301.485,900,821,None,Move,browsing
1571381301.4929998,895,830,None,Move,browsing
1571381301.5010002,892,837,None,Move,browsing
1571381301.5089998,889,842,None,Move,browsing
1571381301.5170002,887,848,None,Move,browsing
1571381301.525,886,850,None,Move,browsing
1571381301.533,885,853,None,Move,browsing
1571381301.539,885,855,None,Move,browsing
1571381301.5470002,885,856,None,Move,browsing
1571381301.555,885,859,None,Move,browsing
1571381301.563,884,861,None,Move,browsing
1571381301.572,884,864,None,Move,browsing
1571381301.579,884,866,None,Move,browsing
1571381301.587,883,867,None,Move,browsing
1571381301.595,883,869,None,Move,browsing
1571381301.603,883,870,None,Move,browsing
1571381301.611,883,871,None,Move,browsing
1571381301.617,883,872,None,Move,browsing
1571381301.746,883,872,Left,Pressed,browsing
1571381301.856,883,872,Left,Released,browsing
1571381303.49,881,870,None,Move,browsing
1571381303.498,877,864,None,Move,browsing
1571381303.506,872,858,None,Move,browsing
1571381303.5110002,866,852,None,Move,browsing
1571381303.519,855,844,None,Move,browsing
1571381303.5270002,837,835,None,Move,browsing
1571381303.535,824,826,None,Move,browsing
1571381303.543,813,817,None,Move,browsing
1571381303.551,801,806,None,Move,browsing
1571381303.559,790,795,None,Move,browsing
1571381303.5670002,780,786,None,Move,browsing
1571381303.575,772,777,None,Move,browsing
1571381303.583,765,767,None,Move,browsing
1571381303.589,757,757,None,Move,browsing
1571381303.597,752,746,None,Move,browsing
1571381303.605,750,744,None,Move,browsing
1571381303.613,749,743,None,Move,browsing
1571381303.6239998,748,742,None,Move,browsing
1571381303.629,748,742,None,Move,browsing
1571381303.637,747,742,None,Move,browsing
1571381303.6479998,747,741,None,Move,browsing
1571381303.679,746,741,None,Move,browsing
1571381303.696,746,740,None,Move,browsing
1571381304.564,746,741,None,Move,browsing
1571381304.574,747,742,None,Move,browsing
1571381304.582,748,742,None,Move,browsing
1571381304.589,748,743,None,Move,browsing
1571381304.629,748,744,None,Move,browsing
1571381304.64,749,744,None,Move,browsing
1571381304.647,751,743,None,Move,browsing
1571381304.655,756,741,None,Move,browsing
1571381304.663,765,740,None,Move,browsing
1571381304.6720002,775,737,None,Move,browsing
1571381304.679,788,735,None,Move,browsing
1571381304.688,802,729,None,Move,browsing
1571381304.695,822,722,None,Move,browsing
1571381304.702,855,708,None,Move,browsing
1571381304.71,892,694,None,Move,browsing
1571381304.717,930,677,None,Move,browsing
1571381304.726,964,659,None,Move,browsing
1571381304.7329998,1007,630,None,Move,browsing
1571381304.742,1042,607,None,Move,browsing
1571381304.75,1084,580,None,Move,browsing
1571381304.758,1127,549,None,Move,browsing
1571381304.765,1164,518,None,Move,browsing
1571381304.772,1198,491,None,Move,browsing
1571381304.779,1235,458,None,Move,browsing
1571381304.7870002,1275,422,None,Move,browsing
1571381304.794,1316,386,None,Move,browsing
1571381304.804,1341,361,None,Move,browsing
1571381304.811,1357,343,None,Move,browsing
1571381304.82,1368,331,None,Move,browsing
1571381304.827,1376,321,None,Move,browsing
1571381304.835,1382,310,None,Move,browsing
1571381304.842,1387,302,None,Move,browsing
1571381304.849,1389,295,None,Move,browsing
1571381304.857,1392,289,None,Move,browsing
1571381304.865,1394,285,None,Move,browsing
1571381304.8739998,1395,283,None,Move,browsing
1571381304.8820002,1396,280,None,Move,browsing
1571381304.89,1398,277,None,Move,browsing
1571381304.897,1399,275,None,Move,browsing
1571381304.906,1400,273,None,Move,browsing
1571381304.911,1401,271,None,Move,browsing
1571381304.92,1401,270,None,Move,browsing
1571381304.928,1401,268,None,Move,browsing
1571381304.936,1401,267,None,Move,browsing
1571381304.944,1401,265,None,Move,browsing
1571381304.952,1402,264,None,Move,browsing
1571381304.96,1402,262,None,Move,browsing
1571381304.968,1402,261,None,Move,browsing
1571381304.975,1403,260,None,Move,browsing
1571381304.984,1403,258,None,Move,browsing
1571381304.992,1403,257,None,Move,browsing
1571381304.998,1404,255,None,Move,browsing
1571381305.006,1405,252,None,Move,browsing
1571381305.0129998,1406,251,None,Move,browsing
1571381305.021,1408,249,None,Move,browsing
1571381305.029,1410,247,None,Move,browsing
1571381305.0370002,1412,245,None,Move,browsing
1571381305.045,1413,242,None,Move,browsing
1571381305.053,1415,240,None,Move,browsing
1571381305.062,1417,239,None,Move,browsing
1571381305.0679998,1421,236,None,Move,browsing
1571381305.076,1423,233,None,Move,browsing
1571381305.083,1431,229,None,Move,browsing
1571381305.092,1438,226,None,Move,browsing
1571381305.1,1446,223,None,Move,browsing
1571381305.107,1455,221,None,Move,browsing
1571381305.1160002,1463,219,None,Move,browsing
1571381305.1239998,1473,216,None,Move,browsing
1571381305.1320002,1483,214,None,Move,browsing
1571381305.1379998,1493,211,None,Move,browsing
1571381305.145,1504,209,None,Move,browsing
1571381305.153,1516,206,None,Move,browsing
1571381305.161,1526,202,None,Move,browsing
1571381305.169,1536,200,None,Move,browsing
1571381305.177,1543,197,None,Move,browsing
1571381305.185,1545,197,None,Move,browsing
1571381305.1929998,1548,195,None,Move,browsing
1571381305.201,1550,194,None,Move,browsing
1571381305.207,1550,194,None,Move,browsing
1571381305.215,1551,193,None,Move,browsing
1571381305.289,1552,193,None,Move,browsing
1571381305.302,1552,192,None,Move,browsing
1571381305.309,1553,190,None,Move,browsing
1571381305.3179998,1553,190,None,Move,browsing
1571381305.326,1554,188,None,Move,browsing
1571381305.333,1554,187,None,Move,browsing
1571381305.342,1555,186,None,Move,browsing
1571381305.347,1555,185,None,Move,browsing
1571381305.356,1555,184,None,Move,browsing
1571381305.363,1556,182,None,Move,browsing
1571381305.3720002,1556,181,None,Move,browsing
1571381305.379,1557,180,None,Move,browsing
1571381305.3879998,1558,178,None,Move,browsing
1571381305.395,1558,177,None,Move,browsing
1571381305.403,1559,175,None,Move,browsing
1571381305.4120002,1559,174,None,Move,browsing
1571381305.417,1559,173,None,Move,browsing
1571381305.425,1559,171,None,Move,browsing
1571381305.434,1560,170,None,Move,browsing
1571381305.441,1560,169,None,Move,browsing
1571381305.449,1560,168,None,Move,browsing
1571381305.457,1560,168,None,Move,browsing
1571381305.474,1560,167,None,Move,browsing
1571381305.531,1560,167,Left,Pressed,browsing
1571381305.675,1560,167,Left,Released,browsing
1571381306.335,1560,167,None,Move,browsing
1571381306.343,1555,168,None,Move,browsing
1571381306.351,1545,170,None,Move,browsing
1571381306.359,1535,171,None,Move,browsing
1571381306.367,1527,173,None,Move,browsing
1571381306.375,1519,175,None,Move,browsing
1571381306.383,1507,177,None,Move,browsing
1571381306.391,1494,180,None,Move,browsing
1571381306.399,1480,183,None,Move,browsing
1571381306.405,1465,185,None,Move,browsing
1571381306.413,1449,185,None,Move,browsing
1571381306.421,1433,188,None,Move,browsing
1571381306.429,1419,189,None,Move,browsing
1571381306.437,1403,189,None,Move,browsing
1571381306.445,1388,192,None,Move,browsing
1571381306.452,1374,193,None,Move,browsing
1571381306.461,1358,193,None,Move,browsing
1571381306.468,1342,193,None,Move,browsing
1571381306.476,1328,193,None,Move,browsing
1571381306.486,1313,193,None,Move,browsing
1571381306.4910002,1302,192,None,Move,browsing
1571381306.4989998,1292,191,None,Move,browsing
1571381306.5070002,1284,189,None,Move,browsing
1571381306.515,1277,187,None,Move,browsing
1571381306.5229998,1272,186,None,Move,browsing
1571381306.531,1268,186,None,Move,browsing
1571381306.539,1267,185,None,Move,browsing
1571381306.545,1266,185,None,Move,browsing
1571381306.553,1265,185,None,Move,browsing
1571381306.7129998,1265,185,None,Move,browsing
1571381306.721,1266,186,None,Move,browsing
1571381306.729,1266,186,None,Move,browsing
1571381306.7489998,1267,187,None,Move,browsing
1571381306.7870002,1267,188,None,Move,browsing
1571381306.829,1268,188,None,Move,browsing
1571381306.837,1268,189,None,Move,browsing
1571381306.845,1268,190,None,Move,browsing
1571381306.865,1268,190,None,Move,browsing
1571381306.873,1268,191,None,Move,browsing
1571381306.923,1268,192,None,Move,browsing
1571381307.026,1269,192,None,Move,browsing
1571381307.033,1269,194,None,Move,browsing
1571381307.04,1269,195,None,Move,browsing
1571381307.0470002,1269,197,None,Move,browsing
1571381307.055,1269,198,None,Move,browsing
1571381307.064,1269,198,None,Move,browsing
1571381307.072,1269,200,None,Move,browsing
1571381307.079,1269,201,None,Move,browsing
1571381307.0879998,1269,202,None,Move,browsing
1571381307.095,1269,204,None,Move,browsing
1571381307.103,1269,204,None,Move,browsing
1571381307.109,1269,205,None,Move,browsing
1571381307.236,1269,206,None,Move,browsing
1571381307.363,1269,206,None,Move,browsing
1571381307.3720002,1268,208,None,Move,browsing
1571381307.379,1267,209,None,Move,browsing
1571381307.385,1266,211,None,Move,browsing
1571381307.393,1264,213,None,Move,browsing
1571381307.401,1263,214,None,Move,browsing
1571381307.41,1263,216,None,Move,browsing
1571381307.417,1263,218,None,Move,browsing
1571381307.426,1262,219,None,Move,browsing
1571381307.4329998,1262,221,None,Move,browsing
1571381307.441,1261,221,None,Move,browsing
1571381307.449,1260,223,None,Move,browsing
1571381307.455,1259,224,None,Move,browsing
1571381307.468,1258,224,None,Move,browsing
1571381307.476,1257,225,None,Move,browsing
1571381307.4829998,1256,226,None,Move,browsing
1571381307.4910002,1255,228,None,Move,browsing
1571381307.504,1254,228,None,Move,browsing
1571381307.522,1254,228,None,Move,browsing
1571381307.538,1253,229,None,Move,browsing
1571381307.546,1252,230,None,Move,browsing
1571381307.554,1252,230,None,Move,browsing
1571381307.561,1250,232,None,Move,browsing
1571381307.57,1249,232,None,Move,browsing
1571381307.577,1248,234,None,Move,browsing
1571381307.585,1246,236,None,Move,browsing
1571381307.594,1244,237,None,Move,browsing
1571381307.599,1243,238,None,Move,browsing
1571381307.607,1241,240,None,Move,browsing
1571381307.615,1239,242,None,Move,browsing
1571381307.6239998,1238,243,None,Move,browsing
1571381307.631,1237,244,None,Move,browsing
1571381307.64,1235,246,None,Move,browsing
1571381307.647,1233,248,None,Move,browsing
1571381307.655,1232,249,None,Move,browsing
1571381307.664,1230,251,None,Move,browsing
1571381307.669,1227,254,None,Move,browsing
1571381307.678,1224,257,None,Move,browsing
1571381307.686,1219,262,None,Move,browsing
1571381307.694,1213,267,None,Move,browsing
1571381307.702,1205,273,None,Move,browsing
1571381307.71,1198,277,None,Move,browsing
1571381307.717,1185,285,None,Move,browsing
1571381307.726,1170,291,None,Move,browsing
1571381307.731,1153,300,None,Move,browsing
1571381307.74,1131,310,None,Move,browsing
1571381307.748,1098,322,None,Move,browsing
1571381307.756,1065,334,None,Move,browsing
1571381307.7629998,1036,341,None,Move,browsing
1571381307.771,1008,344,None,Move,browsing
1571381307.779,974,348,None,Move,browsing
1571381307.7870002,937,352,None,Move,browsing
1571381307.795,903,356,None,Move,browsing
1571381307.804,869,358,None,Move,browsing
1571381307.81,835,361,None,Move,browsing
1571381307.82,800,371,None,Move,browsing
1571381307.825,760,384,None,Move,browsing
1571381307.833,722,392,None,Move,browsing
1571381307.842,688,394,None,Move,browsing
1571381307.85,662,394,None,Move,browsing
1571381307.857,641,392,None,Move,browsing
1571381307.865,619,389,None,Move,browsing
1571381307.873,598,385,None,Move,browsing
1571381307.881,573,382,None,Move,browsing
1571381307.889,554,378,None,Move,browsing
1571381307.896,538,375,None,Move,browsing
1571381307.904,522,371,None,Move,browsing
1571381307.9120002,505,367,None,Move,browsing
1571381307.92,489,363,None,Move,browsing
1571381307.928,473,360,None,Move,browsing
1571381307.936,456,352,None,Move,browsing
1571381307.944,433,338,None,Move,browsing
1571381307.952,411,324,None,Move,browsing
1571381307.96,392,313,None,Move,browsing
1571381307.965,380,305,None,Move,browsing
1571381307.974,371,300,None,Move,browsing
1571381307.981,364,295,None,Move,browsing
1571381307.9889998,357,291,None,Move,browsing
1571381307.9970002,351,288,None,Move,browsing
1571381308.006,348,286,None,Move,browsing
1571381308.014,347,285,None,Move,browsing
1571381308.022,345,283,None,Move,browsing
1571381308.031,343,283,None,Move,browsing
1571381308.04,343,282,None,Move,browsing
1571381308.062,343,281,None,Move,browsing
1571381308.0670002,343,280,None,Move,browsing
1571381308.076,343,279,None,Move,browsing
1571381308.083,344,279,None,Move,browsing
1571381308.091,345,279,None,Move,browsing
1571381308.097,345,279,None,Move,browsing
1571381308.244,345,279,None,Move,browsing
1571381308.258,345,277,None,Move,browsing
1571381308.265,344,270,None,Move,browsing
1571381308.274,341,263,None,Move,browsing
1571381308.281,338,256,None,Move,browsing
1571381308.29,333,248,None,Move,browsing
1571381308.298,329,243,None,Move,browsing
1571381308.314,314,228,None,Move,browsing
1571381308.319,305,220,None,Move,browsing
1571381308.327,296,212,None,Move,browsing
1571381308.336,287,206,None,Move,browsing
1571381308.346,279,202,None,Move,browsing
1571381308.3520002,272,200,None,Move,browsing
1571381308.359,265,199,None,Move,browsing
1571381308.367,258,197,None,Move,browsing
1571381308.375,251,194,None,Move,browsing
1571381308.381,244,192,None,Move,browsing
1571381308.39,237,190,None,Move,browsing
1571381308.397,234,189,None,Move,browsing
1571381308.406,230,188,None,Move,browsing
1571381308.414,227,187,None,Move,browsing
1571381308.421,225,186,None,Move,browsing
1571381308.43,223,185,None,Move,browsing
1571381308.438,221,185,None,Move,browsing
1571381308.445,220,185,None,Move,browsing
1571381308.451,218,185,None,Move,browsing
1571381308.46,217,184,None,Move,browsing
1571381308.467,215,184,None,Move,browsing
1571381308.475,213,183,None,Move,browsing
1571381308.482,212,183,None,Move,browsing
1571381308.492,211,182,None,Move,browsing
1571381308.4989998,211,182,None,Move,browsing
1571381308.508,209,181,None,Move,browsing
1571381308.515,208,181,None,Move,browsing
1571381308.522,208,180,None,Move,browsing
1571381308.53,207,180,None,Move,browsing
1571381308.57,207,180,Left,Pressed,browsing
1571381308.658,207,180,Left,Released,browsing
1571381308.783,207,179,None,Move,browsing
1571381308.791,206,178,None,Move,browsing
1571381308.7970002,204,176,None,Move,browsing
1571381308.8079998,202,174,None,Move,browsing
1571381308.814,199,173,None,Move,browsing
1571381308.822,197,171,None,Move,browsing
1571381308.83,194,169,None,Move,browsing
1571381308.837,190,167,None,Move,browsing
1571381308.846,186,165,None,Move,browsing
1571381308.853,184,163,None,Move,browsing
1571381308.861,181,162,None,Move,browsing
1571381308.87,178,160,None,Move,browsing
1571381308.875,176,158,None,Move,browsing
1571381308.883,175,157,None,Move,browsing
1571381308.8920002,173,157,None,Move,browsing
1571381308.899,173,157,None,Move,browsing
1571381308.915,172,157,None,Move,browsing
1571381308.935,172,157,Left,Pressed,browsing
1571381309.0270002,172,157,Left,Released,browsing
1571381309.343,172,157,None,Move,browsing
1571381309.351,174,157,None,Move,browsing
1571381309.359,175,157,None,Move,browsing
1571381309.367,179,157,None,Move,browsing
1571381309.373,183,157,None,Move,browsing
1571381309.381,187,157,None,Move,browsing
1571381309.389,196,158,None,Move,browsing
1571381309.399,205,158,None,Move,browsing
1571381309.405,218,158,None,Move,browsing
1571381309.413,234,158,None,Move,browsing
1571381309.421,250,158,None,Move,browsing
1571381309.429,267,158,None,Move,browsing
1571381309.435,287,158,None,Move,browsing
1571381309.4429998,314,158,None,Move,browsing
1571381309.451,345,162,None,Move,browsing
1571381309.459,372,164,None,Move,browsing
1571381309.467,400,167,None,Move,browsing
1571381309.475,431,173,None,Move,browsing
1571381309.4829998,463,178,None,Move,browsing
1571381309.4910002,496,180,None,Move,browsing
1571381309.4989998,526,180,None,Move,browsing
1571381309.506,552,180,None,Move,browsing
1571381309.5129998,570,178,None,Move,browsing
1571381309.521,593,178,None,Move,browsing
1571381309.529,609,177,None,Move,browsing
1571381309.5370002,622,176,None,Move,browsing
1571381309.545,635,176,None,Move,browsing
1571381309.553,645,176,None,Move,browsing
1571381309.561,655,177,None,Move,browsing
1571381309.569,666,180,None,Move,browsing
1571381309.575,676,182,None,Move,browsing
1571381309.583,686,186,None,Move,browsing
1571381309.591,696,190,None,Move,browsing
1571381309.599,706,194,None,Move,browsing
1571381309.607,716,196,None,Move,browsing
1571381309.615,726,199,None,Move,browsing
1571381309.623,736,200,None,Move,browsing
1571381309.631,747,201,None,Move,browsing
1571381309.64,757,201,None,Move,browsing
1571381309.645,764,203,None,Move,browsing
1571381309.6520002,771,206,None,Move,browsing
1571381309.66,776,208,None,Move,browsing
1571381309.6720002,788,213,None,Move,browsing
1571381309.681,795,217,None,Move,browsing
1571381309.688,805,222,None,Move,browsing
1571381309.697,815,227,None,Move,browsing
1571381309.704,827,232,None,Move,browsing
1571381309.712,839,238,None,Move,browsing
1571381309.718,854,244,None,Move,browsing
1571381309.726,865,249,None,Move,browsing
1571381309.735,875,254,None,Move,browsing
1571381309.7429998,884,257,None,Move,browsing
1571381309.7510002,891,259,None,Move,browsing
1571381309.7589998,898,261,None,Move,browsing
1571381309.7670002,903,263,None,Move,browsing
1571381309.775,907,265,None,Move,browsing
1571381309.785,911,267,None,Move,browsing
1571381309.99,911,268,None,Move,browsing
1571381309.9989998,910,269,None,Move,browsing
1571381310.0070002,908,270,None,Move,browsing
1571381310.015,903,272,None,Move,browsing
1571381310.0229998,896,275,None,Move,browsing
1571381310.031,891,277,None,Move,browsing
1571381310.039,884,278,None,Move,browsing
1571381310.048,876,278,None,Move,browsing
1571381310.055,861,276,None,Move,browsing
1571381310.064,832,273,None,Move,browsing
1571381310.07,784,264,None,Move,browsing
1571381310.0779998,727,255,None,Move,browsing
1571381310.086,660,246,None,Move,browsing
1571381310.093,590,236,None,Move,browsing
1571381310.1020002,514,226,None,Move,browsing
1571381310.11,445,219,None,Move,browsing
1571381310.117,369,209,None,Move,browsing
1571381310.125,300,205,None,Move,browsing
1571381310.133,240,200,None,Move,browsing
1571381310.139,186,191,None,Move,browsing
1571381310.147,145,185,None,Move,browsing
1571381310.155,115,181,None,Move,browsing
1571381310.163,93,178,None,Move,browsing
1571381310.171,82,176,None,Move,browsing
1571381310.179,73,173,None,Move,browsing
1571381310.187,70,171,None,Move,browsing
1571381310.195,70,170,None,Move,browsing
1571381310.2029998,69,169,None,Move,browsing
1571381310.21,69,168,None,Move,browsing
1571381310.217,69,166,None,Move,browsing
1571381310.225,69,165,None,Move,browsing
1571381310.2329998,69,164,None,Move,browsing
1571381310.2410002,69,163,None,Move,browsing
1571381310.2489998,69,163,None,Move,browsing
1571381310.258,69,162,None,Move,browsing
1571381310.349,69,161,None,Move,browsing
1571381310.357,71,159,None,Move,browsing
1571381310.365,74,158,None,Move,browsing
1571381310.373,79,154,None,Move,browsing
1571381310.3820002,83,151,None,Move,browsing
1571381310.389,89,149,None,Move,browsing
1571381310.397,94,147,None,Move,browsing
1571381310.406,99,145,None,Move,browsing
1571381310.414,105,143,None,Move,browsing
1571381310.419,110,142,None,Move,browsing
1571381310.428,115,141,None,Move,browsing
1571381310.435,119,141,None,Move,browsing
1571381310.444,123,141,None,Move,browsing
1571381310.451,125,141,None,Move,browsing
1571381310.46,128,141,None,Move,browsing
1571381310.467,130,143,None,Move,browsing
1571381310.476,132,145,None,Move,browsing
1571381310.484,135,146,None,Move,browsing
1571381310.4889998,136,147,None,Move,browsing
1571381310.498,138,147,None,Move,browsing
1571381310.505,140,147,None,Move,browsing
1571381310.5129998,140,147,None,Move,browsing
1571381310.521,141,147,None,Move,browsing
1571381310.6179998,142,147,Left,Pressed,browsing
1571381310.619,142,147,None,Drag,browsing
1571381310.619,142,147,Left,Released,browsing
1571381310.86,142,149,None,Move,browsing
1571381310.8720002,144,152,None,Move,browsing
1571381310.8820002,152,157,None,Move,browsing
1571381310.887,162,160,None,Move,browsing
1571381310.895,178,164,None,Move,browsing
1571381310.906,195,169,None,Move,browsing
1571381310.911,216,172,None,Move,browsing
1571381310.919,241,176,None,Move,browsing
1571381310.927,276,183,None,Move,browsing
1571381310.935,314,191,None,Move,browsing
1571381310.94,355,198,None,Move,browsing
1571381310.95,399,204,None,Move,browsing
1571381310.958,450,210,None,Move,browsing
1571381310.966,503,217,None,Move,browsing
1571381310.974,560,224,None,Move,browsing
1571381310.982,621,238,None,Move,browsing
1571381310.99,679,250,None,Move,browsing
1571381310.998,734,263,None,Move,browsing
1571381311.005,782,274,None,Move,browsing
1571381311.012,833,285,None,Move,browsing
1571381311.019,881,294,None,Move,browsing
1571381311.0270002,919,300,None,Move,browsing
1571381311.035,955,312,None,Move,browsing
1571381311.044,991,324,None,Move,browsing
1571381311.051,1026,332,None,Move,browsing
1571381311.059,1055,337,None,Move,browsing
1571381311.0679998,1074,342,None,Move,browsing
1571381311.076,1089,347,None,Move,browsing
1571381311.082,1102,351,None,Move,browsing
1571381311.09,1110,354,None,Move,browsing
1571381311.0979998,1117,356,None,Move,browsing
1571381311.106,1120,358,None,Move,browsing
1571381311.1139998,1122,358,None,Move,browsing
1571381311.1220002,1122,359,None,Move,browsing
1571381311.129,1123,360,None,Move,browsing
1571381311.137,1123,361,None,Move,browsing
1571381311.146,1124,361,None,Move,browsing
1571381313.5370002,1125,365,None,Move,browsing
1571381313.545,1128,372,None,Move,browsing
1571381313.551,1129,373,None,Move,browsing
1571381313.561,1129,375,None,Move,browsing
1571381313.5670002,1129,377,None,Move,browsing
1571381313.575,1129,378,None,Move,browsing
1571381313.583,1129,379,None,Move,browsing
1571381313.591,1129,380,None,Move,browsing
1571381313.599,1129,381,None,Move,browsing
1571381313.607,1129,382,None,Move,browsing
1571381313.6160002,1129,382,None,Move,browsing
1571381313.685,1129,383,None,Move,browsing
1571381313.7229998,1129,384,None,Move,browsing
1571381313.7389998,1129,384,None,Move,browsing
1571381313.7470002,1128,386,None,Move,browsing
1571381313.755,1127,387,None,Move,browsing
1571381313.7629998,1126,390,None,Move,browsing
1571381313.769,1124,396,None,Move,browsing
1571381313.7770002,1123,400,None,Move,browsing
1571381313.785,1123,403,None,Move,browsing
1571381313.793,1123,405,None,Move,browsing
1571381313.801,1124,407,None,Move,browsing
1571381313.809,1124,408,None,Move,browsing
1571381313.8170002,1124,408,None,Move,browsing
1571381313.825,1124,409,None,Move,browsing
1571381313.903,1124,410,None,Move,browsing
1571381313.957,1124,408,None,Move,browsing
1571381313.965,1124,402,None,Move,browsing
1571381313.9729998,1123,395,None,Move,browsing
1571381313.979,1122,387,None,Move,browsing
1571381313.9870002,1119,380,None,Move,browsing
1571381313.995,1118,374,None,Move,browsing
1571381314.0029998,1118,365,None,Move,browsing
1571381314.0110002,1117,356,None,Move,browsing
1571381314.019,1115,346,None,Move,browsing
1571381314.0270002,1112,334,None,Move,browsing
1571381314.035,1110,324,None,Move,browsing
1571381314.043,1107,317,None,Move,browsing
1571381314.051,1105,309,None,Move,browsing
1571381314.0570002,1102,299,None,Move,browsing
1571381314.066,1101,291,None,Move,browsing
1571381314.073,1099,284,None,Move,browsing
1571381314.081,1097,277,None,Move,browsing
1571381314.089,1095,270,None,Move,browsing
1571381314.0979998,1094,263,None,Move,browsing
1571381314.105,1093,257,None,Move,browsing
1571381314.113,1093,250,None,Move,browsing
1571381314.121,1093,242,None,Move,browsing
1571381314.127,1093,236,None,Move,browsing
1571381314.135,1093,229,None,Move,browsing
1571381314.143,1093,224,None,Move,browsing
1571381314.151,1094,219,None,Move,browsing
1571381314.158,1095,212,None,Move,browsing
1571381314.166,1098,207,None,Move,browsing
1571381314.174,1098,204,None,Move,browsing
1571381314.1829998,1100,202,None,Move,browsing
1571381314.188,1101,200,None,Move,browsing
1571381314.197,1103,198,None,Move,browsing
1571381314.205,1104,196,None,Move,browsing
1571381314.214,1105,194,None,Move,browsing
1571381314.221,1107,191,None,Move,browsing
1571381314.229,1109,188,None,Move,browsing
1571381314.2370002,1111,185,None,Move,browsing
1571381314.246,1113,183,None,Move,browsing
1571381314.254,1114,180,None,Move,browsing
1571381314.2589998,1116,178,None,Move,browsing
1571381314.2670002,1118,177,None,Move,browsing
1571381314.275,1119,175,None,Move,browsing
1571381314.284,1119,173,None,Move,browsing
1571381314.292,1120,172,None,Move,browsing
1571381314.3,1120,171,None,Move,browsing
1571381314.3079998,1120,170,None,Move,browsing
1571381314.316,1121,170,None,Move,browsing
1571381314.323,1121,170,None,Move,browsing
1571381314.579,1121,170,Left,Pressed,browsing
1571381314.7029998,1121,170,Left,Released,browsing
1571381315.926,1121,170,None,Move,browsing
1571381315.938,1121,170,None,Move,browsing
1571381315.946,1119,171,None,Move,browsing
1571381315.951,1117,173,None,Move,browsing
1571381315.959,1114,173,None,Move,browsing
1571381315.968,1108,173,None,Move,browsing
1571381315.975,1101,173,None,Move,browsing
1571381315.9829998,1095,173,None,Move,browsing
1571381315.992,1090,173,None,Move,browsing
1571381315.9989998,1085,173,None,Move,browsing
1571381316.0070002,1080,173,None,Move,browsing
1571381316.016,1075,173,None,Move,browsing
1571381316.021,1070,173,None,Move,browsing
1571381316.03,1067,174,None,Move,browsing
1571381316.0370002,1064,174,None,Move,browsing
1571381316.046,1062,174,None,Move,browsing
1571381316.054,1059,174,None,Move,browsing
1571381316.062,1056,174,None,Move,browsing
1571381316.07,1051,174,None,Move,browsing
1571381316.0779998,1047,174,None,Move,browsing
1571381316.086,1044,174,None,Move,browsing
1571381316.093,1041,174,None,Move,browsing
1571381316.1,1036,173,None,Move,browsing
1571381316.107,1033,173,None,Move,browsing
1571381316.1160002,1030,172,None,Move,browsing
1571381316.123,1026,171,None,Move,browsing
1571381316.131,1024,171,None,Move,browsing
1571381316.139,1022,171,None,Move,browsing
1571381316.147,1021,170,None,Move,browsing
1571381316.156,1020,170,None,Move,browsing
1571381317.154,1020,170,None,Move,browsing
1571381317.164,1020,176,None,Move,browsing
1571381317.169,1020,183,None,Move,browsing
1571381317.178,1020,189,None,Move,browsing
1571381317.186,1020,194,None,Move,browsing
1571381317.1929998,1020,199,None,Move,browsing
1571381317.201,1019,205,None,Move,browsing
1571381317.209,1019,211,None,Move,browsing
1571381317.217,1018,216,None,Move,browsing
1571381317.224,1018,223,None,Move,browsing
1571381317.232,1018,229,None,Move,browsing
1571381317.238,1018,234,None,Move,browsing
1571381317.248,1018,239,None,Move,browsing
1571381317.255,1019,242,None,Move,browsing
1571381317.2629998,1020,245,None,Move,browsing
1571381317.272,1020,248,None,Move,browsing
1571381317.28,1021,251,None,Move,browsing
1571381317.288,1021,254,None,Move,browsing
1571381317.293,1022,255,None,Move,browsing
1571381317.3,1022,257,None,Move,browsing
1571381317.3079998,1022,257,None,Move,browsing
1571381317.316,1022,258,None,Move,browsing
1571381317.325,1023,259,None,Move,browsing
1571381317.399,1023,257,None,Move,browsing
1571381317.407,1021,250,None,Move,browsing
1571381317.415,1018,240,None,Move,browsing
1571381317.423,1016,232,None,Move,browsing
1571381317.431,1015,225,None,Move,browsing
1571381317.437,1014,217,None,Move,browsing
1571381317.445,1013,208,None,Move,browsing
1571381317.4529998,1011,200,None,Move,browsing
1571381317.461,1009,192,None,Move,browsing
1571381317.469,1008,185,None,Move,browsing
1571381317.4770002,1006,178,None,Move,browsing
1571381317.486,1003,173,None,Move,browsing
1571381317.494,1002,169,None,Move,browsing
1571381317.502,1002,167,None,Move,browsing
1571381317.5070002,1001,166,None,Move,browsing
1571381317.516,1000,164,None,Move,browsing
1571381317.524,1000,163,None,Move,browsing
1571381317.812,999,163,None,Move,browsing
1571381317.885,999,163,None,Move,browsing
1571381317.9020002,999,164,None,Move,browsing
1571381317.91,999,168,None,Move,browsing
1571381317.917,999,170,None,Move,browsing
1571381317.924,1000,172,None,Move,browsing
1571381317.9320002,1000,174,None,Move,browsing
1571381317.94,1000,175,None,Move,browsing
1571381317.948,1000,177,None,Move,browsing
1571381317.956,1000,178,None,Move,browsing
1571381317.964,1000,181,None,Move,browsing
1571381317.971,1000,183,None,Move,browsing
1571381317.979,1000,186,None,Move,browsing
1571381317.988,1000,189,None,Move,browsing
1571381317.9929998,1000,191,None,Move,browsing
1571381318.002,1000,194,None,Move,browsing
1571381318.01,1000,195,None,Move,browsing
1571381318.0170002,1000,198,None,Move,browsing
1571381318.026,1001,199,None,Move,browsing
1571381318.034,1001,202,None,Move,browsing
1571381318.041,1002,205,None,Move,browsing
1571381318.049,1002,206,None,Move,browsing
1571381318.0570002,1003,209,None,Move,browsing
1571381318.064,1003,210,None,Move,browsing
1571381318.072,1004,212,None,Move,browsing
1571381318.079,1005,214,None,Move,browsing
1571381318.0879998,1005,215,None,Move,browsing
1571381318.096,1006,217,None,Move,browsing
1571381318.104,1006,218,None,Move,browsing
1571381318.1120002,1007,220,None,Move,browsing
1571381318.12,1007,222,None,Move,browsing
1571381318.127,1008,223,None,Move,browsing
1571381318.133,1008,225,None,Move,browsing
1571381318.141,1008,226,None,Move,browsing
1571381318.15,1009,228,None,Move,browsing
1571381318.157,1009,230,None,Move,browsing
1571381318.166,1010,231,None,Move,browsing
1571381318.173,1010,233,None,Move,browsing
1571381318.1820002,1011,234,None,Move,browsing
1571381318.19,1011,236,None,Move,browsing
1571381318.198,1011,238,None,Move,browsing
1571381318.204,1012,239,None,Move,browsing
1571381318.21,1012,241,None,Move,browsing
1571381318.22,1012,242,None,Move,browsing
1571381318.2270002,1012,243,None,Move,browsing
1571381318.236,1013,244,None,Move,browsing
1571381318.2429998,1013,244,None,Move,browsing
1571381318.252,1014,246,None,Move,browsing
1571381318.2589998,1014,247,None,Move,browsing
1571381318.268,1014,248,None,Move,browsing
1571381318.274,1015,250,None,Move,browsing
1571381318.282,1015,250,None,Move,browsing
1571381318.29,1015,252,None,Move,browsing
1571381318.302,1015,253,None,Move,browsing
1571381318.309,1015,254,None,Move,browsing
1571381318.329,1015,255,None,Move,browsing
1571381319.2429998,1016,255,None,Move,browsing
1571381319.252,1017,258,None,Move,browsing
1571381319.258,1018,263,None,Move,browsing
1571381319.266,1020,265,None,Move,browsing
1571381319.274,1021,268,None,Move,browsing
1571381319.282,1022,271,None,Move,browsing
1571381319.29,1023,273,None,Move,browsing
1571381319.2970002,1025,276,None,Move,browsing
1571381319.305,1026,279,None,Move,browsing
1571381319.313,1028,280,None,Move,browsing
1571381319.322,1029,283,None,Move,browsing
1571381319.327,1030,285,None,Move,browsing
1571381319.336,1032,286,None,Move,browsing
1571381319.343,1034,288,None,Move,browsing
1571381319.3520002,1035,291,None,Move,browsing
1571381319.359,1037,294,None,Move,browsing
1571381319.367,1039,296,None,Move,browsing
1571381319.375,1041,299,None,Move,browsing
1571381319.383,1043,302,None,Move,browsing
1571381319.391,1044,303,None,Move,browsing
1571381319.397,1046,305,None,Move,browsing
1571381319.406,1048,307,None,Move,browsing
1571381319.413,1049,308,None,Move,browsing
1571381319.4220002,1051,310,None,Move,browsing
1571381319.429,1053,312,None,Move,browsing
1571381319.438,1054,313,None,Move,browsing
1571381319.445,1055,313,None,Move,browsing
1571381319.454,1055,315,None,Move,browsing
1571381319.461,1056,316,None,Move,browsing
1571381319.468,1056,316,None,Move,browsing
1571381319.476,1057,317,None,Move,browsing
1571381319.484,1057,318,None,Move,browsing
1571381319.492,1058,318,None,Move,browsing
1571381319.5,1058,319,None,Move,browsing
1571381319.508,1058,320,None,Move,browsing
1571381319.516,1059,320,None,Move,browsing
1571381319.5229998,1059,320,None,Move,browsing
1571381319.532,1060,320,None,Move,browsing
1571381319.54,1060,321,None,Move,browsing
1571381319.545,1061,322,None,Move,browsing
1571381319.554,1061,322,None,Move,browsing
1571381319.561,1062,323,None,Move,browsing
1571381319.57,1063,323,None,Move,browsing
1571381319.577,1063,324,None,Move,browsing
1571381319.586,1063,324,None,Move,browsing
1571381319.593,1063,324,None,Move,browsing
1571381320.022,1063,324,None,Move,browsing
1571381320.125,1063,324,None,Move,browsing
1571381320.1420002,1063,323,None,Move,browsing
1571381320.15,1063,323,None,Move,browsing
1571381320.158,1063,322,None,Move,browsing
1571381320.164,1063,321,None,Move,browsing
1571381320.171,1063,321,None,Move,browsing
1571381320.18,1062,320,None,Move,browsing
1571381320.187,1062,319,None,Move,browsing
1571381320.195,1062,319,None,Move,browsing
1571381320.204,1062,317,None,Move,browsing
1571381320.212,1062,316,None,Move,browsing
1571381320.22,1062,316,None,Move,browsing
1571381320.2270002,1062,314,None,Move,browsing
1571381320.235,1062,313,None,Move,browsing
1571381320.242,1062,312,None,Move,browsing
1571381320.25,1062,311,None,Move,browsing
1571381320.258,1062,311,None,Move,browsing
1571381320.27,1062,310,None,Move,browsing
1571381320.289,1062,309,None,Move,browsing
1571381320.311,1062,309,None,Move,browsing
1571381320.324,1062,308,None,Move,browsing
1571381320.332,1062,307,None,Move,browsing
1571381320.34,1061,307,None,Move,browsing
1571381320.3679998,1061,306,None,Move,browsing
1571381320.406,1061,305,None,Move,browsing
1571381321.286,1061,305,Left,Pressed,browsing
1571381321.702,1061,305,Left,Released,browsing
1571381324.5470002,1061,301,None,Move,browsing
1571381324.555,1063,286,None,Move,browsing
1571381324.564,1067,275,None,Move,browsing
1571381324.572,1071,266,None,Move,browsing
1571381324.58,1077,256,None,Move,browsing
1571381324.5879998,1084,247,None,Move,browsing
1571381324.596,1092,235,None,Move,browsing
1571381324.604,1099,225,None,Move,browsing
1571381324.6120002,1107,216,None,Move,browsing
1571381324.6179998,1113,207,None,Move,browsing
1571381324.6260002,1120,198,None,Move,browsing
1571381324.633,1126,188,None,Move,browsing
1571381324.6420002,1132,181,None,Move,browsing
1571381324.649,1137,173,None,Move,browsing
1571381324.658,1142,168,None,Move,browsing
1571381324.665,1145,162,None,Move,browsing
1571381324.674,1147,159,None,Move,browsing
1571381324.681,1148,158,None,Move,browsing
1571381324.687,1150,156,None,Move,browsing
1571381324.696,1152,154,None,Move,browsing
1571381324.704,1155,152,None,Move,browsing
1571381324.712,1156,151,None,Move,browsing
1571381324.72,1158,150,None,Move,browsing
1571381324.728,1159,149,None,Move,browsing
1571381324.735,1159,148,None,Move,browsing
1571381324.744,1159,148,None,Move,browsing
1571381324.8179998,1160,148,None,Move,browsing
1571381324.831,1161,148,None,Move,browsing
1571381324.839,1161,148,None,Move,browsing
1571381325.14,1161,148,None,Move,browsing
1571381325.147,1160,150,None,Move,browsing
1571381325.156,1158,152,None,Move,browsing
1571381325.163,1157,154,None,Move,browsing
1571381325.1720002,1156,156,None,Move,browsing
1571381325.177,1154,158,None,Move,browsing
1571381325.185,1153,159,None,Move,browsing
1571381325.194,1152,161,None,Move,browsing
1571381325.202,1151,163,None,Move,browsing
1571381325.21,1150,164,None,Move,browsing
1571381325.218,1148,166,None,Move,browsing
1571381325.226,1147,168,None,Move,browsing
1571381325.234,1147,169,None,Move,browsing
1571381325.242,1146,171,None,Move,browsing
1571381325.248,1146,172,None,Move,browsing
1571381325.255,1145,172,None,Move,browsing
1571381325.264,1144,173,None,Move,browsing
1571381325.272,1144,174,None,Move,browsing
1571381325.28,1144,174,None,Move,browsing
1571381325.2870002,1144,174,None,Move,browsing
1571381325.937,1144,176,None,Move,browsing
1571381325.951,1144,177,None,Move,browsing
1571381325.959,1144,183,None,Move,browsing
1571381325.967,1143,192,None,Move,browsing
1571381325.975,1141,200,None,Move,browsing
1571381325.9829998,1140,208,None,Move,browsing
1571381325.9910002,1140,216,None,Move,browsing
1571381325.9989998,1140,224,None,Move,browsing
1571381326.0070002,1140,234,None,Move,browsing
1571381326.015,1140,240,None,Move,browsing
1571381326.0229998,1140,245,None,Move,browsing
1571381326.029,1140,251,None,Move,browsing
1571381326.0370002,1141,254,None,Move,browsing
1571381326.046,1141,256,None,Move,browsing
1571381326.054,1142,257,None,Move,browsing
1571381326.1360002,1142,257,None,Move,browsing
1571381326.143,1142,251,None,Move,browsing
1571381326.1520002,1142,241,None,Move,browsing
1571381326.16,1142,231,None,Move,browsing
1571381326.166,1142,223,None,Move,browsing
1571381326.174,1141,215,None,Move,browsing
1571381326.1820002,1141,207,None,Move,browsing
1571381326.19,1141,199,None,Move,browsing
1571381326.198,1141,191,None,Move,browsing
1571381326.206,1141,184,None,Move,browsing
1571381326.214,1141,178,None,Move,browsing
1571381326.222,1141,174,None,Move,browsing
1571381326.23,1141,173,None,Move,browsing
1571381326.235,1141,171,None,Move,browsing
1571381326.2429998,1141,170,None,Move,browsing
1571381326.2510002,1141,170,None,Move,browsing
1571381327.17,1141,170,Left,Pressed,browsing
1571381327.31,1141,170,Left,Released,browsing
1571381329.079,1141,171,None,Move,browsing
1571381329.087,1138,180,None,Move,browsing
1571381329.095,1136,190,None,Move,browsing
1571381329.103,1133,200,None,Move,browsing
1571381329.111,1131,208,None,Move,browsing
1571381329.119,1128,218,None,Move,browsing
1571381329.127,1126,228,None,Move,browsing
1571381329.133,1124,235,None,Move,browsing
1571381329.141,1121,243,None,Move,browsing
1571381329.149,1118,251,None,Move,browsing
1571381329.157,1115,257,None,Move,browsing
1571381329.165,1113,263,None,Move,browsing
1571381329.173,1111,267,None,Move,browsing
1571381329.181,1110,269,None,Move,browsing
1571381329.19,1109,273,None,Move,browsing
1571381329.197,1107,278,None,Move,browsing
1571381329.2029998,1107,280,None,Move,browsing
1571381329.211,1106,283,None,Move,browsing
1571381329.219,1105,284,None,Move,browsing
1571381329.2270002,1104,286,None,Move,browsing
1571381329.235,1103,288,None,Move,browsing
1571381329.2429998,1103,289,None,Move,browsing
1571381329.2510002,1102,291,None,Move,browsing
1571381329.2589998,1101,294,None,Move,browsing
1571381329.2670002,1099,296,None,Move,browsing
1571381329.275,1098,300,None,Move,browsing
1571381329.283,1096,304,None,Move,browsing
1571381329.291,1095,306,None,Move,browsing
1571381329.2970002,1094,307,None,Move,browsing
1571381329.309,1094,308,None,Move,browsing
1571381329.3170002,1094,309,None,Move,browsing
1571381330.96,1086,314,None,Move,browsing
1571381330.967,1052,330,None,Move,browsing
1571381330.975,999,348,None,Move,browsing
1571381330.981,934,367,None,Move,browsing
1571381330.99,853,393,None,Move,browsing
1571381330.9970002,766,416,None,Move,browsing
1571381331.005,662,419,None,Move,browsing
1571381331.0129998,531,406,None,Move,browsing
1571381331.021,402,406,None,Move,browsing
1571381331.03,288,413,None,Move,browsing
1571381331.0370002,169,434,None,Move,browsing
1571381331.046,61,448,None,Move,browsing
1571381331.052,-40,453,None,Move,browsing
1571381331.06,-80,465,None,Move,browsing
1571381331.0670002,-56,468,None,Move,browsing
1571381331.076,-4,471,None,Move,browsing
1571381331.084,2,471,None,Move,browsing
1571381331.092,2,470,None,Move,browsing
1571381331.1,2,470,None,Move,browsing
1571381331.111,3,470,None,Move,browsing
1571381331.123,4,470,None,Move,browsing
1571381331.1320002,4,470,None,Move,browsing
1571381331.282,5,470,None,Move,browsing
1571381331.289,11,468,None,Move,browsing
1571381331.2970002,18,466,None,Move,browsing
1571381331.306,24,464,None,Move,browsing
1571381331.314,29,464,None,Move,browsing
1571381331.321,32,465,None,Move,browsing
1571381331.329,35,472,None,Move,browsing
1571381331.337,35,482,None,Move,browsing
1571381331.346,33,492,None,Move,browsing
1571381331.353,33,493,None,Move,browsing
1571381331.7570002,33,493,None,Move,browsing
1571381331.766,34,492,None,Move,browsing
1571381331.771,36,489,None,Move,browsing
1571381331.796,36,489,None,Move,browsing
1571381331.803,38,486,None,Move,browsing
1571381331.812,38,484,None,Move,browsing
1571381331.82,38,482,None,Move,browsing
1571381331.8279998,38,481,None,Move,browsing
1571381331.835,36,480,None,Move,browsing
1571381331.842,35,479,None,Move,browsing
1571381331.85,33,479,None,Move,browsing
1571381331.8579998,32,478,None,Move,browsing
1571381331.8660002,30,477,None,Move,browsing
1571381331.873,29,473,None,Move,browsing
1571381331.8820002,29,470,None,Move,browsing
1571381331.89,31,468,None,Move,browsing
1571381331.897,32,467,None,Move,browsing
1571381331.905,34,466,None,Move,browsing
1571381331.9120002,35,465,None,Move,browsing
1571381331.919,36,464,None,Move,browsing
1571381331.928,37,463,None,Move,browsing
1571381331.936,38,462,None,Move,browsing
1571381331.944,39,462,None,Move,browsing
1571381331.952,41,461,None,Move,browsing
1571381331.96,42,459,None,Move,browsing
1571381331.968,44,458,None,Move,browsing
1571381331.976,45,458,None,Move,browsing
1571381332.018,45,458,None,Move,browsing
1571381332.046,45,458,None,Move,browsing
1571381332.052,45,459,None,Move,browsing
1571381332.0670002,45,459,None,Move,browsing
1571381332.819,45,459,None,Move,browsing
1571381332.826,44,459,None,Move,browsing
1571381332.845,44,459,None,Move,browsing
1571381332.857,44,458,None,Move,browsing
1571381333.282,43,458,None,Move,browsing
1571381333.294,42,458,None,Move,browsing
1571381333.301,41,458,None,Move,browsing
1571381333.31,41,458,None,Move,browsing
1571381333.3179998,40,458,None,Move,browsing
1571381333.323,39,458,None,Move,browsing
1571381333.332,38,458,None,Move,browsing
1571381333.339,37,458,None,Move,browsing
1571381333.3479998,37,458,None,Move,browsing
1571381333.3679998,38,458,None,Move,browsing
1571381333.3760002,44,458,None,Move,browsing
1571381333.383,50,458,None,Move,browsing
1571381333.3920002,59,458,None,Move,browsing
1571381333.397,68,458,None,Move,browsing
1571381333.405,79,458,None,Move,browsing
1571381333.413,92,459,None,Move,browsing
1571381333.421,108,461,None,Move,browsing
1571381333.429,124,464,None,Move,browsing
1571381333.437,147,465,None,Move,browsing
1571381333.445,174,467,None,Move,browsing
1571381333.454,208,471,None,Move,browsing
1571381333.461,245,475,None,Move,browsing
1571381333.468,288,477,None,Move,browsing
1571381333.476,334,479,None,Move,browsing
1571381333.484,376,479,None,Move,browsing
1571381333.492,426,478,None,Move,browsing
1571381333.4989998,476,474,None,Move,browsing
1571381333.5070002,522,469,None,Move,browsing
1571381333.516,565,467,None,Move,browsing
1571381333.5229998,615,463,None,Move,browsing
1571381333.532,661,461,None,Move,browsing
1571381333.5370002,709,466,None,Move,browsing
1571381333.546,744,476,None,Move,browsing
1571381333.554,778,488,None,Move,browsing
1571381333.562,800,493,None,Move,browsing
1571381333.57,814,495,None,Move,browsing
1571381333.5779998,827,497,None,Move,browsing
1571381333.586,837,498,None,Move,browsing
1571381333.594,846,500,None,Move,browsing
1571381333.601,852,501,None,Move,browsing
1571381333.61,857,501,None,Move,browsing
1571381333.6179998,860,502,None,Move,browsing
1571381333.623,861,502,None,Move,browsing
1571381333.6320002,864,503,None,Move,browsing
1571381333.64,866,504,None,Move,browsing
1571381333.647,867,504,None,Move,browsing
1571381333.655,869,504,None,Move,browsing
1571381333.664,870,505,None,Move,browsing
1571381333.6720002,872,506,None,Move,browsing
1571381333.68,875,507,None,Move,browsing
1571381333.688,878,508,None,Move,browsing
1571381333.694,882,510,None,Move,browsing
1571381333.701,886,512,None,Move,browsing
1571381333.71,890,514,None,Move,browsing
1571381333.718,894,515,None,Move,browsing
1571381333.725,897,516,None,Move,browsing
1571381333.734,898,517,None,Move,browsing
1571381333.7410002,900,517,None,Move,browsing
1571381333.75,900,518,None,Move,browsing
1571381334.2470002,900,518,Left,Pressed,browsing
1571381334.367,900,518,Left,Released,browsing
1571381335.2770002,900,518,None,Move,browsing
1571381335.285,891,516,None,Move,browsing
1571381335.293,881,513,None,Move,browsing
1571381335.301,871,512,None,Move,browsing
1571381335.309,858,511,None,Move,browsing
1571381335.316,843,511,None,Move,browsing
1571381335.323,828,511,None,Move,browsing
1571381335.332,812,514,None,Move,browsing
1571381335.339,796,514,None,Move,browsing
1571381335.3479998,779,515,None,Move,browsing
1571381335.355,759,515,None,Move,browsing
1571381335.3639998,735,514,None,Move,browsing
1571381335.3720002,720,514,None,Move,browsing
1571381335.38,704,514,None,Move,browsing
1571381335.387,684,513,None,Move,browsing
1571381335.393,657,511,None,Move,browsing
1571381335.4020002,633,510,None,Move,browsing
1571381335.409,617,508,None,Move,browsing
1571381335.418,604,507,None,Move,browsing
1571381335.425,594,507,None,Move,browsing
1571381335.4329998,586,507,None,Move,browsing
1571381335.4420002,578,508,None,Move,browsing
1571381335.45,573,509,None,Move,browsing
1571381335.458,570,509,None,Move,browsing
1571381335.464,569,510,None,Move,browsing
1571381335.472,567,510,None,Move,browsing
1571381335.651,567,511,None,Move,browsing
1571381335.664,567,512,None,Move,browsing
1571381335.674,567,512,None,Move,browsing
1571381335.6820002,567,513,None,Move,browsing
1571381335.694,567,514,None,Move,browsing
1571381335.702,567,514,None,Move,browsing
1571381335.709,567,514,None,Move,browsing
1571381335.717,567,516,None,Move,browsing
1571381335.725,567,517,None,Move,browsing
1571381335.734,567,519,None,Move,browsing
1571381335.7410002,568,520,None,Move,browsing
1571381335.748,568,522,None,Move,browsing
1571381335.755,569,524,None,Move,browsing
1571381335.764,569,526,None,Move,browsing
1571381335.771,569,528,None,Move,browsing
1571381335.779,570,529,None,Move,browsing
1571381335.7870002,570,531,None,Move,browsing
1571381335.796,571,533,None,Move,browsing
1571381335.803,571,534,None,Move,browsing
1571381335.812,571,536,None,Move,browsing
1571381335.8179998,571,537,None,Move,browsing
1571381335.825,571,539,None,Move,browsing
1571381335.834,571,540,None,Move,browsing
1571381335.841,572,542,None,Move,browsing
1571381335.85,572,544,None,Move,browsing
1571381335.857,573,545,None,Move,browsing
1571381335.8660002,573,547,None,Move,browsing
1571381335.873,574,548,None,Move,browsing
1571381335.8920002,576,555,None,Move,browsing
1571381335.896,577,557,None,Move,browsing
1571381335.904,578,560,None,Move,browsing
1571381335.91,580,564,None,Move,browsing
1571381335.92,582,568,None,Move,browsing
1571381335.928,584,569,None,Move,browsing
1571381335.936,585,571,None,Move,browsing
1571381335.944,587,573,None,Move,browsing
1571381335.952,588,575,None,Move,browsing
1571381335.958,590,576,None,Move,browsing
1571381335.966,591,578,None,Move,browsing
1571381335.974,592,580,None,Move,browsing
1571381335.982,593,581,None,Move,browsing
1571381335.99,594,583,None,Move,browsing
1571381335.998,595,585,None,Move,browsing
1571381336.006,595,586,None,Move,browsing
1571381336.014,596,588,None,Move,browsing
1571381336.022,597,589,None,Move,browsing
1571381336.0270002,597,591,None,Move,browsing
1571381336.036,597,592,None,Move,browsing
1571381336.044,597,594,None,Move,browsing
1571381336.056,597,597,None,Move,browsing
1571381336.064,597,598,None,Move,browsing
1571381336.072,598,600,None,Move,browsing
1571381336.08,598,601,None,Move,browsing
1571381336.0879998,598,603,None,Move,browsing
1571381336.093,599,604,None,Move,browsing
1571381336.1020002,599,606,None,Move,browsing
1571381336.109,599,608,None,Move,browsing
1571381336.1179998,599,609,None,Move,browsing
1571381336.1260002,599,611,None,Move,browsing
1571381336.1339998,599,612,None,Move,browsing
1571381336.1420002,599,614,None,Move,browsing
1571381336.149,599,615,None,Move,browsing
1571381336.158,599,616,None,Move,browsing
1571381336.164,599,617,None,Move,browsing
1571381336.1720002,599,617,None,Move,browsing
1571381336.2970002,599,617,None,Move,browsing
1571381336.303,602,615,None,Move,browsing
1571381336.312,608,612,None,Move,browsing
1571381336.32,610,611,None,Move,browsing
1571381336.3279998,612,609,None,Move,browsing
1571381336.335,617,607,None,Move,browsing
1571381336.343,624,605,None,Move,browsing
1571381336.351,630,603,None,Move,browsing
1571381336.359,637,600,None,Move,browsing
1571381336.3679998,643,598,None,Move,browsing
1571381336.373,647,596,None,Move,browsing
1571381336.3820002,650,595,None,Move,browsing
1571381336.389,652,593,None,Move,browsing
1571381336.397,653,593,None,Move,browsing
1571381336.406,655,591,None,Move,browsing
1571381336.414,656,590,None,Move,browsing
1571381336.4220002,656,590,None,Move,browsing
1571381336.43,657,590,None,Move,browsing
1571381336.4429998,657,589,None,Move,browsing
1571381336.583,657,588,None,Move,browsing
1571381336.595,657,586,None,Move,browsing
1571381336.603,656,583,None,Move,browsing
1571381336.611,655,582,None,Move,browsing
1571381336.619,654,580,None,Move,browsing
1571381336.627,653,578,None,Move,browsing
1571381336.635,653,577,None,Move,browsing
1571381336.643,652,575,None,Move,browsing
1571381336.651,652,573,None,Move,browsing
1571381336.658,652,572,None,Move,browsing
1571381336.666,651,570,None,Move,browsing
1571381336.674,651,569,None,Move,browsing
1571381336.6820002,651,568,None,Move,browsing
1571381336.69,651,567,None,Move,browsing
1571381336.698,650,567,None,Move,browsing
1571381336.705,650,566,None,Move,browsing
1571381336.7129998,650,565,None,Move,browsing
1571381336.721,650,564,None,Move,browsing
1571381336.7270002,650,563,None,Move,browsing
1571381336.736,650,563,None,Move,browsing
1571381336.7470002,650,562,None,Move,browsing
1571381336.779,650,561,None,Move,browsing
1571381336.806,650,561,None,Move,browsing
1571381336.829,650,560,None,Move,browsing
1571381336.986,650,560,None,Move,browsing
1571381337.073,649,558,None,Move,browsing
1571381337.081,647,556,None,Move,browsing
1571381337.09,646,554,None,Move,browsing
1571381337.097,646,552,None,Move,browsing
1571381337.105,646,552,None,Move,browsing
1571381337.113,645,550,None,Move,browsing
1571381337.125,645,550,None,Move,browsing
1571381337.1339998,645,549,None,Move,browsing
1571381337.1420002,645,548,None,Move,browsing
1571381337.1479998,645,548,None,Move,browsing
1571381337.156,645,547,None,Move,browsing
1571381337.164,645,546,None,Move,browsing
1571381337.176,645,545,None,Move,browsing
1571381337.405,645,545,None,Move,browsing
1571381337.484,645,545,None,Move,browsing
1571381337.496,646,544,None,Move,browsing
1571381337.502,655,542,None,Move,browsing
1571381337.5089998,665,538,None,Move,browsing
1571381337.518,678,535,None,Move,browsing
1571381337.526,703,536,None,Move,browsing
1571381337.534,742,538,None,Move,browsing
1571381337.542,792,537,None,Move,browsing
1571381337.55,846,525,None,Move,browsing
1571381337.5579998,899,521,None,Move,browsing
1571381337.566,967,521,None,Move,browsing
1571381337.571,1032,521,None,Move,browsing
1571381337.58,1097,521,None,Move,browsing
1571381337.5879998,1163,519,None,Move,browsing
1571381337.596,1221,519,None,Move,browsing
1571381337.604,1280,516,None,Move,browsing
1571381337.6120002,1330,520,None,Move,browsing
1571381337.62,1377,524,None,Move,browsing
1571381337.627,1416,526,None,Move,browsing
1571381337.635,1446,526,None,Move,browsing
1571381337.6420002,1473,528,None,Move,browsing
1571381337.65,1501,531,None,Move,browsing
1571381337.657,1528,535,None,Move,browsing
1571381337.666,1552,536,None,Move,browsing
1571381337.673,1568,536,None,Move,browsing
1571381337.6820002,1584,536,None,Move,browsing
1571381337.69,1595,535,None,Move,browsing
1571381337.698,1605,535,None,Move,browsing
1571381337.706,1613,535,None,Move,browsing
1571381337.711,1620,535,None,Move,browsing
1571381337.719,1626,535,None,Move,browsing
1571381337.7270002,1633,535,None,Move,browsing
1571381337.736,1638,536,None,Move,browsing
1571381337.744,1642,537,None,Move,browsing
1571381337.752,1644,539,None,Move,browsing
1571381337.7589998,1646,540,None,Move,browsing
1571381337.768,1648,541,None,Move,browsing
1571381337.775,1649,543,None,Move,browsing
1571381337.783,1651,544,None,Move,browsing
1571381337.791,1652,544,None,Move,browsing
1571381337.7970002,1653,545,None,Move,browsing
1571381337.806,1655,545,None,Move,browsing
1571381337.814,1656,546,None,Move,browsing
1571381337.822,1658,546,None,Move,browsing
1571381337.83,1662,547,None,Move,browsing
1571381337.8379998,1664,547,None,Move,browsing
1571381337.846,1667,547,None,Move,browsing
1571381337.854,1669,547,None,Move,browsing
1571381337.861,1671,547,None,Move,browsing
1571381337.87,1675,546,None,Move,browsing
1571381337.877,1676,545,None,Move,browsing
1571381337.8839998,1680,543,None,Move,browsing
1571381337.8920002,1682,542,None,Move,browsing
1571381337.9,1683,542,None,Move,browsing
1571381337.908,1684,542,None,Move,browsing
1571381337.915,1686,541,None,Move,browsing
1571381337.923,1686,541,None,Move,browsing
1571381337.931,1687,540,None,Move,browsing
1571381337.954,1688,540,None,Move,browsing
1571381338.005,1688,540,Left,Pressed,browsing
1571381338.005,1688,540,None,Drag,browsing
1571381338.019,1689,540,None,Drag,browsing
1571381338.0270002,1690,540,None,Drag,browsing
1571381338.093,1690,540,None,Drag,browsing
1571381338.094,1690,540,Left,Released,browsing
1571381338.2970002,1688,539,None,Move,browsing
1571381338.303,1682,539,None,Move,browsing
1571381338.311,1676,536,None,Move,browsing
1571381338.32,1669,535,None,Move,browsing
1571381338.327,1661,534,None,Move,browsing
1571381338.336,1651,534,None,Move,browsing
1571381338.343,1641,534,None,Move,browsing
1571381338.3620002,1620,533,None,Move,browsing
1571381338.3679998,1607,535,None,Move,browsing
1571381338.375,1597,536,None,Move,browsing
1571381338.383,1588,538,None,Move,browsing
1571381338.39,1578,540,None,Move,browsing
1571381338.397,1568,541,None,Move,browsing
1571381338.405,1557,542,None,Move,browsing
1571381338.413,1547,542,None,Move,browsing
1571381338.4220002,1539,542,None,Move,browsing
1571381338.429,1531,542,None,Move,browsing
1571381338.438,1521,542,None,Move,browsing
1571381338.445,1510,542,None,Move,browsing
1571381338.4529998,1494,539,None,Move,browsing
1571381338.46,1479,536,None,Move,browsing
1571381338.468,1468,534,None,Move,browsing
1571381338.475,1458,533,None,Move,browsing
1571381338.484,1447,531,None,Move,browsing
1571381338.492,1434,530,None,Move,browsing
1571381338.5,1421,527,None,Move,browsing
1571381338.508,1409,525,None,Move,browsing
1571381338.516,1399,522,None,Move,browsing
1571381338.524,1391,520,None,Move,browsing
1571381338.531,1382,518,None,Move,browsing
1571381338.5370002,1376,515,None,Move,browsing
1571381338.545,1369,513,None,Move,browsing
1571381338.554,1362,511,None,Move,browsing
1571381338.561,1358,509,None,Move,browsing
1571381338.579,1354,506,None,Move,browsing
1571381338.586,1354,506,None,Move,browsing
1571381338.593,1353,506,None,Move,browsing
1571381338.6020002,1352,506,None,Move,browsing
1571381338.623,1352,505,None,Move,browsing
1571381338.6320002,1351,504,None,Move,browsing
1571381338.64,1349,503,None,Move,browsing
1571381338.647,1349,502,None,Move,browsing
1571381338.655,1347,500,None,Move,browsing
1571381338.663,1346,499,None,Move,browsing
1571381338.6720002,1346,497,None,Move,browsing
1571381338.677,1345,496,None,Move,browsing
1571381338.686,1343,495,None,Move,browsing
1571381338.694,1343,494,None,Move,browsing
1571381338.701,1342,493,None,Move,browsing
1571381338.709,1342,492,None,Move,browsing
1571381338.717,1341,491,None,Move,browsing
1571381338.725,1341,491,None,Move,browsing
1571381338.734,1341,490,None,Move,browsing
1571381338.752,1341,489,None,Move,browsing
1571381338.8920002,1340,489,None,Move,browsing
1571381340.86,1340,489,None,Move,browsing
1571381340.867,1347,481,None,Move,browsing
1571381340.8760002,1357,470,None,Move,browsing
1571381340.883,1368,456,None,Move,browsing
1571381340.8920002,1381,437,None,Move,browsing
1571381340.899,1394,417,None,Move,browsing
1571381340.907,1408,397,None,Move,browsing
1571381340.915,1423,377,None,Move,browsing
1571381340.923,1436,357,None,Move,browsing
1571381340.929,1440,346,None,Move,browsing
1571381340.937,1441,336,None,Move,browsing
1571381340.945,1441,326,None,Move,browsing
1571381340.954,1438,318,None,Move,browsing
1571381340.961,1435,309,None,Move,browsing
1571381340.97,1427,299,None,Move,browsing
1571381340.978,1419,287,None,Move,browsing
1571381340.986,1412,276,None,Move,browsing
1571381340.994,1410,266,None,Move,browsing
1571381341.002,1408,260,None,Move,browsing
1571381341.008,1405,253,None,Move,browsing
1571381341.016,1404,246,None,Move,browsing
1571381341.024,1403,239,None,Move,browsing
1571381341.031,1403,233,None,Move,browsing
1571381341.039,1403,226,None,Move,browsing
1571381341.0470002,1403,223,None,Move,browsing
1571381341.055,1403,220,None,Move,browsing
1571381341.063,1403,217,None,Move,browsing
1571381341.072,1403,216,None,Move,browsing
1571381341.0779998,1404,213,None,Move,browsing
1571381341.086,1406,210,None,Move,browsing
1571381341.094,1408,207,None,Move,browsing
1571381341.1020002,1410,201,None,Move,browsing
1571381341.11,1413,196,None,Move,browsing
1571381341.1179998,1418,190,None,Move,browsing
1571381341.125,1424,184,None,Move,browsing
1571381341.133,1431,178,None,Move,browsing
1571381341.1420002,1438,172,None,Move,browsing
1571381341.147,1446,167,None,Move,browsing
1571381341.156,1453,162,None,Move,browsing
1571381341.164,1461,158,None,Move,browsing
1571381341.1720002,1470,156,None,Move,browsing
1571381341.18,1477,154,None,Move,browsing
1571381341.188,1484,151,None,Move,browsing
1571381341.196,1490,150,None,Move,browsing
1571381341.204,1494,149,None,Move,browsing
1571381341.211,1498,148,None,Move,browsing
1571381341.218,1503,146,None,Move,browsing
1571381341.225,1506,146,None,Move,browsing
1571381341.234,1507,145,None,Move,browsing
1571381341.242,1509,145,None,Move,browsing
1571381341.25,1511,145,None,Move,browsing
1571381341.258,1513,144,None,Move,browsing
1571381341.265,1516,143,None,Move,browsing
1571381341.274,1517,142,None,Move,browsing
1571381341.28,1520,142,None,Move,browsing
1571381341.288,1524,142,None,Move,browsing
1571381341.296,1525,141,None,Move,browsing
1571381341.304,1527,141,None,Move,browsing
1571381341.312,1528,141,None,Move,browsing
1571381341.319,1530,140,None,Move,browsing
1571381341.3279998,1531,140,None,Move,browsing
1571381341.339,1532,140,None,Move,browsing
1571381341.349,1533,140,None,Move,browsing
1571381341.3620002,1534,140,None,Move,browsing
1571381341.37,1534,140,None,Move,browsing
1571381341.377,1535,140,None,Move,browsing
1571381341.3860002,1536,140,None,Move,browsing
1571381341.406,1536,140,None,Move,browsing
1571381341.417,1537,140,None,Move,browsing
1571381341.427,1538,140,None,Move,browsing
1571381341.436,1538,140,None,Move,browsing
1571381341.444,1539,140,Left,Pressed,browsing
1571381341.444,1539,140,None,Drag,browsing
1571381341.451,1540,140,None,Drag,browsing
1571381341.464,1541,140,None,Drag,browsing
1571381341.464,1541,140,Left,Released,browsing
1571381341.5370002,1541,140,None,Move,browsing
1571381341.6379998,1541,140,None,Move,browsing
1571381341.649,1541,140,None,Move,browsing
1571381341.789,1540,140,None,Move,browsing
1571381341.945,1539,141,None,Move,browsing
1571381341.9529998,1537,142,None,Move,browsing
1571381341.961,1535,143,None,Move,browsing
1571381341.969,1534,145,None,Move,browsing
1571381341.9770002,1532,147,None,Move,browsing
1571381341.985,1529,149,None,Move,browsing
1571381341.9910002,1526,150,None,Move,browsing
1571381342.0029998,1518,153,None,Move,browsing
1571381342.0110002,1509,153,None,Move,browsing
1571381342.019,1501,151,None,Move,browsing
1571381342.029,1491,149,None,Move,browsing
1571381342.035,1478,146,None,Move,browsing
1571381342.043,1462,145,None,Move,browsing
1571381342.051,1445,143,None,Move,browsing
1571381342.059,1429,141,None,Move,browsing
1571381342.065,1411,139,None,Move,browsing
1571381342.073,1388,135,None,Move,browsing
1571381342.081,1358,123,None,Move,browsing
1571381342.089,1330,110,None,Move,browsing
1571381342.097,1303,99,None,Move,browsing
1571381342.131,1259,82,None,Move,browsing
1571381342.137,1095,29,None,Move,browsing
1571381342.144,1065,18,None,Move,browsing
1571381342.166,1032,5,None,Move,browsing
1571381342.1720002,1020,-3,None,Move,browsing
1571381342.18,1013,-6,None,Move,browsing
1571381342.188,1008,-8,None,Move,browsing
1571381342.195,1004,-9,None,Move,browsing
1571381342.201,1000,-11,None,Move,browsing
1571381342.208,996,-12,None,Move,browsing
1571381342.216,995,-13,None,Move,browsing
1571381342.2229998,994,-14,None,Move,browsing
1571381342.229,992,-15,None,Move,browsing
1571381342.2370002,991,-16,None,Move,browsing
1571381342.245,990,-17,None,Move,browsing
1571381342.2529998,989,-18,None,Move,browsing
1571381342.2610002,989,-19,None,Move,browsing
1571381342.272,988,-19,None,Move,browsing
1571381342.276,988,-19,None,Move,browsing
1571381342.283,987,-19,None,Move,browsing
1571381342.299,987,-19,None,Move,browsing
1571381342.369,986,-19,None,Move,browsing
1571381342.754,986,-19,None,Move,browsing
1571381342.76,982,-19,None,Move,browsing
1571381342.768,977,-19,None,Move,browsing
1571381342.776,971,-19,None,Move,browsing
1571381342.785,965,-19,None,Move,browsing
1571381342.793,958,-18,None,Move,browsing
1571381342.801,953,-17,None,Move,browsing
1571381342.809,948,-17,None,Move,browsing
1571381342.8170002,943,-17,None,Move,browsing
1571381342.826,939,-17,None,Move,browsing
1571381342.831,934,-17,None,Move,browsing
1571381342.839,929,-18,None,Move,browsing
1571381342.847,922,-19,None,Move,browsing
1571381342.856,919,-21,None,Move,browsing
1571381342.863,915,-22,None,Move,browsing
1571381342.8720002,913,-23,None,Move,browsing
1571381342.88,911,-24,None,Move,browsing
1571381342.8879998,910,-24,None,Move,browsing
1571381342.895,909,-24,None,Move,browsing
1571381342.9020002,908,-24,None,Move,browsing
1571381342.91,907,-24,None,Move,browsing
1571381342.917,906,-24,None,Move,browsing
1571381342.926,905,-24,Left,Pressed,browsing
1571381342.926,905,-24,None,Drag,browsing
1571381343.012,905,-24,None,Drag,file system
1571381343.012,905,-24,Left,Released,file system
1571381343.09,905,-24,None,Move,file system
1571381343.0979998,906,-24,None,Move,file system
1571381343.106,907,-24,None,Move,file system
1571381343.1139998,908,-23,None,Move,file system
1571381343.12,910,-22,None,Move,file system
1571381343.127,911,-21,None,Move,file system
1571381343.1360002,913,-19,None,Move,file system
1571381343.143,915,-17,None,Move,file system
1571381343.1520002,920,-13,None,Move,file system
1571381343.16,926,-8,None,Move,file system
1571381343.167,933,-1,None,Move,file system
1571381343.174,944,8,None,Move,file system
1571381343.1820002,959,24,None,Move,file system
1571381343.189,984,46,None,Move,file system
1571381343.198,1014,70,None,Move,file system
1571381343.206,1047,95,None,Move,file system
1571381343.214,1080,120,None,Move,file system
1571381343.222,1113,140,None,Move,file system
1571381343.238,1171,177,None,Move,file system
1571381343.246,1204,200,None,Move,file system
1571381343.252,1239,218,None,Move,file system
1571381343.26,1271,238,None,Move,file system
1571381343.2670002,1302,254,None,Move,file system
1571381343.276,1332,265,None,Move,file system
1571381343.283,1360,276,None,Move,file system
1571381343.291,1383,285,None,Move,file system
1571381343.299,1400,290,None,Move,file system
1571381343.3070002,1413,294,None,Move,file system
1571381343.316,1425,298,None,Move,file system
1571381343.323,1435,305,None,Move,file system
1571381343.33,1446,311,None,Move,file system
1571381343.337,1457,318,None,Move,file system
1571381343.346,1469,323,None,Move,file system
1571381343.353,1486,330,None,Move,file system
1571381343.3620002,1514,343,None,Move,file system
1571381343.369,1548,359,None,Move,file system
1571381343.377,1579,372,None,Move,file system
1571381343.385,1609,384,None,Move,file system
1571381343.393,1635,391,None,Move,file system
1571381343.399,1651,393,None,Move,file system
1571381343.408,1663,395,None,Move,file system
1571381343.415,1671,395,None,Move,file system
1571381343.423,1675,395,None,Move,file system
1571381343.431,1676,394,None,Move,file system
1571381343.44,1677,393,None,Move,file system
1571381343.448,1677,392,None,Move,file system
1571381343.456,1677,389,None,Move,file system
1571381343.464,1676,385,None,Move,file system
1571381343.469,1670,377,None,Move,file system
1571381343.4770002,1659,366,None,Move,file system
1571381343.485,1641,354,None,Move,file system
1571381343.494,1614,335,None,Move,file system
1571381343.502,1578,305,None,Move,file system
1571381343.5089998,1529,270,None,Move,file system
1571381343.5170002,1487,243,None,Move,file system
1571381343.526,1448,220,None,Move,file system
1571381343.533,1408,203,None,Move,file system
1571381343.54,1370,186,None,Move,file system
1571381343.5470002,1330,169,None,Move,file system
1571381343.556,1296,153,None,Move,file system
1571381343.564,1265,142,None,Move,file system
1571381343.572,1241,131,None,Move,file system
1571381343.579,1223,124,None,Move,file system
1571381343.5879998,1209,118,None,Move,file system
1571381343.596,1196,116,None,Move,file system
1571381343.604,1186,113,None,Move,file system
1571381343.61,1176,111,None,Move,file system
1571381343.6179998,1169,108,None,Move,file system
1571381343.6260002,1164,107,None,Move,file system
1571381343.633,1160,107,None,Move,file system
1571381343.6420002,1158,107,None,Move,file system
1571381343.65,1157,107,None,Move,file system
1571381343.658,1156,107,None,Move,file system
1571381343.666,1155,107,None,Move,file system
1571381343.674,1154,107,None,Move,file system
1571381343.68,1153,107,None,Move,file system
1571381343.688,1151,108,None,Move,file system
1571381343.696,1150,109,None,Move,file system
1571381343.704,1149,110,None,Move,file system
1571381343.711,1147,111,None,Move,file system
1571381343.72,1147,112,None,Move,file system
1571381343.728,1145,112,None,Move,file system
1571381343.735,1144,113,None,Move,file system
1571381343.7429998,1143,113,None,Move,file system
1571381343.75,1142,114,None,Move,file system
1571381343.7570002,1142,114,None,Move,file system
1571381343.765,1140,114,None,Move,file system
1571381343.772,1139,114,None,Move,file system
1571381343.781,1137,114,None,Move,file system
1571381343.789,1131,114,None,Move,file system
1571381343.7970002,1124,114,None,Move,file system
1571381343.806,1117,112,None,Move,file system
1571381343.812,1109,111,None,Move,file system
1571381343.82,1099,109,None,Move,file system
1571381343.8279998,1088,106,None,Move,file system
1571381343.836,1073,102,None,Move,file system
1571381343.865,1059,100,None,Move,file system
1571381343.869,1025,81,None,Move,file system
1571381343.875,1014,74,None,Move,file system
1571381343.883,1004,66,None,Move,file system
1571381343.89,995,58,None,Move,file system
1571381343.909,986,51,None,Move,file system
1571381343.914,973,42,None,Move,file system
1571381343.921,968,38,None,Move,file system
1571381343.93,965,36,None,Move,file system
1571381343.937,963,34,None,Move,file system
1571381343.946,961,33,None,Move,file system
1571381343.9529998,961,32,None,Move,file system
1571381343.959,960,31,None,Move,file system
1571381343.967,959,31,None,Move,file system
1571381343.975,959,31,None,Move,file system
1571381343.985,957,31,Left,Pressed,file system
1571381343.985,957,31,None,Drag,file system
1571381343.9910002,956,31,None,Drag,browsing
1571381343.9989998,954,32,None,Drag,browsing
1571381344.0070002,952,32,None,Drag,browsing
1571381344.02,952,32,None,Drag,browsing
1571381344.0270002,951,32,None,Drag,browsing
1571381344.0270002,951,32,Left,Released,browsing
1571381344.252,951,34,None,Move,browsing
1571381344.2589998,952,40,None,Move,browsing
1571381344.2670002,954,49,None,Move,browsing
1571381344.275,959,59,None,Move,browsing
1571381344.283,964,69,None,Move,browsing
1571381344.292,968,79,None,Move,browsing
1571381344.3,971,89,None,Move,browsing
1571381344.3070002,973,99,None,Move,browsing
1571381344.3279998,974,109,None,Move,browsing
1571381344.333,978,129,None,Move,browsing
1571381344.339,978,137,None,Move,browsing
1571381344.346,978,143,None,Move,browsing
1571381344.353,976,150,None,Move,browsing
1571381344.3620002,974,156,None,Move,browsing
1571381344.369,973,159,None,Move,browsing
1571381344.377,970,165,None,Move,browsing
1571381344.383,968,172,None,Move,browsing
1571381344.3920002,966,177,None,Move,browsing
1571381344.399,963,183,None,Move,browsing
1571381344.418,953,196,None,Move,browsing
1571381344.423,947,202,None,Move,browsing
1571381344.431,943,207,None,Move,browsing
1571381344.439,938,213,None,Move,browsing
1571381344.446,933,219,None,Move,browsing
1571381344.4529998,929,223,None,Move,browsing
1571381344.462,926,227,None,Move,browsing
1571381344.469,920,232,None,Move,browsing
1571381344.478,916,236,None,Move,browsing
1571381344.486,910,239,None,Move,browsing
1571381344.494,903,242,None,Move,browsing
1571381344.5010002,899,244,None,Move,browsing
1571381344.51,892,246,None,Move,browsing
1571381344.516,886,249,None,Move,browsing
1571381344.524,879,251,None,Move,browsing
1571381344.532,869,253,None,Move,browsing
1571381344.54,857,256,None,Move,browsing
1571381344.5470002,844,257,None,Move,browsing
1571381344.556,830,260,None,Move,browsing
1571381344.564,817,261,None,Move,browsing
1571381344.571,802,264,None,Move,browsing
1571381344.58,788,265,None,Move,browsing
1571381344.585,774,265,None,Move,browsing
1571381344.596,761,268,None,Move,browsing
1571381344.601,749,270,None,Move,browsing
1571381344.609,739,273,None,Move,browsing
1571381344.617,731,275,None,Move,browsing
1571381344.6260002,721,278,None,Move,browsing
1571381344.633,713,279,None,Move,browsing
1571381344.6420002,706,281,None,Move,browsing
1571381344.649,702,281,None,Move,browsing
1571381344.655,700,282,None,Move,browsing
1571381344.664,699,282,None,Move,browsing
1571381344.671,698,282,None,Move,browsing
1571381344.679,697,282,None,Move,browsing
1571381344.687,696,282,None,Move,browsing
1571381344.696,695,282,None,Move,browsing
1571381344.7029998,694,282,None,Move,browsing
1571381344.711,692,282,None,Move,browsing
1571381344.72,691,281,None,Move,browsing
1571381344.726,689,281,None,Move,browsing
1571381344.7329998,687,280,None,Move,browsing
1571381344.742,686,279,None,Move,browsing
1571381344.748,684,278,None,Move,browsing
1571381344.758,683,277,None,Move,browsing
1571381344.766,681,277,None,Move,browsing
1571381344.7729998,679,275,None,Move,browsing
1571381344.781,677,273,None,Move,browsing
1571381344.789,676,271,None,Move,browsing
1571381344.796,674,270,None,Move,browsing
1571381344.804,672,268,None,Move,browsing
1571381344.812,671,265,None,Move,browsing
1571381344.82,669,264,None,Move,browsing
1571381344.8279998,667,261,None,Move,browsing
1571381344.836,666,259,None,Move,browsing
1571381344.843,664,257,None,Move,browsing
1571381344.851,663,254,None,Move,browsing
1571381344.86,661,251,None,Move,browsing
1571381344.8660002,659,248,None,Move,browsing
1571381344.8739998,657,247,None,Move,browsing
1571381344.8820002,657,246,None,Move,browsing
1571381344.889,657,245,None,Move,browsing
1571381344.905,657,245,Left,Pressed,browsing
1571381345.014,657,245,Left,Released,browsing
1571381345.2670002,657,245,None,Move,browsing
1571381345.279,657,246,None,Move,browsing
1571381345.2870002,657,246,None,Move,browsing
1571381345.293,657,249,None,Move,browsing
1571381345.301,657,250,None,Move,browsing
1571381345.309,658,252,None,Move,browsing
1571381345.3170002,658,254,None,Move,browsing
1571381345.325,659,255,None,Move,browsing
1571381345.333,660,257,None,Move,browsing
1571381345.341,661,259,None,Move,browsing
1571381345.349,663,261,None,Move,browsing
1571381345.357,665,265,None,Move,browsing
1571381345.3639998,667,269,None,Move,browsing
1571381345.3720002,669,274,None,Move,browsing
1571381345.38,671,278,None,Move,browsing
1571381345.387,673,284,None,Move,browsing
1571381345.396,675,288,None,Move,browsing
1571381345.403,677,292,None,Move,browsing
1571381345.411,681,297,None,Move,browsing
1571381345.419,684,304,None,Move,browsing
1571381345.427,689,312,None,Move,browsing
1571381345.4329998,694,319,None,Move,browsing
1571381345.441,700,325,None,Move,browsing
1571381345.45,706,332,None,Move,browsing
1571381345.458,711,339,None,Move,browsing
1571381345.465,717,345,None,Move,browsing
1571381345.4729998,722,351,None,Move,browsing
1571381345.481,726,357,None,Move,browsing
1571381345.49,730,361,None,Move,browsing
1571381345.498,732,364,None,Move,browsing
1571381345.5029998,734,366,None,Move,browsing
1571381345.5110002,735,367,None,Move,browsing
1571381345.519,737,369,None,Move,browsing
1571381345.5270002,739,371,None,Move,browsing
1571381345.535,740,371,None,Move,browsing
1571381345.543,740,373,None,Move,browsing
1571381345.551,742,374,None,Move,browsing
1571381345.559,743,374,None,Move,browsing
1571381345.5670002,744,376,None,Move,browsing
1571381345.573,744,377,None,Move,browsing
1571381345.581,744,377,None,Move,browsing
1571381345.59,744,377,None,Move,browsing
1571381345.5979998,745,377,None,Move,browsing
1571381345.605,745,378,None,Move,browsing
1571381345.617,746,379,None,Move,browsing
1571381345.629,746,379,None,Move,browsing
1571381345.637,746,379,Left,Pressed,browsing
1571381345.73,746,379,Left,Released,browsing
1571381345.889,746,379,None,Move,browsing
1571381345.901,746,379,None,Move,browsing
1571381345.909,744,376,None,Move,browsing
1571381345.917,739,370,None,Move,browsing
1571381345.923,735,363,None,Move,browsing
1571381345.931,728,355,None,Move,browsing
1571381345.939,721,348,None,Move,browsing
1571381345.947,714,340,None,Move,browsing
1571381345.955,707,333,None,Move,browsing
1571381345.9629998,701,327,None,Move,browsing
1571381345.971,696,321,None,Move,browsing
1571381345.979,691,317,None,Move,browsing
1571381345.9870002,687,311,None,Move,browsing
1571381345.9929998,682,305,None,Move,browsing
1571381346.0010002,680,303,None,Move,browsing
1571381346.0089998,677,297,None,Move,browsing
1571381346.028,674,293,None,Move,browsing
1571381346.033,672,290,None,Move,browsing
1571381346.041,670,289,None,Move,browsing
1571381346.049,668,287,None,Move,browsing
1571381346.0570002,667,285,None,Move,browsing
1571381346.063,665,284,None,Move,browsing
1571381346.071,663,282,None,Move,browsing
1571381346.079,662,280,None,Move,browsing
1571381346.087,660,278,None,Move,browsing
1571381346.096,658,277,None,Move,browsing
1571381346.103,656,275,None,Move,browsing
1571381346.1120002,656,273,None,Move,browsing
1571381346.119,654,272,None,Move,browsing
1571381346.127,654,270,None,Move,browsing
1571381346.1320002,652,269,None,Move,browsing
1571381346.14,652,269,None,Move,browsing
1571381346.15,652,268,None,Move,browsing
1571381346.157,651,266,None,Move,browsing
1571381346.166,650,265,None,Move,browsing
1571381346.173,649,263,None,Move,browsing
1571381346.181,649,262,None,Move,browsing
1571381346.189,648,261,None,Move,browsing
1571381346.198,648,260,None,Move,browsing
1571381346.2029998,647,259,None,Move,browsing
1571381346.212,646,258,None,Move,browsing
1571381346.219,646,257,None,Move,browsing
1571381346.228,645,257,None,Move,browsing
1571381346.236,645,256,None,Move,browsing
1571381346.244,645,255,None,Move,browsing
1571381346.282,645,255,Left,Pressed,browsing
1571381346.363,645,255,Left,Released,browsing
1571381346.542,645,256,None,Move,browsing
1571381346.55,645,257,None,Move,browsing
1571381346.556,647,260,None,Move,browsing
1571381346.565,648,262,None,Move,browsing
1571381346.573,650,264,None,Move,browsing
1571381346.581,652,266,None,Move,browsing
1571381346.589,654,269,None,Move,browsing
1571381346.597,657,273,None,Move,browsing
1571381346.605,660,277,None,Move,browsing
1571381346.613,664,280,None,Move,browsing
1571381346.621,670,285,None,Move,browsing
1571381346.627,677,291,None,Move,browsing
1571381346.635,684,296,None,Move,browsing
1571381346.643,693,303,None,Move,browsing
1571381346.651,704,311,None,Move,browsing
1571381346.66,712,316,None,Move,browsing
1571381346.667,719,321,None,Move,browsing
1571381346.675,727,325,None,Move,browsing
1571381346.6829998,734,328,None,Move,browsing
1571381346.69,738,331,None,Move,browsing
1571381346.696,743,333,None,Move,browsing
1571381346.704,746,336,None,Move,browsing
1571381346.7129998,748,338,None,Move,browsing
1571381346.721,749,340,None,Move,browsing
1571381346.729,751,341,None,Move,browsing
1571381346.7370002,752,343,None,Move,browsing
1571381346.745,753,343,None,Move,browsing
1571381346.7529998,753,344,None,Move,browsing
1571381346.845,753,344,None,Move,browsing
1571381346.8579998,754,344,None,Move,browsing
1571381346.865,757,342,None,Move,browsing
1571381346.873,763,339,None,Move,browsing
1571381346.8820002,770,335,None,Move,browsing
1571381346.889,780,330,None,Move,browsing
1571381346.8979998,790,325,None,Move,browsing
1571381346.905,802,321,None,Move,browsing
1571381346.9120002,812,317,None,Move,browsing
1571381346.92,824,315,None,Move,browsing
1571381346.928,838,312,None,Move,browsing
1571381346.935,853,310,None,Move,browsing
1571381346.9429998,864,307,None,Move,browsing
1571381346.951,876,305,None,Move,browsing
1571381346.959,885,305,None,Move,browsing
1571381346.967,892,305,None,Move,browsing
1571381346.975,898,303,None,Move,browsing
1571381346.981,905,304,None,Move,browsing
1571381346.9889998,908,304,None,Move,browsing
1571381346.9970002,909,304,None,Move,browsing
1571381347.005,910,305,None,Move,browsing
1571381347.0129998,911,305,None,Move,browsing
1571381347.063,913,306,None,Move,browsing
1571381347.071,921,308,None,Move,browsing
1571381347.079,935,311,None,Move,browsing
1571381347.087,953,313,None,Move,browsing
1571381347.095,982,319,None,Move,browsing
1571381347.103,1011,326,None,Move,browsing
1571381347.111,1040,333,None,Move,browsing
1571381347.117,1067,335,None,Move,browsing
1571381347.125,1091,334,None,Move,browsing
1571381347.1339998,1119,329,None,Move,browsing
1571381347.141,1142,323,None,Move,browsing
1571381347.15,1161,318,None,Move,browsing
1571381347.158,1177,315,None,Move,browsing
1571381347.165,1187,315,None,Move,browsing
1571381347.173,1192,314,None,Move,browsing
1571381347.181,1194,314,None,Move,browsing
1571381347.187,1194,314,None,Move,browsing
1571381347.199,1194,314,Left,Pressed,browsing
1571381347.301,1194,314,Left,Released,browsing
1571381347.363,1193,314,None,Move,browsing
1571381347.371,1184,314,None,Move,browsing
1571381347.379,1175,315,None,Move,browsing
1571381347.387,1162,317,None,Move,browsing
1571381347.395,1147,320,None,Move,browsing
1571381347.401,1131,323,None,Move,browsing
1571381347.409,1116,325,None,Move,browsing
1571381347.417,1102,328,None,Move,browsing
1571381347.425,1086,328,None,Move,browsing
1571381347.4329998,1068,327,None,Move,browsing
1571381347.441,1052,325,None,Move,browsing
1571381347.449,1032,322,None,Move,browsing
1571381347.457,1016,321,None,Move,browsing
1571381347.465,998,322,None,Move,browsing
1571381347.471,980,325,None,Move,browsing
1571381347.479,964,328,None,Move,browsing
1571381347.4870002,947,331,None,Move,browsing
1571381347.495,931,333,None,Move,browsing
1571381347.5029998,915,336,None,Move,browsing
1571381347.5110002,901,339,None,Move,browsing
1571381347.519,889,341,None,Move,browsing
1571381347.5270002,879,344,None,Move,browsing
1571381347.536,871,346,None,Move,browsing
1571381347.541,864,348,None,Move,browsing
1571381347.55,857,351,None,Move,browsing
1571381347.5570002,853,352,None,Move,browsing
1571381347.566,851,352,None,Move,browsing
1571381347.573,849,353,None,Move,browsing
1571381347.582,848,353,None,Move,browsing
1571381347.589,848,354,None,Move,browsing
1571381347.676,848,354,Left,Pressed,browsing
1571381347.779,848,354,Left,Released,browsing
1571381348.17,848,354,None,Move,browsing
1571381348.179,848,354,None,Move,browsing
1571381348.187,851,354,None,Move,browsing
1571381348.196,857,354,None,Move,browsing
1571381348.2029998,864,354,None,Move,browsing
1571381348.211,873,355,None,Move,browsing
1571381348.219,883,355,None,Move,browsing
1571381348.228,894,355,None,Move,browsing
1571381348.236,910,354,None,Move,browsing
1571381348.2410002,928,352,None,Move,browsing
1571381348.25,950,351,None,Move,browsing
1571381348.2570002,972,346,None,Move,browsing
1571381348.266,992,342,None,Move,browsing
1571381348.272,1008,339,None,Move,browsing
1571381348.281,1024,336,None,Move,browsing
1571381348.288,1038,334,None,Move,browsing
1571381348.296,1050,332,None,Move,browsing
1571381348.304,1060,331,None,Move,browsing
1571381348.312,1068,330,None,Move,browsing
1571381348.3179998,1072,329,None,Move,browsing
1571381348.327,1072,329,None,Move,browsing
1571381348.3520002,1073,329,None,Move,browsing
1571381348.4020002,1074,329,Left,Pressed,browsing
1571381348.4020002,1074,329,None,Drag,browsing
1571381348.417,1074,329,None,Drag,browsing
1571381348.418,1074,329,Left,Released,browsing
1571381348.5070002,1074,329,None,Move,browsing
1571381348.515,1071,330,None,Move,browsing
1571381348.5229998,1068,332,None,Move,browsing
1571381348.529,1063,333,None,Move,browsing
1571381348.5370002,1057,335,None,Move,browsing
1571381348.545,1051,337,None,Move,browsing
1571381348.553,1044,340,None,Move,browsing
1571381348.561,1037,342,None,Move,browsing
1571381348.569,1030,344,None,Move,browsing
1571381348.577,1023,347,None,Move,browsing
1571381348.585,1017,349,None,Move,browsing
1571381348.593,1010,351,None,Move,browsing
1571381348.599,1003,355,None,Move,browsing
1571381348.607,996,357,None,Move,browsing
1571381348.615,989,359,None,Move,browsing
1571381348.623,982,362,None,Move,browsing
1571381348.631,976,364,None,Move,browsing
1571381348.639,974,366,None,Move,browsing
1571381348.647,970,368,None,Move,browsing
1571381348.655,967,369,None,Move,browsing
1571381348.663,966,370,None,Move,browsing
1571381348.669,964,371,None,Move,browsing
1571381348.677,962,372,None,Move,browsing
1571381348.685,961,374,None,Move,browsing
1571381348.6929998,959,375,None,Move,browsing
1571381348.701,957,377,None,Move,browsing
1571381348.709,955,379,None,Move,browsing
1571381348.717,954,380,None,Move,browsing
1571381348.725,953,381,None,Move,browsing
1571381348.734,952,382,Left,Pressed,browsing
1571381348.734,952,382,None,Drag,browsing
1571381348.74,952,382,None,Drag,browsing
1571381348.748,951,383,None,Drag,browsing
1571381348.822,950,383,None,Drag,browsing
1571381348.822,950,383,Left,Released,browsing
1571381348.837,950,383,None,Move,browsing
1571381349.039,949,383,None,Move,browsing
1571381349.051,947,382,None,Move,browsing
1571381349.059,946,380,None,Move,browsing
1571381349.0670002,944,380,None,Move,browsing
1571381349.075,942,378,None,Move,browsing
1571381349.083,941,377,None,Move,browsing
1571381349.092,938,376,None,Move,browsing
1571381349.0979998,936,376,None,Move,browsing
1571381349.105,935,375,None,Move,browsing
1571381349.113,933,375,None,Move,browsing
1571381349.121,932,375,None,Move,browsing
1571381349.129,930,375,None,Move,browsing
1571381349.137,928,374,None,Move,browsing
1571381349.145,928,374,None,Move,browsing
1571381349.154,926,373,None,Move,browsing
1571381349.16,926,373,None,Move,browsing
1571381349.168,924,373,None,Move,browsing
1571381349.176,923,372,None,Move,browsing
1571381349.1829998,921,372,None,Move,browsing
1571381349.191,919,371,None,Move,browsing
1571381349.199,918,371,None,Move,browsing
1571381349.207,917,371,None,Move,browsing
1571381349.215,916,371,None,Move,browsing
1571381349.231,914,370,None,Move,browsing
1571381349.2370002,913,369,None,Move,browsing
1571381349.245,913,369,None,Move,browsing
1571381349.254,912,368,None,Move,browsing
1571381349.2610002,911,368,None,Move,browsing
1571381349.269,910,367,None,Move,browsing
1571381349.2770002,909,366,None,Move,browsing
1571381349.285,908,366,None,Move,browsing
1571381349.293,908,365,None,Move,browsing
1571381349.299,906,364,None,Move,browsing
1571381349.3070002,905,363,None,Move,browsing
1571381349.316,904,363,None,Move,browsing
1571381349.323,903,363,None,Move,browsing
1571381349.332,903,362,None,Move,browsing
1571381349.34,901,361,None,Move,browsing
1571381349.347,899,360,None,Move,browsing
1571381349.355,899,358,None,Move,browsing
1571381349.363,897,357,None,Move,browsing
1571381349.37,896,357,None,Move,browsing
1571381349.377,896,356,None,Move,browsing
1571381349.385,895,356,None,Move,browsing
1571381349.393,893,355,None,Move,browsing
1571381349.401,893,354,None,Move,browsing
1571381349.413,892,354,None,Move,browsing
1571381349.421,892,353,None,Move,browsing
1571381349.429,891,353,None,Move,browsing
1571381349.437,891,352,None,Move,browsing
1571381349.4429998,890,352,None,Move,browsing
1571381349.451,889,352,None,Move,browsing
1571381349.46,889,350,None,Move,browsing
1571381349.467,887,349,None,Move,browsing
1571381349.475,886,348,None,Move,browsing
1571381349.484,885,346,None,Move,browsing
1571381349.4910002,883,345,None,Move,browsing
1571381349.5,880,345,None,Move,browsing
1571381349.5070002,877,346,None,Move,browsing
1571381349.518,871,347,None,Move,browsing
1571381349.525,870,347,None,Move,browsing
1571381349.534,868,347,None,Move,browsing
1571381349.541,867,348,None,Move,browsing
1571381349.55,865,349,None,Move,browsing
1571381349.5570002,862,349,None,Move,browsing
1571381349.565,860,350,None,Move,browsing
1571381349.574,858,351,None,Move,browsing
1571381349.579,857,351,None,Move,browsing
1571381349.587,855,352,None,Move,browsing
1571381349.595,853,352,None,Move,browsing
1571381349.603,852,352,None,Move,browsing
1571381349.6120002,850,352,None,Move,browsing
1571381349.62,848,350,None,Move,browsing
1571381349.627,845,348,None,Move,browsing
1571381349.6360002,843,347,None,Move,browsing
1571381349.644,842,347,None,Move,browsing
1571381349.65,840,347,None,Move,browsing
1571381349.657,836,347,None,Move,browsing
1571381349.665,835,347,None,Move,browsing
1571381349.673,833,348,None,Move,browsing
1571381349.681,832,349,None,Move,browsing
1571381349.689,830,351,None,Move,browsing
1571381349.697,828,352,None,Move,browsing
1571381349.705,827,352,None,Move,browsing
1571381349.7129998,825,353,None,Move,browsing
1571381349.719,823,355,None,Move,browsing
1571381349.728,821,357,None,Move,browsing
1571381349.736,815,363,None,Move,browsing
1571381349.744,808,372,None,Move,browsing
1571381349.7510002,793,385,None,Move,browsing
1571381349.7589998,781,394,None,Move,browsing
1571381349.768,774,402,None,Move,browsing
1571381349.775,766,409,None,Move,browsing
1571381349.783,761,414,None,Move,browsing
1571381349.789,755,417,None,Move,browsing
1571381349.7970002,751,420,None,Move,browsing
1571381349.805,748,422,None,Move,browsing
1571381349.823,746,424,None,Move,browsing
1571381349.829,745,425,None,Move,browsing
1571381349.833,743,427,None,Move,browsing
1571381349.837,742,429,None,Move,browsing
1571381349.844,741,430,None,Move,browsing
1571381349.854,741,431,None,Move,browsing
1571381349.903,741,432,None,Move,browsing
1571381350.809,741,431,None,Move,browsing
1571381350.8179998,739,425,None,Move,browsing
1571381350.825,736,418,None,Move,browsing
1571381350.833,734,410,None,Move,browsing
1571381350.841,731,400,None,Move,browsing
1571381350.85,729,390,None,Move,browsing
1571381350.856,726,380,None,Move,browsing
1571381350.8739998,723,359,None,Move,browsing
1571381350.879,723,349,None,Move,browsing
1571381350.887,723,339,None,Move,browsing
1571381350.899,721,323,None,Move,browsing
1571381350.907,720,315,None,Move,browsing
1571381350.916,720,307,None,Move,browsing
1571381350.921,719,300,None,Move,browsing
1571381350.931,719,295,None,Move,browsing
1571381350.936,717,290,None,Move,browsing
1571381350.957,717,287,None,Move,browsing
1571381350.962,715,283,None,Move,browsing
1571381350.968,714,280,None,Move,browsing
1571381350.978,713,279,None,Move,browsing
1571381350.986,712,275,None,Move,browsing
1571381350.9910002,711,272,None,Move,browsing
1571381351.0,710,271,None,Move,browsing
1571381351.0070002,708,269,None,Move,browsing
1571381351.016,706,267,None,Move,browsing
1571381351.024,705,265,None,Move,browsing
1571381351.034,703,263,None,Move,browsing
1571381351.04,701,261,None,Move,browsing
1571381351.048,700,259,None,Move,browsing
1571381351.055,698,257,None,Move,browsing
1571381351.064,696,255,None,Move,browsing
1571381351.072,694,253,None,Move,browsing
1571381351.082,693,252,None,Move,browsing
1571381351.0879998,691,250,None,Move,browsing
1571381351.093,689,248,None,Move,browsing
1571381351.101,687,246,None,Move,browsing
1571381351.109,686,245,None,Move,browsing
1571381351.1179998,684,243,None,Move,browsing
1571381351.125,682,241,None,Move,browsing
1571381351.1339998,681,241,None,Move,browsing
1571381351.141,679,240,None,Move,browsing
1571381351.149,677,239,None,Move,browsing
1571381351.157,676,238,None,Move,browsing
1571381351.163,674,237,None,Move,browsing
1571381351.171,672,236,None,Move,browsing
1571381351.179,671,236,None,Move,browsing
1571381351.187,669,236,None,Move,browsing
1571381351.195,668,235,None,Move,browsing
1571381351.2029998,666,235,None,Move,browsing
1571381351.211,665,235,None,Move,browsing
1571381351.22,664,235,None,Move,browsing
1571381351.2370002,663,235,Left,Pressed,browsing
1571381351.2370002,663,235,None,Drag,browsing
1571381351.2489998,662,235,None,Drag,browsing
1571381351.2489998,662,235,Left,Released,browsing
1571381351.455,661,235,None,Move,browsing
1571381351.533,659,235,None,Move,browsing
1571381351.541,657,237,None,Move,browsing
1571381351.548,653,239,None,Move,browsing
1571381351.556,649,241,None,Move,browsing
1571381351.565,644,244,None,Move,browsing
1571381351.572,637,248,None,Move,browsing
1571381351.581,629,251,None,Move,browsing
1571381351.5879998,622,255,None,Move,browsing
1571381351.595,615,258,None,Move,browsing
1571381351.603,607,263,None,Move,browsing
1571381351.611,595,269,None,Move,browsing
1571381351.619,579,273,None,Move,browsing
1571381351.627,563,277,None,Move,browsing
1571381351.6339998,544,281,None,Move,browsing
1571381351.643,523,289,None,Move,browsing
1571381351.6520002,472,302,None,Move,browsing
1571381351.66,442,312,None,Move,browsing
1571381351.67,415,321,None,Move,browsing
1571381351.678,391,324,None,Move,browsing
1571381351.686,366,327,None,Move,browsing
1571381351.697,316,332,None,Move,browsing
1571381351.704,296,333,None,Move,browsing
1571381351.712,279,336,None,Move,browsing
1571381351.72,265,338,None,Move,browsing
1571381351.73,254,340,None,Move,browsing
1571381351.735,244,341,None,Move,browsing
1571381351.744,237,342,None,Move,browsing
1571381351.7529998,232,342,None,Move,browsing
1571381351.7629998,225,343,None,Move,browsing
1571381351.771,224,343,None,Move,browsing
1571381351.779,222,343,None,Move,browsing
1571381351.793,222,343,None,Move,browsing
1571381351.916,222,343,Left,Pressed,browsing
1571381352.032,222,343,Left,Released,browsing
1571381352.093,222,343,None,Move,browsing
1571381352.105,223,343,None,Move,browsing
1571381352.113,225,342,None,Move,browsing
1571381352.121,226,341,None,Move,browsing
1571381352.129,228,340,None,Move,browsing
1571381352.137,229,339,None,Move,browsing
1571381352.143,231,337,None,Move,browsing
1571381352.151,233,336,None,Move,browsing
1571381352.159,236,329,None,Move,browsing
1571381352.167,240,321,None,Move,browsing
1571381352.175,245,311,None,Move,browsing
1571381352.186,252,293,None,Move,browsing
1571381352.191,259,279,None,Move,browsing
1571381352.199,268,259,None,Move,browsing
1571381352.208,275,230,None,Move,browsing
1571381352.2129998,286,200,None,Move,browsing
1571381352.221,298,163,None,Move,browsing
1571381352.229,304,129,None,Move,browsing
1571381352.238,308,101,None,Move,browsing
1571381352.245,311,73,None,Move,browsing
1571381352.252,314,52,None,Move,browsing
1571381352.274,316,36,None,Move,browsing
1571381352.28,311,13,None,Move,browsing
1571381352.284,309,3,None,Move,browsing
1571381352.291,307,-4,None,Move,browsing
1571381352.298,305,-8,None,Move,browsing
1571381352.306,304,-10,None,Move,browsing
1571381352.314,303,-11,None,Move,browsing
1571381352.322,302,-13,None,Move,browsing
1571381352.33,302,-14,None,Move,browsing
1571381352.339,301,-14,None,Move,browsing
1571381352.369,301,-14,Left,Pressed,browsing
1571381352.475,301,-14,Left,Released,browsing
1571381352.583,301,-14,None,Move,office
1571381352.591,301,-14,None,Move,office
1571381352.599,301,-14,None,Move,office
1571381352.607,301,-13,None,Move,office
1571381352.615,301,-12,None,Move,office
1571381352.623,301,-12,None,Move,office
1571381352.631,301,-11,None,Move,office
1571381352.64,301,-10,None,Move,office
1571381352.645,301,-10,None,Move,office
1571381352.654,301,-9,None,Move,office
1571381352.661,301,-9,None,Move,office
1571381352.671,301,-8,None,Move,office
1571381352.677,301,-7,None,Move,office
1571381352.685,301,-6,None,Move,office
1571381352.6929998,301,-5,None,Move,office
1571381352.701,301,-4,None,Move,office
1571381352.708,301,-3,None,Move,office
1571381352.715,302,-2,None,Move,office
1571381352.724,302,-1,None,Move,office
1571381352.732,303,1,None,Move,office
1571381352.74,304,3,None,Move,office
1571381352.748,305,4,None,Move,office
1571381352.755,306,7,None,Move,office
1571381352.7629998,308,9,None,Move,office
1571381352.771,310,11,None,Move,office
1571381352.7770002,312,15,None,Move,office
1571381352.7870002,314,19,None,Move,office
1571381352.793,317,23,None,Move,office
1571381352.801,321,28,None,Move,office
1571381352.809,326,33,None,Move,office
1571381352.8179998,333,40,None,Move,office
1571381352.825,339,45,None,Move,office
1571381352.834,345,53,None,Move,office
1571381352.842,353,59,None,Move,office
1571381352.8479998,360,64,None,Move,office
1571381352.856,367,70,None,Move,office
1571381352.8639998,375,76,None,Move,office
1571381352.8720002,382,81,None,Move,office
1571381352.88,389,87,None,Move,office
1571381352.887,396,93,None,Move,office
1571381352.895,407,102,None,Move,office
1571381352.903,417,111,None,Move,office
1571381352.911,428,122,None,Move,office
1571381352.917,439,133,None,Move,office
1571381352.925,449,143,None,Move,office
1571381352.9329998,458,154,None,Move,office
1571381352.941,468,164,None,Move,office
1571381352.95,474,173,None,Move,office
1571381352.958,477,180,None,Move,office
1571381352.966,480,187,None,Move,office
1571381352.9729998,482,194,None,Move,office
1571381352.982,484,199,None,Move,office
1571381352.99,486,206,None,Move,office
1571381352.995,489,215,None,Move,office
1571381353.004,491,222,None,Move,office
1571381353.012,494,230,None,Move,office
1571381353.02,496,240,None,Move,office
1571381353.0270002,498,248,None,Move,office
1571381353.035,501,257,None,Move,office
1571381353.043,503,267,None,Move,office
1571381353.051,505,277,None,Move,office
1571381353.059,505,288,None,Move,office
1571381353.066,505,297,None,Move,office
1571381353.086,505,310,None,Move,office
1571381353.091,503,336,None,Move,office
1571381353.0979998,500,350,None,Move,office
1571381353.105,498,362,None,Move,office
1571381353.1120002,495,375,None,Move,office
1571381353.121,491,391,None,Move,office
1571381353.129,489,401,None,Move,office
1571381353.1360002,486,409,None,Move,office
1571381353.1420002,484,416,None,Move,office
1571381353.151,483,423,None,Move,office
1571381353.159,482,428,None,Move,office
1571381353.168,481,433,None,Move,office
1571381353.175,481,440,None,Move,office
1571381353.184,481,445,None,Move,office
1571381353.1920002,481,449,None,Move,office
1571381353.2,481,452,None,Move,office
1571381353.206,482,456,None,Move,office
1571381353.214,484,460,None,Move,office
1571381353.222,485,463,None,Move,office
1571381353.23,487,465,None,Move,office
1571381353.238,489,468,None,Move,office
1571381353.246,490,471,None,Move,office
1571381353.254,492,472,None,Move,office
1571381353.262,492,474,None,Move,office
1571381353.268,493,476,None,Move,office
1571381353.276,494,477,None,Move,office
1571381353.286,495,479,None,Move,office
1571381353.292,497,481,None,Move,office
1571381353.299,498,482,None,Move,office
1571381353.3070002,499,484,None,Move,office
1571381353.315,501,486,None,Move,office
1571381353.323,501,486,None,Move,office
1571381353.332,502,488,None,Move,office
1571381353.339,502,489,None,Move,office
1571381353.346,503,491,None,Move,office
1571381353.353,504,493,None,Move,office
1571381353.361,505,494,None,Move,office
1571381353.369,506,496,None,Move,office
1571381353.377,507,498,None,Move,office
1571381353.3860002,508,500,None,Move,office
1571381353.393,509,503,None,Move,office
1571381353.401,510,507,None,Move,office
1571381353.408,511,512,None,Move,office
1571381353.416,511,518,None,Move,office
1571381353.424,511,525,None,Move,office
1571381353.4320002,512,532,None,Move,office
1571381353.439,512,537,None,Move,office
1571381353.447,512,541,None,Move,office
1571381353.456,513,547,None,Move,office
1571381353.464,513,550,None,Move,office
1571381353.471,513,554,None,Move,office
1571381353.4770002,514,556,None,Move,office
1571381353.485,514,558,None,Move,office
1571381353.4929998,514,560,None,Move,office
1571381353.502,514,561,None,Move,office
1571381353.5089998,514,563,None,Move,office
1571381353.518,515,564,None,Move,office
1571381353.526,515,566,None,Move,office
1571381353.534,516,568,None,Move,office
1571381353.541,517,570,Left,Pressed,office
1571381353.541,517,570,None,Drag,office
1571381353.548,517,572,None,Drag,office
1571381353.556,517,573,None,Drag,office
1571381353.564,517,574,None,Drag,office
1571381353.571,517,575,None,Drag,office
1571381353.571,517,575,Left,Released,office
1571381353.821,517,575,None,Move,office
1571381353.83,517,579,None,Move,office
1571381353.835,517,584,None,Move,office
1571381353.843,517,588,None,Move,office
1571381353.8520002,517,591,None,Move,office
1571381353.86,516,595,None,Move,office
1571381353.8679998,515,598,None,Move,office
1571381353.875,514,602,None,Move,office
1571381353.883,513,604,None,Move,office
1571381353.891,512,607,None,Move,office
1571381353.9,511,609,None,Move,office
1571381353.905,511,611,None,Move,office
1571381353.913,511,614,None,Move,office
1571381353.9220002,511,616,None,Move,office
1571381353.93,511,619,None,Move,office
1571381353.938,511,621,Left,Pressed,office
1571381353.939,511,621,None,Drag,office
1571381353.946,511,621,None,Drag,office
1571381353.962,511,622,None,Drag,office
1571381353.962,511,622,Left,Released,office
1571381355.897,511,623,None,Move,office
1571381355.906,514,631,None,Move,office
1571381355.914,517,640,None,Move,office
1571381355.9220002,519,646,None,Move,office
1571381355.929,521,652,None,Move,office
1571381355.937,523,657,None,Move,office
1571381355.945,524,660,None,Move,office
1571381355.954,525,662,None,Move,office
1571381355.962,526,663,None,Move,office
1571381355.968,526,665,None,Move,office
1571381355.976,526,665,None,Move,office
1571381355.984,526,666,None,Move,office
1571381356.1360002,526,666,None,Move,office
1571381356.1520002,526,665,None,Move,office
1571381356.159,527,660,None,Move,office
1571381356.167,527,654,None,Move,office
1571381356.176,527,649,None,Move,office
1571381356.184,527,642,None,Move,office
1571381356.19,527,637,None,Move,office
1571381356.198,526,632,None,Move,office
1571381356.206,526,628,None,Move,office
1571381356.214,526,622,None,Move,office
1571381356.222,526,616,None,Move,office
1571381356.229,526,609,None,Move,office
1571381356.2370002,527,602,None,Move,office
1571381356.245,530,594,None,Move,office
1571381356.2529998,532,587,None,Move,office
1571381356.2589998,533,580,None,Move,office
1571381356.268,534,575,None,Move,office
1571381356.276,535,571,None,Move,office
1571381356.283,536,567,None,Move,office
1571381356.291,536,564,None,Move,office
1571381356.299,537,562,None,Move,office
1571381356.3079998,537,560,None,Move,office
1571381356.316,537,558,None,Move,office
1571381356.324,537,556,None,Move,office
1571381356.329,537,555,None,Move,office
1571381356.337,537,553,None,Move,office
1571381356.346,537,552,None,Move,office
1571381356.354,537,550,None,Move,office
1571381356.3620002,537,549,None,Move,office
1571381356.37,537,547,None,Move,office
1571381356.3779998,537,546,None,Move,office
1571381356.385,537,544,None,Move,office
1571381356.397,537,543,None,Move,office
1571381356.4020002,537,541,None,Move,office
1571381356.406,537,540,None,Move,office
1571381356.416,537,539,None,Move,office
1571381356.456,537,539,Left,Pressed,office
1571381356.529,537,539,Left,Released,office
1571381368.812,537,539,None,Move,office
1571381368.819,546,565,None,Move,office
1571381368.827,549,589,None,Move,office
1571381368.836,552,602,None,Move,office
1571381368.843,552,629,None,Move,office
1571381368.851,552,661,None,Move,office
1571381368.859,552,671,None,Move,office
1571381369.1120002,552,671,None,Move,office
1571381369.158,552,670,None,Move,office
1571381369.166,554,662,None,Move,office
1571381369.174,556,655,None,Move,office
1571381369.1820002,561,648,None,Move,office
1571381369.19,566,641,None,Move,office
1571381369.198,568,634,None,Move,office
1571381369.205,573,625,None,Move,office
1571381369.214,577,618,None,Move,office
1571381369.22,582,611,None,Move,office
1571381369.228,585,605,None,Move,office
1571381369.236,588,601,None,Move,office
1571381369.244,591,597,None,Move,office
1571381369.252,595,594,None,Move,office
1571381369.2589998,598,590,None,Move,office
1571381369.2670002,600,587,None,Move,office
1571381369.275,602,589,None,Move,office
1571381369.284,602,590,None,Move,office
1571381369.29,602,590,None,Move,office
1571381369.298,600,591,None,Move,office
1571381369.306,597,593,None,Move,office
1571381369.314,595,595,None,Move,office
1571381369.322,593,597,None,Move,office
1571381369.33,591,598,None,Move,office
1571381369.3379998,589,600,None,Move,office
1571381369.346,589,601,None,Move,office
1571381369.354,589,603,None,Move,office
1571381369.36,591,603,None,Move,office
1571381369.367,594,603,None,Move,office
1571381369.375,599,603,None,Move,office
1571381369.383,604,603,None,Move,office
1571381369.3920002,608,604,None,Move,office
1571381369.4,610,606,None,Move,office
1571381369.408,613,607,None,Move,office
1571381369.416,615,608,None,Move,office
1571381369.424,616,609,None,Move,office
1571381369.43,616,610,None,Move,office
1571381369.438,616,611,None,Move,office
1571381369.676,616,611,None,Move,office
1571381369.688,616,611,None,Move,office
1571381369.696,615,612,None,Move,office
1571381369.704,614,612,None,Move,office
1571381369.715,613,612,None,Move,office
1571381369.762,613,612,Left,Pressed,office
1571381369.8479998,613,612,Left,Released,office
1571381371.294,613,613,None,Move,office
1571381371.301,612,614,None,Move,office
1571381371.31,611,616,None,Move,office
1571381371.3170002,610,618,None,Move,office
1571381371.326,610,621,None,Move,office
1571381371.334,610,624,None,Move,office
1571381371.342,610,628,None,Move,office
1571381371.347,610,633,None,Move,office
1571381371.356,610,640,None,Move,office
1571381371.3639998,610,647,None,Move,office
1571381371.3720002,611,653,None,Move,office
1571381371.38,614,662,None,Move,office
1571381371.3879998,616,669,None,Move,office
1571381371.396,618,676,None,Move,office
1571381371.403,620,681,None,Move,office
1571381371.411,623,686,None,Move,office
1571381371.42,624,692,None,Move,office
1571381371.426,625,694,None,Move,office
1571381371.434,627,697,None,Move,office
1571381371.441,629,700,None,Move,office
1571381371.45,631,705,None,Move,office
1571381371.458,633,710,None,Move,office
1571381371.466,635,714,None,Move,office
1571381371.474,637,718,None,Move,office
1571381371.482,638,721,None,Move,office
1571381371.49,640,725,None,Move,office
1571381371.495,642,727,None,Move,office
1571381371.504,644,730,None,Move,office
1571381371.5110002,645,732,None,Move,office
1571381371.52,647,733,None,Move,office
1571381371.5270002,648,734,None,Move,office
1571381371.536,648,735,None,Move,office
1571381371.544,650,736,None,Move,office
1571381371.552,651,736,None,Move,office
1571381371.56,651,736,None,Move,office
1571381371.566,652,736,None,Move,office
1571381371.6139998,653,736,None,Move,office
1571381371.6220002,653,736,Left,Pressed,office
1571381371.73,653,736,Left,Released,office
1571381372.485,653,738,None,Move,office
1571381372.4910002,653,745,None,Move,office
1571381372.4989998,653,751,None,Move,office
1571381372.5070002,652,761,None,Move,office
1571381372.516,648,774,None,Move,office
1571381372.524,641,791,None,Move,office
1571381372.531,632,818,None,Move,office
1571381372.54,621,848,None,Move,office
1571381372.5470002,612,875,None,Move,office
1571381372.554,605,892,None,Move,office
1571381372.562,599,909,None,Move,office
1571381372.569,594,932,None,Move,office
1571381372.577,589,957,None,Move,office
1571381372.586,586,985,None,Move,office
1571381372.593,583,1009,None,Move,office
1571381372.601,581,1025,None,Move,office
1571381372.61,580,1038,None,Move,office
1571381372.617,579,1048,None,Move,office
1571381372.623,576,1055,None,Move,office
1571381372.6320002,575,1060,None,Move,office
1571381372.64,573,1064,None,Move,office
1571381372.647,573,1067,None,Move,office
1571381372.656,573,1069,None,Move,office
1571381372.663,573,1071,None,Move,office
1571381372.6720002,573,1072,None,Move,office
1571381372.679,573,1073,None,Move,office
1571381372.687,573,1074,None,Move,office
1571381372.779,573,1074,None,Move,office
1571381372.792,572,1075,None,Move,office
1571381372.8,571,1076,None,Move,office
1571381372.8079998,570,1076,None,Move,office
1571381372.816,568,1078,None,Move,office
1571381372.824,566,1079,None,Move,office
1571381372.832,565,1081,None,Move,office
1571381372.8379998,562,1080,None,Move,office
1571381372.845,558,1081,None,Move,office
1571381372.854,553,1079,None,Move,office
1571381372.8620002,548,1080,None,Move,office
1571381372.869,543,1079,None,Move,office
1571381372.877,538,1079,None,Move,office
1571381372.8860002,531,1078,None,Move,office
1571381372.894,526,1076,None,Move,office
1571381372.9020002,521,1075,None,Move,office
1571381372.908,515,1073,None,Move,office
1571381372.916,511,1072,None,Move,office
1571381372.924,507,1070,None,Move,office
1571381372.9320002,504,1069,None,Move,office
1571381372.94,501,1068,None,Move,office
1571381372.948,500,1067,None,Move,office
1571381372.956,498,1066,None,Move,office
1571381372.9629998,497,1066,None,Move,office
1571381372.971,497,1065,None,Move,office
1571381372.978,496,1063,None,Move,office
1571381372.986,495,1063,None,Move,office
1571381372.998,494,1062,None,Move,office
1571381373.01,494,1061,None,Move,office
1571381373.1120002,494,1061,Left,Pressed,office
1571381373.204,494,1061,Left,Released,office
1571381373.379,494,1061,None,Move,browsing
1571381373.387,496,1059,None,Move,browsing
1571381373.395,497,1058,None,Move,browsing
1571381373.401,504,1050,None,Move,browsing
1571381373.408,518,1031,None,Move,browsing
1571381373.416,546,977,None,Move,browsing
1571381373.424,579,895,None,Move,browsing
1571381373.4329998,611,804,None,Move,browsing
1571381373.44,645,709,None,Move,browsing
1571381373.449,680,602,None,Move,browsing
1571381373.457,707,486,None,Move,browsing
1571381373.465,717,378,None,Move,browsing
1571381373.4729998,722,283,None,Move,browsing
1571381373.479,732,198,None,Move,browsing
1571381373.4870002,729,119,None,Move,browsing
1571381373.495,721,53,None,Move,browsing
1571381373.5029998,721,-6,None,Move,browsing
1571381373.5110002,723,-45,None,Move,browsing
1571381373.519,725,-82,None,Move,browsing
1571381373.5270002,728,-118,None,Move,browsing
1571381373.536,731,-153,None,Move,browsing
1571381373.544,732,-177,None,Move,browsing
1571381373.549,733,-191,None,Move,browsing
1571381373.5579998,735,-200,None,Move,browsing
1571381373.566,736,-204,None,Move,browsing
1571381373.573,737,-205,None,Move,browsing
1571381373.725,737,-204,None,Move,browsing
1571381373.734,733,-199,None,Move,browsing
1571381373.742,730,-195,None,Move,browsing
1571381373.75,726,-190,None,Move,browsing
1571381373.755,721,-185,None,Move,browsing
1571381373.7629998,716,-180,None,Move,browsing
1571381373.771,711,-176,None,Move,browsing
1571381373.778,706,-171,None,Move,browsing
1571381373.7870002,702,-168,None,Move,browsing
1571381373.796,698,-165,None,Move,browsing
1571381373.804,696,-164,None,Move,browsing
1571381373.811,693,-163,None,Move,browsing
1571381373.82,691,-162,None,Move,browsing
1571381373.825,689,-160,None,Move,browsing
1571381373.834,687,-159,None,Move,browsing
1571381373.842,681,-157,None,Move,browsing
1571381373.85,676,-155,None,Move,browsing
1571381373.857,671,-155,None,Move,browsing
1571381373.8660002,667,-154,None,Move,browsing
1571381373.873,661,-154,None,Move,browsing
1571381373.881,655,-153,None,Move,browsing
1571381373.889,648,-151,None,Move,browsing
1571381373.895,642,-149,None,Move,browsing
1571381373.904,636,-148,None,Move,browsing
1571381373.9120002,629,-146,None,Move,browsing
1571381373.92,623,-144,None,Move,browsing
1571381373.928,616,-143,None,Move,browsing
1571381373.936,610,-141,None,Move,browsing
1571381373.944,605,-139,None,Move,browsing
1571381373.952,599,-135,None,Move,browsing
1571381373.96,593,-131,None,Move,browsing
1571381373.965,588,-126,None,Move,browsing
1571381373.974,583,-121,None,Move,browsing
1571381373.981,581,-119,None,Move,browsing
1571381373.99,580,-118,None,Move,browsing
1571381373.998,579,-116,None,Move,browsing
1571381374.005,578,-115,None,Move,browsing
1571381374.0129998,578,-114,None,Move,browsing
1571381374.022,578,-113,None,Move,browsing
1571381374.03,578,-112,None,Move,browsing
1571381374.038,578,-112,None,Move,browsing
1571381374.044,579,-110,None,Move,browsing
1571381374.052,581,-108,None,Move,browsing
1571381374.06,586,-103,None,Move,browsing
1571381374.0670002,595,-96,None,Move,browsing
1571381374.076,607,-88,None,Move,browsing
1571381374.083,621,-80,None,Move,browsing
1571381374.092,631,-73,None,Move,browsing
1571381374.1,646,-65,None,Move,browsing
1571381374.1079998,661,-55,None,Move,browsing
1571381374.113,673,-49,None,Move,browsing
1571381374.1220002,686,-43,None,Move,browsing
1571381374.13,698,-37,None,Move,browsing
1571381374.137,710,-31,None,Move,browsing
1571381374.146,723,-25,None,Move,browsing
1571381374.154,730,-19,None,Move,browsing
1571381374.1620002,737,-14,None,Move,browsing
1571381374.17,745,-9,None,Move,browsing
1571381374.176,752,-4,None,Move,browsing
1571381374.1829998,759,1,None,Move,browsing
1571381374.1920002,770,9,None,Move,browsing
1571381374.199,777,15,None,Move,browsing
1571381374.208,784,19,None,Move,browsing
1571381374.215,791,22,None,Move,browsing
1571381374.2229998,798,25,None,Move,browsing
1571381374.231,800,26,None,Move,browsing
1571381374.24,802,28,None,Move,browsing
1571381374.246,804,30,None,Move,browsing
1571381374.254,806,32,None,Move,browsing
1571381374.2610002,807,32,None,Move,browsing
1571381374.27,807,33,None,Move,browsing
1571381374.2770002,807,33,None,Move,browsing
1571381374.32,808,34,None,Move,browsing
1571381374.331,809,35,None,Move,browsing
1571381374.34,810,37,None,Move,browsing
1571381374.347,813,39,None,Move,browsing
1571381374.356,816,41,None,Move,browsing
1571381374.3639998,820,43,None,Move,browsing
1571381374.3720002,825,46,None,Move,browsing
1571381374.38,832,49,None,Move,browsing
1571381374.387,841,52,None,Move,browsing
1571381374.393,849,55,None,Move,browsing
1571381374.401,858,58,None,Move,browsing
1571381374.41,865,60,None,Move,browsing
1571381374.418,869,62,None,Move,browsing
1571381374.426,870,64,None,Move,browsing
1571381374.4329998,871,64,None,Move,browsing
1571381374.479,871,64,None,Move,browsing
1571381374.495,870,65,None,Move,browsing
1571381374.504,865,67,None,Move,browsing
1571381374.5110002,858,68,None,Move,browsing
1571381374.52,848,69,None,Move,browsing
1571381374.5270002,837,72,None,Move,browsing
1571381374.533,822,75,None,Move,browsing
1571381374.542,806,77,None,Move,browsing
1571381374.55,790,77,None,Move,browsing
1571381374.5579998,773,77,None,Move,browsing
1571381374.565,755,77,None,Move,browsing
1571381374.574,731,77,None,Move,browsing
1571381374.581,711,77,None,Move,browsing
1571381374.589,687,75,None,Move,browsing
1571381374.597,662,72,None,Move,browsing
1571381374.603,634,68,None,Move,browsing
1571381374.6120002,603,65,None,Move,browsing
1571381374.619,576,61,None,Move,browsing
1571381374.627,548,58,None,Move,browsing
1571381374.6479998,526,55,None,Move,browsing
1571381374.6520002,496,52,None,Move,browsing
1571381374.66,485,52,None,Move,browsing
1571381374.667,475,52,None,Move,browsing
1571381374.674,465,49,None,Move,browsing
1571381374.681,459,49,None,Move,browsing
1571381374.689,454,49,None,Move,browsing
1571381374.697,451,49,None,Move,browsing
1571381374.706,450,49,None,Move,browsing
1571381374.782,448,49,None,Move,browsing
1571381374.796,447,49,None,Move,browsing
1571381374.804,442,49,None,Move,browsing
1571381374.81,435,50,None,Move,browsing
1571381374.8170002,426,50,None,Move,browsing
1571381374.826,416,53,None,Move,browsing
1571381374.833,404,55,None,Move,browsing
1571381374.842,390,55,None,Move,browsing
1571381374.85,377,55,None,Move,browsing
1571381374.8579998,361,55,None,Move,browsing
1571381374.865,345,55,None,Move,browsing
1571381374.873,329,52,None,Move,browsing
1571381374.879,315,51,None,Move,browsing
1571381374.887,300,50,None,Move,browsing
1571381374.896,289,47,None,Move,browsing
1571381374.903,279,45,None,Move,browsing
1571381374.9120002,271,44,None,Move,browsing
1571381374.92,264,42,None,Move,browsing
1571381374.927,260,42,None,Move,browsing
1571381374.935,255,39,None,Move,browsing
1571381374.944,253,39,None,Move,browsing
1571381374.951,252,39,None,Move,browsing
1571381374.958,251,37,None,Move,browsing
1571381374.965,250,37,None,Move,browsing
1571381374.9729998,250,36,None,Move,browsing
1571381375.194,249,36,Left,Pressed,browsing
1571381375.195,249,36,None,Drag,browsing
1571381375.195,249,36,Left,Released,browsing
1571381375.755,249,37,None,Move,browsing
1571381375.771,250,37,None,Move,browsing
1571381375.779,252,39,None,Move,browsing
1571381375.7870002,255,42,None,Move,browsing
1571381375.795,257,44,None,Move,browsing
1571381375.802,260,46,None,Move,browsing
1571381375.809,263,48,None,Move,browsing
1571381375.8170002,266,51,None,Move,browsing
1571381375.825,270,53,None,Move,browsing
1571381375.833,272,55,None,Move,browsing
1571381375.841,274,56,None,Move,browsing
1571381375.849,275,58,None,Move,browsing
1571381375.857,277,59,None,Move,browsing
1571381375.869,278,60,None,Move,browsing
1571381376.377,278,60,None,Move,browsing
1571381376.391,285,64,None,Move,browsing
1571381376.396,298,68,None,Move,browsing
1571381376.4020002,317,72,None,Move,browsing
1571381376.409,347,76,None,Move,browsing
1571381376.417,385,80,None,Move,browsing
1571381376.425,428,84,None,Move,browsing
1571381376.4329998,478,88,None,Move,browsing
1571381376.439,539,100,None,Move,browsing
1571381376.46,599,109,None,Move,browsing
1571381376.466,718,118,None,Move,browsing
1571381376.472,774,121,None,Move,browsing
1571381376.479,830,117,None,Move,browsing
1571381376.4870002,889,113,None,Move,browsing
1571381376.495,952,108,None,Move,browsing
1571381376.5029998,1005,104,None,Move,browsing
1571381376.5089998,1055,107,None,Move,browsing
1571381376.5170002,1096,113,None,Move,browsing
1571381376.525,1144,124,None,Move,browsing
1571381376.533,1191,130,None,Move,browsing
1571381376.541,1229,136,None,Move,browsing
1571381376.549,1260,140,None,Move,browsing
1571381376.5570002,1284,142,None,Move,browsing
1571381376.565,1304,143,None,Move,browsing
1571381376.573,1326,146,None,Move,browsing
1571381376.579,1342,147,None,Move,browsing
1571381376.587,1360,150,None,Move,browsing
1571381376.595,1376,153,None,Move,browsing
1571381376.603,1390,156,None,Move,browsing
1571381376.611,1402,161,None,Move,browsing
1571381376.619,1414,166,None,Move,browsing
1571381376.627,1426,171,None,Move,browsing
1571381376.635,1436,175,None,Move,browsing
1571381376.643,1446,177,None,Move,browsing
1571381376.649,1456,180,None,Move,browsing
1571381376.657,1465,181,None,Move,browsing
1571381376.665,1474,182,None,Move,browsing
1571381376.673,1482,185,None,Move,browsing
1571381376.681,1492,186,None,Move,browsing
1571381376.689,1502,187,None,Move,browsing
1571381376.697,1511,187,None,Move,browsing
1571381376.705,1521,186,None,Move,browsing
1571381376.7129998,1529,185,None,Move,browsing
1571381376.719,1539,183,None,Move,browsing
1571381376.7270002,1547,183,None,Move,browsing
1571381376.735,1554,182,None,Move,browsing
1571381376.7429998,1559,181,None,Move,browsing
1571381376.7510002,1561,181,None,Move,browsing
1571381376.7589998,1562,181,None,Move,browsing
1571381376.7670002,1564,181,None,Move,browsing
1571381376.775,1565,181,None,Move,browsing
1571381376.783,1565,181,None,Move,browsing
1571381376.791,1566,181,None,Move,browsing
1571381376.801,1567,181,None,Move,browsing
1571381376.81,1568,181,None,Move,browsing
1571381376.8170002,1570,180,None,Move,browsing
1571381376.825,1571,180,None,Move,browsing
1571381376.833,1573,180,None,Move,browsing
1571381376.841,1575,180,None,Move,browsing
1571381376.849,1579,180,None,Move,browsing
1571381376.855,1583,179,None,Move,browsing
1571381376.863,1589,179,None,Move,browsing
1571381376.871,1596,177,None,Move,browsing
1571381376.879,1603,176,None,Move,browsing
1571381376.887,1610,174,None,Move,browsing
1571381376.896,1616,173,None,Move,browsing
1571381376.9020002,1623,172,None,Move,browsing
1571381376.9120002,1628,170,None,Move,browsing
1571381376.919,1632,169,None,Move,browsing
1571381376.926,1634,167,None,Move,browsing
1571381376.9329998,1635,167,None,Move,browsing
1571381376.9420002,1637,166,None,Move,browsing
1571381376.949,1638,166,None,Move,browsing
1571381377.0229998,1638,165,None,Move,browsing
1571381377.035,1638,165,None,Move,browsing
1571381377.044,1639,164,None,Move,browsing
1571381377.051,1639,163,None,Move,browsing
1571381377.06,1639,161,None,Move,browsing
1571381377.066,1639,160,None,Move,browsing
1571381377.074,1639,158,None,Move,browsing
1571381377.081,1639,157,None,Move,browsing
1571381377.117,1639,157,Left,Pressed,browsing
1571381377.232,1639,157,Left,Released,browsing
1571381377.335,1639,157,None,Move,browsing
1571381377.346,1638,157,None,Move,browsing
1571381377.353,1637,157,None,Move,browsing
1571381377.3620002,1636,157,None,Move,browsing
1571381377.369,1634,157,None,Move,browsing
1571381377.377,1634,157,None,Move,browsing
1571381377.385,1632,157,None,Move,browsing
1571381377.394,1632,157,None,Move,browsing
1571381377.401,1631,157,None,Move,browsing
1571381377.4429998,1631,157,Left,Pressed,browsing
1571381377.549,1631,157,Left,Released,browsing
1571381388.2470002,1631,156,None,Move,browsing
1571381388.258,1629,152,None,Move,browsing
1571381388.2629998,1628,149,None,Move,browsing
1571381388.269,1628,149,None,Move,browsing
1571381388.458,1628,149,None,Move,browsing
1571381388.546,1628,149,None,Move,browsing
1571381388.552,1629,150,None,Move,browsing
1571381388.561,1631,152,None,Move,browsing
1571381388.57,1632,153,None,Move,browsing
1571381388.577,1634,154,None,Move,browsing
1571381388.586,1636,155,None,Move,browsing
1571381388.593,1636,156,None,Move,browsing
1571381388.601,1638,157,None,Move,browsing
1571381388.61,1638,157,None,Move,browsing
1571381388.617,1638,157,None,Move,browsing
1571381388.656,1638,158,None,Move,browsing
1571381388.6620002,1636,160,None,Move,browsing
1571381388.6720002,1631,162,None,Move,browsing
1571381388.679,1624,164,None,Move,browsing
1571381388.688,1617,166,None,Move,browsing
1571381388.6929998,1611,168,None,Move,browsing
1571381388.701,1601,171,None,Move,browsing
1571381388.71,1591,173,None,Move,browsing
1571381388.717,1581,173,None,Move,browsing
1571381388.725,1571,175,None,Move,browsing
1571381388.7329998,1561,176,None,Move,browsing
1571381388.742,1555,176,None,Move,browsing
1571381388.7489998,1548,176,None,Move,browsing
1571381388.758,1542,176,None,Move,browsing
1571381388.762,1535,176,None,Move,browsing
1571381388.771,1528,175,None,Move,browsing
1571381388.779,1522,174,None,Move,browsing
1571381388.786,1515,172,None,Move,browsing
1571381388.795,1510,170,None,Move,browsing
1571381388.803,1506,170,None,Move,browsing
1571381388.811,1500,169,None,Move,browsing
1571381388.819,1495,169,None,Move,browsing
1571381388.8279998,1488,169,None,Move,browsing
1571381388.833,1482,169,None,Move,browsing
1571381388.842,1475,169,None,Move,browsing
1571381388.849,1467,169,None,Move,browsing
1571381388.857,1461,169,None,Move,browsing
1571381388.865,1457,169,None,Move,browsing
1571381388.873,1455,169,None,Move,browsing
1571381388.881,1453,169,None,Move,browsing
1571381388.89,1452,169,None,Move,browsing
1571381388.897,1452,169,None,Move,browsing
1571381388.947,1451,169,None,Move,browsing
1571381389.113,1450,169,None,Move,browsing
1571381389.125,1449,168,None,Move,browsing
1571381389.133,1448,168,None,Move,browsing
1571381389.141,1447,167,None,Move,browsing
1571381389.149,1447,166,None,Move,browsing
1571381389.2470002,1447,166,Left,Pressed,browsing
1571381389.2470002,1447,166,None,Drag,browsing
1571381389.2470002,1447,166,Left,Released,browsing
1571381389.2610002,1443,166,None,Move,browsing
1571381389.269,1442,167,None,Move,browsing
1571381389.2770002,1440,168,None,Move,browsing
1571381389.285,1439,169,None,Move,browsing
1571381389.367,1439,169,None,Move,browsing
1571381389.379,1439,170,None,Move,browsing
1571381389.387,1442,172,None,Move,browsing
1571381389.394,1448,172,None,Move,browsing
1571381389.401,1454,172,None,Move,browsing
1571381389.41,1461,171,None,Move,browsing
1571381389.417,1463,170,None,Move,browsing
1571381392.714,1463,170,None,Move,browsing
1571381392.72,1455,175,None,Move,browsing
1571381392.73,1438,184,None,Move,browsing
1571381392.735,1419,195,None,Move,browsing
1571381392.744,1403,204,None,Move,browsing
1571381392.7510002,1388,212,None,Move,browsing
1571381392.76,1355,222,None,Move,browsing
1571381392.7670002,1319,234,None,Move,browsing
1571381392.776,1278,253,None,Move,browsing
1571381392.783,1240,270,None,Move,browsing
1571381392.792,1196,294,None,Move,browsing
1571381392.799,1153,312,None,Move,browsing
1571381392.805,1103,330,None,Move,browsing
1571381392.814,1050,350,None,Move,browsing
1571381392.821,1000,373,None,Move,browsing
1571381392.829,955,398,None,Move,browsing
1571381392.837,907,425,None,Move,browsing
1571381392.846,859,453,None,Move,browsing
1571381392.854,814,480,None,Move,browsing
1571381392.8620002,773,504,None,Move,browsing
1571381392.87,734,527,None,Move,browsing
1571381392.8760002,702,545,None,Move,browsing
1571381392.883,671,561,None,Move,browsing
1571381392.8920002,655,571,None,Move,browsing
1571381392.899,641,579,None,Move,browsing
1571381392.908,634,585,None,Move,browsing
1571381392.915,627,589,None,Move,browsing
1571381392.923,621,592,None,Move,browsing
1571381392.931,619,594,None,Move,browsing
1571381392.94,618,596,None,Move,browsing
1571381392.949,617,598,None,Move,browsing
1571381392.957,617,600,None,Move,browsing
1571381392.964,617,601,None,Move,browsing
1571381392.974,617,601,None,Move,browsing
1571381392.982,618,603,None,Move,browsing
1571381392.99,620,603,None,Move,browsing
1571381392.998,621,603,None,Move,browsing
1571381393.006,623,604,None,Move,browsing
1571381393.012,625,606,None,Move,browsing
1571381393.019,626,608,None,Move,browsing
1571381393.028,628,609,None,Move,browsing
1571381393.036,630,610,None,Move,browsing
1571381393.043,630,611,None,Move,browsing
1571381393.071,631,611,None,Move,browsing
1571381393.097,632,611,None,Move,browsing
1571381393.106,634,611,None,Move,browsing
1571381393.113,635,611,None,Move,browsing
1571381393.121,638,611,None,Move,browsing
1571381393.13,641,609,None,Move,browsing
1571381393.137,644,608,None,Move,browsing
1571381393.163,644,605,None,Move,browsing
1571381393.171,647,602,None,Move,browsing
1571381393.179,649,601,None,Move,browsing
1571381393.187,651,600,None,Move,browsing
1571381393.195,652,600,None,Move,browsing
1571381393.217,653,600,None,Move,browsing
1571381393.2370002,653,600,None,Move,browsing
1571381393.245,653,602,None,Move,browsing
1571381393.2529998,652,603,None,Move,browsing
1571381393.2610002,652,604,None,Move,browsing
1571381393.269,652,605,None,Move,browsing
1571381393.278,652,605,None,Move,browsing
1571381393.289,654,605,None,Move,browsing
1571381393.2970002,656,604,None,Move,browsing
1571381393.305,657,603,None,Move,browsing
1571381393.311,658,601,None,Move,browsing
1571381393.319,659,599,None,Move,browsing
1571381393.327,661,597,None,Move,browsing
1571381393.335,663,596,None,Move,browsing
1571381393.343,664,594,None,Move,browsing
1571381393.351,666,593,None,Move,browsing
1571381393.359,670,592,None,Move,browsing
1571381393.367,672,591,None,Move,browsing
1571381393.393,675,590,None,Move,browsing
1571381393.401,682,584,None,Move,browsing
1571381393.409,689,577,None,Move,browsing
1571381393.417,696,569,None,Move,browsing
1571381393.425,705,564,None,Move,browsing
1571381393.4329998,712,559,None,Move,browsing
1571381393.441,718,557,None,Move,browsing
1571381393.449,725,555,None,Move,browsing
1571381393.457,727,553,None,Move,browsing
1571381393.4629998,730,551,None,Move,browsing
1571381393.471,733,550,None,Move,browsing
1571381393.48,734,549,None,Move,browsing
1571381393.4870002,736,548,None,Move,browsing
1571381393.495,738,546,None,Move,browsing
1571381393.5029998,739,545,None,Move,browsing
1571381393.5110002,741,545,None,Move,browsing
1571381393.519,742,544,None,Move,browsing
1571381393.5270002,742,544,None,Move,browsing
1571381393.535,743,543,None,Move,browsing
1571381393.541,743,543,None,Move,browsing
1571381393.549,743,542,None,Move,browsing
1571381393.561,743,540,None,Move,browsing
1571381393.569,742,540,None,Move,browsing
1571381393.577,740,539,None,Move,browsing
1571381393.585,739,539,None,Move,browsing
1571381393.593,737,538,None,Move,browsing
1571381393.601,735,538,None,Move,browsing
1571381393.607,733,538,None,Move,browsing
1571381393.615,728,539,None,Move,browsing
1571381393.6220002,721,544,None,Move,browsing
1571381393.6320002,710,549,None,Move,browsing
1571381393.6379998,696,553,None,Move,browsing
1571381393.647,681,557,None,Move,browsing
1571381393.655,665,561,None,Move,browsing
1571381393.664,647,564,None,Move,browsing
1571381393.671,628,566,None,Move,browsing
1571381393.68,604,570,None,Move,browsing
1571381393.687,579,573,None,Move,browsing
1571381393.694,552,575,None,Move,browsing
1571381393.702,526,575,None,Move,browsing
1571381393.709,500,575,None,Move,browsing
1571381393.718,470,575,None,Move,browsing
1571381393.726,438,575,None,Move,browsing
1571381393.7329998,407,577,None,Move,browsing
1571381393.7410002,381,577,None,Move,browsing
1571381393.7489998,355,577,None,Move,browsing
1571381393.758,329,577,None,Move,browsing
1571381393.7629998,304,574,None,Move,browsing
1571381393.77,288,572,None,Move,browsing
1571381393.78,272,570,None,Move,browsing
1571381393.7870002,260,568,None,Move,browsing
1571381393.796,250,565,None,Move,browsing
1571381393.803,242,563,None,Move,browsing
1571381393.811,235,559,None,Move,browsing
1571381393.819,228,556,None,Move,browsing
1571381393.827,221,552,None,Move,browsing
1571381393.833,218,551,None,Move,browsing
1571381393.844,218,551,None,Move,browsing
1571381393.849,217,551,None,Move,browsing
1571381393.861,217,551,None,Move,browsing
1571381394.119,218,551,None,Move,browsing
1571381394.1279998,239,558,None,Move,browsing
1571381394.133,271,565,None,Move,browsing
1571381394.1420002,318,572,None,Move,browsing
1571381394.149,370,585,None,Move,browsing
1571381394.158,418,594,None,Move,browsing
1571381394.165,457,596,None,Move,browsing
1571381394.173,492,600,None,Move,browsing
1571381394.181,516,603,None,Move,browsing
1571381394.189,545,608,None,Move,browsing
1571381394.195,566,612,None,Move,browsing
1571381394.2029998,588,615,None,Move,browsing
1571381394.211,616,620,None,Move,browsing
1571381394.219,644,625,None,Move,browsing
1571381394.2270002,675,627,None,Move,browsing
1571381394.235,702,630,None,Move,browsing
1571381394.252,748,630,None,Move,browsing
1571381394.2589998,768,630,None,Move,browsing
1571381394.2670002,786,630,None,Move,browsing
1571381394.2729998,802,630,None,Move,browsing
1571381394.282,817,630,None,Move,browsing
1571381394.289,832,630,None,Move,browsing
1571381394.298,846,632,None,Move,browsing
1571381394.305,859,633,None,Move,browsing
1571381394.314,869,634,None,Move,browsing
1571381394.321,880,637,None,Move,browsing
1571381394.329,889,638,None,Move,browsing
1571381394.336,899,641,None,Move,browsing
1571381394.343,907,641,None,Move,browsing
1571381394.351,913,641,None,Move,browsing
1571381394.36,920,641,None,Move,browsing
1571381394.367,926,641,None,Move,browsing
1571381394.3739998,933,641,None,Move,browsing
1571381394.383,938,641,None,Move,browsing
1571381394.3920002,941,641,None,Move,browsing
1571381394.399,943,641,None,Move,browsing
1571381394.407,945,641,None,Move,browsing
1571381394.414,946,641,None,Move,browsing
1571381394.565,946,640,None,Move,browsing
