client_timestamp,x,y,button,state,window
1569400013.5979998,1077,1,None,Move,browsing
1569400013.61,1077,2,None,Move,browsing
1569400013.6179998,1077,2,None,Move,browsing
1569400013.6260002,1076,3,None,Move,browsing
1569400013.6320002,1075,4,None,Move,browsing
1569400013.64,1073,6,None,Move,browsing
1569400013.6479998,1072,9,None,Move,browsing
1569400013.656,1071,9,None,Move,browsing
1569400013.664,1070,11,None,Move,browsing
1569400013.6820002,1067,16,None,Move,browsing
1569400013.687,1064,18,None,Move,browsing
1569400013.698,1062,20,None,Move,browsing
1569400013.7029998,1060,24,None,Move,browsing
1569400013.71,1058,26,None,Move,browsing
1569400013.718,1054,30,None,Move,browsing
1569400013.726,1051,35,None,Move,browsing
1569400013.734,1045,41,None,Move,browsing
1569400013.7410002,1039,49,None,Move,browsing
1569400013.7489998,1029,59,None,Move,browsing
1569400013.7570002,1015,69,None,Move,browsing
1569400013.7770002,995,80,None,Move,browsing
1569400013.783,946,114,None,Move,browsing
1569400013.789,917,130,None,Move,browsing
1569400013.795,885,144,None,Move,browsing
1569400013.803,848,158,None,Move,browsing
1569400013.811,807,176,None,Move,browsing
1569400013.819,771,191,None,Move,browsing
1569400013.827,747,201,None,Move,browsing
1569400013.835,725,208,None,Move,browsing
1569400013.843,707,217,None,Move,browsing
1569400013.849,689,226,None,Move,browsing
1569400013.857,670,231,None,Move,browsing
1569400013.865,648,237,None,Move,browsing
1569400013.873,627,240,None,Move,browsing
1569400013.881,609,244,None,Move,browsing
1569400013.889,592,247,None,Move,browsing
1569400013.897,570,253,None,Move,browsing
1569400013.9020002,551,254,None,Move,browsing
1569400013.911,534,256,None,Move,browsing
1569400013.918,517,258,None,Move,browsing
1569400013.926,502,258,None,Move,browsing
1569400013.934,489,258,None,Move,browsing
1569400013.9420002,474,258,None,Move,browsing
1569400013.95,461,255,None,Move,browsing
1569400013.956,446,254,None,Move,browsing
1569400013.964,433,252,None,Move,browsing
1569400013.972,415,250,None,Move,browsing
1569400013.98,400,249,None,Move,browsing
1569400013.988,381,247,None,Move,browsing
1569400013.996,362,247,None,Move,browsing
1569400014.004,343,247,None,Move,browsing
1569400029.532,53,61,None,Move,browsing
1569400029.5779998,52,61,None,Move,browsing
1569400029.59,51,60,None,Move,browsing
1569400029.5979998,50,60,None,Move,browsing
1569400029.606,49,60,None,Move,browsing
1569400029.6139998,48,60,None,Move,browsing
1569400029.6220002,47,59,None,Move,browsing
1569400029.6279998,45,58,None,Move,browsing
1569400029.6360002,44,58,None,Move,browsing
1569400029.644,42,57,None,Move,browsing
1569400029.653,40,57,None,Move,browsing
1569400029.66,38,57,None,Move,browsing
1569400029.669,36,56,None,Move,browsing
1569400029.677,33,56,None,Move,browsing
1569400029.6820002,30,56,None,Move,browsing
1569400029.691,28,56,None,Move,browsing
1569400029.699,26,56,None,Move,browsing
1569400029.707,25,56,None,Move,browsing
1569400029.719,25,55,None,Move,browsing
1569400029.7329998,25,54,None,Move,browsing
1569400029.7410002,23,54,None,Move,browsing
1569400029.748,21,54,None,Move,browsing
1569400029.756,19,54,None,Move,browsing
1569400029.765,16,54,None,Move,browsing
1569400029.7729998,16,54,None,Move,browsing
1569400029.781,15,54,None,Move,browsing
1569400029.836,15,53,None,Move,browsing
1569400029.845,15,53,None,Move,browsing
1569400029.8520002,15,52,None,Move,browsing
1569400029.9220002,15,51,Left,Pressed,browsing
1569400029.9220002,15,51,None,Drag,browsing
1569400029.9220002,15,51,Left,Released,browsing
1569400030.562,15,51,None,Move,browsing
1569400030.57,22,53,None,Move,browsing
1569400030.5779998,31,56,None,Move,browsing
1569400030.585,42,59,None,Move,browsing
1569400030.592,56,63,None,Move,browsing
1569400030.6,71,66,None,Move,browsing
1569400030.6079998,90,66,None,Move,browsing
1569400030.6160002,111,65,None,Move,browsing
1569400030.6239998,145,69,None,Move,browsing
1569400030.631,182,73,None,Move,browsing
1569400030.6379998,219,78,None,Move,browsing
1569400030.646,251,82,None,Move,browsing
1569400030.654,288,87,None,Move,browsing
1569400030.6620002,319,87,None,Move,browsing
1569400030.67,350,87,None,Move,browsing
1569400030.678,385,87,None,Move,browsing
1569400030.685,406,89,None,Move,browsing
1569400030.6929998,427,90,None,Move,browsing
1569400030.701,447,94,None,Move,browsing
1569400030.709,460,97,None,Move,browsing
1569400030.717,473,100,None,Move,browsing
1569400030.725,485,104,None,Move,browsing
1569400030.732,496,107,None,Move,browsing
1569400030.738,507,110,None,Move,browsing
1569400030.7470002,517,115,None,Move,browsing
1569400030.755,524,119,None,Move,browsing
1569400030.762,528,122,None,Move,browsing
1569400030.77,530,124,None,Move,browsing
1569400030.778,532,126,None,Move,browsing
1569400030.786,534,129,None,Move,browsing
1569400030.792,537,130,None,Move,browsing
1569400030.8,538,131,None,Move,browsing
1569400030.8079998,538,131,None,Move,browsing
1569400030.816,539,132,None,Move,browsing
1569400030.836,540,133,None,Move,browsing
1569400030.854,541,134,None,Move,browsing
1569400030.8620002,541,135,None,Move,browsing
1569400030.87,542,136,None,Move,browsing
1569400030.8779998,542,137,None,Move,browsing
1569400030.8860002,542,139,None,Move,browsing
1569400030.894,543,141,None,Move,browsing
1569400030.9,543,143,None,Move,browsing
1569400030.908,544,147,None,Move,browsing
1569400030.916,544,150,None,Move,browsing
1569400030.924,544,153,None,Move,browsing
1569400030.9320002,544,155,None,Move,browsing
1569400030.94,543,158,None,Move,browsing
1569400030.948,541,160,None,Move,browsing
1569400030.954,538,165,None,Move,browsing
1569400030.962,531,170,None,Move,browsing
1569400030.971,521,180,None,Move,browsing
1569400030.979,505,190,None,Move,browsing
1569400030.986,487,203,None,Move,browsing
1569400030.995,460,219,None,Move,browsing
1569400031.0,438,233,None,Move,browsing
1569400031.0089998,414,245,None,Move,browsing
1569400031.0170002,389,258,None,Move,browsing
1569400031.025,365,268,None,Move,browsing
1569400031.033,346,273,None,Move,browsing
1569400031.051,311,283,None,Move,browsing
1569400031.0570002,289,287,None,Move,browsing
1569400031.063,270,291,None,Move,browsing
1569400031.071,253,292,None,Move,browsing
1569400031.079,233,296,None,Move,browsing
1569400031.087,221,296,None,Move,browsing
1569400031.095,210,296,None,Move,browsing
1569400031.103,201,296,None,Move,browsing
1569400031.111,190,296,None,Move,browsing
1569400031.117,182,296,None,Move,browsing
1569400031.125,178,296,None,Move,browsing
1569400031.133,176,296,None,Move,browsing
1569400031.179,176,296,None,Move,browsing
1569400031.191,177,296,None,Move,browsing
1569400031.198,179,297,None,Move,browsing
1569400031.206,181,298,None,Move,browsing
1569400031.214,184,299,None,Move,browsing
1569400031.22,186,301,None,Move,browsing
1569400031.228,188,304,None,Move,browsing
1569400031.2370002,192,306,None,Move,browsing
1569400031.245,197,310,None,Move,browsing
1569400031.252,206,315,None,Move,browsing
1569400031.26,216,319,None,Move,browsing
1569400031.266,227,326,None,Move,browsing
1569400031.275,241,333,None,Move,browsing
1569400031.282,254,336,None,Move,browsing
1569400031.291,270,339,None,Move,browsing
1569400031.298,285,343,None,Move,browsing
1569400031.3070002,298,346,None,Move,browsing
1569400031.315,311,349,None,Move,browsing
1569400031.321,325,353,None,Move,browsing
1569400031.329,338,356,None,Move,browsing
1569400031.336,351,359,None,Move,browsing
1569400031.344,362,363,None,Move,browsing
1569400031.3520002,374,366,None,Move,browsing
1569400031.361,383,369,None,Move,browsing
1569400031.3679998,392,372,None,Move,browsing
1569400031.3739998,403,374,None,Move,browsing
1569400031.3820002,410,375,None,Move,browsing
1569400031.39,415,376,None,Move,browsing
1569400031.3979998,419,377,None,Move,browsing
1569400031.406,421,377,None,Move,browsing
1569400031.415,423,377,None,Move,browsing
1569400031.423,425,377,None,Move,browsing
1569400031.429,427,378,None,Move,browsing
1569400031.437,429,378,None,Move,browsing
1569400031.445,431,378,None,Move,browsing
1569400031.4529998,432,378,None,Move,browsing
1569400031.461,434,378,None,Move,browsing
1569400031.469,436,378,None,Move,browsing
1569400031.4770002,439,377,None,Move,browsing
1569400031.4829998,442,375,None,Move,browsing
1569400031.4910002,445,375,None,Move,browsing
1569400031.4989998,447,375,None,Move,browsing
1569400031.5070002,451,377,None,Move,browsing
1569400032.154,452,377,None,Move,browsing
1569400032.1620002,452,377,None,Move,browsing
1569400032.17,452,377,None,Move,browsing
1569400032.18,452,376,None,Move,browsing
1569400032.188,452,375,None,Move,browsing
1569400032.197,452,374,None,Move,browsing
1569400032.204,452,373,None,Move,browsing
1569400032.2129998,452,371,None,Move,browsing
1569400032.22,452,369,None,Move,browsing
1569400032.228,452,367,None,Move,browsing
1569400032.234,452,365,None,Move,browsing
1569400032.242,452,363,None,Move,browsing
1569400032.25,452,361,None,Move,browsing
1569400032.258,452,360,None,Move,browsing
1569400032.2670002,451,358,None,Move,browsing
1569400032.274,451,356,None,Move,browsing
1569400032.28,450,356,None,Move,browsing
1569400032.447,450,354,None,Move,browsing
1569400032.455,452,351,None,Move,browsing
1569400032.4629998,454,349,None,Move,browsing
1569400032.471,457,346,None,Move,browsing
1569400032.479,460,343,None,Move,browsing
1569400032.4870002,464,340,None,Move,browsing
1569400032.492,470,334,None,Move,browsing
1569400032.5010002,473,330,None,Move,browsing
1569400032.5089998,479,324,None,Move,browsing
1569400032.5170002,485,318,None,Move,browsing
1569400032.525,489,313,None,Move,browsing
1569400032.533,493,309,None,Move,browsing
1569400032.541,495,306,None,Move,browsing
1569400032.546,499,300,None,Move,browsing
1569400032.555,502,298,None,Move,browsing
1569400032.563,504,294,None,Move,browsing
1569400032.571,506,292,None,Move,browsing
1569400032.579,509,290,None,Move,browsing
1569400032.6,511,288,None,Move,browsing
1569400032.605,513,283,None,Move,browsing
1569400032.609,514,281,None,Move,browsing
1569400032.617,515,279,None,Move,browsing
1569400032.6239998,516,278,None,Move,browsing
1569400032.6320002,517,277,None,Move,browsing
1569400032.64,519,276,None,Move,browsing
1569400032.6479998,520,274,None,Move,browsing
1569400032.654,521,273,None,Move,browsing
1569400032.6620002,523,272,None,Move,browsing
1569400032.67,525,272,None,Move,browsing
1569400032.678,527,272,None,Move,browsing
1569400032.687,529,271,None,Move,browsing
1569400032.695,531,271,None,Move,browsing
1569400032.702,533,271,None,Move,browsing
1569400032.708,536,271,None,Move,browsing
1569400032.717,538,271,None,Move,browsing
1569400032.725,539,271,None,Move,browsing
1569400032.7329998,541,272,None,Move,browsing
1569400032.7410002,541,272,None,Move,browsing
1569400032.748,543,272,None,Move,browsing
1569400032.754,545,272,None,Move,browsing
1569400032.7629998,547,272,None,Move,browsing
1569400032.771,549,272,None,Move,browsing
1569400032.779,552,272,None,Move,browsing
1569400032.7870002,554,272,None,Move,browsing
1569400032.795,556,272,None,Move,browsing
1569400032.803,558,273,None,Move,browsing
1569400032.811,560,273,None,Move,browsing
1569400032.8170002,562,273,None,Move,browsing
1569400032.825,563,273,None,Move,browsing
1569400032.833,565,273,None,Move,browsing
1569400032.841,567,273,None,Move,browsing
1569400032.849,568,273,None,Move,browsing
1569400032.857,570,273,None,Move,browsing
1569400032.863,571,272,None,Move,browsing
1569400032.87,573,271,None,Move,browsing
1569400032.879,574,270,None,Move,browsing
1569400032.8860002,575,270,None,Move,browsing
1569400032.895,576,269,None,Move,browsing
1569400032.9020002,577,268,None,Move,browsing
1569400032.91,577,268,None,Move,browsing
1569400032.916,579,267,None,Move,browsing
1569400032.924,580,266,None,Move,browsing
1569400032.9329998,581,265,None,Move,browsing
1569400032.945,582,265,None,Move,browsing
1569400032.9529998,582,264,None,Move,browsing
1569400033.0570002,582,263,None,Move,browsing
1569400033.069,582,263,None,Move,browsing
1569400033.077,581,263,None,Move,browsing
1569400033.082,579,263,None,Move,browsing
1569400033.091,577,263,None,Move,browsing
1569400033.099,575,263,None,Move,browsing
1569400033.107,572,264,None,Move,browsing
1569400033.115,568,265,None,Move,browsing
1569400033.123,565,267,None,Move,browsing
1569400033.1279998,559,269,None,Move,browsing
1569400033.137,556,270,None,Move,browsing
1569400033.145,551,273,None,Move,browsing
1569400033.1520002,547,274,None,Move,browsing
1569400033.161,542,277,None,Move,browsing
1569400033.168,537,279,None,Move,browsing
1569400033.177,530,282,None,Move,browsing
1569400033.1829998,522,285,None,Move,browsing
1569400033.191,515,288,None,Move,browsing
1569400033.198,508,291,None,Move,browsing
1569400033.206,499,294,None,Move,browsing
1569400033.215,490,297,None,Move,browsing
1569400033.2229998,481,298,None,Move,browsing
1569400033.231,471,302,None,Move,browsing
1569400033.236,462,305,None,Move,browsing
1569400033.245,457,307,None,Move,browsing
1569400033.2529998,448,310,None,Move,browsing
1569400033.2610002,443,312,None,Move,browsing
1569400033.269,434,313,None,Move,browsing
1569400033.288,418,315,None,Move,browsing
1569400033.293,409,315,None,Move,browsing
1569400033.299,403,315,None,Move,browsing
1569400033.3070002,398,315,None,Move,browsing
1569400033.315,393,315,None,Move,browsing
1569400033.323,387,315,None,Move,browsing
1569400033.331,382,315,None,Move,browsing
1569400033.337,379,315,None,Move,browsing
1569400033.345,377,315,None,Move,browsing
1569400033.353,376,315,None,Move,browsing
1569400033.502,373,315,None,Move,browsing
1569400033.5110002,364,309,None,Move,browsing
1569400033.519,353,306,None,Move,browsing
1569400033.5270002,339,302,None,Move,browsing
1569400033.534,326,299,None,Move,browsing
1569400033.543,313,296,None,Move,browsing
1569400033.549,300,294,None,Move,browsing
1569400033.556,287,296,None,Move,browsing
1569400033.565,275,299,None,Move,browsing
1569400033.582,265,304,None,Move,browsing
1569400033.5879998,263,304,None,Move,browsing
1569400033.597,261,304,None,Move,browsing
1569400033.6020002,259,304,None,Move,browsing
1569400033.611,258,304,None,Move,browsing
1569400033.619,256,304,None,Move,browsing
1569400033.627,253,302,None,Move,browsing
1569400033.635,251,301,None,Move,browsing
1569400033.643,249,301,None,Move,browsing
1569400033.651,247,300,None,Move,browsing
1569400033.657,245,298,None,Move,browsing
1569400033.664,243,297,None,Move,browsing
1569400033.673,240,296,None,Move,browsing
1569400033.681,238,294,None,Move,browsing
1569400033.689,236,292,None,Move,browsing
1569400033.697,234,290,None,Move,browsing
1569400033.705,231,288,None,Move,browsing
1569400033.711,229,286,None,Move,browsing
1569400033.718,226,284,None,Move,browsing
1569400033.7270002,222,282,None,Move,browsing
1569400033.735,220,280,None,Move,browsing
1569400033.7429998,215,277,None,Move,browsing
1569400033.7510002,211,276,None,Move,browsing
1569400033.7589998,204,273,None,Move,browsing
1569400033.765,199,271,None,Move,browsing
1569400033.7729998,192,268,None,Move,browsing
1569400033.781,185,265,None,Move,browsing
1569400033.789,179,262,None,Move,browsing
1569400033.7970002,174,260,None,Move,browsing
1569400033.805,167,257,None,Move,browsing
1569400033.813,163,254,None,Move,browsing
1569400033.819,161,252,None,Move,browsing
1569400033.827,159,250,None,Move,browsing
1569400033.835,156,247,None,Move,browsing
1569400033.843,154,245,None,Move,browsing
1569400033.851,150,242,None,Move,browsing
1569400033.859,147,239,None,Move,browsing
1569400033.867,145,237,None,Move,browsing
1569400033.873,142,235,None,Move,browsing
1569400033.881,140,232,None,Move,browsing
1569400033.889,138,230,None,Move,browsing
1569400033.897,135,228,None,Move,browsing
1569400033.905,133,225,None,Move,browsing
1569400033.913,132,223,None,Move,browsing
1569400033.921,131,222,None,Move,browsing
1569400033.927,131,221,None,Move,browsing
1569400033.934,130,221,None,Move,browsing
1569400033.947,130,220,None,Move,browsing
1569400034.0170002,130,219,None,Move,browsing
1569400034.024,130,217,None,Move,browsing
1569400034.03,130,215,None,Move,browsing
1569400034.038,131,214,None,Move,browsing
1569400034.046,131,213,None,Move,browsing
1569400034.055,131,212,None,Move,browsing
1569400034.615,132,212,None,Move,browsing
1569400034.625,133,213,None,Move,browsing
1569400034.633,135,214,None,Move,browsing
1569400034.641,137,215,None,Move,browsing
1569400034.649,141,216,None,Move,browsing
1569400034.656,143,217,None,Move,browsing
1569400034.6620002,145,218,None,Move,browsing
1569400034.67,147,218,None,Move,browsing
1569400034.679,149,218,None,Move,browsing
1569400034.687,151,218,None,Move,browsing
1569400034.695,151,219,None,Move,browsing
1569400034.7029998,152,219,None,Move,browsing
1569400034.745,153,219,None,Move,browsing
1569400034.7570002,154,220,None,Move,browsing
1569400034.765,155,220,None,Move,browsing
1569400034.7729998,156,221,None,Move,browsing
1569400034.779,158,221,None,Move,browsing
1569400034.7870002,158,222,None,Move,browsing
1569400034.795,159,223,None,Move,browsing
1569400034.803,159,223,None,Move,browsing
1569400034.811,160,223,None,Move,browsing
1569400034.819,161,224,None,Move,browsing
1569400034.825,162,224,None,Move,browsing
1569400034.833,163,225,None,Move,browsing
1569400034.841,165,225,None,Move,browsing
1569400034.849,167,226,None,Move,browsing
1569400034.857,169,226,None,Move,browsing
1569400034.865,170,226,None,Move,browsing
1569400034.873,172,226,None,Move,browsing
1569400034.879,173,227,None,Move,browsing
1569400034.887,175,227,None,Move,browsing
1569400034.895,176,228,None,Move,browsing
1569400034.903,177,228,None,Move,browsing
1569400034.911,178,228,None,Move,browsing
1569400034.919,178,228,None,Move,browsing
1569400034.927,179,229,None,Move,browsing
1569400034.937,180,230,None,Move,browsing
1569400034.9529998,180,231,None,Move,browsing
1569400034.961,180,232,None,Move,browsing
1569400034.969,180,233,None,Move,browsing
1569400034.9770002,181,234,None,Move,browsing
1569400034.985,182,235,None,Move,browsing
1569400034.9910002,183,236,None,Move,browsing
1569400034.998,183,237,None,Move,browsing
1569400035.0110002,183,238,None,Move,browsing
1569400035.019,184,238,None,Move,browsing
1569400035.077,185,238,None,Move,browsing
1569400035.0879998,186,239,None,Move,browsing
1569400035.095,186,240,None,Move,browsing
1569400035.107,186,241,None,Move,browsing
1569400035.115,186,242,None,Move,browsing
1569400035.127,186,243,None,Move,browsing
1569400035.135,185,243,None,Move,browsing
1569400035.141,185,244,None,Move,browsing
1569400035.149,184,244,None,Move,browsing
1569400035.157,183,245,None,Move,browsing
1569400035.165,182,246,None,Move,browsing
1569400035.177,181,247,None,Move,browsing
1569400035.185,181,247,None,Move,browsing
1569400035.1929998,179,247,None,Move,browsing
1569400035.199,174,248,None,Move,browsing
1569400035.207,165,248,None,Move,browsing
1569400035.215,154,251,None,Move,browsing
1569400035.2229998,145,253,None,Move,browsing
1569400035.231,132,254,None,Move,browsing
1569400035.2389998,119,256,None,Move,browsing
1569400035.2470002,104,258,None,Move,browsing
1569400035.2529998,90,259,None,Move,browsing
1569400035.2610002,79,261,None,Move,browsing
1569400035.269,69,261,None,Move,browsing
1569400035.2770002,60,261,None,Move,browsing
1569400035.285,51,260,None,Move,browsing
1569400035.293,47,258,None,Move,browsing
1569400035.299,45,256,None,Move,browsing
1569400035.316,41,251,None,Move,browsing
1569400035.323,40,250,None,Move,browsing
1569400035.331,39,248,None,Move,browsing
1569400035.339,38,246,None,Move,browsing
1569400035.347,37,244,None,Move,browsing
1569400035.3520002,37,242,None,Move,browsing
1569400035.36,37,240,None,Move,browsing
1569400035.3679998,37,237,None,Move,browsing
1569400035.3760002,37,235,None,Move,browsing
1569400035.3839998,38,233,None,Move,browsing
1569400035.3920002,38,231,None,Move,browsing
1569400035.4,38,229,None,Move,browsing
1569400035.406,38,227,None,Move,browsing
1569400035.414,39,225,None,Move,browsing
1569400035.423,39,223,None,Move,browsing
1569400035.431,39,221,None,Move,browsing
1569400035.439,40,219,None,Move,browsing
1569400035.447,41,216,None,Move,browsing
1569400035.455,43,214,None,Move,browsing
1569400035.461,46,211,None,Move,browsing
1569400035.468,48,208,None,Move,browsing
1569400035.476,50,206,None,Move,browsing
1569400035.484,53,202,None,Move,browsing
1569400035.4929998,55,200,None,Move,browsing
1569400035.5010002,57,198,None,Move,browsing
1569400035.5089998,59,196,None,Move,browsing
1569400035.515,61,193,None,Move,browsing
1569400035.5229998,62,191,None,Move,browsing
1569400035.531,64,189,None,Move,browsing
1569400035.539,65,187,None,Move,browsing
1569400035.5470002,66,185,None,Move,browsing
1569400035.554,68,182,None,Move,browsing
1569400035.563,71,180,None,Move,browsing
1569400035.569,73,178,None,Move,browsing
1569400035.577,75,175,None,Move,browsing
1569400035.585,77,173,None,Move,browsing
1569400035.593,80,171,None,Move,browsing
1569400035.601,82,169,None,Move,browsing
1569400035.609,84,166,None,Move,browsing
1569400035.615,87,164,None,Move,browsing
1569400035.623,88,162,None,Move,browsing
1569400035.631,89,160,None,Move,browsing
1569400035.639,90,157,None,Move,browsing
1569400035.647,91,157,None,Move,browsing
1569400035.655,91,156,None,Move,browsing
1569400035.6620002,92,155,None,Move,browsing
1569400035.67,92,154,None,Move,browsing
1569400035.677,93,152,None,Move,browsing
1569400035.685,94,151,None,Move,browsing
1569400035.6929998,95,150,None,Move,browsing
1569400035.701,95,149,None,Move,browsing
1569400035.709,96,147,None,Move,browsing
1569400035.717,97,146,None,Move,browsing
1569400035.7229998,99,145,None,Move,browsing
1569400035.731,100,144,None,Move,browsing
1569400035.7389998,101,143,None,Move,browsing
1569400035.7470002,102,143,None,Move,browsing
1569400035.755,103,143,None,Move,browsing
1569400035.762,104,143,None,Move,browsing
1569400035.771,105,143,None,Move,browsing
1569400035.7770002,107,144,None,Move,browsing
1569400035.789,108,145,None,Move,browsing
1569400035.796,109,146,None,Move,browsing
1569400035.804,109,147,None,Move,browsing
1569400035.812,110,147,None,Move,browsing
1569400035.82,110,148,None,Move,browsing
1569400035.83,110,149,None,Move,browsing
1569400035.855,110,150,None,Move,browsing
1569400036.012,110,150,Left,Pressed,browsing
1569400036.0129998,110,150,None,Drag,browsing
1569400036.0129998,110,150,Left,Released,browsing
1569400036.029,111,150,None,Move,browsing
1569400036.063,112,149,None,Move,browsing
1569400036.071,113,149,None,Move,browsing
1569400036.079,114,149,None,Move,browsing
1569400036.087,116,149,None,Move,browsing
1569400036.095,118,150,None,Move,browsing
1569400036.101,120,151,None,Move,browsing
1569400036.109,127,154,None,Move,browsing
1569400036.117,132,155,None,Move,browsing
1569400036.125,137,158,None,Move,browsing
1569400036.133,141,159,None,Move,browsing
1569400036.141,145,161,None,Move,browsing
1569400036.147,147,164,None,Move,browsing
1569400036.155,149,166,None,Move,browsing
1569400036.163,151,168,None,Move,browsing
1569400036.17,155,170,None,Move,browsing
1569400036.179,157,173,None,Move,browsing
1569400036.186,159,174,None,Move,browsing
1569400036.195,162,175,None,Move,browsing
1569400036.2029998,164,176,None,Move,browsing
1569400036.209,166,177,None,Move,browsing
1569400036.216,167,178,None,Move,browsing
1569400036.225,169,179,None,Move,browsing
1569400036.232,171,180,None,Move,browsing
1569400036.2410002,173,181,None,Move,browsing
1569400036.2489998,174,181,None,Move,browsing
1569400036.2570002,175,182,None,Move,browsing
1569400036.262,176,183,None,Move,browsing
1569400036.27,177,184,None,Move,browsing
1569400036.278,177,185,None,Move,browsing
1569400036.286,177,186,None,Move,browsing
1569400036.294,178,187,None,Move,browsing
1569400036.302,178,188,None,Move,browsing
1569400036.316,178,188,None,Move,browsing
1569400036.324,179,188,None,Move,browsing
1569400036.336,179,189,None,Move,browsing
1569400036.349,179,190,None,Move,browsing
1569400036.361,180,191,None,Move,browsing
1569400036.37,180,192,None,Move,browsing
1569400036.3779998,180,193,None,Move,browsing
1569400036.3860002,180,194,None,Move,browsing
1569400036.394,180,196,None,Move,browsing
1569400036.406,180,197,None,Move,browsing
1569400036.416,180,198,None,Move,browsing
1569400036.424,180,199,None,Move,browsing
1569400036.436,180,200,None,Move,browsing
1569400036.96,180,200,None,Move,browsing
1569400036.968,180,202,None,Move,browsing
1569400036.976,180,204,None,Move,browsing
1569400036.984,180,207,None,Move,browsing
1569400036.992,180,209,None,Move,browsing
1569400037.0,178,211,None,Move,browsing
1569400037.006,177,214,None,Move,browsing
1569400037.014,176,217,None,Move,browsing
1569400037.022,176,220,None,Move,browsing
1569400037.03,175,222,None,Move,browsing
1569400037.038,174,226,None,Move,browsing
1569400037.046,173,231,None,Move,browsing
1569400037.052,171,236,None,Move,browsing
1569400037.06,171,239,None,Move,browsing
1569400037.0679998,170,247,None,Move,browsing
1569400037.077,170,256,None,Move,browsing
1569400037.084,167,265,None,Move,browsing
1569400037.092,164,274,None,Move,browsing
1569400037.1,161,284,None,Move,browsing
1569400037.107,158,293,None,Move,browsing
1569400037.115,155,296,None,Move,browsing
1569400037.1220002,153,303,None,Move,browsing
1569400037.131,150,308,None,Move,browsing
1569400037.1379998,147,316,None,Move,browsing
1569400037.147,145,319,None,Move,browsing
1569400037.155,142,324,None,Move,browsing
1569400037.161,140,328,None,Move,browsing
1569400037.168,137,331,None,Move,browsing
1569400037.177,135,334,None,Move,browsing
1569400037.185,133,337,None,Move,browsing
1569400037.1929998,130,341,None,Move,browsing
1569400037.2,128,343,None,Move,browsing
1569400037.209,126,347,None,Move,browsing
1569400037.215,123,349,None,Move,browsing
1569400037.2229998,121,351,None,Move,browsing
1569400037.231,119,354,None,Move,browsing
1569400037.2389998,117,356,None,Move,browsing
1569400037.2470002,114,358,None,Move,browsing
1569400037.255,113,360,None,Move,browsing
1569400037.2629998,111,363,None,Move,browsing
1569400037.271,109,365,None,Move,browsing
1569400037.2770002,106,367,None,Move,browsing
1569400037.285,104,370,None,Move,browsing
1569400037.293,102,372,None,Move,browsing
1569400037.301,100,374,None,Move,browsing
1569400037.309,97,376,None,Move,browsing
1569400037.3170002,94,379,None,Move,browsing
1569400037.323,91,381,None,Move,browsing
1569400037.331,88,383,None,Move,browsing
1569400037.339,86,386,None,Move,browsing
1569400037.347,84,388,None,Move,browsing
1569400037.355,84,389,None,Move,browsing
1569400037.363,84,391,None,Move,browsing
1569400037.371,84,392,None,Move,browsing
1569400037.377,84,393,None,Move,browsing
1569400037.3879998,83,393,None,Move,browsing
1569400037.397,83,393,None,Move,browsing
1569400037.413,83,394,None,Move,browsing
1569400037.421,82,394,None,Move,browsing
1569400037.4420002,82,395,None,Move,browsing
1569400037.45,81,395,None,Move,browsing
1569400037.5470002,80,395,None,Move,browsing
1569400037.555,78,395,None,Move,browsing
1569400037.563,76,395,None,Move,browsing
1569400037.571,74,395,None,Move,browsing
1569400037.579,70,395,None,Move,browsing
1569400037.587,64,395,None,Move,browsing
1569400037.593,55,395,None,Move,browsing
1569400037.601,51,395,None,Move,browsing
1569400037.609,46,396,None,Move,browsing
1569400037.617,42,399,None,Move,browsing
1569400037.625,40,400,None,Move,browsing
1569400037.633,38,401,None,Move,browsing
1569400037.641,36,402,None,Move,browsing
1569400037.647,33,403,None,Move,browsing
1569400037.655,31,403,None,Move,browsing
1569400037.663,29,403,None,Move,browsing
1569400037.671,28,403,None,Move,browsing
1569400037.687,27,403,None,Move,browsing
1569400037.708,27,403,None,Move,browsing
1569400037.717,26,401,None,Move,browsing
1569400037.724,25,399,None,Move,browsing
1569400037.7329998,24,397,None,Move,browsing
1569400037.7410002,23,395,None,Move,browsing
1569400037.746,22,393,None,Move,browsing
1569400037.755,21,389,None,Move,browsing
1569400037.7629998,20,386,None,Move,browsing
1569400037.77,19,383,None,Move,browsing
1569400037.779,19,380,None,Move,browsing
1569400037.786,18,378,None,Move,browsing
1569400037.795,16,376,None,Move,browsing
1569400037.801,16,374,None,Move,browsing
1569400037.8079998,16,371,None,Move,browsing
1569400037.816,16,369,None,Move,browsing
1569400037.825,16,367,None,Move,browsing
1569400037.832,16,365,None,Move,browsing
1569400037.84,17,363,None,Move,browsing
1569400037.8479998,17,361,None,Move,browsing
1569400037.854,17,360,None,Move,browsing
1569400037.863,17,358,None,Move,browsing
1569400037.87,18,356,None,Move,browsing
1569400037.879,18,354,None,Move,browsing
1569400037.8860002,18,352,None,Move,browsing
1569400037.895,19,350,None,Move,browsing
1569400037.9,19,348,None,Move,browsing
1569400037.909,19,346,None,Move,browsing
1569400037.917,20,345,None,Move,browsing
1569400037.925,20,344,None,Move,browsing
1569400037.9329998,20,343,None,Move,browsing
1569400037.941,20,341,None,Move,browsing
1569400037.959,20,340,None,Move,browsing
1569400037.967,20,339,None,Move,browsing
1569400037.975,20,338,None,Move,browsing
1569400037.9870002,20,337,None,Move,browsing
1569400037.995,20,336,None,Move,browsing
1569400038.025,20,336,None,Move,browsing
1569400038.0979998,20,335,None,Move,browsing
1569400038.11,21,335,None,Move,browsing
1569400038.1160002,21,334,None,Move,browsing
1569400038.1820002,21,333,None,Move,browsing
1569400038.206,21,332,None,Move,browsing
1569400038.269,22,331,None,Move,browsing
1569400038.279,23,330,None,Move,browsing
1569400038.2870002,24,329,None,Move,browsing
1569400038.295,25,328,None,Move,browsing
1569400038.303,25,327,None,Move,browsing
1569400038.325,25,326,None,Move,browsing
1569400038.415,26,326,None,Move,browsing
1569400038.449,27,326,None,Move,browsing
1569400038.4870002,27,326,Left,Pressed,browsing
1569400038.592,27,326,Left,Released,browsing
1569400038.7470002,27,326,None,Move,browsing
1569400038.8070002,28,326,None,Move,browsing
1569400038.819,29,327,None,Move,browsing
1569400038.827,30,329,None,Move,browsing
1569400038.835,32,332,None,Move,browsing
1569400038.843,34,334,None,Move,browsing
1569400038.85,37,336,None,Move,browsing
1569400038.859,39,340,None,Move,browsing
1569400038.865,41,342,None,Move,browsing
1569400038.873,45,344,None,Move,browsing
1569400038.881,47,347,None,Move,browsing
1569400038.889,49,349,None,Move,browsing
1569400038.897,52,351,None,Move,browsing
1569400038.905,54,354,None,Move,browsing
1569400038.91,55,354,None,Move,browsing
1569400038.918,57,356,None,Move,browsing
1569400038.927,58,357,None,Move,browsing
1569400038.935,60,358,None,Move,browsing
1569400038.9420002,61,359,None,Move,browsing
1569400038.95,61,360,None,Move,browsing
1569400038.962,61,361,None,Move,browsing
1569400038.968,62,362,None,Move,browsing
1569400038.98,62,363,None,Move,browsing
1569400038.992,62,364,None,Move,browsing
1569400039.008,62,365,None,Move,browsing
1569400039.016,62,366,None,Move,browsing
1569400039.0229998,63,366,None,Move,browsing
1569400039.031,63,367,None,Move,browsing
1569400039.039,63,367,None,Move,browsing
1569400039.0470002,63,368,None,Move,browsing
1569400039.055,63,370,None,Move,browsing
1569400039.063,64,371,None,Move,browsing
1569400039.069,65,372,None,Move,browsing
1569400039.077,65,373,None,Move,browsing
1569400039.084,66,375,None,Move,browsing
1569400039.092,67,375,None,Move,browsing
1569400039.1,69,377,None,Move,browsing
1569400039.109,71,378,None,Move,browsing
1569400039.117,74,379,None,Move,browsing
1569400039.125,76,380,None,Move,browsing
1569400039.131,78,381,None,Move,browsing
1569400039.139,80,384,None,Move,browsing
1569400039.147,82,385,None,Move,browsing
1569400039.155,86,387,None,Move,browsing
1569400039.163,88,390,None,Move,browsing
1569400039.171,92,392,None,Move,browsing
1569400039.179,94,393,None,Move,browsing
1569400039.185,98,394,None,Move,browsing
1569400039.1929998,100,395,None,Move,browsing
1569400039.201,102,396,None,Move,browsing
1569400039.209,104,399,None,Move,browsing
1569400039.217,106,400,None,Move,browsing
1569400039.225,109,402,None,Move,browsing
1569400039.2329998,111,403,None,Move,browsing
1569400039.238,113,404,None,Move,browsing
1569400039.2470002,114,406,None,Move,browsing
1569400039.254,116,409,None,Move,browsing
1569400039.2629998,119,411,None,Move,browsing
1569400039.271,120,413,None,Move,browsing
1569400039.279,121,415,None,Move,browsing
1569400039.2870002,123,418,None,Move,browsing
1569400039.293,124,420,None,Move,browsing
1569400039.301,125,422,None,Move,browsing
1569400039.309,127,424,None,Move,browsing
1569400039.3170002,128,426,None,Move,browsing
1569400039.325,129,427,None,Move,browsing
1569400039.332,129,429,None,Move,browsing
1569400039.3379998,129,431,None,Move,browsing
1569400039.347,129,433,None,Move,browsing
1569400039.355,129,435,None,Move,browsing
1569400039.3620002,129,437,None,Move,browsing
1569400039.37,129,439,None,Move,browsing
1569400039.379,128,442,None,Move,browsing
1569400039.3860002,128,444,None,Move,browsing
1569400039.393,127,446,None,Move,browsing
1569400039.401,127,447,None,Move,browsing
1569400039.409,126,448,None,Move,browsing
1569400039.417,125,450,None,Move,browsing
1569400039.425,124,451,None,Move,browsing
1569400039.4329998,124,451,None,Move,browsing
1569400039.441,123,452,None,Move,browsing
1569400039.447,121,454,None,Move,browsing
1569400039.455,118,456,None,Move,browsing
1569400039.4629998,118,456,None,Move,browsing
1569400039.47,117,457,None,Move,browsing
1569400039.478,115,459,None,Move,browsing
1569400039.486,112,461,None,Move,browsing
1569400039.495,110,463,None,Move,browsing
1569400039.5010002,108,464,None,Move,browsing
1569400039.5089998,106,466,None,Move,browsing
1569400039.5170002,103,467,None,Move,browsing
1569400039.525,101,467,None,Move,browsing
1569400039.533,99,467,None,Move,browsing
1569400039.559,98,467,None,Move,browsing
1569400039.587,98,467,None,Move,browsing
1569400039.595,97,465,None,Move,browsing
1569400039.6,94,464,None,Move,browsing
1569400039.609,94,462,None,Move,browsing
1569400039.617,94,461,None,Move,browsing
1569400039.625,94,460,None,Move,browsing
1569400039.633,94,459,None,Move,browsing
1569400039.64,95,457,None,Move,browsing
1569400039.649,98,455,None,Move,browsing
1569400039.654,100,453,None,Move,browsing
1569400039.6620002,102,453,None,Move,browsing
1569400039.67,104,452,None,Move,browsing
1569400039.678,105,452,None,Move,browsing
1569400039.686,106,451,None,Move,browsing
1569400039.695,108,451,None,Move,browsing
1569400039.711,109,451,None,Move,browsing
1569400039.716,110,451,None,Move,browsing
1569400039.724,111,451,None,Move,browsing
1569400039.74,111,451,None,Move,browsing
1569400039.7570002,112,451,None,Move,browsing
1569400039.762,113,451,None,Move,browsing
1569400039.771,115,451,None,Move,browsing
1569400039.779,116,451,None,Move,browsing
1569400039.7870002,117,451,None,Move,browsing
1569400039.795,118,451,None,Move,browsing
1569400039.911,119,450,None,Move,browsing
1569400039.923,120,450,None,Move,browsing
1569400039.9329998,120,449,None,Move,browsing
1569400040.199,120,449,Left,Pressed,browsing
1569400040.327,120,449,Left,Released,browsing
1569400041.224,121,448,None,Move,browsing
1569400041.232,123,446,None,Move,browsing
1569400041.24,126,444,None,Move,browsing
1569400041.248,133,441,None,Move,browsing
1569400041.256,146,439,None,Move,browsing
1569400041.262,161,439,None,Move,browsing
1569400041.27,174,436,None,Move,browsing
1569400041.278,192,433,None,Move,browsing
1569400041.286,213,427,None,Move,browsing
1569400041.294,235,422,None,Move,browsing
1569400041.302,256,418,None,Move,browsing
1569400041.31,276,413,None,Move,browsing
1569400041.316,297,409,None,Move,browsing
1569400041.324,317,406,None,Move,browsing
1569400041.332,336,404,None,Move,browsing
1569400041.34,349,404,None,Move,browsing
1569400041.349,359,404,None,Move,browsing
1569400041.3660002,373,404,None,Move,browsing
1569400041.3720002,375,404,None,Move,browsing
1569400041.3779998,377,404,None,Move,browsing
1569400041.3860002,379,405,None,Move,browsing
1569400041.395,381,405,None,Move,browsing
1569400041.403,383,405,None,Move,browsing
1569400041.411,386,405,None,Move,browsing
1569400041.417,388,405,None,Move,browsing
1569400041.425,388,405,None,Move,browsing
1569400041.4329998,390,405,None,Move,browsing
1569400041.441,392,405,None,Move,browsing
1569400041.449,395,405,None,Move,browsing
1569400041.457,397,405,None,Move,browsing
1569400041.465,399,405,None,Move,browsing
1569400041.471,402,405,None,Move,browsing
1569400041.479,407,405,None,Move,browsing
1569400041.4870002,414,404,None,Move,browsing
1569400041.495,422,404,None,Move,browsing
1569400041.5029998,431,402,None,Move,browsing
1569400041.5110002,438,402,None,Move,browsing
1569400041.518,447,399,None,Move,browsing
1569400041.5270002,456,399,None,Move,browsing
1569400041.533,464,399,None,Move,browsing
1569400041.541,469,399,None,Move,browsing
1569400041.549,477,399,None,Move,browsing
1569400041.5570002,482,399,None,Move,browsing
1569400041.565,489,400,None,Move,browsing
1569400041.573,493,400,None,Move,browsing
1569400041.579,498,400,None,Move,browsing
1569400041.587,502,400,None,Move,browsing
1569400041.595,504,400,None,Move,browsing
1569400041.603,506,400,None,Move,browsing
1569400041.611,507,400,None,Move,browsing
1569400041.619,508,400,None,Move,browsing
1569400041.686,508,400,None,Move,browsing
1569400041.695,506,401,None,Move,browsing
1569400041.7029998,502,404,None,Move,browsing
1569400041.711,495,407,None,Move,browsing
1569400041.718,484,410,None,Move,browsing
1569400041.7270002,473,413,None,Move,browsing
1569400041.735,455,416,None,Move,browsing
1569400041.7410002,434,420,None,Move,browsing
1569400041.748,410,424,None,Move,browsing
1569400041.7570002,389,426,None,Move,browsing
1569400041.765,365,429,None,Move,browsing
1569400041.7729998,336,433,None,Move,browsing
1569400041.781,303,438,None,Move,browsing
1569400041.799,252,440,None,Move,browsing
1569400041.804,231,440,None,Move,browsing
1569400041.811,214,440,None,Move,browsing
1569400041.819,195,440,None,Move,browsing
1569400041.827,178,440,None,Move,browsing
1569400041.835,165,441,None,Move,browsing
1569400041.843,154,441,None,Move,browsing
1569400041.849,146,441,None,Move,browsing
1569400041.857,142,441,None,Move,browsing
1569400041.865,140,440,None,Move,browsing
1569400041.873,139,439,None,Move,browsing
1569400041.881,138,438,None,Move,browsing
1569400041.927,138,437,None,Move,browsing
1569400041.9429998,138,436,None,Move,browsing
1569400041.95,138,435,None,Move,browsing
1569400041.956,137,433,None,Move,browsing
1569400041.965,137,433,None,Move,browsing
1569400041.972,137,431,None,Move,browsing
1569400041.98,137,429,None,Move,browsing
1569400041.988,137,427,None,Move,browsing
1569400041.996,137,424,None,Move,browsing
1569400042.002,137,422,None,Move,browsing
1569400042.0110002,137,420,None,Move,browsing
1569400042.019,138,418,None,Move,browsing
1569400042.0270002,138,416,None,Move,browsing
1569400042.034,139,414,None,Move,browsing
1569400042.042,142,412,None,Move,browsing
1569400042.05,143,409,None,Move,browsing
1569400042.056,145,407,None,Move,browsing
1569400042.065,146,404,None,Move,browsing
1569400042.073,148,401,None,Move,browsing
1569400042.08,151,399,None,Move,browsing
1569400042.089,153,395,None,Move,browsing
1569400042.097,155,393,None,Move,browsing
1569400042.105,158,391,None,Move,browsing
1569400042.111,160,389,None,Move,browsing
1569400042.119,161,386,None,Move,browsing
1569400042.127,163,384,None,Move,browsing
1569400042.1339998,164,382,None,Move,browsing
1569400042.1420002,166,380,None,Move,browsing
1569400042.15,166,379,None,Move,browsing
1569400042.158,166,378,None,Move,browsing
1569400042.165,167,378,None,Move,browsing
1569400042.1720002,167,377,None,Move,browsing
1569400042.188,168,376,None,Move,browsing
1569400042.205,169,375,None,Move,browsing
1569400042.258,170,375,None,Move,browsing
1569400042.331,171,374,None,Move,browsing
1569400042.343,172,374,None,Move,browsing
1569400042.351,173,373,None,Move,browsing
1569400042.359,174,373,None,Move,browsing
1569400042.367,175,373,None,Move,browsing
1569400042.375,176,373,None,Move,browsing
1569400042.381,176,373,None,Move,browsing
1569400042.393,177,373,None,Move,browsing
1569400042.42,178,373,None,Move,browsing
1569400042.43,179,373,None,Move,browsing
1569400042.438,180,372,None,Move,browsing
1569400042.446,181,372,None,Move,browsing
1569400042.454,181,372,None,Move,browsing
1569400042.462,182,372,None,Move,browsing
1569400042.47,183,372,None,Move,browsing
1569400042.476,184,372,None,Move,browsing
1569400042.484,184,371,None,Move,browsing
1569400042.492,185,371,None,Move,browsing
1569400042.5,186,371,None,Move,browsing
1569400042.508,186,371,None,Move,browsing
1569400042.524,187,371,None,Move,browsing
1569400042.579,188,371,None,Move,browsing
1569400042.7329998,189,371,None,Move,browsing
1569400042.7410002,191,373,None,Move,browsing
1569400042.7470002,192,375,None,Move,browsing
1569400042.755,195,377,None,Move,browsing
1569400042.7629998,197,379,None,Move,browsing
1569400042.771,198,382,None,Move,browsing
1569400042.779,199,384,None,Move,browsing
1569400042.7870002,200,385,None,Move,browsing
1569400042.795,200,386,None,Move,browsing
1569400042.805,200,386,None,Move,browsing
1569400042.813,201,386,None,Move,browsing
1569400042.841,201,387,None,Move,browsing
1569400042.849,201,388,None,Move,browsing
1569400042.857,202,390,None,Move,browsing
1569400042.863,202,392,None,Move,browsing
1569400042.87,203,395,None,Move,browsing
1569400042.879,203,397,None,Move,browsing
1569400042.887,204,399,None,Move,browsing
1569400042.895,204,401,None,Move,browsing
1569400042.903,205,402,None,Move,browsing
1569400042.909,206,404,None,Move,browsing
1569400042.916,206,406,None,Move,browsing
1569400042.93,207,407,None,Move,browsing
1569400042.936,208,409,None,Move,browsing
1569400042.94,209,411,None,Move,browsing
1569400042.949,210,413,None,Move,browsing
1569400042.956,211,415,None,Move,browsing
1569400042.9629998,211,416,None,Move,browsing
1569400042.97,211,417,None,Move,browsing
1569400042.979,212,418,None,Move,browsing
1569400043.048,212,419,None,Move,browsing
1569400043.056,213,421,None,Move,browsing
1569400043.064,213,423,None,Move,browsing
1569400043.07,214,425,None,Move,browsing
1569400043.0779998,215,427,None,Move,browsing
1569400043.086,215,429,None,Move,browsing
1569400043.095,216,432,None,Move,browsing
1569400043.1020002,216,434,None,Move,browsing
1569400043.11,217,436,None,Move,browsing
1569400043.1179998,219,438,None,Move,browsing
1569400043.1239998,220,440,None,Move,browsing
1569400043.133,221,445,None,Move,browsing
1569400043.141,222,449,None,Move,browsing
1569400043.149,223,452,None,Move,browsing
1569400043.157,226,457,None,Move,browsing
1569400043.165,227,461,None,Move,browsing
1569400043.17,230,466,None,Move,browsing
1569400043.178,231,469,None,Move,browsing
1569400043.187,233,474,None,Move,browsing
1569400043.195,234,478,None,Move,browsing
1569400043.2029998,234,480,None,Move,browsing
1569400043.211,236,483,None,Move,browsing
1569400043.219,237,486,None,Move,browsing
1569400043.225,237,488,None,Move,browsing
1569400043.2329998,238,490,None,Move,browsing
1569400043.2410002,238,492,None,Move,browsing
1569400043.248,238,494,None,Move,browsing
1569400043.2570002,238,495,None,Move,browsing
1569400043.265,238,497,None,Move,browsing
1569400043.2729998,238,498,None,Move,browsing
1569400043.279,237,499,None,Move,browsing
1569400043.2870002,236,500,None,Move,browsing
1569400043.295,235,501,None,Move,browsing
1569400043.303,234,501,None,Move,browsing
1569400043.311,232,502,None,Move,browsing
1569400043.319,231,502,None,Move,browsing
1569400043.327,230,503,None,Move,browsing
1569400043.333,228,503,None,Move,browsing
1569400043.341,227,503,None,Move,browsing
1569400043.349,226,503,None,Move,browsing
1569400043.357,223,502,None,Move,browsing
1569400043.365,221,500,None,Move,browsing
1569400043.373,219,498,None,Move,browsing
1569400043.379,215,492,None,Move,browsing
1569400043.3860002,212,489,None,Move,browsing
1569400043.394,210,485,None,Move,browsing
1569400043.4020002,208,482,None,Move,browsing
1569400043.41,205,476,None,Move,browsing
1569400043.418,202,471,None,Move,browsing
1569400043.426,200,466,None,Move,browsing
1569400043.4329998,195,458,None,Move,browsing
1569400043.441,193,455,None,Move,browsing
1569400043.448,190,450,None,Move,browsing
1569400043.457,188,446,None,Move,browsing
1569400043.465,186,442,None,Move,browsing
1569400043.4729998,184,438,None,Move,browsing
1569400043.481,183,431,None,Move,browsing
1569400043.486,182,426,None,Move,browsing
1569400043.495,180,417,None,Move,browsing
1569400043.502,180,408,None,Move,browsing
1569400043.5110002,180,399,None,Move,browsing
1569400043.519,182,390,None,Move,browsing
1569400043.5270002,184,383,None,Move,browsing
1569400043.534,187,374,None,Move,browsing
1569400043.541,190,367,None,Move,browsing
1569400043.549,193,358,None,Move,browsing
1569400043.5570002,195,352,None,Move,browsing
1569400043.565,198,345,None,Move,browsing
1569400043.573,200,343,None,Move,browsing
1569400043.581,203,339,None,Move,browsing
1569400043.589,205,337,None,Move,browsing
1569400043.595,207,335,None,Move,browsing
1569400043.603,209,332,None,Move,browsing
1569400043.611,211,331,None,Move,browsing
1569400043.685,212,331,None,Move,browsing
1569400043.697,213,331,None,Move,browsing
1569400043.702,214,333,None,Move,browsing
1569400043.711,215,335,None,Move,browsing
1569400043.718,216,338,None,Move,browsing
1569400043.7270002,218,340,None,Move,browsing
1569400043.735,219,342,None,Move,browsing
1569400043.7429998,219,345,None,Move,browsing
1569400043.7489998,220,349,None,Move,browsing
1569400043.7570002,220,354,None,Move,browsing
1569400043.765,220,357,None,Move,browsing
1569400043.772,220,362,None,Move,browsing
1569400043.781,220,368,None,Move,browsing
1569400043.788,220,375,None,Move,browsing
1569400043.796,220,382,None,Move,browsing
1569400043.802,220,385,None,Move,browsing
1569400043.81,220,390,None,Move,browsing
1569400043.8179998,219,395,None,Move,browsing
1569400043.827,217,404,None,Move,browsing
1569400043.834,216,407,None,Move,browsing
1569400043.843,216,411,None,Move,browsing
1569400043.85,215,413,None,Move,browsing
1569400043.857,215,414,None,Move,browsing
1569400043.865,215,416,None,Move,browsing
1569400043.873,215,417,None,Move,browsing
1569400043.881,215,418,None,Move,browsing
1569400044.175,215,418,None,Move,browsing
1569400044.181,215,420,None,Move,browsing
1569400044.189,215,422,None,Move,browsing
1569400044.197,215,424,None,Move,browsing
1569400044.205,215,427,None,Move,browsing
1569400044.2129998,215,429,None,Move,browsing
1569400044.221,215,431,None,Move,browsing
1569400044.229,215,432,None,Move,browsing
1569400044.234,215,433,None,Move,browsing
1569400044.2429998,215,435,None,Move,browsing
1569400044.25,215,435,None,Move,browsing
1569400044.2589998,216,437,None,Move,browsing
1569400044.266,216,439,None,Move,browsing
1569400044.275,216,440,None,Move,browsing
1569400044.281,216,442,None,Move,browsing
1569400044.289,216,444,None,Move,browsing
1569400044.296,216,446,None,Move,browsing
1569400044.304,216,448,None,Move,browsing
1569400044.312,216,450,None,Move,browsing
1569400044.32,216,451,None,Move,browsing
1569400044.3279998,216,453,None,Move,browsing
1569400044.334,216,455,None,Move,browsing
1569400044.342,216,456,None,Move,browsing
1569400044.35,216,458,None,Move,browsing
1569400044.3579998,215,460,None,Move,browsing
1569400044.371,215,461,None,Move,browsing
1569400044.379,214,463,None,Move,browsing
1569400044.3860002,214,464,None,Move,browsing
1569400044.393,213,466,None,Move,browsing
1569400044.401,213,467,None,Move,browsing
1569400044.409,212,468,None,Move,browsing
1569400044.621,212,468,None,Move,browsing
1569400044.629,214,467,None,Move,browsing
1569400044.637,216,465,None,Move,browsing
1569400044.645,219,463,None,Move,browsing
1569400044.653,221,460,None,Move,browsing
1569400044.659,223,458,None,Move,browsing
1569400044.667,226,456,None,Move,browsing
1569400044.675,228,453,None,Move,browsing
1569400044.6829998,230,452,None,Move,browsing
1569400044.691,232,451,None,Move,browsing
1569400044.699,233,451,None,Move,browsing
1569400044.8170002,233,451,None,Move,browsing
1569400044.829,233,452,None,Move,browsing
1569400044.837,233,453,None,Move,browsing
1569400044.8479998,233,454,None,Move,browsing
1569400044.86,233,455,None,Move,browsing
1569400045.077,233,456,None,Move,browsing
1569400045.087,232,457,None,Move,browsing
1569400045.095,231,458,None,Move,browsing
1569400045.1020002,230,458,None,Move,browsing
1569400045.111,228,459,None,Move,browsing
1569400045.1179998,226,461,None,Move,browsing
1569400045.127,224,462,None,Move,browsing
1569400045.1339998,222,464,None,Move,browsing
1569400045.14,220,466,None,Move,browsing
1569400045.1479998,217,468,None,Move,browsing
1569400045.157,214,470,None,Move,browsing
1569400045.165,210,471,None,Move,browsing
1569400045.1720002,207,473,None,Move,browsing
1569400045.181,202,476,None,Move,browsing
1569400045.186,196,478,None,Move,browsing
1569400045.195,189,481,None,Move,browsing
1569400045.202,180,484,None,Move,browsing
1569400045.211,173,487,None,Move,browsing
1569400045.218,167,490,None,Move,browsing
1569400045.226,164,492,None,Move,browsing
1569400045.234,159,493,None,Move,browsing
1569400045.24,157,495,None,Move,browsing
1569400045.2489998,154,496,None,Move,browsing
1569400045.256,151,496,None,Move,browsing
1569400045.264,149,496,None,Move,browsing
1569400045.2729998,147,496,None,Move,browsing
1569400045.281,145,496,None,Move,browsing
1569400045.299,144,496,None,Move,browsing
1569400045.3070002,143,494,None,Move,browsing
1569400045.315,142,490,None,Move,browsing
1569400045.323,142,488,None,Move,browsing
1569400045.331,142,483,None,Move,browsing
1569400045.339,142,480,None,Move,browsing
1569400045.345,142,472,None,Move,browsing
1569400045.3520002,140,463,None,Move,browsing
1569400045.361,140,454,None,Move,browsing
1569400045.3679998,139,443,None,Move,browsing
1569400045.377,137,432,None,Move,browsing
1569400045.385,134,423,None,Move,browsing
1569400045.393,131,414,None,Move,browsing
1569400045.399,128,405,None,Move,browsing
1569400045.407,125,397,None,Move,browsing
1569400045.415,122,386,None,Move,browsing
1569400045.423,119,379,None,Move,browsing
1569400045.431,116,374,None,Move,browsing
1569400045.439,114,370,None,Move,browsing
1569400045.447,112,368,None,Move,browsing
1569400045.452,109,364,None,Move,browsing
1569400045.461,106,360,None,Move,browsing
1569400045.469,102,357,None,Move,browsing
1569400045.4770002,98,351,None,Move,browsing
1569400045.484,95,346,None,Move,browsing
1569400045.4929998,91,340,None,Move,browsing
1569400045.5,88,337,None,Move,browsing
1569400045.506,86,333,None,Move,browsing
1569400045.515,83,326,None,Move,browsing
1569400045.5229998,82,323,None,Move,browsing
1569400045.531,81,318,None,Move,browsing
1569400045.539,80,316,None,Move,browsing
1569400045.546,80,312,None,Move,browsing
1569400045.554,80,310,None,Move,browsing
1569400045.56,80,308,None,Move,browsing
1569400045.5679998,80,306,None,Move,browsing
1569400045.577,80,305,None,Move,browsing
1569400045.584,82,303,None,Move,browsing
1569400045.593,84,301,None,Move,browsing
1569400045.6,86,299,None,Move,browsing
1569400045.6079998,89,298,None,Move,browsing
1569400045.6139998,91,297,None,Move,browsing
1569400045.623,93,295,None,Move,browsing
1569400045.631,95,295,None,Move,browsing
1569400045.6379998,97,295,None,Move,browsing
1569400045.647,99,295,None,Move,browsing
1569400045.654,101,296,None,Move,browsing
1569400045.6620002,102,296,None,Move,browsing
1569400045.668,104,298,None,Move,browsing
1569400045.677,106,300,None,Move,browsing
1569400045.684,109,302,None,Move,browsing
1569400045.6929998,111,304,None,Move,browsing
1569400045.7,112,306,None,Move,browsing
1569400045.709,115,311,None,Move,browsing
1569400045.717,116,314,None,Move,browsing
1569400045.722,118,320,None,Move,browsing
1569400045.731,118,327,None,Move,browsing
1569400045.7389998,118,336,None,Move,browsing
1569400045.7470002,118,344,None,Move,browsing
1569400045.755,118,353,None,Move,browsing
1569400045.7629998,118,362,None,Move,browsing
1569400045.769,118,368,None,Move,browsing
1569400045.7770002,118,377,None,Move,browsing
1569400045.785,118,386,None,Move,browsing
1569400045.793,117,391,None,Move,browsing
1569400045.801,117,397,None,Move,browsing
1569400045.809,115,406,None,Move,browsing
1569400045.8170002,114,411,None,Move,browsing
1569400045.823,114,416,None,Move,browsing
1569400045.831,113,418,None,Move,browsing
1569400045.839,112,422,None,Move,browsing
1569400045.847,111,424,None,Move,browsing
1569400045.854,110,426,None,Move,browsing
1569400045.863,110,428,None,Move,browsing
1569400045.871,108,430,None,Move,browsing
1569400045.877,108,433,None,Move,browsing
1569400045.8839998,107,435,None,Move,browsing
1569400045.893,107,437,None,Move,browsing
1569400045.9,107,439,None,Move,browsing
1569400045.908,106,442,None,Move,browsing
1569400045.916,106,444,None,Move,browsing
1569400045.924,106,446,None,Move,browsing
1569400045.93,105,449,None,Move,browsing
1569400045.939,105,451,None,Move,browsing
1569400045.947,105,453,None,Move,browsing
1569400045.954,105,455,None,Move,browsing
1569400045.962,105,457,None,Move,browsing
1569400045.97,105,458,None,Move,browsing
1569400045.978,105,460,None,Move,browsing
1569400045.984,106,461,None,Move,browsing
1569400045.992,106,462,None,Move,browsing
1569400046.0,107,463,None,Move,browsing
1569400046.0089998,107,463,None,Move,browsing
1569400046.016,108,464,None,Move,browsing
1569400046.025,108,465,None,Move,browsing
1569400046.033,109,466,None,Move,browsing
1569400046.038,109,467,None,Move,browsing
1569400046.0470002,110,468,None,Move,browsing
1569400046.054,111,469,None,Move,browsing
1569400046.063,112,470,None,Move,browsing
1569400046.07,112,471,None,Move,browsing
1569400046.079,113,473,None,Move,browsing
1569400046.087,116,474,None,Move,browsing
1569400046.093,117,475,None,Move,browsing
1569400046.101,117,476,None,Move,browsing
1569400046.109,119,476,None,Move,browsing
1569400046.117,120,477,None,Move,browsing
1569400046.125,121,477,None,Move,browsing
1569400046.133,122,477,None,Move,browsing
1569400046.139,124,477,None,Move,browsing
1569400046.147,126,477,None,Move,browsing
1569400046.155,127,477,None,Move,browsing
1569400046.163,128,477,None,Move,browsing
1569400046.171,130,477,None,Move,browsing
1569400046.179,131,477,None,Move,browsing
1569400046.187,133,477,None,Move,browsing
1569400046.1929998,135,474,None,Move,browsing
1569400046.201,137,472,None,Move,browsing
1569400046.209,140,470,None,Move,browsing
1569400046.217,142,469,None,Move,browsing
1569400046.225,147,467,None,Move,browsing
1569400046.2329998,149,466,None,Move,browsing
1569400046.2410002,152,465,None,Move,browsing
1569400046.2470002,154,465,None,Move,browsing
1569400046.255,156,465,None,Move,browsing
1569400046.2629998,157,465,None,Move,browsing
1569400046.271,159,465,None,Move,browsing
1569400046.279,160,465,None,Move,browsing
1569400046.2870002,162,465,None,Move,browsing
1569400046.295,164,465,None,Move,browsing
1569400046.301,165,465,None,Move,browsing
1569400046.309,166,465,None,Move,browsing
1569400046.321,167,465,None,Move,browsing
1569400046.3620002,167,465,None,Move,browsing
1569400046.3860002,168,466,None,Move,browsing
1569400046.4020002,169,467,None,Move,browsing
1569400046.408,170,468,None,Move,browsing
1569400046.417,171,469,None,Move,browsing
1569400046.424,171,469,None,Move,browsing
1569400046.4329998,172,471,None,Move,browsing
1569400046.441,173,472,None,Move,browsing
1569400046.449,174,472,None,Move,browsing
1569400046.455,174,472,None,Move,browsing
1569400046.562,174,472,None,Move,browsing
1569400046.571,170,472,None,Move,browsing
1569400046.579,165,470,None,Move,browsing
1569400046.587,158,467,None,Move,browsing
1569400046.595,148,464,None,Move,browsing
1569400046.6020002,139,461,None,Move,browsing
1569400046.611,130,458,None,Move,browsing
1569400046.6160002,119,453,None,Move,browsing
1569400046.625,109,450,None,Move,browsing
1569400046.633,100,447,None,Move,browsing
1569400046.64,91,444,None,Move,browsing
1569400046.649,82,440,None,Move,browsing
1569400046.656,73,439,None,Move,browsing
1569400046.664,64,437,None,Move,browsing
1569400046.67,54,434,None,Move,browsing
1569400046.678,48,433,None,Move,browsing
1569400046.686,43,433,None,Move,browsing
1569400046.695,39,433,None,Move,browsing
1569400046.702,37,433,None,Move,browsing
1569400046.711,35,433,None,Move,browsing
1569400046.718,34,433,None,Move,browsing
1569400046.725,33,433,None,Move,browsing
1569400046.869,33,432,None,Move,browsing
1569400046.881,34,431,None,Move,browsing
1569400046.887,35,430,None,Move,browsing
1569400046.895,36,429,None,Move,browsing
1569400046.9020002,38,428,None,Move,browsing
1569400046.911,40,427,None,Move,browsing
1569400046.919,42,426,None,Move,browsing
1569400046.927,45,425,None,Move,browsing
1569400046.9329998,47,425,None,Move,browsing
1569400046.941,49,424,None,Move,browsing
1569400046.949,51,424,None,Move,browsing
1569400046.956,54,424,None,Move,browsing
1569400046.964,56,424,None,Move,browsing
1569400046.972,58,424,None,Move,browsing
1569400046.981,60,424,None,Move,browsing
1569400046.986,62,424,None,Move,browsing
1569400046.995,63,424,None,Move,browsing
1569400047.002,64,424,None,Move,browsing
1569400047.01,66,424,None,Move,browsing
1569400047.019,68,425,None,Move,browsing
1569400047.026,71,426,None,Move,browsing
1569400047.034,72,427,None,Move,browsing
1569400047.041,72,427,None,Move,browsing
1569400047.052,73,427,None,Move,browsing
1569400047.2470002,73,427,None,Move,browsing
1569400047.2570002,73,427,None,Move,browsing
1569400047.265,72,427,None,Move,browsing
1569400047.2770002,71,427,None,Move,browsing
1569400047.284,70,427,None,Move,browsing
1569400047.293,69,427,None,Move,browsing
1569400047.3,68,427,None,Move,browsing
1569400047.3070002,67,427,None,Move,browsing
1569400047.315,66,427,None,Move,browsing
1569400047.322,65,427,None,Move,browsing
1569400047.3379998,64,427,None,Move,browsing
1569400047.4889998,64,427,Left,Pressed,browsing
1569400047.635,64,427,Left,Released,browsing
1569400048.444,64,428,None,Move,browsing
1569400048.456,65,429,None,Move,browsing
1569400048.464,72,431,None,Move,browsing
1569400048.4729998,83,433,None,Move,browsing
1569400048.481,95,434,None,Move,browsing
1569400048.4870002,108,438,None,Move,browsing
1569400048.495,121,439,None,Move,browsing
1569400048.5029998,136,439,None,Move,browsing
1569400048.5110002,153,443,None,Move,browsing
1569400048.519,168,446,None,Move,browsing
1569400048.5270002,186,450,None,Move,browsing
1569400048.535,201,451,None,Move,browsing
1569400048.54,212,453,None,Move,browsing
1569400048.549,225,453,None,Move,browsing
1569400048.5570002,232,454,None,Move,browsing
1569400048.565,235,454,None,Move,browsing
1569400048.573,237,454,None,Move,browsing
1569400048.584,238,454,None,Move,browsing
1569400048.869,238,454,Left,Pressed,browsing
1569400048.985,238,454,Left,Released,browsing
1569400051.784,238,455,None,Move,browsing
1569400051.792,238,455,None,Move,browsing
1569400051.8,238,456,None,Move,browsing
1569400051.806,238,457,None,Move,browsing
1569400051.814,238,458,None,Move,browsing
1569400051.822,237,458,None,Move,browsing
1569400052.333,237,459,None,Move,browsing
1569400052.371,237,460,None,Move,browsing
1569400052.383,237,461,None,Move,browsing
1569400052.389,236,462,None,Move,browsing
1569400052.397,236,463,None,Move,browsing
1569400052.405,236,463,None,Move,browsing
1569400052.413,235,465,None,Move,browsing
1569400052.421,235,466,None,Move,browsing
1569400052.429,235,467,None,Move,browsing
1569400052.437,235,468,None,Move,browsing
1569400052.4429998,234,469,None,Move,browsing
1569400052.451,234,471,None,Move,browsing
1569400052.459,234,472,None,Move,browsing
1569400052.467,234,474,None,Move,browsing
1569400052.475,233,475,None,Move,browsing
1569400052.4829998,233,476,None,Move,browsing
1569400052.4910002,233,478,None,Move,browsing
1569400052.5,233,479,None,Move,browsing
1569400052.5170002,233,479,None,Move,browsing
1569400052.525,232,480,None,Move,browsing
1569400052.532,232,482,None,Move,browsing
1569400052.541,232,484,None,Move,browsing
1569400052.546,231,487,None,Move,browsing
1569400052.555,230,487,None,Move,browsing
1569400052.563,230,488,None,Move,browsing
1569400052.571,229,489,None,Move,browsing
1569400052.579,229,491,None,Move,browsing
1569400052.586,229,492,None,Move,browsing
1569400052.595,229,493,None,Move,browsing
1569400052.601,228,495,None,Move,browsing
1569400052.609,228,496,None,Move,browsing
1569400052.617,228,498,None,Move,browsing
1569400052.625,228,500,None,Move,browsing
1569400052.633,227,501,None,Move,browsing
1569400052.641,227,503,None,Move,browsing
1569400052.649,226,504,None,Move,browsing
1569400052.655,225,506,None,Move,browsing
1569400052.6620002,224,508,None,Move,browsing
1569400052.671,222,510,None,Move,browsing
1569400052.679,221,511,None,Move,browsing
1569400052.686,220,512,None,Move,browsing
1569400052.694,220,513,None,Move,browsing
1569400052.707,219,513,None,Move,browsing
1569400052.779,219,513,None,Move,browsing
1569400052.7870002,219,511,None,Move,browsing
1569400052.794,219,509,None,Move,browsing
1569400052.803,218,507,None,Move,browsing
1569400052.811,218,505,None,Move,browsing
1569400052.8170002,218,503,None,Move,browsing
1569400052.825,218,501,None,Move,browsing
1569400052.833,218,499,None,Move,browsing
1569400052.841,218,497,None,Move,browsing
1569400052.849,218,494,None,Move,browsing
1569400052.857,218,491,None,Move,browsing
1569400052.865,218,489,None,Move,browsing
1569400052.87,217,487,None,Move,browsing
1569400052.879,217,485,None,Move,browsing
1569400052.887,217,481,None,Move,browsing
1569400052.894,216,479,None,Move,browsing
1569400052.9020002,214,477,None,Move,browsing
1569400052.91,214,475,None,Move,browsing
1569400052.918,213,473,None,Move,browsing
1569400052.924,213,471,None,Move,browsing
1569400052.9320002,212,469,None,Move,browsing
1569400052.94,210,465,None,Move,browsing
1569400052.948,207,461,None,Move,browsing
1569400052.957,205,456,None,Move,browsing
1569400052.965,203,453,None,Move,browsing
1569400052.9729998,200,449,None,Move,browsing
1569400052.979,198,444,None,Move,browsing
1569400052.9870002,196,440,None,Move,browsing
1569400052.995,194,437,None,Move,browsing
1569400053.002,194,432,None,Move,browsing
1569400053.0110002,193,427,None,Move,browsing
1569400053.019,192,422,None,Move,browsing
1569400053.0270002,190,415,None,Move,browsing
1569400053.033,189,408,None,Move,browsing
1569400053.041,188,403,None,Move,browsing
1569400053.048,186,401,None,Move,browsing
1569400053.0570002,185,398,None,Move,browsing
1569400053.064,184,393,None,Move,browsing
1569400053.073,183,389,None,Move,browsing
1569400053.079,183,387,None,Move,browsing
1569400053.087,183,382,None,Move,browsing
1569400053.095,183,380,None,Move,browsing
1569400053.103,183,378,None,Move,browsing
1569400053.111,183,376,None,Move,browsing
1569400053.119,183,374,None,Move,browsing
1569400053.127,183,372,None,Move,browsing
1569400053.133,183,370,None,Move,browsing
1569400053.141,183,368,None,Move,browsing
1569400053.149,184,366,None,Move,browsing
1569400053.157,184,364,None,Move,browsing
1569400053.164,185,362,None,Move,browsing
1569400053.173,185,360,None,Move,browsing
1569400053.181,185,359,None,Move,browsing
1569400053.189,185,358,None,Move,browsing
1569400053.195,186,358,None,Move,browsing
1569400053.207,186,357,None,Move,browsing
1569400053.268,187,356,None,Move,browsing
1569400053.28,188,355,None,Move,browsing
1569400053.288,188,354,None,Move,browsing
1569400053.294,189,353,None,Move,browsing
1569400053.302,190,351,None,Move,browsing
1569400053.31,191,350,None,Move,browsing
1569400053.3179998,193,348,None,Move,browsing
1569400053.326,194,346,None,Move,browsing
1569400053.334,196,344,None,Move,browsing
1569400053.343,198,341,None,Move,browsing
1569400053.349,200,339,None,Move,browsing
1569400053.357,201,337,None,Move,browsing
1569400053.365,202,336,None,Move,browsing
1569400053.373,204,334,None,Move,browsing
1569400053.381,205,332,None,Move,browsing
1569400053.389,206,331,None,Move,browsing
1569400053.397,208,330,None,Move,browsing
1569400053.403,209,328,None,Move,browsing
1569400053.41,210,327,None,Move,browsing
1569400053.418,210,326,None,Move,browsing
1569400053.427,211,325,None,Move,browsing
1569400053.435,211,324,None,Move,browsing
1569400053.4429998,212,323,None,Move,browsing
1569400053.451,213,323,None,Move,browsing
1569400053.461,214,322,None,Move,browsing
1569400053.469,215,321,None,Move,browsing
1569400053.4770002,216,321,None,Move,browsing
1569400053.485,216,320,None,Move,browsing
1569400053.4929998,217,319,None,Move,browsing
1569400053.5010002,218,318,None,Move,browsing
1569400053.5070002,220,316,None,Move,browsing
1569400053.515,220,315,None,Move,browsing
1569400053.5229998,221,314,None,Move,browsing
1569400053.531,222,313,None,Move,browsing
1569400053.55,223,312,None,Move,browsing
1569400053.5679998,223,311,None,Move,browsing
1569400053.581,223,311,None,Move,browsing
1569400053.589,224,310,None,Move,browsing
1569400053.609,225,309,None,Move,browsing
1569400053.68,225,309,Left,Pressed,browsing
1569400053.771,225,309,Left,Released,browsing
1569400053.78,226,308,None,Move,browsing
1569400056.572,226,308,None,Move,browsing
1569400056.58,227,309,None,Move,browsing
1569400056.5879998,228,310,None,Move,browsing
1569400056.596,230,312,None,Move,browsing
1569400056.604,231,313,None,Move,browsing
1569400056.611,232,315,None,Move,browsing
1569400056.6179998,233,316,None,Move,browsing
1569400056.6260002,234,317,None,Move,browsing
1569400056.6339998,234,318,None,Move,browsing
1569400056.6420002,235,320,None,Move,browsing
1569400056.66,236,321,None,Move,browsing
1569400056.7470002,236,322,None,Move,browsing
1569400056.7629998,236,323,None,Move,browsing
1569400056.768,236,324,None,Move,browsing
1569400056.776,236,325,None,Move,browsing
1569400056.784,236,328,None,Move,browsing
1569400056.793,236,328,None,Move,browsing
1569400056.801,236,329,None,Move,browsing
1569400056.809,236,330,None,Move,browsing
1569400056.8170002,236,331,None,Move,browsing
1569400056.971,237,331,None,Move,browsing
1569400056.981,238,331,None,Move,browsing
1569400056.988,239,329,None,Move,browsing
1569400056.9970002,239,327,None,Move,browsing
1569400057.005,240,325,None,Move,browsing
1569400057.012,241,323,None,Move,browsing
1569400057.02,241,321,None,Move,browsing
1569400057.029,241,320,None,Move,browsing
1569400057.034,241,319,None,Move,browsing
1569400057.043,242,318,None,Move,browsing
1569400057.054,242,317,None,Move,browsing
1569400057.062,242,316,None,Move,browsing
1569400057.101,243,315,None,Move,browsing
1569400057.1120002,243,314,None,Move,browsing
1569400057.121,243,314,None,Move,browsing
1569400057.133,243,313,None,Move,browsing
1569400057.141,243,312,None,Move,browsing
1569400057.147,243,311,None,Move,browsing
1569400057.154,243,310,None,Move,browsing
1569400057.171,243,309,None,Move,browsing
1569400057.1820002,243,308,None,Move,browsing
1569400057.244,244,308,None,Move,browsing
1569400057.417,244,307,None,Move,browsing
1569400057.586,245,307,None,Move,browsing
1569400057.599,246,307,None,Move,browsing
1569400057.607,247,308,None,Move,browsing
1569400057.615,248,308,None,Move,browsing
1569400057.623,250,308,None,Move,browsing
1569400057.629,251,308,None,Move,browsing
1569400057.637,252,309,None,Move,browsing
1569400057.649,253,309,None,Move,browsing
1569400057.665,254,309,None,Move,browsing
1569400057.729,254,309,None,Move,browsing
1569400057.7410002,255,308,None,Move,browsing
1569400057.7489998,256,308,None,Move,browsing
1569400057.7610002,257,307,None,Move,browsing
1569400057.783,258,306,None,Move,browsing
1569400057.815,259,305,None,Move,browsing
1569400057.823,259,304,None,Move,browsing
1569400057.895,259,304,None,Move,browsing
1569400057.945,260,304,None,Move,browsing
1569400058.1139998,261,303,Left,Pressed,browsing
1569400058.1139998,261,303,None,Drag,browsing
1569400058.13,262,302,None,Drag,browsing
1569400058.1379998,262,301,None,Drag,browsing
1569400058.139,262,301,Left,Released,browsing
1569400058.154,262,300,None,Move,browsing
1569400059.577,262,300,None,Move,browsing
1569400059.585,261,300,None,Move,browsing
1569400059.593,261,301,None,Move,browsing
1569400059.599,260,301,None,Move,browsing
1569400059.607,259,302,None,Move,browsing
1569400059.627,258,303,None,Move,browsing
1569400059.635,257,303,None,Move,browsing
1569400059.643,256,303,None,Move,browsing
1569400059.651,255,304,None,Move,browsing
1569400059.656,253,305,None,Move,browsing
1569400059.664,253,306,None,Move,browsing
1569400059.6720002,252,307,None,Move,browsing
1569400059.681,250,308,None,Move,browsing
1569400059.689,249,309,None,Move,browsing
1569400059.697,247,310,None,Move,browsing
1569400059.704,245,311,None,Move,browsing
1569400059.71,244,312,None,Move,browsing
1569400059.718,243,312,None,Move,browsing
1569400059.726,242,313,None,Move,browsing
1569400059.734,241,314,None,Move,browsing
1569400059.742,240,315,None,Move,browsing
1569400059.75,240,316,None,Move,browsing
1569400059.756,239,316,None,Move,browsing
1569400059.768,238,316,None,Move,browsing
1569400059.859,238,317,None,Move,browsing
1569400060.0089998,237,317,None,Move,browsing
1569400060.016,235,318,None,Move,browsing
1569400060.024,234,318,None,Move,browsing
1569400060.03,233,319,None,Move,browsing
1569400060.039,233,319,None,Move,browsing
1569400060.0470002,232,319,None,Move,browsing
1569400060.229,232,319,None,Move,browsing
1569400060.2370002,233,321,None,Move,browsing
1569400060.242,233,323,None,Move,browsing
1569400060.2510002,233,326,None,Move,browsing
1569400060.2589998,232,329,None,Move,browsing
1569400060.2670002,230,336,None,Move,browsing
1569400061.006,230,336,None,Move,browsing
1569400061.03,230,335,None,Move,browsing
1569400061.042,231,334,None,Move,browsing
1569400061.048,231,333,None,Move,browsing
1569400061.056,231,332,None,Move,browsing
1569400061.064,231,331,None,Move,browsing
1569400061.072,231,330,None,Move,browsing
1569400061.08,231,330,None,Move,browsing
1569400061.0879998,231,328,None,Move,browsing
1569400061.097,231,327,None,Move,browsing
1569400061.103,231,325,None,Move,browsing
1569400061.111,231,323,None,Move,browsing
1569400061.1179998,231,322,None,Move,browsing
1569400061.127,231,321,None,Move,browsing
1569400061.1339998,231,320,None,Move,browsing
1569400061.1420002,231,319,None,Move,browsing
1569400061.15,230,317,None,Move,browsing
1569400061.157,229,316,None,Move,browsing
1569400061.165,228,314,None,Move,browsing
1569400061.1720002,227,312,None,Move,browsing
1569400061.181,226,311,None,Move,browsing
1569400061.188,225,310,None,Move,browsing
1569400061.196,223,310,None,Move,browsing
1569400061.205,222,310,None,Move,browsing
1569400061.21,219,310,None,Move,browsing
1569400061.218,217,310,None,Move,browsing
1569400061.2270002,215,310,None,Move,browsing
1569400061.234,211,311,None,Move,browsing
1569400061.2429998,208,313,None,Move,browsing
1569400061.25,205,314,None,Move,browsing
1569400061.2570002,201,314,None,Move,browsing
1569400061.265,197,315,None,Move,browsing
1569400061.2729998,194,315,None,Move,browsing
1569400061.281,190,315,None,Move,browsing
1569400061.289,188,315,None,Move,browsing
1569400061.2970002,186,315,None,Move,browsing
1569400061.305,183,315,None,Move,browsing
1569400061.311,181,315,None,Move,browsing
1569400061.3179998,178,315,None,Move,browsing
1569400061.326,176,315,None,Move,browsing
1569400061.335,174,315,None,Move,browsing
1569400061.343,172,314,None,Move,browsing
1569400061.351,170,314,None,Move,browsing
1569400061.359,165,314,None,Move,browsing
1569400061.365,160,312,None,Move,browsing
1569400061.373,157,312,None,Move,browsing
1569400061.381,152,312,None,Move,browsing
1569400061.389,149,312,None,Move,browsing
1569400061.397,144,312,None,Move,browsing
1569400061.405,139,312,None,Move,browsing
1569400061.413,134,312,None,Move,browsing
1569400061.419,129,310,None,Move,browsing
1569400061.426,122,308,None,Move,browsing
1569400061.434,115,307,None,Move,browsing
1569400061.4429998,107,307,None,Move,browsing
1569400061.451,98,307,None,Move,browsing
1569400061.459,89,306,None,Move,browsing
1569400061.467,80,306,None,Move,browsing
1569400061.4729998,72,306,None,Move,browsing
1569400061.481,61,306,None,Move,browsing
1569400061.4889998,52,309,None,Move,browsing
1569400061.4970002,45,311,None,Move,browsing
1569400061.504,40,312,None,Move,browsing
1569400061.512,36,313,None,Move,browsing
1569400061.518,34,313,None,Move,browsing
1569400061.5270002,32,314,None,Move,browsing
1569400061.535,30,314,None,Move,browsing
1569400061.543,29,314,None,Move,browsing
1569400061.635,28,314,None,Move,browsing
1569400061.65,27,313,None,Move,browsing
1569400061.658,27,311,None,Move,browsing
1569400061.667,26,311,None,Move,browsing
1569400061.805,26,310,None,Move,browsing
1569400061.978,26,309,None,Move,browsing
1569400061.99,27,309,None,Move,browsing
1569400061.998,28,309,None,Move,browsing
1569400062.0170002,29,308,None,Move,browsing
1569400062.025,30,308,None,Move,browsing
1569400062.033,30,307,None,Move,browsing
1569400062.045,31,307,None,Move,browsing
1569400062.075,32,306,None,Move,browsing
1569400062.095,32,305,None,Move,browsing
1569400062.107,33,305,None,Move,browsing
1569400062.125,34,304,None,Move,browsing
1569400062.541,35,304,None,Move,browsing
1569400062.549,36,304,None,Move,browsing
1569400062.5570002,37,304,None,Move,browsing
1569400062.565,37,304,None,Move,browsing
1569400062.573,38,305,None,Move,browsing
1569400062.581,39,305,None,Move,browsing
1569400062.589,39,306,None,Move,browsing
1569400062.595,39,307,None,Move,browsing
1569400062.603,40,308,None,Move,browsing
1569400062.623,41,308,None,Move,browsing
1569400062.639,41,309,None,Move,browsing
1569400062.765,41,310,None,Move,browsing
1569400062.772,41,311,None,Move,browsing
1569400062.78,41,312,None,Move,browsing
1569400062.8920002,41,313,None,Move,browsing
1569400062.904,40,314,None,Move,browsing
1569400062.91,40,316,None,Move,browsing
1569400062.918,39,317,None,Move,browsing
1569400062.927,39,318,None,Move,browsing
1569400062.934,39,320,None,Move,browsing
1569400062.947,39,321,None,Move,browsing
1569400062.961,39,321,None,Move,browsing
1569400062.968,38,321,None,Move,browsing
1569400062.9770002,38,322,None,Move,browsing
1569400062.985,38,323,None,Move,browsing
1569400062.992,38,324,None,Move,browsing
1569400063.008,38,325,None,Move,browsing
1569400063.031,37,325,None,Move,browsing
1569400063.059,37,326,None,Move,browsing
1569400063.069,36,327,None,Move,browsing
1569400063.077,35,327,None,Move,browsing
1569400063.085,35,328,None,Move,browsing
1569400063.093,34,329,None,Move,browsing
1569400063.101,33,330,None,Move,browsing
1569400063.109,32,332,None,Move,browsing
1569400063.117,32,333,None,Move,browsing
1569400063.123,31,335,None,Move,browsing
1569400063.131,31,335,None,Move,browsing
1569400063.1379998,30,336,None,Move,browsing
1569400063.147,29,337,None,Move,browsing
1569400063.155,28,339,None,Move,browsing
1569400063.163,27,339,None,Move,browsing
1569400063.169,27,340,None,Move,browsing
1569400063.6479998,26,340,None,Move,browsing
1569400063.6620002,25,339,None,Move,browsing
1569400063.67,24,338,None,Move,browsing
1569400063.678,23,338,None,Move,browsing
1569400063.686,23,337,None,Move,browsing
1569400063.695,22,336,None,Move,browsing
1569400063.708,22,335,None,Move,browsing
1569400063.716,21,334,None,Move,browsing
1569400063.724,21,333,None,Move,browsing
1569400063.732,21,332,None,Move,browsing
1569400063.74,21,331,None,Move,browsing
1569400063.748,21,329,None,Move,browsing
1569400063.755,21,328,None,Move,browsing
1569400063.7629998,21,326,None,Move,browsing
1569400063.771,23,324,None,Move,browsing
1569400063.779,24,321,None,Move,browsing
1569400063.7870002,26,318,None,Move,browsing
1569400063.795,27,316,None,Move,browsing
1569400063.803,29,314,None,Move,browsing
1569400063.811,31,312,None,Move,browsing
1569400063.8170002,31,312,None,Move,browsing
1569400063.825,32,310,None,Move,browsing
1569400063.833,32,309,None,Move,browsing
1569400063.841,33,308,None,Move,browsing
1569400063.8860002,33,307,None,Move,browsing
1569400063.9020002,34,306,None,Move,browsing
1569400063.91,36,305,None,Move,browsing
1569400063.919,36,304,None,Move,browsing
1569400063.925,37,303,None,Move,browsing
1569400063.9329998,38,302,None,Move,browsing
1569400063.9529998,38,301,None,Move,browsing
1569400063.971,38,300,None,Move,browsing
1569400063.995,39,300,None,Move,browsing
1569400064.083,39,299,None,Move,browsing
1569400064.095,40,298,None,Move,browsing
1569400064.103,42,295,None,Move,browsing
1569400064.111,44,292,None,Move,browsing
1569400064.119,47,290,None,Move,browsing
1569400064.127,49,288,None,Move,browsing
1569400064.133,51,285,None,Move,browsing
1569400064.141,53,283,None,Move,browsing
1569400064.149,55,281,None,Move,browsing
1569400064.157,56,279,None,Move,browsing
1569400064.165,58,277,None,Move,browsing
1569400064.173,59,274,None,Move,browsing
1569400064.181,60,272,None,Move,browsing
1569400064.186,61,270,None,Move,browsing
1569400064.195,62,269,None,Move,browsing
1569400064.202,63,268,None,Move,browsing
1569400064.3070002,63,267,None,Move,browsing
1569400064.6,63,267,None,Move,browsing
1569400064.61,63,268,None,Move,browsing
1569400064.6179998,63,269,None,Move,browsing
1569400064.6260002,62,270,None,Move,browsing
1569400064.6339998,61,271,None,Move,browsing
1569400064.6420002,60,272,None,Move,browsing
1569400064.65,59,274,None,Move,browsing
1569400064.656,58,276,None,Move,browsing
1569400064.664,57,277,None,Move,browsing
1569400064.6720002,56,278,None,Move,browsing
1569400064.68,56,279,None,Move,browsing
1569400064.689,56,280,None,Move,browsing
1569400064.697,55,280,None,Move,browsing
1569400064.705,55,281,None,Move,browsing
1569400064.711,54,282,None,Move,browsing
1569400064.731,53,283,None,Move,browsing
1569400064.7629998,52,284,None,Move,browsing
1569400064.769,52,285,None,Move,browsing
1569400064.781,51,285,None,Move,browsing
1569400064.7970002,51,286,None,Move,browsing
1569400064.805,50,287,None,Move,browsing
1569400064.8170002,49,288,None,Move,browsing
1569400064.831,49,289,None,Move,browsing
1569400064.839,48,289,None,Move,browsing
1569400064.847,48,290,None,Move,browsing
1569400064.855,47,290,None,Move,browsing
1569400064.863,47,290,None,Move,browsing
1569400064.913,46,291,None,Move,browsing
1569400064.921,46,292,None,Move,browsing
1569400064.938,46,293,None,Move,browsing
1569400064.955,45,294,None,Move,browsing
1569400064.962,45,295,None,Move,browsing
1569400064.971,44,296,None,Move,browsing
1569400064.981,43,297,None,Move,browsing
1569400064.992,42,298,None,Move,browsing
1569400065.005,41,299,None,Move,browsing
1569400065.012,40,300,None,Move,browsing
1569400065.021,39,300,None,Move,browsing
1569400065.028,38,303,None,Move,browsing
1569400065.034,37,303,None,Move,browsing
1569400065.042,36,304,None,Move,browsing
1569400065.05,35,306,None,Move,browsing
1569400065.0579998,33,307,None,Move,browsing
1569400065.066,32,308,None,Move,browsing
1569400065.074,30,310,None,Move,browsing
1569400065.083,28,310,None,Move,browsing
1569400065.0879998,27,311,None,Move,browsing
1569400065.097,26,312,None,Move,browsing
1569400065.105,26,313,None,Move,browsing
1569400065.1120002,25,313,None,Move,browsing
1569400065.121,25,314,None,Move,browsing
1569400065.133,24,315,None,Move,browsing
1569400065.1379998,23,316,None,Move,browsing
1569400065.147,22,316,None,Move,browsing
1569400065.159,22,317,None,Move,browsing
1569400066.022,22,318,None,Move,browsing
1569400066.031,22,319,None,Move,browsing
1569400066.038,22,319,None,Move,browsing
1569400066.044,22,321,None,Move,browsing
1569400066.052,22,322,None,Move,browsing
1569400066.06,21,323,None,Move,browsing
1569400066.0679998,21,324,None,Move,browsing
1569400066.077,21,325,None,Move,browsing
1569400066.093,21,326,None,Move,browsing
1569400066.188,21,327,None,Move,browsing
1569400066.198,21,328,None,Move,browsing
1569400066.21,21,329,None,Move,browsing
1569400066.6929998,20,329,None,Move,browsing
1569400066.705,20,330,None,Move,browsing
1569400066.729,19,330,None,Move,browsing
1569400066.7389998,19,331,None,Move,browsing
1569400066.766,18,331,None,Move,browsing
1569400066.8279998,17,331,None,Move,browsing
1569400066.8620002,16,331,None,Move,browsing
1569400066.9120002,15,332,None,Move,browsing
1569400077.478,15,332,None,Move,browsing
1569400077.4870002,18,332,None,Move,browsing
1569400077.494,22,332,None,Move,browsing
1569400077.502,24,332,None,Move,browsing
1569400077.508,26,331,None,Move,browsing
1569400077.5170002,28,331,None,Move,browsing
1569400077.525,30,331,None,Move,browsing
1569400077.533,32,331,None,Move,browsing
1569400077.541,34,331,None,Move,browsing
1569400077.549,36,331,None,Move,browsing
1569400077.555,39,331,None,Move,browsing
1569400077.563,41,331,None,Move,browsing
1569400077.571,43,332,None,Move,browsing
1569400077.579,44,333,None,Move,browsing
1569400077.587,45,335,None,Move,browsing
1569400077.595,47,338,None,Move,browsing
1569400077.603,48,338,None,Move,browsing
1569400077.6079998,49,340,None,Move,browsing
1569400077.6160002,51,342,None,Move,browsing
1569400077.6239998,52,344,None,Move,browsing
1569400077.6320002,53,346,None,Move,browsing
1569400077.64,54,347,None,Move,browsing
1569400077.6479998,55,349,None,Move,browsing
1569400077.656,56,350,None,Move,browsing
1569400077.664,56,351,None,Move,browsing
1569400077.67,57,351,None,Move,browsing
1569400077.678,57,353,None,Move,browsing
1569400077.691,57,353,None,Move,browsing
1569400077.699,58,354,None,Move,browsing
1569400077.707,58,355,None,Move,browsing
1569400077.715,58,356,None,Move,browsing
1569400077.72,58,358,None,Move,browsing
1569400077.729,58,359,None,Move,browsing
1569400077.7370002,59,360,None,Move,browsing
1569400077.745,59,361,None,Move,browsing
1569400077.752,59,363,None,Move,browsing
1569400077.7610002,60,365,None,Move,browsing
1569400077.768,61,367,None,Move,browsing
1569400077.775,62,368,None,Move,browsing
1569400077.783,63,370,None,Move,browsing
1569400077.791,64,371,None,Move,browsing
1569400077.798,65,372,None,Move,browsing
1569400077.81,65,373,None,Move,browsing
1569400077.8179998,66,373,None,Move,browsing
1569400077.911,67,373,None,Move,browsing
1569400077.929,68,373,None,Move,browsing
1569400078.084,68,373,None,Move,browsing
1569400078.093,70,371,None,Move,browsing
1569400078.0979998,71,371,None,Move,browsing
1569400078.107,73,369,None,Move,browsing
1569400078.115,76,368,None,Move,browsing
1569400078.131,77,368,None,Move,browsing
1569400078.196,77,367,None,Move,browsing
1569400078.268,77,367,None,Move,browsing
1569400078.2770002,76,367,None,Move,browsing
1569400078.285,75,367,None,Move,browsing
1569400078.293,73,367,None,Move,browsing
1569400078.301,71,367,None,Move,browsing
1569400078.3070002,69,367,None,Move,browsing
1569400078.315,67,367,None,Move,browsing
1569400078.327,66,367,None,Move,browsing
1569400078.335,65,367,None,Move,browsing
1569400078.343,63,367,None,Move,browsing
1569400078.397,62,367,None,Move,browsing
1569400078.423,61,367,None,Move,browsing
1569400078.435,60,367,None,Move,browsing
1569400078.4429998,59,367,None,Move,browsing
1569400078.455,58,367,None,Move,browsing
1569400078.535,58,367,Left,Pressed,browsing
1569400078.631,58,367,Left,Released,browsing
1569400081.404,58,367,None,Move,browsing
1569400081.4120002,58,369,None,Move,browsing
1569400081.418,57,371,None,Move,browsing
1569400081.426,56,373,None,Move,browsing
1569400081.434,55,375,None,Move,browsing
1569400081.4420002,53,377,None,Move,browsing
1569400081.45,51,380,None,Move,browsing
1569400081.458,49,382,None,Move,browsing
1569400081.466,48,384,None,Move,browsing
1569400081.472,47,385,None,Move,browsing
1569400081.48,47,387,None,Move,browsing
1569400081.488,47,388,None,Move,browsing
1569400081.496,47,389,None,Move,browsing
1569400081.504,47,390,None,Move,browsing
1569400081.5170002,46,390,None,Move,browsing
1569400081.526,45,391,None,Move,browsing
1569400081.534,45,392,None,Move,browsing
1569400081.546,44,392,None,Move,browsing
1569400081.555,44,392,None,Move,browsing
1569400081.971,44,393,None,Move,browsing
1569400081.979,46,398,None,Move,browsing
1569400081.9870002,48,401,None,Move,browsing
1569400081.995,52,407,None,Move,browsing
1569400082.0,56,412,None,Move,browsing
1569400082.0089998,62,418,None,Move,browsing
1569400082.0170002,68,422,None,Move,browsing
1569400082.025,77,427,None,Move,browsing
1569400082.033,85,430,None,Move,browsing
1569400082.041,92,433,None,Move,browsing
1569400082.049,103,436,None,Move,browsing
1569400082.055,112,439,None,Move,browsing
1569400082.063,125,442,None,Move,browsing
1569400082.07,139,446,None,Move,browsing
1569400082.079,150,447,None,Move,browsing
1569400082.086,159,449,None,Move,browsing
1569400082.094,167,449,None,Move,browsing
1569400082.1020002,172,449,None,Move,browsing
1569400082.1079998,176,449,None,Move,browsing
1569400082.1160002,178,449,None,Move,browsing
1569400082.1239998,180,449,None,Move,browsing
1569400082.1320002,182,449,None,Move,browsing
1569400082.228,182,450,None,Move,browsing
1569400082.236,182,452,None,Move,browsing
1569400082.245,182,454,None,Move,browsing
1569400082.252,182,457,None,Move,browsing
1569400082.2610002,182,461,None,Move,browsing
1569400082.269,180,464,None,Move,browsing
1569400082.275,180,469,None,Move,browsing
1569400082.283,180,474,None,Move,browsing
1569400082.29,179,479,None,Move,browsing
1569400082.298,178,483,None,Move,browsing
1569400082.3070002,177,488,None,Move,browsing
1569400082.315,174,496,None,Move,browsing
1569400082.323,171,505,None,Move,browsing
1569400082.329,168,510,None,Move,browsing
1569400082.337,166,515,None,Move,browsing
1569400082.345,163,519,None,Move,browsing
1569400082.3520002,161,521,None,Move,browsing
1569400082.361,158,525,None,Move,browsing
1569400082.369,156,528,None,Move,browsing
1569400082.375,155,531,None,Move,browsing
1569400082.383,153,533,None,Move,browsing
1569400082.391,152,535,None,Move,browsing
1569400082.399,151,537,None,Move,browsing
1569400082.407,151,539,None,Move,browsing
1569400082.415,149,542,None,Move,browsing
1569400082.423,149,542,None,Move,browsing
1569400082.6139998,149,542,None,Move,browsing
1569400082.6260002,149,542,None,Move,browsing
1569400082.6339998,149,540,None,Move,browsing
1569400082.64,149,538,None,Move,browsing
1569400082.6479998,151,535,None,Move,browsing
1569400082.656,152,533,None,Move,browsing
1569400082.664,153,531,None,Move,browsing
1569400082.6720002,154,529,None,Move,browsing
1569400082.681,155,527,None,Move,browsing
1569400082.689,156,524,None,Move,browsing
1569400082.695,157,524,None,Move,browsing
1569400082.702,157,523,None,Move,browsing
1569400082.71,158,523,None,Move,browsing
1569400082.719,158,522,None,Move,browsing
1569400082.7270002,159,521,None,Move,browsing
1569400082.734,159,520,None,Move,browsing
1569400082.83,160,519,None,Move,browsing
1569400082.8720002,160,519,Left,Pressed,browsing
1569400082.984,160,519,Left,Released,browsing
1569400083.408,160,518,None,Move,browsing
1569400083.42,160,517,None,Move,browsing
1569400084.504,161,516,None,Move,browsing
1569400084.512,163,512,None,Move,browsing
1569400084.519,166,508,None,Move,browsing
1569400084.526,174,500,None,Move,browsing
1569400084.534,186,490,None,Move,browsing
1569400084.542,202,479,None,Move,browsing
1569400084.55,220,469,None,Move,browsing
1569400084.5579998,240,460,None,Move,browsing
1569400084.566,263,448,None,Move,browsing
1569400084.572,280,443,None,Move,browsing
1569400084.581,298,438,None,Move,browsing
1569400084.589,319,434,None,Move,browsing
1569400084.597,343,430,None,Move,browsing
1569400084.605,365,425,None,Move,browsing
1569400084.613,389,421,None,Move,browsing
1569400084.633,432,414,None,Move,browsing
1569400084.6379998,447,412,None,Move,browsing
1569400084.643,462,409,None,Move,browsing
1569400084.651,478,406,None,Move,browsing
1569400084.658,495,404,None,Move,browsing
1569400084.666,512,402,None,Move,browsing
1569400084.673,533,399,None,Move,browsing
1569400084.681,551,395,None,Move,browsing
1569400084.689,566,390,None,Move,browsing
1569400084.697,580,387,None,Move,browsing
1569400084.704,593,383,None,Move,browsing
1569400084.712,606,382,None,Move,browsing
1569400084.72,617,379,None,Move,browsing
1569400084.726,628,375,None,Move,browsing
1569400084.734,638,372,None,Move,browsing
1569400084.742,645,371,None,Move,browsing
1569400084.75,648,370,None,Move,browsing
1569400084.7589998,650,370,None,Move,browsing
1569400084.766,652,369,None,Move,browsing
1569400084.775,653,369,None,Move,browsing
1569400084.781,654,369,None,Move,browsing
1569400084.789,655,369,None,Move,browsing
1569400084.7970002,655,368,None,Move,browsing
1569400084.804,656,368,None,Move,browsing
1569400085.105,656,368,None,Move,browsing
1569400085.113,655,368,None,Move,browsing
1569400085.121,654,368,None,Move,browsing
1569400085.141,653,368,None,Move,browsing
1569400085.159,652,368,None,Move,browsing
1569400085.186,652,369,None,Move,browsing
1569400085.198,651,369,None,Move,browsing
1569400085.206,651,369,None,Move,browsing
1569400085.224,650,369,None,Move,browsing
1569400085.2370002,650,369,None,Move,browsing
1569400085.245,649,369,None,Move,browsing
1569400085.27,648,369,None,Move,browsing
1569400085.32,647,369,None,Move,browsing
1569400085.332,647,370,None,Move,browsing
1569400085.344,646,370,None,Move,browsing
1569400088.76,645,370,None,Move,browsing
1569400088.768,638,370,None,Move,browsing
1569400088.776,625,370,None,Move,browsing
1569400088.784,606,372,None,Move,browsing
1569400088.793,585,374,None,Move,browsing
1569400088.798,565,379,None,Move,browsing
1569400088.806,544,383,None,Move,browsing
1569400088.814,522,386,None,Move,browsing
1569400088.822,507,386,None,Move,browsing
1569400088.83,492,386,None,Move,browsing
1569400088.8379998,479,386,None,Move,browsing
1569400088.844,466,386,None,Move,browsing
1569400088.8520002,455,384,None,Move,browsing
1569400088.86,447,384,None,Move,browsing
1569400088.8679998,438,384,None,Move,browsing
1569400088.8760002,429,384,None,Move,browsing
1569400088.8839998,421,384,None,Move,browsing
1569400088.8920002,414,384,None,Move,browsing
1569400088.8979998,407,385,None,Move,browsing
1569400088.907,402,385,None,Move,browsing
1569400088.915,396,385,None,Move,browsing
1569400088.923,387,385,None,Move,browsing
1569400088.931,378,386,None,Move,browsing
1569400088.939,370,386,None,Move,browsing
1569400088.947,360,389,None,Move,browsing
1569400088.952,351,391,None,Move,browsing
1569400088.96,342,392,None,Move,browsing
1569400088.968,334,392,None,Move,browsing
1569400088.9770002,323,394,None,Move,browsing
1569400088.985,310,394,None,Move,browsing
1569400088.992,297,395,None,Move,browsing
1569400089.0,284,395,None,Move,browsing
1569400089.006,271,397,None,Move,browsing
1569400089.015,258,397,None,Move,browsing
1569400089.022,245,397,None,Move,browsing
1569400089.03,232,396,None,Move,browsing
1569400089.039,219,396,None,Move,browsing
1569400089.0470002,207,396,None,Move,browsing
1569400089.054,193,395,None,Move,browsing
1569400089.06,181,395,None,Move,browsing
1569400089.0679998,170,395,None,Move,browsing
1569400089.076,161,393,None,Move,browsing
1569400089.084,152,392,None,Move,browsing
1569400089.092,145,392,None,Move,browsing
1569400089.1,138,390,None,Move,browsing
1569400089.1079998,135,390,None,Move,browsing
1569400089.115,130,390,None,Move,browsing
1569400089.1220002,128,390,None,Move,browsing
1569400089.131,125,390,None,Move,browsing
1569400089.1379998,121,390,None,Move,browsing
1569400089.147,118,390,None,Move,browsing
1569400089.155,116,390,None,Move,browsing
1569400089.161,112,389,None,Move,browsing
1569400089.168,109,388,None,Move,browsing
1569400089.177,105,387,None,Move,browsing
1569400089.184,102,384,None,Move,browsing
1569400089.1929998,98,383,None,Move,browsing
1569400089.2,95,381,None,Move,browsing
1569400089.209,91,378,None,Move,browsing
1569400089.215,89,377,None,Move,browsing
1569400089.2229998,87,375,None,Move,browsing
1569400089.231,81,372,None,Move,browsing
1569400089.2389998,78,371,None,Move,browsing
1569400089.2470002,76,369,None,Move,browsing
1569400089.255,72,368,None,Move,browsing
1569400089.2629998,70,367,None,Move,browsing
1569400089.269,66,366,None,Move,browsing
1569400089.2770002,64,363,None,Move,browsing
1569400089.285,61,362,None,Move,browsing
1569400089.293,58,361,None,Move,browsing
1569400089.3,56,360,None,Move,browsing
1569400089.309,54,360,None,Move,browsing
1569400089.316,52,359,None,Move,browsing
1569400089.323,50,359,None,Move,browsing
1569400089.331,49,359,None,Move,browsing
1569400089.339,49,359,None,Move,browsing
1569400089.347,47,359,None,Move,browsing
1569400089.355,46,360,None,Move,browsing
1569400089.363,44,360,None,Move,browsing
1569400089.37,43,361,None,Move,browsing
1569400089.377,42,361,None,Move,browsing
1569400089.401,42,361,None,Move,browsing
1569400089.721,42,362,None,Move,browsing
1569400089.729,42,362,None,Move,browsing
1569400089.7370002,42,363,None,Move,browsing
1569400089.745,42,364,None,Move,browsing
1569400089.7510002,42,365,None,Move,browsing
1569400089.762,42,366,None,Move,browsing
1569400089.771,41,367,None,Move,browsing
1569400089.783,41,368,None,Move,browsing
1569400089.794,41,369,None,Move,browsing
1569400090.306,41,370,None,Move,browsing
1569400090.314,43,377,None,Move,browsing
1569400090.322,45,386,None,Move,browsing
1569400090.33,46,391,None,Move,browsing
1569400090.336,49,398,None,Move,browsing
1569400090.344,50,405,None,Move,browsing
1569400090.353,51,412,None,Move,browsing
1569400090.36,53,421,None,Move,browsing
1569400090.369,53,432,None,Move,browsing
1569400090.377,53,440,None,Move,browsing
1569400090.383,52,449,None,Move,browsing
1569400090.391,52,456,None,Move,browsing
1569400090.399,51,460,None,Move,browsing
1569400090.407,50,462,None,Move,browsing
1569400090.415,49,464,None,Move,browsing
1569400090.4220002,48,466,None,Move,browsing
1569400090.43,47,468,None,Move,browsing
1569400090.436,45,471,None,Move,browsing
1569400090.445,42,473,None,Move,browsing
1569400090.4529998,41,475,None,Move,browsing
1569400090.461,39,477,None,Move,browsing
1569400090.469,38,480,None,Move,browsing
1569400090.4770002,38,482,None,Move,browsing
1569400090.485,38,484,None,Move,browsing
1569400090.4910002,38,486,None,Move,browsing
1569400090.4989998,38,488,None,Move,browsing
1569400090.5070002,38,490,None,Move,browsing
1569400090.515,38,492,None,Move,browsing
1569400090.522,38,494,None,Move,browsing
1569400090.531,38,496,None,Move,browsing
1569400090.536,38,497,None,Move,browsing
1569400090.545,38,498,None,Move,browsing
1569400090.552,38,500,None,Move,browsing
1569400090.56,38,501,None,Move,browsing
1569400090.572,38,501,None,Move,browsing
1569400090.58,38,501,None,Move,browsing
1569400090.668,39,502,None,Move,browsing
1569400090.742,40,502,None,Move,browsing
1569400090.781,41,502,None,Move,browsing
1569400090.788,41,502,None,Move,browsing
1569400090.7970002,41,502,None,Move,browsing
1569400090.803,41,501,None,Move,browsing
1569400090.811,42,501,None,Move,browsing
1569400090.827,43,501,None,Move,browsing
1569400090.855,44,501,None,Move,browsing
1569400090.86,45,500,None,Move,browsing
1569400090.8920002,46,500,None,Move,browsing
1569400090.931,46,499,None,Move,browsing
1569400090.9420002,47,499,None,Move,browsing
1569400090.9629998,48,498,None,Move,browsing
1569400090.981,49,498,None,Move,browsing
1569400090.9929998,50,498,None,Move,browsing
1569400091.0010002,50,497,None,Move,browsing
1569400091.0089998,51,497,None,Move,browsing
1569400091.0170002,51,497,None,Move,browsing
1569400091.0270002,52,497,None,Move,browsing
1569400091.043,52,496,None,Move,browsing
1569400091.05,53,496,None,Move,browsing
1569400091.085,54,496,None,Move,browsing
1569400091.097,55,495,None,Move,browsing
1569400091.105,56,495,None,Move,browsing
1569400091.113,58,495,None,Move,browsing
1569400091.121,59,494,None,Move,browsing
1569400091.127,60,494,None,Move,browsing
1569400091.139,61,494,None,Move,browsing
1569400091.167,62,494,None,Move,browsing
1569400091.234,62,494,Left,Pressed,browsing
1569400091.354,62,494,Left,Released,browsing
1569400091.6160002,62,493,None,Move,browsing
1569400091.6320002,62,491,None,Move,browsing
1569400091.64,62,491,None,Move,browsing
1569400091.861,62,491,None,Move,browsing
1569400091.895,61,491,None,Move,browsing
1569400091.903,60,491,None,Move,browsing
1569400091.911,57,492,None,Move,browsing
1569400091.919,53,495,None,Move,browsing
1569400091.925,50,497,None,Move,browsing
1569400091.9329998,47,498,None,Move,browsing
1569400091.941,45,499,None,Move,browsing
1569400091.949,43,500,None,Move,browsing
1569400091.956,42,500,None,Move,browsing
1569400091.964,42,501,None,Move,browsing
1569400091.972,41,501,None,Move,browsing
1569400092.04,40,501,None,Move,browsing
1569400092.115,39,501,None,Move,browsing
1569400092.1260002,38,501,None,Move,browsing
1569400092.1339998,38,501,None,Move,browsing
1569400092.141,37,501,None,Move,browsing
1569400092.149,36,501,None,Move,browsing
1569400092.157,35,501,None,Move,browsing
1569400092.165,34,501,None,Move,browsing
1569400092.173,32,502,None,Move,browsing
1569400092.181,30,503,None,Move,browsing
1569400092.189,27,505,None,Move,browsing
1569400092.195,25,505,None,Move,browsing
1569400092.2029998,25,505,None,Move,browsing
1569400092.211,24,505,None,Move,browsing
1569400092.219,23,506,None,Move,browsing
1569400092.2270002,22,506,None,Move,browsing
1569400092.235,21,506,None,Move,browsing
1569400092.2529998,21,507,None,Move,browsing
1569400092.94,21,507,None,Move,browsing
1569400092.95,22,506,None,Move,browsing
1569400092.958,23,506,None,Move,browsing
1569400092.966,25,505,None,Move,browsing
1569400092.974,26,505,None,Move,browsing
1569400092.982,26,504,None,Move,browsing
1569400092.992,27,504,None,Move,browsing
1569400093.0010002,27,503,None,Move,browsing
1569400093.012,28,503,None,Move,browsing
1569400093.209,29,503,None,Move,browsing
1569400093.217,30,503,None,Move,browsing
1569400093.225,31,503,None,Move,browsing
1569400093.2329998,31,503,None,Move,browsing
1569400093.2410002,32,503,None,Move,browsing
1569400093.2489998,34,504,None,Move,browsing
1569400093.2570002,36,505,None,Move,browsing
1569400093.2629998,38,507,None,Move,browsing
1569400093.271,41,509,None,Move,browsing
1569400093.279,43,516,None,Move,browsing
1569400093.2870002,43,519,None,Move,browsing
1569400093.311,43,520,None,Move,browsing
1569400094.3079998,43,520,None,Move,browsing
1569400094.32,43,520,None,Move,browsing
1569400094.3279998,43,519,None,Move,browsing
1569400094.334,43,518,None,Move,browsing
1569400094.342,44,518,None,Move,browsing
1569400094.351,44,517,None,Move,browsing
1569400094.359,44,516,None,Move,browsing
1569400094.367,44,515,None,Move,browsing
1569400094.3739998,44,514,None,Move,browsing
1569400094.3839998,44,513,None,Move,browsing
1569400094.42,44,512,None,Move,browsing
1569400094.4329998,43,511,None,Move,browsing
1569400094.438,41,510,None,Move,browsing
1569400094.447,41,509,None,Move,browsing
1569400094.455,40,509,None,Move,browsing
1569400094.4629998,38,508,None,Move,browsing
1569400094.471,37,505,None,Move,browsing
1569400094.479,37,503,None,Move,browsing
1569400094.4870002,35,501,None,Move,browsing
1569400094.4929998,35,500,None,Move,browsing
1569400094.5010002,33,499,None,Move,browsing
1569400094.5089998,32,498,None,Move,browsing
1569400094.637,31,498,None,Move,browsing
1569400094.758,30,498,None,Move,browsing
1569400094.77,29,498,None,Move,browsing
1569400094.778,28,500,None,Move,browsing
1569400094.786,27,501,None,Move,browsing
1569400094.794,26,503,None,Move,browsing
1569400094.802,26,504,None,Move,browsing
1569400094.809,25,506,None,Move,browsing
1569400094.8170002,25,507,None,Move,browsing
1569400094.825,24,507,None,Move,browsing
1569400094.833,24,508,None,Move,browsing
1569400094.841,24,509,None,Move,browsing
1569400095.0110002,24,510,None,Move,browsing
1569400095.016,24,512,None,Move,browsing
1569400095.025,24,514,None,Move,browsing
1569400095.033,24,516,None,Move,browsing
1569400095.041,24,517,None,Move,browsing
1569400095.048,24,519,None,Move,browsing
1569400095.056,24,521,None,Move,browsing
1569400095.064,24,522,None,Move,browsing
1569400095.07,24,523,None,Move,browsing
1569400095.0779998,24,524,None,Move,browsing
1569400095.087,24,525,None,Move,browsing
1569400095.094,24,526,None,Move,browsing
1569400095.1020002,24,527,None,Move,browsing
1569400095.11,24,528,None,Move,browsing
1569400095.1179998,24,530,None,Move,browsing
1569400095.1260002,24,531,None,Move,browsing
1569400095.1320002,24,532,None,Move,browsing
1569400095.14,24,533,None,Move,browsing
1569400095.1479998,24,534,None,Move,browsing
1569400095.16,24,534,None,Move,browsing
1569400095.168,24,535,None,Move,browsing
1569400095.1829998,24,536,None,Move,browsing
1569400095.285,24,538,None,Move,browsing
1569400095.295,25,539,None,Move,browsing
1569400095.303,25,541,None,Move,browsing
1569400095.315,25,542,None,Move,browsing
1569400095.323,25,543,None,Move,browsing
1569400095.353,25,544,None,Move,browsing
1569400095.36,25,545,None,Move,browsing
1569400095.3679998,26,546,None,Move,browsing
1569400095.731,27,545,None,Move,browsing
1569400095.7389998,28,541,None,Move,browsing
1569400095.746,31,534,None,Move,browsing
1569400095.754,34,527,None,Move,browsing
1569400095.7629998,36,524,None,Move,browsing
1569400095.768,38,520,None,Move,browsing
1569400095.7770002,40,516,None,Move,browsing
1569400095.784,42,513,None,Move,browsing
1569400095.793,43,508,None,Move,browsing
1569400095.801,44,503,None,Move,browsing
1569400095.809,47,501,None,Move,browsing
1569400095.816,48,499,None,Move,browsing
1569400095.823,49,496,None,Move,browsing
1569400095.831,50,494,None,Move,browsing
1569400095.8379998,51,492,None,Move,browsing
1569400095.846,51,490,None,Move,browsing
1569400095.854,52,488,None,Move,browsing
1569400095.8620002,52,484,None,Move,browsing
1569400095.87,52,481,None,Move,browsing
1569400095.8760002,52,477,None,Move,browsing
1569400095.8839998,52,475,None,Move,browsing
1569400095.8920002,52,472,None,Move,browsing
1569400095.9,52,470,None,Move,browsing
1569400095.908,52,468,None,Move,browsing
1569400095.916,52,466,None,Move,browsing
1569400095.925,52,464,None,Move,browsing
1569400095.93,52,462,None,Move,browsing
1569400095.939,52,461,None,Move,browsing
1569400095.947,52,459,None,Move,browsing
1569400095.955,52,457,None,Move,browsing
1569400095.9629998,52,456,None,Move,browsing
1569400095.971,52,455,None,Move,browsing
1569400095.9770002,53,454,None,Move,browsing
1569400095.985,53,453,None,Move,browsing
1569400095.9929998,54,451,None,Move,browsing
1569400096.0010002,55,449,None,Move,browsing
1569400096.0089998,55,448,None,Move,browsing
1569400096.0170002,56,446,None,Move,browsing
1569400096.025,57,445,None,Move,browsing
1569400096.031,58,444,None,Move,browsing
1569400096.038,60,442,None,Move,browsing
1569400096.0470002,61,440,None,Move,browsing
1569400096.054,62,438,None,Move,browsing
1569400096.062,64,435,None,Move,browsing
1569400096.07,67,433,None,Move,browsing
1569400096.0779998,69,431,None,Move,browsing
1569400096.084,71,429,None,Move,browsing
1569400096.092,73,426,None,Move,browsing
1569400096.1,76,424,None,Move,browsing
1569400096.1079998,78,423,None,Move,browsing
1569400096.1160002,80,421,None,Move,browsing
1569400096.1239998,82,418,None,Move,browsing
1569400096.131,86,416,None,Move,browsing
1569400096.139,88,414,None,Move,browsing
1569400096.147,91,412,None,Move,browsing
1569400096.154,93,409,None,Move,browsing
1569400096.1620002,96,407,None,Move,browsing
1569400096.171,100,404,None,Move,browsing
1569400096.179,102,402,None,Move,browsing
1569400096.187,106,400,None,Move,browsing
1569400096.1929998,108,397,None,Move,browsing
1569400096.201,110,395,None,Move,browsing
1569400096.209,113,393,None,Move,browsing
1569400096.216,115,391,None,Move,browsing
1569400096.225,117,388,None,Move,browsing
1569400096.2329998,120,386,None,Move,browsing
1569400096.2389998,123,384,None,Move,browsing
1569400096.2470002,125,381,None,Move,browsing
1569400096.255,128,379,None,Move,browsing
1569400096.2629998,130,378,None,Move,browsing
1569400096.271,131,377,None,Move,browsing
1569400096.279,132,375,None,Move,browsing
1569400096.2870002,134,374,None,Move,browsing
1569400096.2970002,135,374,None,Move,browsing
1569400096.305,136,373,None,Move,browsing
1569400096.325,137,373,None,Move,browsing
1569400096.333,137,372,None,Move,browsing
1569400096.355,138,371,None,Move,browsing
1569400096.375,139,371,None,Move,browsing
1569400096.383,139,370,None,Move,browsing
1569400096.391,140,370,None,Move,browsing
1569400096.397,141,370,None,Move,browsing
1569400096.404,143,370,None,Move,browsing
1569400096.4120002,145,370,None,Move,browsing
1569400096.421,149,368,None,Move,browsing
1569400096.429,151,367,None,Move,browsing
1569400096.436,153,367,None,Move,browsing
1569400096.444,155,366,None,Move,browsing
1569400096.45,157,366,None,Move,browsing
1569400096.458,160,364,None,Move,browsing
1569400096.466,162,363,None,Move,browsing
1569400096.475,164,363,None,Move,browsing
1569400096.482,166,362,None,Move,browsing
1569400096.49,168,362,None,Move,browsing
1569400096.498,168,361,None,Move,browsing
1569400096.505,169,361,None,Move,browsing
1569400096.575,170,360,None,Move,browsing
1569400096.587,171,359,None,Move,browsing
1569400096.595,172,358,None,Move,browsing
1569400096.603,172,357,None,Move,browsing
1569400096.609,173,356,None,Move,browsing
1569400096.617,175,355,None,Move,browsing
1569400096.625,176,355,None,Move,browsing
1569400096.633,176,354,None,Move,browsing
1569400096.657,176,353,None,Move,browsing
1569400096.716,176,353,Left,Pressed,browsing
1569400096.814,176,353,Left,Released,browsing
1569400097.426,176,353,None,Move,browsing
1569400097.4420002,176,354,None,Move,browsing
1569400097.454,176,354,None,Move,browsing
1569400097.564,176,355,None,Move,browsing
1569400098.399,176,355,None,Move,browsing
1569400098.407,184,354,None,Move,browsing
1569400098.415,200,350,None,Move,browsing
1569400098.421,217,347,None,Move,browsing
1569400098.429,234,343,None,Move,browsing
1569400098.437,252,340,None,Move,browsing
1569400098.445,267,336,None,Move,browsing
1569400098.4529998,282,333,None,Move,browsing
1569400098.461,300,330,None,Move,browsing
1569400098.468,313,326,None,Move,browsing
1569400098.475,322,323,None,Move,browsing
1569400098.482,331,320,None,Move,browsing
1569400098.4910002,335,319,None,Move,browsing
1569400098.4989998,338,318,None,Move,browsing
1569400098.516,343,317,None,Move,browsing
1569400098.611,343,316,None,Move,browsing
1569400098.6260002,344,316,None,Move,browsing
1569400098.6360002,344,315,None,Move,browsing
1569400098.6479998,345,315,None,Move,browsing
1569400098.668,346,314,None,Move,browsing
1569400098.719,347,314,None,Move,browsing
1569400098.731,347,313,None,Move,browsing
1569400098.7770002,348,313,None,Move,browsing
1569400098.803,349,312,None,Move,browsing
1569400098.938,349,312,None,Move,browsing
1569400098.947,347,314,None,Move,browsing
1569400098.952,345,316,None,Move,browsing
1569400098.961,341,319,None,Move,browsing
1569400098.969,336,321,None,Move,browsing
1569400098.9770002,329,324,None,Move,browsing
1569400098.985,319,329,None,Move,browsing
1569400098.9929998,306,332,None,Move,browsing
1569400099.0010002,293,337,None,Move,browsing
1569400099.0070002,275,342,None,Move,browsing
1569400099.015,257,351,None,Move,browsing
1569400099.0229998,238,357,None,Move,browsing
1569400099.031,216,362,None,Move,browsing
1569400099.039,195,367,None,Move,browsing
1569400099.0470002,175,376,None,Move,browsing
1569400099.055,155,384,None,Move,browsing
1569400099.061,134,389,None,Move,browsing
1569400099.0679998,114,393,None,Move,browsing
1569400099.076,95,396,None,Move,browsing
1569400099.084,82,398,None,Move,browsing
1569400099.092,69,395,None,Move,browsing
1569400099.1,59,392,None,Move,browsing
1569400099.1079998,56,392,None,Move,browsing
1569400099.115,54,391,None,Move,browsing
1569400099.1220002,52,390,None,Move,browsing
1569400099.13,49,390,None,Move,browsing
1569400099.1379998,47,390,None,Move,browsing
1569400099.146,45,390,None,Move,browsing
1569400099.154,43,390,None,Move,browsing
1569400099.16,41,391,None,Move,browsing
1569400099.168,39,391,None,Move,browsing
1569400099.176,39,392,None,Move,browsing
1569400099.184,38,392,None,Move,browsing
1569400099.204,38,393,None,Move,browsing
1569400099.351,38,393,None,Move,browsing
1569400099.359,39,392,None,Move,browsing
1569400099.367,40,392,None,Move,browsing
1569400099.375,42,390,None,Move,browsing
1569400099.381,44,389,None,Move,browsing
1569400099.389,45,388,None,Move,browsing
1569400099.397,46,388,None,Move,browsing
1569400099.405,47,388,None,Move,browsing
1569400099.416,48,387,None,Move,browsing
1569400099.425,49,387,None,Move,browsing
1569400099.447,49,386,None,Move,browsing
1569400099.597,50,386,None,Move,browsing
1569400099.609,50,385,None,Move,browsing
1569400099.617,52,385,None,Move,browsing
1569400099.641,53,384,None,Move,browsing
1569400099.647,55,384,None,Move,browsing
1569400099.654,56,384,None,Move,browsing
1569400099.6620002,57,384,None,Move,browsing
1569400099.67,59,384,None,Move,browsing
1569400099.7,60,384,None,Move,browsing
1569400099.899,61,384,None,Move,browsing
1569400099.908,62,383,None,Move,browsing
1569400099.916,63,383,None,Move,browsing
1569400099.925,63,382,None,Move,browsing
1569400099.937,64,382,None,Move,browsing
1569400099.945,64,381,None,Move,browsing
1569400099.9629998,67,379,None,Move,browsing
1569400099.97,68,379,None,Move,browsing
1569400099.975,69,379,None,Move,browsing
1569400099.9829998,70,379,None,Move,browsing
1569400099.9910002,71,379,None,Move,browsing
1569400099.998,72,378,None,Move,browsing
1569400100.0070002,73,377,None,Move,browsing
1569400100.015,74,377,None,Move,browsing
1569400100.02,75,377,None,Move,browsing
1569400100.344,76,376,None,Move,browsing
1569400100.356,76,375,None,Move,browsing
1569400100.3639998,77,375,None,Move,browsing
1569400100.39,78,374,None,Move,browsing
1569400100.3979998,78,373,None,Move,browsing
1569400100.406,79,372,None,Move,browsing
1569400100.414,81,370,None,Move,browsing
1569400100.4220002,82,368,None,Move,browsing
1569400100.43,83,367,None,Move,browsing
1569400100.438,83,366,None,Move,browsing
1569400100.444,83,364,None,Move,browsing
1569400100.452,83,363,None,Move,browsing
1569400100.46,84,362,None,Move,browsing
1569400100.468,84,360,None,Move,browsing
1569400100.4770002,84,359,None,Move,browsing
1569400100.484,84,357,None,Move,browsing
1569400100.492,84,357,None,Move,browsing
1569400100.4989998,83,356,None,Move,browsing
1569400100.5070002,83,355,None,Move,browsing
1569400100.515,83,354,None,Move,browsing
1569400100.5229998,83,353,None,Move,browsing
1569400100.531,83,352,None,Move,browsing
1569400100.539,83,351,None,Move,browsing
1569400100.5470002,83,350,None,Move,browsing
1569400100.552,83,348,None,Move,browsing
1569400100.561,83,347,None,Move,browsing
1569400100.5679998,83,346,None,Move,browsing
1569400100.5779998,83,345,None,Move,browsing
1569400100.584,83,343,None,Move,browsing
1569400100.593,83,341,None,Move,browsing
1569400100.601,84,341,None,Move,browsing
1569400100.607,84,340,None,Move,browsing
1569400100.615,85,338,None,Move,browsing
1569400100.623,87,337,None,Move,browsing
1569400100.631,88,336,None,Move,browsing
1569400100.639,88,335,None,Move,browsing
1569400100.83,89,335,None,Move,browsing
1569400100.8379998,89,337,None,Move,browsing
1569400100.846,90,337,None,Move,browsing
1569400100.854,91,339,None,Move,browsing
1569400100.863,91,340,None,Move,browsing
1569400100.8679998,93,341,None,Move,browsing
1569400100.877,94,341,None,Move,browsing
1569400100.8839998,95,342,None,Move,browsing
1569400100.893,96,342,None,Move,browsing
1569400100.9,97,342,None,Move,browsing
1569400100.908,99,342,None,Move,browsing
1569400100.92,100,342,None,Move,browsing
1569400100.931,101,342,None,Move,browsing
1569400100.938,101,342,None,Move,browsing
1569400100.951,101,342,None,Move,browsing
1569400100.972,101,341,None,Move,browsing
1569400100.996,102,341,None,Move,browsing
1569400101.012,102,341,None,Move,browsing
1569400101.024,103,341,None,Move,browsing
1569400101.121,104,341,None,Move,browsing
1569400101.129,105,341,None,Move,browsing
1569400101.147,106,341,None,Move,browsing
1569400101.163,107,342,None,Move,browsing
1569400101.171,107,343,None,Move,browsing
1569400101.179,108,344,None,Move,browsing
1569400101.185,108,345,None,Move,browsing
1569400101.1920002,109,347,None,Move,browsing
1569400101.201,109,349,None,Move,browsing
1569400101.208,109,351,None,Move,browsing
1569400101.216,109,353,None,Move,browsing
1569400101.225,109,357,None,Move,browsing
1569400101.2329998,109,359,None,Move,browsing
1569400101.238,106,362,None,Move,browsing
1569400101.2470002,105,364,None,Move,browsing
1569400101.255,104,367,None,Move,browsing
1569400101.2629998,103,369,None,Move,browsing
1569400101.271,102,371,None,Move,browsing
1569400101.279,101,373,None,Move,browsing
1569400101.286,100,375,None,Move,browsing
1569400101.292,100,376,None,Move,browsing
1569400101.3,99,377,None,Move,browsing
1569400101.309,99,378,None,Move,browsing
1569400101.745,98,378,None,Move,browsing
1569400101.756,97,378,None,Move,browsing
1569400101.764,96,378,None,Move,browsing
1569400101.774,95,378,None,Move,browsing
1569400101.782,93,378,None,Move,browsing
1569400101.79,91,378,None,Move,browsing
1569400101.798,90,378,None,Move,browsing
1569400101.8070002,89,378,None,Move,browsing
1569400101.815,88,378,None,Move,browsing
1569400101.82,86,378,None,Move,browsing
1569400101.833,86,378,None,Move,browsing
1569400101.841,84,378,None,Move,browsing
1569400101.853,83,377,None,Move,browsing
1569400101.861,82,377,None,Move,browsing
1569400101.8679998,81,376,None,Move,browsing
1569400101.8739998,79,375,None,Move,browsing
1569400101.8820002,77,373,None,Move,browsing
1569400101.89,74,372,None,Move,browsing
1569400101.8979998,72,370,None,Move,browsing
1569400101.906,70,367,None,Move,browsing
1569400101.914,68,366,None,Move,browsing
1569400101.9220002,65,364,None,Move,browsing
1569400101.928,63,362,None,Move,browsing
1569400101.936,62,360,None,Move,browsing
1569400101.945,60,357,None,Move,browsing
1569400101.952,57,355,None,Move,browsing
1569400101.96,56,353,None,Move,browsing
1569400101.969,55,352,None,Move,browsing
1569400101.9770002,54,350,None,Move,browsing
1569400101.9829998,53,348,None,Move,browsing
1569400101.9910002,51,346,None,Move,browsing
1569400101.9989998,50,343,None,Move,browsing
1569400102.0070002,49,341,None,Move,browsing
1569400102.015,48,339,None,Move,browsing
1569400102.0229998,47,337,None,Move,browsing
1569400102.031,44,335,None,Move,browsing
1569400102.0370002,44,332,None,Move,browsing
1569400102.045,43,330,None,Move,browsing
1569400102.053,42,329,None,Move,browsing
1569400102.06,42,327,None,Move,browsing
1569400102.069,42,327,None,Move,browsing
1569400102.081,42,326,None,Move,browsing
1569400102.087,41,325,None,Move,browsing
1569400102.095,41,323,None,Move,browsing
1569400102.103,41,321,None,Move,browsing
1569400102.111,41,319,None,Move,browsing
1569400102.119,41,318,None,Move,browsing
1569400102.127,41,316,None,Move,browsing
1569400102.135,40,315,None,Move,browsing
1569400102.141,40,314,None,Move,browsing
1569400102.149,40,313,None,Move,browsing
1569400102.157,40,312,None,Move,browsing
1569400102.168,40,311,None,Move,browsing
1569400102.181,40,310,None,Move,browsing
1569400102.189,40,309,None,Move,browsing
1569400102.195,40,309,None,Move,browsing
1569400102.2029998,40,308,None,Move,browsing
1569400102.218,40,307,None,Move,browsing
1569400102.231,41,306,None,Move,browsing
1569400102.238,41,306,None,Move,browsing
1569400102.245,41,305,None,Move,browsing
1569400102.2529998,42,304,None,Move,browsing
1569400102.2610002,43,304,None,Move,browsing
1569400102.268,43,303,None,Move,browsing
1569400102.2770002,44,302,None,Move,browsing
1569400102.285,45,301,None,Move,browsing
1569400102.293,46,301,None,Move,browsing
1569400102.299,47,300,None,Move,browsing
1569400102.311,48,300,None,Move,browsing
1569400102.381,49,300,None,Move,browsing
1569400102.4020002,50,300,None,Move,browsing
1569400102.415,51,301,None,Move,browsing
1569400102.4220002,51,301,None,Move,browsing
1569400102.431,52,302,None,Move,browsing
1569400102.439,54,303,None,Move,browsing
1569400102.446,55,304,None,Move,browsing
1569400102.452,56,305,None,Move,browsing
1569400102.46,58,306,None,Move,browsing
1569400102.468,59,307,None,Move,browsing
1569400102.476,60,307,None,Move,browsing
1569400102.484,61,308,None,Move,browsing
1569400102.492,62,308,None,Move,browsing
1569400102.5010002,63,309,None,Move,browsing
1569400102.506,64,309,None,Move,browsing
1569400102.514,65,310,None,Move,browsing
1569400102.5270002,66,310,None,Move,browsing
1569400102.539,66,310,None,Move,browsing
1569400102.5470002,66,310,None,Move,browsing
1569400102.554,66,311,None,Move,browsing
1569400102.56,67,311,None,Move,browsing
1569400102.5679998,67,312,None,Move,browsing
1569400102.577,68,312,None,Move,browsing
1569400102.584,68,313,None,Move,browsing
1569400102.593,69,313,None,Move,browsing
1569400102.601,69,314,None,Move,browsing
1569400102.609,70,315,None,Move,browsing
1569400102.619,70,316,None,Move,browsing
1569400102.627,70,317,None,Move,browsing
1569400102.635,71,318,None,Move,browsing
1569400102.643,71,319,None,Move,browsing
1569400102.651,71,320,None,Move,browsing
1569400102.659,71,322,None,Move,browsing
1569400102.665,71,322,None,Move,browsing
1569400102.673,71,323,None,Move,browsing
1569400102.681,71,325,None,Move,browsing
1569400102.689,71,327,None,Move,browsing
1569400102.697,71,329,None,Move,browsing
1569400102.705,70,332,None,Move,browsing
1569400102.7129998,70,334,None,Move,browsing
1569400102.719,69,336,None,Move,browsing
1569400102.7270002,68,338,None,Move,browsing
1569400102.735,66,340,None,Move,browsing
1569400102.7429998,66,341,None,Move,browsing
1569400102.75,65,343,None,Move,browsing
1569400102.7589998,64,345,None,Move,browsing
1569400102.7670002,64,346,None,Move,browsing
1569400102.772,64,348,None,Move,browsing
1569400102.781,63,349,None,Move,browsing
1569400102.789,63,351,None,Move,browsing
1569400102.7970002,63,353,None,Move,browsing
1569400102.805,63,354,None,Move,browsing
1569400102.813,63,356,None,Move,browsing
1569400102.82,63,358,None,Move,browsing
1569400102.826,63,359,None,Move,browsing
1569400102.834,63,360,None,Move,browsing
1569400102.842,63,361,None,Move,browsing
1569400102.85,63,362,None,Move,browsing
1569400102.8579998,63,364,None,Move,browsing
1569400102.8660002,63,364,None,Move,browsing
1569400102.8739998,63,365,None,Move,browsing
1569400102.881,63,366,None,Move,browsing
1569400102.8879998,63,367,None,Move,browsing
1569400102.897,63,368,None,Move,browsing
1569400102.909,63,369,None,Move,browsing
1569400102.92,63,370,None,Move,browsing
1569400102.978,63,371,None,Move,browsing
1569400102.988,63,372,None,Move,browsing
1569400102.996,63,373,None,Move,browsing
1569400103.004,63,374,None,Move,browsing
1569400103.012,63,375,None,Move,browsing
1569400103.025,63,375,None,Move,browsing
1569400103.0370002,63,376,None,Move,browsing
1569400103.051,63,377,None,Move,browsing
1569400103.303,63,377,None,Move,browsing
1569400103.313,63,377,None,Move,browsing
1569400103.321,63,376,None,Move,browsing
1569400103.329,63,376,None,Move,browsing
1569400103.337,63,375,None,Move,browsing
1569400103.345,63,374,None,Move,browsing
1569400103.3520002,64,373,None,Move,browsing
1569400103.363,64,372,None,Move,browsing
1569400103.387,64,371,None,Move,browsing
1569400103.425,64,370,None,Move,browsing
1569400103.4329998,64,369,None,Move,browsing
1569400103.449,64,368,None,Move,browsing
1569400103.457,63,368,None,Move,browsing
1569400103.4910002,63,367,None,Move,browsing
1569400103.5029998,62,366,None,Move,browsing
1569400103.51,62,365,None,Move,browsing
1569400103.516,61,365,None,Move,browsing
1569400103.524,61,364,None,Move,browsing
1569400103.532,61,362,None,Move,browsing
1569400103.54,61,361,None,Move,browsing
1569400103.549,60,359,None,Move,browsing
1569400103.5570002,60,358,None,Move,browsing
1569400103.565,60,356,None,Move,browsing
1569400103.573,60,354,None,Move,browsing
1569400103.579,61,352,None,Move,browsing
1569400103.587,62,349,None,Move,browsing
1569400103.595,63,347,None,Move,browsing
1569400103.603,64,345,None,Move,browsing
1569400103.61,65,343,None,Move,browsing
1569400103.6179998,68,341,None,Move,browsing
1569400103.6239998,69,338,None,Move,browsing
1569400103.6320002,69,337,None,Move,browsing
1569400103.64,70,335,None,Move,browsing
1569400103.6479998,71,333,None,Move,browsing
1569400103.656,72,332,None,Move,browsing
1569400103.664,72,330,None,Move,browsing
1569400103.6720002,73,330,None,Move,browsing
1569400103.678,74,329,None,Move,browsing
1569400103.686,75,327,None,Move,browsing
1569400103.695,77,324,None,Move,browsing
1569400103.702,78,322,None,Move,browsing
1569400103.711,79,321,None,Move,browsing
1569400103.718,80,319,None,Move,browsing
1569400103.7270002,81,318,None,Move,browsing
1569400103.7329998,82,316,None,Move,browsing
1569400103.7410002,83,315,None,Move,browsing
1569400103.7489998,84,315,None,Move,browsing
1569400103.7570002,84,314,None,Move,browsing
1569400103.765,84,313,None,Move,browsing
1569400103.7729998,85,312,None,Move,browsing
1569400103.781,86,311,None,Move,browsing
1569400103.791,87,310,None,Move,browsing
1569400103.799,88,309,None,Move,browsing
1569400103.811,89,308,None,Move,browsing
1569400103.839,89,307,None,Move,browsing
1569400103.849,90,306,None,Move,browsing
1569400103.906,90,305,None,Move,browsing
1569400103.919,91,305,None,Move,browsing
1569400103.927,91,304,None,Move,browsing
1569400103.972,91,303,None,Move,browsing
1569400103.98,91,302,None,Move,browsing
1569400103.992,91,301,None,Move,browsing
1569400103.998,90,300,None,Move,browsing
1569400104.006,90,298,None,Move,browsing
1569400104.014,90,296,None,Move,browsing
1569400104.0229998,90,294,None,Move,browsing
1569400104.03,90,291,None,Move,browsing
1569400104.038,90,288,None,Move,browsing
1569400104.046,88,285,None,Move,browsing
1569400104.052,85,281,None,Move,browsing
1569400104.06,80,274,None,Move,browsing
1569400104.0679998,73,265,None,Move,browsing
1569400104.076,67,259,None,Move,browsing
1569400104.084,63,253,None,Move,browsing
1569400104.092,59,248,None,Move,browsing
1569400104.099,56,242,None,Move,browsing
1569400104.107,54,239,None,Move,browsing
1569400104.115,52,235,None,Move,browsing
1569400104.123,51,233,None,Move,browsing
1569400104.131,49,231,None,Move,browsing
1569400104.139,49,229,None,Move,browsing
1569400104.147,49,228,None,Move,browsing
1569400104.153,49,226,None,Move,browsing
1569400104.165,49,225,None,Move,browsing
1569400104.173,49,224,None,Move,browsing
1569400104.181,49,224,None,Move,browsing
1569400104.2729998,49,222,None,Move,browsing
1569400104.281,49,221,None,Move,browsing
1569400104.289,49,219,None,Move,browsing
1569400104.2970002,49,217,None,Move,browsing
1569400104.305,49,215,None,Move,browsing
1569400104.313,49,213,None,Move,browsing
1569400104.3179998,49,212,None,Move,browsing
1569400104.327,50,211,None,Move,browsing
1569400104.335,50,210,None,Move,browsing
1569400104.347,50,209,None,Move,browsing
1569400104.355,50,209,None,Move,browsing
1569400104.3679998,50,208,None,Move,browsing
1569400104.3760002,51,207,None,Move,browsing
1569400104.3839998,51,206,None,Move,browsing
1569400104.3920002,52,205,None,Move,browsing
1569400104.4,52,204,None,Move,browsing
1569400104.408,53,202,None,Move,browsing
1569400104.416,53,201,None,Move,browsing
1569400104.4220002,53,200,None,Move,browsing
1569400104.43,53,199,None,Move,browsing
1569400104.438,53,198,None,Move,browsing
1569400104.45,53,197,None,Move,browsing
1569400104.525,54,197,None,Move,browsing
1569400104.53,54,196,None,Move,browsing
1569400104.539,55,195,None,Move,browsing
1569400104.5470002,55,194,None,Move,browsing
1569400104.554,55,193,None,Move,browsing
1569400104.563,55,192,None,Move,browsing
1569400104.571,56,191,None,Move,browsing
1569400104.593,56,190,None,Move,browsing
1569400104.732,56,190,Left,Pressed,browsing
1569400104.855,56,190,Left,Released,browsing
1569400105.688,56,190,None,Move,browsing
1569400105.7,57,192,None,Move,browsing
1569400105.722,58,193,None,Move,browsing
1569400105.73,59,194,None,Move,browsing
1569400105.738,59,195,None,Move,browsing
1569400105.7470002,59,196,None,Move,browsing
1569400105.755,60,196,None,Move,browsing
1569400105.7629998,60,197,None,Move,browsing
1569400105.768,61,197,None,Move,browsing
1569400105.7770002,61,198,None,Move,browsing
1569400105.8079998,62,198,None,Move,browsing
1569400105.816,62,199,None,Move,browsing
1569400105.822,62,200,None,Move,browsing
1569400105.83,63,201,None,Move,browsing
1569400105.842,64,202,None,Move,browsing
1569400105.85,64,203,None,Move,browsing
1569400105.859,65,204,None,Move,browsing
1569400105.867,66,204,None,Move,browsing
1569400105.875,67,205,None,Move,browsing
1569400105.881,68,206,None,Move,browsing
1569400105.889,68,207,None,Move,browsing
1569400105.897,69,207,None,Move,browsing
1569400105.905,70,208,None,Move,browsing
1569400105.913,71,208,None,Move,browsing
1569400105.921,71,209,None,Move,browsing
1569400105.927,72,210,None,Move,browsing
1569400105.935,72,210,None,Move,browsing
1569400105.9429998,73,211,None,Move,browsing
1569400105.951,73,212,None,Move,browsing
1569400105.959,74,213,None,Move,browsing
1569400105.967,75,213,None,Move,browsing
1569400105.975,76,214,None,Move,browsing
1569400105.981,76,215,None,Move,browsing
1569400105.988,77,215,None,Move,browsing
1569400105.9970002,77,216,None,Move,browsing
1569400106.004,77,217,None,Move,browsing
1569400106.016,77,218,None,Move,browsing
1569400106.024,78,219,None,Move,browsing
1569400106.03,78,219,None,Move,browsing
1569400106.042,78,220,None,Move,browsing
1569400106.05,78,222,None,Move,browsing
1569400106.0579998,78,223,None,Move,browsing
1569400106.066,78,224,None,Move,browsing
1569400106.075,78,225,None,Move,browsing
1569400106.083,78,226,None,Move,browsing
1569400106.0879998,78,227,None,Move,browsing
1569400106.097,78,228,None,Move,browsing
1569400106.104,78,229,None,Move,browsing
1569400106.1160002,78,230,None,Move,browsing
1569400106.1279998,78,230,None,Move,browsing
1569400106.137,78,231,None,Move,browsing
1569400106.1420002,78,232,None,Move,browsing
1569400106.15,78,233,None,Move,browsing
1569400106.159,78,234,None,Move,browsing
1569400106.166,78,235,None,Move,browsing
1569400106.175,78,236,None,Move,browsing
1569400106.1820002,78,238,None,Move,browsing
1569400106.19,78,239,None,Move,browsing
1569400106.201,78,240,None,Move,browsing
1569400106.209,78,241,None,Move,browsing
1569400106.225,78,241,None,Move,browsing
1569400106.2370002,78,242,None,Move,browsing
1569400106.2470002,78,243,None,Move,browsing
1569400106.2629998,78,244,None,Move,browsing
1569400106.295,78,245,None,Move,browsing
1569400106.305,78,246,None,Move,browsing
1569400106.321,78,247,None,Move,browsing
1569400106.333,78,248,None,Move,browsing
1569400106.349,78,249,None,Move,browsing
1569400106.375,78,250,None,Move,browsing
1569400106.399,78,251,None,Move,browsing
1569400106.4120002,78,252,None,Move,browsing
1569400106.42,78,253,None,Move,browsing
1569400106.428,78,254,None,Move,browsing
1569400106.436,78,254,None,Move,browsing
1569400106.444,78,255,None,Move,browsing
1569400106.452,78,256,None,Move,browsing
1569400106.458,78,257,None,Move,browsing
1569400106.466,78,258,None,Move,browsing
1569400106.478,78,259,None,Move,browsing
1569400106.486,78,260,None,Move,browsing
1569400106.495,78,261,None,Move,browsing
1569400106.5029998,78,262,None,Move,browsing
1569400106.5110002,78,264,None,Move,browsing
1569400106.5170002,78,264,None,Move,browsing
1569400106.525,79,266,None,Move,browsing
1569400106.533,79,269,None,Move,browsing
1569400106.541,79,271,None,Move,browsing
1569400106.549,79,273,None,Move,browsing
1569400106.5570002,79,274,None,Move,browsing
1569400106.563,80,274,None,Move,browsing
1569400106.571,80,275,None,Move,browsing
1569400106.615,81,275,None,Move,browsing
1569400106.6239998,82,275,None,Move,browsing
1569400106.633,88,274,None,Move,browsing
1569400106.641,97,269,None,Move,browsing
1569400106.649,102,267,None,Move,browsing
1569400106.657,110,264,None,Move,browsing
1569400106.665,113,260,None,Move,browsing
1569400106.671,115,258,None,Move,browsing
1569400106.679,118,255,None,Move,browsing
1569400106.686,120,253,None,Move,browsing
1569400106.694,122,251,None,Move,browsing
1569400106.7029998,123,249,None,Move,browsing
1569400106.711,126,248,None,Move,browsing
1569400106.719,126,247,None,Move,browsing
1569400106.724,127,247,None,Move,browsing
1569400106.79,127,247,None,Move,browsing
1569400106.802,128,248,None,Move,browsing
1569400106.81,129,248,None,Move,browsing
1569400106.822,129,248,None,Move,browsing
1569400106.8279998,130,248,None,Move,browsing
1569400106.8479998,130,249,None,Move,browsing
1569400106.949,130,249,Left,Pressed,browsing
1569400107.049,130,249,Left,Released,browsing
1569400107.264,130,250,None,Move,browsing
1569400107.272,130,251,None,Move,browsing
1569400107.393,130,252,None,Move,browsing
1569400107.405,130,253,None,Move,browsing
1569400107.674,130,254,None,Move,browsing
1569400107.684,130,255,None,Move,browsing
1569400107.832,130,256,None,Move,browsing
1569400108.056,130,257,None,Move,browsing
1569400108.07,130,258,None,Move,browsing
1569400108.22,130,258,None,Move,browsing
1569400108.232,130,259,None,Move,browsing
1569400108.24,130,261,None,Move,browsing
1569400108.248,130,262,None,Move,browsing
1569400108.256,130,263,None,Move,browsing
1569400108.264,130,264,None,Move,browsing
1569400108.27,131,264,None,Move,browsing
1569400108.278,133,265,None,Move,browsing
1569400108.286,135,265,None,Move,browsing
1569400108.294,137,266,None,Move,browsing
1569400108.302,141,266,None,Move,browsing
1569400108.31,146,266,None,Move,browsing
1569400108.3179998,154,268,None,Move,browsing
1569400108.324,163,269,None,Move,browsing
1569400108.332,174,271,None,Move,browsing
1569400108.34,187,274,None,Move,browsing
1569400108.3479998,200,276,None,Move,browsing
1569400108.357,215,276,None,Move,browsing
1569400108.365,232,276,None,Move,browsing
1569400108.373,249,276,None,Move,browsing
1569400108.379,268,277,None,Move,browsing
1569400108.3860002,289,277,None,Move,browsing
1569400108.395,306,277,None,Move,browsing
1569400108.4020002,325,277,None,Move,browsing
1569400108.41,340,277,None,Move,browsing
1569400108.418,353,277,None,Move,browsing
1569400108.425,366,277,None,Move,browsing
1569400108.4329998,379,279,None,Move,browsing
1569400108.45,403,280,None,Move,browsing
1569400108.456,412,284,None,Move,browsing
1569400108.465,421,287,None,Move,browsing
1569400108.4729998,431,290,None,Move,browsing
1569400108.479,438,293,None,Move,browsing
1569400108.4870002,441,294,None,Move,browsing
1569400108.495,444,295,None,Move,browsing
1569400108.5029998,446,296,None,Move,browsing
1569400108.5110002,448,297,None,Move,browsing
1569400108.519,450,298,None,Move,browsing
1569400108.5270002,452,300,None,Move,browsing
1569400108.533,455,302,None,Move,browsing
1569400108.541,457,304,None,Move,browsing
1569400108.549,458,306,None,Move,browsing
1569400108.5570002,460,308,None,Move,browsing
1569400108.565,461,310,None,Move,browsing
1569400108.573,462,313,None,Move,browsing
1569400108.581,465,314,None,Move,browsing
1569400108.586,466,316,None,Move,browsing
1569400108.595,467,317,None,Move,browsing
1569400108.6020002,469,318,None,Move,browsing
1569400108.611,470,320,None,Move,browsing
1569400108.619,471,321,None,Move,browsing
1569400108.6260002,473,322,None,Move,browsing
1569400108.6339998,473,323,None,Move,browsing
1569400108.64,474,324,None,Move,browsing
1569400108.6479998,475,326,None,Move,browsing
1569400108.656,475,326,None,Move,browsing
1569400108.664,476,328,None,Move,browsing
1569400108.6720002,477,329,None,Move,browsing
1569400108.68,477,330,None,Move,browsing
1569400108.688,479,332,None,Move,browsing
1569400108.695,479,333,None,Move,browsing
1569400108.702,481,335,None,Move,browsing
1569400108.711,483,337,None,Move,browsing
1569400108.718,485,339,None,Move,browsing
1569400108.7270002,487,341,None,Move,browsing
1569400108.734,488,342,None,Move,browsing
1569400108.7429998,490,345,None,Move,browsing
1569400108.7489998,492,348,None,Move,browsing
1569400108.756,494,350,None,Move,browsing
1569400108.765,494,351,None,Move,browsing
1569400108.7729998,495,352,None,Move,browsing
1569400108.781,496,353,None,Move,browsing
1569400108.789,496,355,None,Move,browsing
1569400108.803,497,355,None,Move,browsing
1569400108.823,497,355,None,Move,browsing
1569400108.835,497,356,None,Move,browsing
1569400108.843,497,357,None,Move,browsing
1569400108.851,498,358,None,Move,browsing
1569400108.857,498,359,None,Move,browsing
1569400108.865,499,360,None,Move,browsing
1569400108.873,499,361,None,Move,browsing
1569400109.03,499,362,None,Move,browsing
1569400109.059,500,363,None,Move,browsing
1569400109.0679998,500,364,None,Move,browsing
1569400109.076,500,365,None,Move,browsing
1569400109.613,500,365,None,Move,browsing
1569400109.6239998,499,365,None,Move,browsing
1569400109.6320002,497,364,None,Move,browsing
1569400109.64,495,363,None,Move,browsing
1569400109.647,493,361,None,Move,browsing
1569400109.654,489,359,None,Move,browsing
1569400109.6620002,486,357,None,Move,browsing
1569400109.67,479,355,None,Move,browsing
1569400109.678,472,352,None,Move,browsing
1569400109.686,462,349,None,Move,browsing
1569400109.694,453,346,None,Move,browsing
1569400109.7,444,343,None,Move,browsing
1569400109.709,435,340,None,Move,browsing
1569400109.716,426,337,None,Move,browsing
1569400109.724,414,334,None,Move,browsing
1569400109.7329998,403,332,None,Move,browsing
1569400109.74,395,332,None,Move,browsing
1569400109.7489998,386,333,None,Move,browsing
1569400109.754,377,333,None,Move,browsing
1569400109.7629998,374,333,None,Move,browsing
1569400109.771,370,333,None,Move,browsing
1569400109.779,368,333,None,Move,browsing
1569400109.7870002,367,333,None,Move,browsing
1569400109.957,367,334,None,Move,browsing
1569400109.967,368,334,None,Move,browsing
1569400109.975,370,334,None,Move,browsing
1569400109.9829998,371,334,None,Move,browsing
1569400109.9910002,373,334,None,Move,browsing
1569400109.9989998,375,334,None,Move,browsing
1569400110.0070002,377,334,None,Move,browsing
1569400110.015,379,333,None,Move,browsing
1569400110.021,381,331,None,Move,browsing
1569400110.029,382,331,None,Move,browsing
1569400110.036,384,331,None,Move,browsing
1569400110.044,386,329,None,Move,browsing
1569400110.052,387,329,None,Move,browsing
1569400110.06,388,329,None,Move,browsing
1569400110.0679998,389,329,None,Move,browsing
1569400110.074,390,329,None,Move,browsing
1569400110.09,391,329,None,Move,browsing
1569400110.601,391,329,Left,Pressed,browsing
1569400110.684,391,329,Left,Released,browsing
1569400110.889,392,329,None,Move,browsing
1569400110.901,393,329,None,Move,browsing
1569400110.909,396,330,None,Move,browsing
1569400110.917,398,331,None,Move,browsing
1569400110.925,402,333,None,Move,browsing
1569400110.931,405,335,None,Move,browsing
1569400110.939,410,338,None,Move,browsing
1569400110.947,417,339,None,Move,browsing
1569400110.955,423,342,None,Move,browsing
1569400110.9629998,426,343,None,Move,browsing
1569400110.971,431,343,None,Move,browsing
1569400110.979,436,344,None,Move,browsing
1569400110.985,441,344,None,Move,browsing
1569400110.9929998,444,345,None,Move,browsing
1569400111.0010002,446,345,None,Move,browsing
1569400111.0089998,448,345,None,Move,browsing
1569400111.0170002,450,345,None,Move,browsing
1569400111.025,452,345,None,Move,browsing
1569400111.031,454,345,None,Move,browsing
1569400111.039,456,345,None,Move,browsing
1569400111.0470002,458,345,None,Move,browsing
1569400111.055,460,345,None,Move,browsing
1569400111.063,463,345,None,Move,browsing
1569400111.071,465,345,None,Move,browsing
1569400111.079,467,345,None,Move,browsing
1569400111.084,470,345,None,Move,browsing
1569400111.092,472,346,None,Move,browsing
1569400111.1,474,346,None,Move,browsing
1569400111.1079998,476,347,None,Move,browsing
1569400111.1160002,478,347,None,Move,browsing
1569400111.1239998,479,347,None,Move,browsing
1569400111.1320002,481,347,None,Move,browsing
1569400111.1379998,483,347,None,Move,browsing
1569400111.146,485,347,None,Move,browsing
1569400111.155,486,347,None,Move,browsing
1569400111.163,488,347,None,Move,browsing
1569400111.17,490,347,None,Move,browsing
1569400111.178,491,347,None,Move,browsing
1569400111.186,492,347,None,Move,browsing
1569400111.1920002,494,347,None,Move,browsing
1569400111.201,496,347,None,Move,browsing
1569400111.208,498,347,None,Move,browsing
1569400111.216,500,347,None,Move,browsing
1569400111.225,502,347,None,Move,browsing
1569400111.2329998,504,347,None,Move,browsing
1569400111.2410002,506,347,None,Move,browsing
1569400111.2470002,509,347,None,Move,browsing
1569400111.255,509,347,None,Move,browsing
1569400111.2629998,511,347,None,Move,browsing
1569400111.271,513,347,None,Move,browsing
1569400111.279,515,347,None,Move,browsing
1569400111.2870002,516,347,None,Move,browsing
1569400111.295,517,347,None,Move,browsing
1569400111.305,518,347,None,Move,browsing
1569400111.325,519,347,None,Move,browsing
1569400111.337,520,347,None,Move,browsing
1569400111.349,520,346,None,Move,browsing
1569400111.355,521,346,None,Move,browsing
1569400111.367,522,346,None,Move,browsing
1569400111.379,522,345,None,Move,browsing
1569400111.516,521,345,None,Move,browsing
1569400111.525,513,345,None,Move,browsing
1569400111.533,504,345,None,Move,browsing
1569400111.541,493,344,None,Move,browsing
1569400111.549,482,344,None,Move,browsing
1569400111.5570002,473,344,None,Move,browsing
1569400111.563,461,344,None,Move,browsing
1569400111.571,448,344,None,Move,browsing
1569400111.579,437,344,None,Move,browsing
1569400111.587,424,344,None,Move,browsing
1569400111.595,413,344,None,Move,browsing
1569400111.603,403,344,None,Move,browsing
1569400111.611,392,344,None,Move,browsing
1569400111.617,383,344,None,Move,browsing
1569400111.625,374,344,None,Move,browsing
1569400111.6320002,366,344,None,Move,browsing
1569400111.64,361,344,None,Move,browsing
1569400111.649,356,344,None,Move,browsing
1569400111.656,354,344,None,Move,browsing
1569400111.664,352,344,None,Move,browsing
1569400111.6720002,350,344,None,Move,browsing
1569400111.679,347,344,None,Move,browsing
1569400111.686,345,344,None,Move,browsing
1569400111.695,342,345,None,Move,browsing
1569400111.7029998,342,346,None,Move,browsing
1569400111.711,340,346,None,Move,browsing
1569400111.718,339,347,None,Move,browsing
1569400111.728,338,347,None,Move,browsing
1569400111.74,338,348,None,Move,browsing
1569400111.752,337,348,None,Move,browsing
1569400112.574,337,348,None,Move,browsing
1569400112.58,340,347,None,Move,browsing
1569400112.5879998,348,344,None,Move,browsing
1569400112.596,358,341,None,Move,browsing
1569400112.6179998,371,338,None,Move,browsing
1569400112.623,403,333,None,Move,browsing
1569400112.6279998,425,331,None,Move,browsing
1569400112.6339998,449,327,None,Move,browsing
1569400112.643,472,326,None,Move,browsing
1569400112.651,502,322,None,Move,browsing
1569400112.658,547,306,None,Move,browsing
1569400112.666,596,287,None,Move,browsing
1569400112.674,648,273,None,Move,browsing
1569400112.681,703,262,None,Move,browsing
1569400112.689,768,244,None,Move,browsing
1569400112.697,836,230,None,Move,browsing
1569400112.705,904,215,None,Move,browsing
1569400112.7129998,969,200,None,Move,browsing
1569400112.721,1036,191,None,Move,browsing
1569400112.729,1097,174,None,Move,browsing
1569400112.735,1161,156,None,Move,browsing
1569400112.7429998,1218,139,None,Move,browsing
1569400112.7510002,1266,123,None,Move,browsing
1569400112.7589998,1315,107,None,Move,browsing
1569400112.7670002,1363,94,None,Move,browsing
1569400112.775,1409,86,None,Move,browsing
1569400112.782,1448,76,None,Move,browsing
1569400112.788,1475,66,None,Move,browsing
1569400112.796,1492,62,None,Move,browsing
1569400112.804,1504,59,None,Move,browsing
1569400112.812,1511,56,None,Move,browsing
1569400112.82,1516,54,None,Move,browsing
1569400112.8279998,1518,52,None,Move,browsing
1569400112.836,1519,50,None,Move,browsing
1569400112.843,1520,50,None,Move,browsing
1569400112.913,1521,48,None,Move,browsing
1569400112.921,1522,46,None,Move,browsing
1569400112.929,1522,44,None,Move,browsing
1569400112.937,1524,42,None,Move,browsing
1569400112.944,1524,41,None,Move,browsing
1569400112.95,1524,40,None,Move,browsing
1569400112.959,1524,39,None,Move,browsing
1569400112.966,1524,38,None,Move,browsing
1569400112.978,1524,37,None,Move,browsing
1569400112.9870002,1522,35,None,Move,browsing
1569400112.994,1519,34,None,Move,browsing
1569400113.0,1513,33,None,Move,browsing
1569400113.008,1506,31,None,Move,browsing
1569400113.016,1497,31,None,Move,browsing
1569400113.024,1490,30,None,Move,browsing
1569400113.032,1485,30,None,Move,browsing
1569400113.04,1481,30,None,Move,browsing
1569400113.048,1479,30,None,Move,browsing
1569400113.055,1477,30,None,Move,browsing
1569400113.062,1475,30,None,Move,browsing
1569400113.07,1473,30,None,Move,browsing
1569400113.0779998,1470,30,None,Move,browsing
1569400113.086,1468,30,None,Move,browsing
1569400113.095,1466,30,None,Move,browsing
1569400113.1,1464,30,None,Move,browsing
1569400113.1079998,1462,31,None,Move,browsing
1569400113.117,1458,32,None,Move,browsing
1569400113.125,1454,34,None,Move,browsing
1569400113.133,1449,35,None,Move,browsing
1569400113.141,1441,38,None,Move,browsing
1569400113.149,1434,39,None,Move,browsing
1569400113.157,1425,41,None,Move,browsing
1569400113.163,1416,44,None,Move,browsing
1569400113.17,1408,44,None,Move,browsing
1569400113.178,1401,45,None,Move,browsing
1569400113.186,1397,46,None,Move,browsing
1569400113.195,1394,47,None,Move,browsing
1569400113.2029998,1390,47,None,Move,browsing
1569400113.211,1388,47,None,Move,browsing
1569400113.216,1386,47,None,Move,browsing
1569400113.225,1384,47,None,Move,browsing
1569400113.2329998,1382,47,None,Move,browsing
1569400113.2410002,1377,47,None,Move,browsing
1569400113.2489998,1374,49,None,Move,browsing
1569400113.2570002,1369,49,None,Move,browsing
1569400113.265,1365,49,None,Move,browsing
1569400113.271,1359,49,None,Move,browsing
1569400113.279,1353,49,None,Move,browsing
1569400113.286,1344,49,None,Move,browsing
1569400113.294,1337,49,None,Move,browsing
1569400113.302,1328,48,None,Move,browsing
1569400113.31,1319,47,None,Move,browsing
1569400113.316,1311,47,None,Move,browsing
1569400113.324,1302,47,None,Move,browsing
1569400113.332,1297,47,None,Move,browsing
1569400113.34,1292,45,None,Move,browsing
1569400113.349,1290,45,None,Move,browsing
1569400113.357,1288,45,None,Move,browsing
1569400113.365,1286,45,None,Move,browsing
1569400113.371,1284,45,None,Move,browsing
1569400113.3779998,1283,45,None,Move,browsing
1569400113.3860002,1282,45,None,Move,browsing
1569400113.394,1281,45,None,Move,browsing
1569400113.425,1280,45,None,Move,browsing
1569400113.4329998,1279,45,None,Move,browsing
1569400113.44,1279,45,None,Move,browsing
1569400113.452,1278,45,None,Move,browsing
1569400113.461,1277,45,None,Move,browsing
1569400113.468,1275,45,None,Move,browsing
1569400113.475,1273,45,None,Move,browsing
1569400113.4829998,1271,45,None,Move,browsing
1569400113.4910002,1267,45,None,Move,browsing
1569400113.4989998,1264,45,None,Move,browsing
1569400113.5070002,1260,45,None,Move,browsing
1569400113.515,1257,44,None,Move,browsing
1569400113.5229998,1252,43,None,Move,browsing
1569400113.531,1245,42,None,Move,browsing
1569400113.5370002,1236,39,None,Move,browsing
1569400113.5570002,1229,36,None,Move,browsing
1569400113.563,1208,29,None,Move,browsing
1569400113.569,1197,24,None,Move,browsing
1569400113.577,1186,21,None,Move,browsing
1569400113.583,1174,18,None,Move,browsing
1569400113.591,1161,15,None,Move,browsing
1569400113.5979998,1148,11,None,Move,browsing
1569400113.607,1137,8,None,Move,browsing
1569400113.615,1125,5,None,Move,browsing
1569400113.623,1112,2,None,Move,browsing
1569400113.631,1101,2,None,Move,browsing
1569400113.6360002,1092,0,None,Move,browsing
1569400113.645,1086,0,None,Move,browsing
1569400113.6520002,1082,0,None,Move,browsing
1569400113.66,1081,-1,None,Move,browsing
1569400113.8070002,1079,0,None,Move,browsing
1569400113.814,1067,5,None,Move,browsing
1569400113.823,1050,10,None,Move,browsing
1569400113.831,1028,17,None,Move,browsing
1569400113.839,997,26,None,Move,browsing
1569400113.846,958,36,None,Move,browsing
1569400113.8520002,921,40,None,Move,browsing
1569400113.861,865,40,None,Move,browsing
1569400113.8679998,821,40,None,Move,browsing
1569400113.877,768,39,None,Move,browsing
1569400113.897,715,40,None,Move,browsing
1569400113.9020002,589,40,None,Move,browsing
1569400113.907,519,36,None,Move,browsing
1569400113.9329998,441,36,None,Move,browsing
1569400113.938,268,41,None,Move,browsing
1569400113.946,202,43,None,Move,browsing
1569400113.954,162,45,None,Move,browsing
1569400113.96,118,45,None,Move,browsing
1569400113.981,87,44,None,Move,browsing
1569400113.9870002,50,37,None,Move,browsing
1569400113.992,39,34,None,Move,browsing
1569400114.0,31,31,None,Move,browsing
1569400114.006,29,29,None,Move,browsing
1569400114.015,27,26,None,Move,browsing
1569400114.022,26,24,None,Move,browsing
1569400114.031,26,22,None,Move,browsing
1569400114.039,26,21,None,Move,browsing
1569400114.0470002,26,19,None,Move,browsing
1569400114.054,26,18,None,Move,browsing
1569400114.061,25,18,None,Move,browsing
1569400114.0679998,25,17,None,Move,browsing
1569400114.077,23,15,None,Move,browsing
1569400114.084,22,14,None,Move,browsing
1569400114.093,21,13,None,Move,browsing
1569400114.1,19,12,None,Move,browsing
1569400114.109,17,12,None,Move,browsing
1569400114.115,15,11,None,Move,browsing
1569400114.123,13,11,None,Move,browsing
1569400114.131,11,11,None,Move,browsing
1569400114.137,9,11,None,Move,browsing
1569400114.147,6,12,None,Move,browsing
1569400114.155,4,13,None,Move,browsing
1569400114.1620002,3,14,None,Move,browsing
1569400114.169,1,15,None,Move,browsing
1569400114.176,-1,17,None,Move,browsing
1569400114.184,-2,19,None,Move,browsing
1569400114.1920002,-3,22,None,Move,browsing
1569400114.2,-2,24,None,Move,browsing
1569400114.208,-2,26,None,Move,browsing
1569400114.214,0,28,None,Move,browsing
1569400114.222,0,30,None,Move,browsing
1569400114.23,0,32,None,Move,browsing
1569400114.238,0,34,None,Move,browsing
1569400114.246,0,37,None,Move,browsing
1569400114.254,0,37,None,Move,browsing
1569400114.262,0,38,None,Move,browsing
1569400114.268,0,39,None,Move,browsing
1569400114.346,0,39,None,Move,browsing
1569400114.3620002,1,39,None,Move,browsing
1569400114.37,2,39,None,Move,browsing
1569400114.3760002,2,39,None,Move,browsing
1569400114.459,2,39,Left,Pressed,browsing
1569400114.563,2,39,Left,Released,browsing
1569400114.658,2,39,None,Move,browsing
1569400114.667,4,40,None,Move,browsing
1569400114.675,5,41,None,Move,browsing
1569400114.6829998,7,43,None,Move,browsing
1569400114.691,8,44,None,Move,browsing
1569400114.697,9,45,None,Move,browsing
1569400114.705,10,46,None,Move,browsing
1569400114.7129998,12,47,None,Move,browsing
1569400114.721,13,48,None,Move,browsing
1569400114.729,14,49,None,Move,browsing
1569400114.736,16,50,None,Move,browsing
1569400114.744,17,50,None,Move,browsing
1569400114.7510002,19,51,None,Move,browsing
1569400114.7589998,21,52,None,Move,browsing
1569400114.766,22,53,None,Move,browsing
1569400114.774,23,53,None,Move,browsing
1569400114.783,24,54,None,Move,browsing
1569400114.791,25,54,None,Move,browsing
1569400114.799,26,54,None,Move,browsing
1569400114.804,27,55,None,Move,browsing
1569400114.816,27,55,None,Move,browsing
1569400114.833,28,55,None,Move,browsing
1569400114.8520002,29,56,None,Move,browsing
1569400114.8579998,30,56,None,Move,browsing
1569400114.8660002,30,57,None,Move,browsing
1569400114.8739998,31,58,None,Move,browsing
1569400114.8860002,32,59,None,Move,browsing
1569400114.894,32,60,None,Move,browsing
1569400114.9020002,33,60,None,Move,browsing
1569400114.916,34,61,None,Move,browsing
1569400114.928,34,62,None,Move,browsing
1569400114.936,35,63,None,Move,browsing
1569400114.948,36,63,None,Move,browsing
1569400114.956,36,64,None,Move,browsing
1569400114.966,37,65,None,Move,browsing
1569400114.974,37,66,None,Move,browsing
1569400114.982,39,67,None,Move,browsing
1569400114.99,42,67,None,Move,browsing
1569400114.998,45,68,None,Move,browsing
1569400115.006,49,69,None,Move,browsing
1569400115.014,52,69,None,Move,browsing
1569400115.021,57,69,None,Move,browsing
1569400115.028,65,70,None,Move,browsing
1569400115.036,74,70,None,Move,browsing
1569400115.045,83,72,None,Move,browsing
1569400115.052,92,73,None,Move,browsing
1569400115.061,101,75,None,Move,browsing
1569400115.069,109,75,None,Move,browsing
1569400115.075,120,76,None,Move,browsing
1569400115.083,129,76,None,Move,browsing
1569400115.09,138,78,None,Move,browsing
1569400115.0979998,147,81,None,Move,browsing
1569400115.106,156,82,None,Move,browsing
1569400115.1139998,165,84,None,Move,browsing
1569400115.1220002,176,85,None,Move,browsing
1569400115.1279998,185,89,None,Move,browsing
1569400115.1360002,193,91,None,Move,browsing
1569400115.144,200,93,None,Move,browsing
1569400115.1520002,205,95,None,Move,browsing
1569400115.161,207,98,None,Move,browsing
1569400115.169,209,99,None,Move,browsing
1569400115.176,212,101,None,Move,browsing
1569400115.1820002,213,102,None,Move,browsing
1569400115.19,215,103,None,Move,browsing
1569400115.198,215,104,None,Move,browsing
1569400115.206,217,105,None,Move,browsing
1569400115.222,218,105,None,Move,browsing
1569400115.236,218,106,None,Move,browsing
1569400115.272,219,107,None,Move,browsing
1569400115.283,219,108,None,Move,browsing
1569400115.299,219,109,None,Move,browsing
1569400115.3070002,220,109,None,Move,browsing
1569400115.315,220,110,None,Move,browsing
1569400115.323,221,110,None,Move,browsing
1569400115.331,222,111,None,Move,browsing
1569400115.341,223,112,None,Move,browsing
1569400115.356,223,113,None,Move,browsing
1569400115.3679998,224,114,None,Move,browsing
1569400115.377,225,115,None,Move,browsing
1569400115.3839998,225,116,None,Move,browsing
1569400115.391,226,118,None,Move,browsing
1569400115.399,227,120,None,Move,browsing
1569400115.407,229,121,None,Move,browsing
1569400115.415,231,123,None,Move,browsing
1569400115.423,236,126,None,Move,browsing
1569400115.431,243,127,None,Move,browsing
1569400115.439,251,130,None,Move,browsing
1569400115.445,256,133,None,Move,browsing
1569400115.4529998,265,136,None,Move,browsing
1569400115.461,274,139,None,Move,browsing
1569400115.469,281,142,None,Move,browsing
1569400115.4770002,291,145,None,Move,browsing
1569400115.485,300,148,None,Move,browsing
1569400115.4929998,309,151,None,Move,browsing
1569400115.498,318,154,None,Move,browsing
1569400115.5070002,328,157,None,Move,browsing
1569400115.514,337,160,None,Move,browsing
1569400115.522,348,162,None,Move,browsing
1569400115.53,357,165,None,Move,browsing
1569400115.538,368,168,None,Move,browsing
1569400115.545,382,172,None,Move,browsing
1569400115.552,393,175,None,Move,browsing
1569400115.561,406,178,None,Move,browsing
1569400115.5679998,419,181,None,Move,browsing
1569400115.577,433,185,None,Move,browsing
1569400115.585,446,191,None,Move,browsing
1569400115.593,460,198,None,Move,browsing
1569400115.6,473,205,None,Move,browsing
1569400115.606,485,215,None,Move,browsing
1569400115.6139998,495,223,None,Move,browsing
1569400115.633,515,240,None,Move,browsing
1569400115.6379998,524,248,None,Move,browsing
1569400115.646,532,254,None,Move,browsing
1569400115.654,538,260,None,Move,browsing
1569400115.667,544,266,None,Move,browsing
1569400115.684,553,274,None,Move,browsing
1569400115.689,557,278,None,Move,browsing
1569400115.6929998,559,281,None,Move,browsing
1569400115.7,562,285,None,Move,browsing
1569400115.708,564,288,None,Move,browsing
1569400115.715,566,291,None,Move,browsing
1569400115.7229998,569,293,None,Move,browsing
1569400115.731,571,295,None,Move,browsing
1569400115.7389998,573,297,None,Move,browsing
1569400115.7470002,575,300,None,Move,browsing
1569400115.755,578,306,None,Move,browsing
1569400115.7629998,581,316,None,Move,browsing
1569400115.768,584,323,None,Move,browsing
1569400115.7770002,587,330,None,Move,browsing
1569400115.784,590,335,None,Move,browsing
1569400115.793,592,341,None,Move,browsing
1569400115.801,595,344,None,Move,browsing
1569400115.809,597,347,None,Move,browsing
1569400115.815,599,349,None,Move,browsing
1569400115.823,600,351,None,Move,browsing
1569400115.831,600,353,None,Move,browsing
1569400115.839,601,355,None,Move,browsing
1569400115.847,603,357,None,Move,browsing
1569400115.855,604,360,None,Move,browsing
1569400115.863,605,362,None,Move,browsing
1569400115.8679998,606,364,None,Move,browsing
1569400115.877,607,366,None,Move,browsing
1569400115.8839998,607,367,None,Move,browsing
1569400115.9,607,368,None,Move,browsing
1569400116.084,607,368,None,Move,browsing
1569400116.1120002,607,367,None,Move,browsing
1569400116.416,607,367,None,Move,browsing
1569400116.424,606,367,None,Move,browsing
1569400116.4320002,604,368,None,Move,browsing
1569400116.44,602,368,None,Move,browsing
1569400116.448,599,368,None,Move,browsing
1569400116.454,595,368,None,Move,browsing
1569400116.462,592,368,None,Move,browsing
1569400116.47,585,368,None,Move,browsing
1569400116.478,577,368,None,Move,browsing
1569400116.486,568,368,None,Move,browsing
1569400116.494,559,370,None,Move,browsing
1569400116.502,550,373,None,Move,browsing
1569400116.508,541,374,None,Move,browsing
1569400116.516,534,376,None,Move,browsing
1569400116.524,525,377,None,Move,browsing
1569400116.532,514,377,None,Move,browsing
1569400116.541,503,377,None,Move,browsing
1569400116.549,495,377,None,Move,browsing
1569400116.5570002,486,379,None,Move,browsing
1569400116.563,477,379,None,Move,browsing
1569400116.571,466,380,None,Move,browsing
1569400116.579,455,382,None,Move,browsing
1569400116.587,442,383,None,Move,browsing
1569400116.595,429,385,None,Move,browsing
1569400116.603,414,387,None,Move,browsing
1569400116.611,396,390,None,Move,browsing
1569400116.6160002,375,394,None,Move,browsing
1569400116.6239998,352,396,None,Move,browsing
1569400116.633,325,397,None,Move,browsing
1569400116.641,293,400,None,Move,browsing
1569400116.649,266,402,None,Move,browsing
1569400116.656,238,403,None,Move,browsing
1569400116.663,201,408,None,Move,browsing
1569400116.678,168,412,None,Move,browsing
1569400116.6829998,144,416,None,Move,browsing
1569400116.689,112,418,None,Move,browsing
1569400116.694,89,420,None,Move,browsing
1569400116.702,70,420,None,Move,browsing
1569400116.71,51,420,None,Move,browsing
1569400116.716,36,420,None,Move,browsing
1569400116.724,25,420,None,Move,browsing
1569400116.732,18,418,None,Move,browsing
1569400116.74,14,418,None,Move,browsing
1569400116.7489998,12,417,None,Move,browsing
1569400116.7570002,10,417,None,Move,browsing
1569400116.765,9,416,None,Move,browsing
1569400116.961,9,415,None,Move,browsing
1569400116.969,9,415,None,Move,browsing
1569400116.9770002,11,413,None,Move,browsing
1569400116.982,12,412,None,Move,browsing
1569400116.9910002,14,411,None,Move,browsing
1569400116.9989998,17,411,None,Move,browsing
1569400117.0070002,19,411,None,Move,browsing
1569400117.015,21,411,None,Move,browsing
1569400117.0229998,24,411,None,Move,browsing
1569400117.031,26,411,None,Move,browsing
1569400117.041,26,411,None,Move,browsing
1569400117.354,26,411,None,Move,browsing
1569400117.3639998,26,411,None,Move,browsing
1569400117.3720002,25,412,None,Move,browsing
1569400117.3920002,24,412,None,Move,browsing
1569400117.674,24,413,None,Move,browsing
1569400117.696,24,414,None,Move,browsing
1569400117.708,24,415,None,Move,browsing
1569400117.721,24,416,None,Move,browsing
1569400117.731,24,417,None,Move,browsing
1569400117.7389998,24,418,None,Move,browsing
1569400117.7510002,24,419,None,Move,browsing
1569400117.7629998,24,419,None,Move,browsing
1569400120.194,24,419,None,Move,browsing
1569400120.202,24,418,None,Move,browsing
1569400120.21,26,415,None,Move,browsing
1569400120.218,29,412,None,Move,browsing
1569400120.226,32,408,None,Move,browsing
1569400120.234,36,404,None,Move,browsing
1569400120.242,38,402,None,Move,browsing
1569400120.248,41,398,None,Move,browsing
1569400120.2570002,43,396,None,Move,browsing
1569400120.265,45,394,None,Move,browsing
1569400120.2729998,47,392,None,Move,browsing
1569400120.281,50,390,None,Move,browsing
1569400120.289,52,389,None,Move,browsing
1569400120.2970002,53,388,None,Move,browsing
1569400120.302,55,386,None,Move,browsing
1569400120.311,56,386,None,Move,browsing
1569400120.319,58,383,None,Move,browsing
1569400120.327,59,383,None,Move,browsing
1569400120.334,60,382,None,Move,browsing
1569400120.343,60,381,None,Move,browsing
1569400120.351,61,380,None,Move,browsing
1569400120.357,62,379,None,Move,browsing
1569400120.365,62,378,None,Move,browsing
1569400120.373,62,377,None,Move,browsing
1569400120.381,62,376,None,Move,browsing
1569400120.389,63,376,None,Move,browsing
1569400120.397,63,375,None,Move,browsing
1569400120.415,64,374,None,Move,browsing
1569400120.423,65,373,None,Move,browsing
1569400120.4729998,65,373,None,Move,browsing
1569400120.67,65,373,None,Move,browsing
1569400120.68,64,373,None,Move,browsing
1569400120.688,63,374,None,Move,browsing
1569400120.696,63,375,None,Move,browsing
1569400120.704,62,377,None,Move,browsing
1569400120.7129998,62,379,None,Move,browsing
1569400120.72,61,380,None,Move,browsing
1569400120.7270002,61,382,None,Move,browsing
1569400120.734,61,383,None,Move,browsing
1569400120.746,60,384,None,Move,browsing
1569400120.7629998,60,385,None,Move,browsing
1569400120.958,60,385,None,Move,browsing
1569400120.966,60,384,None,Move,browsing
1569400120.974,60,383,None,Move,browsing
1569400121.0370002,60,383,None,Move,browsing
1569400121.046,60,384,None,Move,browsing
1569400121.055,60,385,None,Move,browsing
1569400121.063,60,386,None,Move,browsing
1569400121.075,60,387,None,Move,browsing
1569400121.083,60,389,None,Move,browsing
1569400121.091,60,390,None,Move,browsing
1569400121.099,60,390,None,Move,browsing
1569400121.1120002,60,391,None,Move,browsing
1569400121.1239998,60,392,None,Move,browsing
1569400121.133,60,394,None,Move,browsing
1569400121.141,61,396,None,Move,browsing
1569400121.146,62,399,None,Move,browsing
1569400121.154,62,401,None,Move,browsing
1569400121.163,63,403,None,Move,browsing
1569400121.171,63,404,None,Move,browsing
1569400121.199,63,405,None,Move,browsing
1569400121.2489998,64,406,None,Move,browsing
1569400121.344,64,406,None,Move,browsing
1569400121.417,64,406,None,Move,browsing
1569400121.425,64,406,None,Move,browsing
1569400121.4329998,62,404,None,Move,browsing
1569400121.441,62,402,None,Move,browsing
1569400121.449,61,399,None,Move,browsing
1569400121.457,60,397,None,Move,browsing
1569400121.465,60,395,None,Move,browsing
1569400121.4729998,58,393,None,Move,browsing
1569400121.479,57,391,None,Move,browsing
1569400121.4870002,57,389,None,Move,browsing
1569400121.495,57,387,None,Move,browsing
1569400121.5029998,56,384,None,Move,browsing
1569400121.5110002,56,382,None,Move,browsing
1569400121.519,56,380,None,Move,browsing
1569400121.525,55,378,None,Move,browsing
1569400121.533,55,376,None,Move,browsing
1569400121.541,55,374,None,Move,browsing
1569400121.549,55,373,None,Move,browsing
1569400121.5570002,55,371,None,Move,browsing
1569400121.565,55,369,None,Move,browsing
1569400121.573,55,367,None,Move,browsing
1569400121.579,55,365,None,Move,browsing
1569400121.586,55,363,None,Move,browsing
1569400121.594,55,361,None,Move,browsing
1569400121.6020002,55,359,None,Move,browsing
1569400121.611,55,357,None,Move,browsing
1569400121.6179998,55,355,None,Move,browsing
1569400121.6260002,55,353,None,Move,browsing
1569400121.6320002,55,352,None,Move,browsing
1569400121.64,56,351,None,Move,browsing
1569400121.6479998,56,350,None,Move,browsing
1569400121.656,56,348,None,Move,browsing
1569400121.664,56,346,None,Move,browsing
1569400121.6720002,56,344,None,Move,browsing
1569400121.678,56,342,None,Move,browsing
1569400121.686,56,340,None,Move,browsing
1569400121.694,56,338,None,Move,browsing
1569400121.702,56,336,None,Move,browsing
1569400121.71,57,334,None,Move,browsing
1569400121.718,57,333,None,Move,browsing
1569400121.7270002,57,331,None,Move,browsing
1569400121.7329998,58,329,None,Move,browsing
1569400121.7410002,58,326,None,Move,browsing
1569400121.7489998,59,324,None,Move,browsing
1569400121.7570002,59,322,None,Move,browsing
1569400121.765,61,320,None,Move,browsing
1569400121.7729998,61,318,None,Move,browsing
1569400121.781,62,316,None,Move,browsing
1569400121.786,62,314,None,Move,browsing
1569400121.795,63,310,None,Move,browsing
1569400121.803,63,308,None,Move,browsing
1569400121.811,64,306,None,Move,browsing
1569400121.8179998,64,304,None,Move,browsing
1569400121.827,65,302,None,Move,browsing
1569400121.835,65,300,None,Move,browsing
1569400121.84,65,298,None,Move,browsing
1569400121.8479998,65,296,None,Move,browsing
1569400121.857,65,294,None,Move,browsing
1569400121.865,65,292,None,Move,browsing
1569400121.873,65,289,None,Move,browsing
1569400121.881,65,287,None,Move,browsing
1569400121.889,65,285,None,Move,browsing
1569400121.895,65,282,None,Move,browsing
1569400121.9020002,65,280,None,Move,browsing
1569400121.911,65,279,None,Move,browsing
1569400121.919,64,278,None,Move,browsing
1569400121.927,64,276,None,Move,browsing
1569400121.935,64,274,None,Move,browsing
1569400121.9429998,63,272,None,Move,browsing
1569400121.949,63,270,None,Move,browsing
1569400121.957,63,268,None,Move,browsing
1569400121.965,62,266,None,Move,browsing
1569400121.9729998,62,263,None,Move,browsing
1569400121.981,61,261,None,Move,browsing
1569400121.9889998,61,259,None,Move,browsing
1569400121.9970002,61,257,None,Move,browsing
1569400122.002,61,255,None,Move,browsing
1569400122.0110002,60,253,None,Move,browsing
1569400122.019,60,251,None,Move,browsing
1569400122.0270002,60,249,None,Move,browsing
1569400122.035,59,248,None,Move,browsing
1569400122.043,59,246,None,Move,browsing
1569400122.051,59,245,None,Move,browsing
1569400122.0570002,59,244,None,Move,browsing
1569400122.064,59,243,None,Move,browsing
1569400122.073,58,242,None,Move,browsing
1569400122.081,58,241,None,Move,browsing
1569400122.089,58,241,None,Move,browsing
1569400122.097,58,239,None,Move,browsing
1569400122.103,58,238,None,Move,browsing
1569400122.111,58,236,None,Move,browsing
1569400122.119,58,234,None,Move,browsing
1569400122.127,58,232,None,Move,browsing
1569400122.135,58,231,None,Move,browsing
1569400122.143,58,229,None,Move,browsing
1569400122.151,58,227,None,Move,browsing
1569400122.161,58,226,None,Move,browsing
1569400122.169,58,225,None,Move,browsing
1569400122.177,58,224,None,Move,browsing
1569400122.184,58,223,None,Move,browsing
1569400122.1920002,58,222,None,Move,browsing
1569400122.2,58,221,None,Move,browsing
1569400122.208,58,220,None,Move,browsing
1569400122.214,58,220,None,Move,browsing
1569400122.222,58,219,None,Move,browsing
1569400122.23,58,218,None,Move,browsing
1569400122.242,58,217,None,Move,browsing
1569400122.258,58,216,None,Move,browsing
1569400122.269,58,215,None,Move,browsing
1569400122.276,58,214,None,Move,browsing
1569400122.305,58,213,None,Move,browsing
1569400122.313,58,212,None,Move,browsing
1569400122.413,58,211,None,Move,browsing
1569400122.427,58,210,None,Move,browsing
1569400122.435,58,208,None,Move,browsing
1569400122.4429998,59,208,None,Move,browsing
1569400122.45,59,207,None,Move,browsing
1569400122.459,59,205,None,Move,browsing
1569400122.467,59,204,None,Move,browsing
1569400122.475,60,204,None,Move,browsing
1569400122.481,60,203,None,Move,browsing
1569400122.4970002,60,202,None,Move,browsing
1569400122.87,60,202,Left,Pressed,browsing
1569400122.974,60,202,Left,Released,browsing
