client_timestamp,x,y,button,state,window
1570937586.417,872,72,None,Move,browsing
1570937586.439,1002,130,None,Move,browsing
1570937586.47,1250,242,None,Move,browsing
1570937586.502,1487,349,None,Move,browsing
1570937586.5129998,1702,443,None,Move,browsing
1570937586.519,1869,518,None,Move,browsing
1570937586.526,1919,573,None,Move,browsing
1570937586.532,1919,601,None,Move,browsing
1570937586.538,1919,610,None,Move,browsing
1570937586.5470002,1919,614,None,Move,browsing
1570937586.552,1919,615,None,Move,browsing
1570937586.559,1919,615,None,Move,browsing
1570937586.565,1919,614,None,Move,browsing
1570937586.571,1919,611,None,Move,browsing
1570937586.577,1915,605,None,Move,browsing
1570937586.582,1902,594,None,Move,browsing
1570937586.5879998,1880,576,None,Move,browsing
1570937586.594,1848,555,None,Move,browsing
1570937586.6,1812,532,None,Move,browsing
1570937586.606,1775,509,None,Move,browsing
1570937586.611,1741,489,None,Move,browsing
1570937586.617,1712,472,None,Move,browsing
1570937586.6220002,1686,458,None,Move,browsing
1570937586.6279998,1660,445,None,Move,browsing
1570937586.6339998,1634,433,None,Move,browsing
1570937586.64,1612,423,None,Move,browsing
1570937586.646,1590,414,None,Move,browsing
1570937586.6520002,1570,406,None,Move,browsing
1570937586.658,1552,400,None,Move,browsing
1570937586.663,1536,395,None,Move,browsing
1570937586.668,1522,391,None,Move,browsing
1570937586.675,1510,388,None,Move,browsing
1570937586.68,1501,385,None,Move,browsing
1570937586.686,1494,384,None,Move,browsing
1570937586.6920002,1488,383,None,Move,browsing
1570937586.697,1483,382,None,Move,browsing
1570937586.7029998,1479,382,None,Move,browsing
1570937586.708,1475,382,None,Move,browsing
1570937586.714,1473,382,None,Move,browsing
1570937586.719,1471,382,None,Move,browsing
1570937586.725,1470,382,None,Move,browsing
1570937586.73,1468,383,None,Move,browsing
1570937586.736,1467,383,None,Move,browsing
1570937586.7410002,1465,384,None,Move,browsing
1570937586.7470002,1463,385,None,Move,browsing
1570937586.7529998,1461,386,None,Move,browsing
1570937586.7589998,1458,389,None,Move,browsing
1570937586.764,1452,391,None,Move,browsing
1570937586.77,1442,393,None,Move,browsing
1570937586.776,1426,395,None,Move,browsing
1570938850.28,1419,385,None,Move,browsing
1570938850.295,1407,372,None,Move,browsing
1570938850.302,1399,362,None,Move,browsing
1570938850.31,1393,354,None,Move,browsing
1570938850.3170002,1387,344,None,Move,browsing
1570938850.325,1383,336,None,Move,browsing
1570938850.332,1379,328,None,Move,browsing
1570938850.339,1375,321,None,Move,browsing
1570938850.345,1372,315,None,Move,browsing
1570938850.3520002,1370,310,None,Move,browsing
1570938850.359,1366,306,None,Move,browsing
1570938850.367,1362,301,None,Move,browsing
1570938850.3739998,1358,294,None,Move,browsing
1570938850.381,1355,288,None,Move,browsing
1570938850.3879998,1351,282,None,Move,browsing
1570938850.395,1347,274,None,Move,browsing
1570938850.403,1343,266,None,Move,browsing
1570938850.41,1340,259,None,Move,browsing
1570938850.417,1337,254,None,Move,browsing
1570938850.424,1335,250,None,Move,browsing
1570938850.431,1333,246,None,Move,browsing
1570938850.438,1332,243,None,Move,browsing
1570938850.445,1331,241,None,Move,browsing
1570938850.4529998,1331,239,None,Move,browsing
1570938850.461,1331,238,None,Move,browsing
1570938850.469,1330,237,None,Move,browsing
1570938850.476,1330,236,None,Move,browsing
1570938850.484,1329,236,None,Move,browsing
1570938850.4910002,1329,236,None,Move,browsing
1570938850.498,1328,235,None,Move,browsing
1570938850.516,1328,235,None,Move,browsing
1570938850.5370002,1327,234,None,Move,browsing
1570938850.5579998,1327,234,None,Move,browsing
1570938850.579,1326,234,None,Move,browsing
1570938850.601,1325,236,None,Move,browsing
1570938850.621,1322,239,None,Move,browsing
1570938850.639,1321,244,None,Move,browsing
1570938850.6520002,1318,251,None,Move,browsing
1570938850.666,1316,259,None,Move,browsing
1570938850.679,1311,268,None,Move,browsing
1570938850.694,1306,278,None,Move,browsing
1570938850.708,1295,289,None,Move,browsing
1570938850.722,1277,300,None,Move,browsing
1570938850.7370002,1260,309,None,Move,browsing
1570938850.752,1243,316,None,Move,browsing
1570938850.765,1224,322,None,Move,browsing
1570938850.779,1206,325,None,Move,browsing
1570938850.793,1186,326,None,Move,browsing
1570938850.8070002,1166,325,None,Move,browsing
1570938850.821,1144,322,None,Move,browsing
1570938850.834,1122,315,None,Move,browsing
1570938850.8479998,1101,306,None,Move,browsing
1570938850.861,1079,295,None,Move,browsing
1570938850.8739998,1057,282,None,Move,browsing
1570938850.887,1035,267,None,Move,browsing
1570938850.899,1015,250,None,Move,browsing
1570938850.914,996,233,None,Move,browsing
1570938850.926,978,217,None,Move,browsing
1570938850.939,961,200,None,Move,browsing
1570938850.952,947,185,None,Move,browsing
1570938850.965,935,173,None,Move,browsing
1570938850.979,924,163,None,Move,browsing
1570938850.9929998,912,154,None,Move,browsing
1570938851.006,902,145,None,Move,browsing
1570938851.019,895,139,None,Move,browsing
1570938851.032,889,135,None,Move,browsing
1570938851.045,884,132,None,Move,browsing
1570938851.059,881,131,None,Move,browsing
1570938851.072,878,130,None,Move,browsing
1570938851.086,877,130,None,Move,browsing
1570938851.099,876,130,None,Move,browsing
1570938851.1120002,875,130,None,Move,browsing
1570938851.1260002,865,128,None,Move,browsing
1570938851.141,856,126,None,Move,browsing
1570938851.154,848,123,None,Move,browsing
1570938851.167,841,121,None,Move,browsing
1570938851.181,834,118,None,Move,browsing
1570938851.194,828,116,None,Move,browsing
1570938851.208,823,113,None,Move,browsing
1570938851.221,817,110,None,Move,browsing
1570938851.235,812,108,None,Move,browsing
1570938851.2489998,807,107,None,Move,browsing
1570938851.262,802,105,None,Move,browsing
1570938851.276,798,104,None,Move,browsing
1570938851.289,794,103,None,Move,browsing
1570938851.303,791,102,None,Move,browsing
1570938851.315,788,102,None,Move,browsing
1570938851.3279998,786,102,None,Move,browsing
1570938851.341,783,101,None,Move,browsing
1570938851.355,781,101,None,Move,browsing
1570938851.369,780,100,None,Move,browsing
1570938851.383,779,100,None,Move,browsing
1570938851.4,778,99,None,Move,browsing
1570938851.413,777,99,None,Move,browsing
1570938851.423,776,98,None,Move,browsing
1570938851.4329998,776,98,None,Move,browsing
1570938851.444,775,98,None,Move,browsing
1570938851.454,774,98,None,Move,browsing
1570938851.464,773,98,None,Move,browsing
1570938851.475,772,98,None,Move,browsing
1570938851.485,771,98,None,Move,browsing
1570938851.495,770,98,None,Move,browsing
1570938851.505,769,98,None,Move,browsing
1570938851.514,768,98,None,Move,browsing
1570938851.5229998,767,98,None,Move,browsing
1570938851.533,766,98,None,Move,browsing
1570938851.543,765,98,None,Move,browsing
1570938851.552,764,98,None,Move,browsing
1570938851.561,762,98,None,Move,browsing
1570938851.571,761,98,None,Move,browsing
1570938851.58,759,98,None,Move,browsing
1570938851.591,756,98,None,Move,browsing
1570938851.601,753,98,None,Move,browsing
1570938851.61,751,98,None,Move,browsing
1570938851.619,748,98,None,Move,browsing
1570938851.627,745,98,None,Move,browsing
1570938851.637,743,98,None,Move,browsing
1570938851.646,740,98,None,Move,browsing
1570938851.656,737,98,None,Move,browsing
1570938851.665,734,98,None,Move,browsing
1570938851.675,729,98,None,Move,browsing
1570938851.684,726,98,None,Move,browsing
1570938851.694,722,98,None,Move,browsing
1570938851.7029998,719,98,None,Move,browsing
1570938851.712,716,97,None,Move,browsing
1570938851.721,714,97,None,Move,browsing
1570938851.73,713,96,None,Move,browsing
1570938851.7389998,712,96,None,Move,browsing
1570938851.748,711,95,None,Move,browsing
1570938851.7570002,711,95,None,Move,browsing
1570938851.7670002,711,95,Left,Pressed,browsing
1570938851.775,711,95,Left,Released,browsing
1570938865.325,696,98,None,Move,browsing
1570938865.332,675,102,None,Move,browsing
1570938865.339,655,108,None,Move,browsing
1570938865.346,634,113,None,Move,browsing
1570938865.353,614,120,None,Move,browsing
1570938865.36,595,129,None,Move,browsing
1570938865.367,574,139,None,Move,browsing
1570938865.3739998,555,150,None,Move,browsing
1570938865.381,537,160,None,Move,browsing
1570938865.387,519,173,None,Move,browsing
1570938865.395,502,186,None,Move,browsing
1570938865.401,486,198,None,Move,browsing
1570938865.408,473,208,None,Move,browsing
1570938865.415,457,218,None,Move,browsing
1570938865.423,442,229,None,Move,browsing
1570938865.43,429,240,None,Move,browsing
1570938865.436,418,250,None,Move,browsing
1570938865.4429998,407,259,None,Move,browsing
1570938865.451,395,267,None,Move,browsing
1570938865.457,384,273,None,Move,browsing
1570938865.465,374,281,None,Move,browsing
1570938865.4729998,366,287,None,Move,browsing
1570938865.481,361,293,None,Move,browsing
1570938865.4870002,356,298,None,Move,browsing
1570938865.494,352,301,None,Move,browsing
1570938865.4989998,348,305,None,Move,browsing
1570938865.5070002,344,308,None,Move,browsing
1570938865.516,340,312,None,Move,browsing
1570938865.5229998,337,314,None,Move,browsing
1570938865.529,335,317,None,Move,browsing
1570938865.536,333,318,None,Move,browsing
1570938865.546,331,320,None,Move,browsing
1570938865.554,329,322,None,Move,browsing
1570938865.563,329,322,None,Move,browsing
1570938865.572,328,323,None,Move,browsing
1570938865.5779998,327,323,None,Move,browsing
1570938865.584,326,323,None,Move,browsing
1570938865.592,326,324,None,Move,browsing
1570938865.673,325,324,None,Move,browsing
1570938865.681,325,324,None,Move,browsing
1570938865.688,324,324,None,Move,browsing
1570938865.695,322,325,None,Move,browsing
1570938865.959,318,329,None,Move,browsing
1570938865.975,314,334,None,Move,browsing
1570938865.985,308,342,None,Move,browsing
1570938865.994,299,353,None,Move,browsing
1570938866.0029998,291,363,None,Move,browsing
1570938866.0110002,284,372,None,Move,browsing
1570938866.019,276,381,None,Move,browsing
1570938866.0270002,268,389,None,Move,browsing
1570938866.034,258,398,None,Move,browsing
1570938866.042,247,409,None,Move,browsing
1570938866.05,236,419,None,Move,browsing
1570938866.0579998,228,428,None,Move,browsing
1570938866.065,221,434,None,Move,browsing
1570938866.073,215,439,None,Move,browsing
1570938866.081,211,443,None,Move,browsing
1570938866.0879998,207,446,None,Move,browsing
1570938866.096,202,449,None,Move,browsing
1570938866.105,198,451,None,Move,browsing
1570938866.1120002,194,454,None,Move,browsing
1570938866.12,191,455,None,Move,browsing
1570938866.1279998,187,457,None,Move,browsing
1570938866.137,183,459,None,Move,browsing
1570938866.145,181,460,None,Move,browsing
1570938866.1520002,178,461,None,Move,browsing
1570938876.657,185,462,None,Move,browsing
1570938876.68,195,464,None,Move,browsing
1570938876.7029998,211,464,None,Move,browsing
1570938876.725,231,466,None,Move,browsing
1570938876.742,247,466,None,Move,browsing
1570938876.755,261,467,None,Move,browsing
1570938876.768,277,467,None,Move,browsing
1570938876.782,293,469,None,Move,browsing
1570938876.795,305,469,None,Move,browsing
1570938876.814,315,470,None,Move,browsing
1570938876.83,323,471,None,Move,browsing
1570938876.846,333,472,None,Move,browsing
1570938876.8620002,344,473,None,Move,browsing
1570938876.877,355,476,None,Move,browsing
1570938876.891,365,480,None,Move,browsing
1570938876.9020002,372,482,None,Move,browsing
1570938876.9120002,377,485,None,Move,browsing
1570938876.923,382,488,None,Move,browsing
1570938876.934,386,490,None,Move,browsing
1570938876.944,390,493,None,Move,browsing
1570938876.956,393,495,None,Move,browsing
1570938876.967,396,496,None,Move,browsing
1570938876.9770002,399,497,None,Move,browsing
1570938876.9889998,401,498,None,Move,browsing
1570938876.9989998,402,499,None,Move,browsing
1570938877.01,402,499,None,Move,browsing
1570938877.022,403,499,None,Move,browsing
1570938877.033,403,499,None,Move,browsing
1570938877.044,404,499,None,Move,browsing
1570938877.055,404,499,None,Move,browsing
1570938877.065,405,499,None,Move,browsing
1570938877.077,405,499,None,Move,browsing
1570938877.087,405,499,None,Move,browsing
1570938877.097,405,500,None,Move,browsing
1570938877.117,405,500,None,Move,browsing
1570938877.137,405,500,None,Move,browsing
1570938877.2,405,500,None,Move,browsing
1570938877.284,405,501,None,Move,browsing
1570938877.459,405,501,None,Move,browsing
1570938877.528,405,501,None,Move,browsing
1570938877.57,405,501,None,Move,browsing
1570938877.66,405,501,None,Move,browsing
1570938877.793,405,501,None,Move,browsing
1570938877.82,405,502,None,Move,browsing
1570938877.841,405,502,None,Move,browsing
1570938877.859,405,502,None,Move,browsing
1570938877.8760002,405,502,None,Move,browsing
1570938880.1179998,410,513,None,Move,browsing
1570938880.13,415,527,None,Move,browsing
1570938880.137,421,542,None,Move,browsing
1570938880.146,426,556,None,Move,browsing
1570938880.156,433,572,None,Move,browsing
1570938880.166,439,589,None,Move,browsing
1570938880.176,444,603,None,Move,browsing
1570938880.185,449,616,None,Move,browsing
1570938880.195,453,627,None,Move,browsing
1570938880.204,458,639,None,Move,browsing
1570938880.2129998,463,649,None,Move,browsing
1570938880.222,468,658,None,Move,browsing
1570938880.231,472,664,None,Move,browsing
1570938880.2410002,476,670,None,Move,browsing
1570938880.25,479,675,None,Move,browsing
1570938880.26,482,679,None,Move,browsing
1570938880.269,484,683,None,Move,browsing
1570938880.278,486,687,None,Move,browsing
1570938880.2870002,489,692,None,Move,browsing
1570938880.2970002,491,698,None,Move,browsing
1570938880.306,494,705,None,Move,browsing
1570938880.315,496,713,None,Move,browsing
1570938880.326,498,722,None,Move,browsing
1570938880.335,500,730,None,Move,browsing
1570938880.344,502,736,None,Move,browsing
1570938880.353,504,742,None,Move,browsing
1570938880.3620002,505,748,None,Move,browsing
1570938880.37,507,755,None,Move,browsing
1570938880.3779998,508,761,None,Move,browsing
1570938880.387,508,765,None,Move,browsing
1570938880.397,508,768,None,Move,browsing
1570938880.405,508,771,None,Move,browsing
1570938880.7870002,498,773,None,Move,browsing
1570938880.805,485,775,None,Move,browsing
1570938880.822,472,777,None,Move,browsing
1570938880.8379998,460,779,None,Move,browsing
1570938880.855,448,780,None,Move,browsing
1570938880.871,437,780,None,Move,browsing
1570938880.887,426,781,None,Move,browsing
1570938880.9020002,415,782,None,Move,browsing
1570938880.916,406,783,None,Move,browsing
1570938880.93,399,783,None,Move,browsing
1570938880.946,393,784,None,Move,browsing
1570938880.96,388,784,None,Move,browsing
1570938880.975,384,784,None,Move,browsing
1570938880.99,380,784,None,Move,browsing
1570938881.004,376,784,None,Move,browsing
1570938881.018,373,784,None,Move,browsing
1570938881.034,368,785,None,Move,browsing
1570938881.05,365,785,None,Move,browsing
1570938881.065,362,785,None,Move,browsing
1570938881.079,360,785,None,Move,browsing
1570938881.093,358,785,None,Move,browsing
1570938881.106,357,785,None,Move,browsing
1570938881.1179998,357,785,None,Move,browsing
1570938881.1320002,356,785,None,Move,browsing
1570938881.177,344,786,None,Move,browsing
1570938881.191,330,788,None,Move,browsing
1570938881.205,317,788,None,Move,browsing
1570938881.22,304,786,None,Move,browsing
1570938881.235,290,784,None,Move,browsing
1570938881.25,279,783,None,Move,browsing
1570938881.265,269,781,None,Move,browsing
1570938881.279,261,780,None,Move,browsing
1570938881.293,254,779,None,Move,browsing
1570938881.3070002,247,779,None,Move,browsing
1570938881.322,239,779,None,Move,browsing
1570938881.3379998,232,779,None,Move,browsing
1570938881.354,226,779,None,Move,browsing
1570938881.3679998,221,779,None,Move,browsing
1570938881.3820002,217,779,None,Move,browsing
1570938881.396,214,779,None,Move,browsing
1570938881.408,212,779,None,Move,browsing
1570938881.421,208,779,None,Move,browsing
1570938881.434,206,779,None,Move,browsing
1570938881.447,204,779,None,Move,browsing
1570938881.459,202,780,None,Move,browsing
1570938881.471,201,780,None,Move,browsing
1570938881.482,200,780,None,Move,browsing
1570938881.495,199,780,None,Move,browsing
1570938881.506,198,780,None,Move,browsing
1570938881.5670002,188,781,None,Move,browsing
1570938881.586,176,782,None,Move,browsing
1570938881.604,164,782,None,Move,browsing
1570938881.62,153,780,None,Move,browsing
1570938881.6360002,142,779,None,Move,browsing
1570938881.651,130,777,None,Move,browsing
1570938881.668,118,775,None,Move,browsing
1570938881.684,109,772,None,Move,browsing
1570938881.698,102,769,None,Move,browsing
1570938881.712,97,767,None,Move,browsing
1570938881.725,92,764,None,Move,browsing
1570938881.7389998,88,762,None,Move,browsing
1570938881.7529998,86,760,None,Move,browsing
1570938881.766,83,758,None,Move,browsing
1570938881.778,80,757,None,Move,browsing
1570938881.791,78,755,None,Move,browsing
1570938885.861,74,745,None,Move,browsing
1570938885.8820002,70,729,None,Move,browsing
1570938885.906,67,708,None,Move,browsing
1570938885.917,66,685,None,Move,browsing
1570938885.926,67,660,None,Move,browsing
1570938885.9320002,72,634,None,Move,browsing
1570938885.938,79,607,None,Move,browsing
1570938885.944,90,576,None,Move,browsing
1570938885.949,105,536,None,Move,browsing
1570938885.955,127,485,None,Move,browsing
1570938885.96,155,431,None,Move,browsing
1570938885.965,191,369,None,Move,browsing
1570938885.969,225,315,None,Move,browsing
1570938885.976,260,259,None,Move,browsing
1570938885.9829998,294,211,None,Move,browsing
1570938885.99,321,169,None,Move,browsing
1570938885.998,347,132,None,Move,browsing
1570938886.004,369,105,None,Move,browsing
1570938886.012,383,88,None,Move,browsing
1570938886.018,392,74,None,Move,browsing
1570938886.025,399,64,None,Move,browsing
1570938886.031,402,57,None,Move,browsing
1570938886.0370002,405,54,None,Move,browsing
1570938886.046,405,52,None,Move,browsing
1570938886.296,428,49,None,Move,browsing
1570938886.3170002,460,45,None,Move,browsing
1570938886.339,506,44,None,Move,browsing
1570938886.36,565,46,None,Move,browsing
1570938886.3820002,626,53,None,Move,browsing
1570938886.3920002,683,63,None,Move,browsing
1570938886.4,719,71,None,Move,browsing
1570938886.409,739,74,None,Move,browsing
1570938886.417,757,78,None,Move,browsing
1570938886.426,771,80,None,Move,browsing
1570938886.435,785,83,None,Move,browsing
1570938886.4429998,795,86,None,Move,browsing
1570938886.451,804,90,None,Move,browsing
1570938886.46,811,95,None,Move,browsing
1570938886.468,818,102,None,Move,browsing
1570938886.4770002,825,108,None,Move,browsing
1570938886.485,832,114,None,Move,browsing
1570938886.4929998,838,120,None,Move,browsing
1570938886.5010002,843,126,None,Move,browsing
1570938886.5089998,847,131,None,Move,browsing
1570938886.679,847,124,None,Move,browsing
1570938886.699,847,114,None,Move,browsing
1570938886.718,845,103,None,Move,browsing
1570938886.74,844,94,None,Move,browsing
1570938886.758,843,86,None,Move,browsing
1570938886.7670002,842,78,None,Move,browsing
1570938886.775,841,71,None,Move,browsing
1570938886.783,840,65,None,Move,browsing
1570938886.792,838,61,None,Move,browsing
1570938886.8,837,58,None,Move,browsing
1570938886.8079998,835,56,None,Move,browsing
1570938886.816,834,54,None,Move,browsing
1570938886.824,833,52,None,Move,browsing
1570938886.833,832,51,None,Move,browsing
1570938886.841,831,49,None,Move,browsing
1570938886.849,830,47,None,Move,browsing
1570938886.857,830,46,None,Move,browsing
1570938886.865,829,46,None,Move,browsing
1570938886.8739998,829,45,None,Move,browsing
1570938886.883,828,45,None,Move,browsing
1570938886.891,828,44,None,Move,browsing
1570938886.899,827,44,None,Move,browsing
1570938886.907,827,43,None,Move,browsing
1570938886.916,826,43,None,Move,browsing
1570938887.042,826,43,Left,Pressed,browsing
1570938887.174,826,43,Left,Released,browsing
1570938892.23,812,48,None,Move,browsing
1570938892.252,786,62,None,Move,browsing
1570938892.276,763,76,None,Move,browsing
1570938892.294,741,91,None,Move,browsing
1570938892.305,723,104,None,Move,browsing
1570938892.312,705,116,None,Move,browsing
1570938892.32,687,129,None,Move,browsing
1570938892.3279998,669,144,None,Move,browsing
1570938892.335,649,158,None,Move,browsing
1570938892.341,630,170,None,Move,browsing
1570938892.347,613,181,None,Move,browsing
1570938892.353,596,194,None,Move,browsing
1570938892.359,579,206,None,Move,browsing
1570938892.3660002,564,218,None,Move,browsing
1570938892.3739998,552,227,None,Move,browsing
1570938892.3820002,540,236,None,Move,browsing
1570938892.389,526,246,None,Move,browsing
1570938892.397,516,256,None,Move,browsing
1570938892.404,508,265,None,Move,browsing
1570938892.4120002,503,273,None,Move,browsing
1570938892.419,499,278,None,Move,browsing
1570938892.427,496,283,None,Move,browsing
1570938892.434,494,286,None,Move,browsing
1570938892.4429998,494,288,None,Move,browsing
1570938892.449,493,289,None,Move,browsing
1570938892.457,493,289,None,Move,browsing
1570938892.466,493,289,None,Move,browsing
1570938892.4729998,493,290,None,Move,browsing
1570938892.49,493,291,None,Move,browsing
1570938892.5,493,292,None,Move,browsing
1570938892.5089998,493,293,None,Move,browsing
1570938892.641,488,301,None,Move,browsing
1570938892.66,484,308,None,Move,browsing
1570938892.675,479,316,None,Move,browsing
1570938892.689,475,322,None,Move,browsing
1570938892.698,472,327,None,Move,browsing
1570938892.705,469,331,None,Move,browsing
1570938892.711,466,335,None,Move,browsing
1570938892.716,463,339,None,Move,browsing
1570938892.722,460,342,None,Move,browsing
1570938892.728,457,345,None,Move,browsing
1570938892.735,453,349,None,Move,browsing
1570938892.742,451,352,None,Move,browsing
1570938892.75,448,354,None,Move,browsing
1570938892.756,445,357,None,Move,browsing
1570938892.764,442,359,None,Move,browsing
1570938892.772,439,360,None,Move,browsing
1570938892.778,437,361,None,Move,browsing
1570938892.786,435,362,None,Move,browsing
1570938892.793,433,363,None,Move,browsing
1570938892.801,431,363,None,Move,browsing
1570938892.809,428,363,None,Move,browsing
1570938892.825,425,363,None,Move,browsing
1570938892.832,423,363,None,Move,browsing
1570938892.844,419,362,None,Move,browsing
1570938892.85,416,361,None,Move,browsing
1570938892.857,412,359,None,Move,browsing
1570938892.863,409,355,None,Move,browsing
1570938892.869,405,351,None,Move,browsing
1570938892.875,401,347,None,Move,browsing
1570938892.8820002,397,341,None,Move,browsing
1570938892.8879998,393,336,None,Move,browsing
1570938892.894,390,331,None,Move,browsing
1570938892.9,387,326,None,Move,browsing
1570938892.906,384,322,None,Move,browsing
1570938892.913,382,318,None,Move,browsing
1570938892.92,381,316,None,Move,browsing
1570938892.926,379,313,None,Move,browsing
1570938892.9320002,378,311,None,Move,browsing
1570938892.939,378,309,None,Move,browsing
1570938892.945,377,308,None,Move,browsing
1570938892.951,377,307,None,Move,browsing
1570938892.957,376,306,None,Move,browsing
1570938892.964,376,305,None,Move,browsing
1570938892.971,376,305,None,Move,browsing
1570938892.9770002,376,304,None,Move,browsing
1570938892.9829998,376,304,None,Move,browsing
1570938892.9889998,376,303,None,Move,browsing
1570938892.996,376,303,None,Move,browsing
1570938893.002,376,303,None,Move,browsing
1570938893.008,376,302,None,Move,browsing
1570938893.014,376,302,None,Move,browsing
1570938893.02,376,301,None,Move,browsing
1570938893.026,376,300,None,Move,browsing
1570938893.0370002,376,299,None,Move,browsing
1570938893.044,378,298,None,Move,browsing
1570938893.051,383,296,None,Move,browsing
1570938893.0579998,388,295,None,Move,browsing
1570938893.065,394,293,None,Move,browsing
1570938893.072,400,292,None,Move,browsing
1570938893.079,409,290,None,Move,browsing
1570938893.086,417,289,None,Move,browsing
1570938893.093,425,287,None,Move,browsing
1570938893.1,435,285,None,Move,browsing
1570938893.107,444,284,None,Move,browsing
1570938893.113,451,283,None,Move,browsing
1570938893.12,459,282,None,Move,browsing
1570938893.127,465,281,None,Move,browsing
1570938893.1339998,470,281,None,Move,browsing
1570938893.141,474,280,None,Move,browsing
1570938893.1479998,478,280,None,Move,browsing
1570938893.155,483,280,None,Move,browsing
1570938893.1620002,488,279,None,Move,browsing
1570938893.169,493,279,None,Move,browsing
1570938893.176,497,279,None,Move,browsing
1570938893.1829998,502,278,None,Move,browsing
1570938893.19,506,278,None,Move,browsing
1570938893.197,509,277,None,Move,browsing
1570938893.204,512,277,None,Move,browsing
1570938893.211,514,276,None,Move,browsing
1570938893.218,516,276,None,Move,browsing
1570938893.225,517,276,None,Move,browsing
1570938893.232,517,276,None,Move,browsing
1570938893.2389998,518,276,None,Move,browsing
1570938893.246,518,276,None,Move,browsing
1570938893.2529998,519,276,None,Move,browsing
1570938893.26,519,276,None,Move,browsing
1570938893.2670002,520,276,None,Move,browsing
1570938893.274,520,276,None,Move,browsing
1570938893.28,521,276,None,Move,browsing
1570938893.288,521,276,None,Move,browsing
1570938893.303,522,276,None,Move,browsing
1570938893.3179998,522,276,None,Move,browsing
1570938893.333,522,276,None,Move,browsing
1570938893.958,522,276,Left,Pressed,browsing
1570938894.104,522,276,Left,Released,browsing
1570938895.677,527,287,None,Move,browsing
1570938895.696,531,299,None,Move,browsing
1570938895.7129998,536,312,None,Move,browsing
1570938895.734,543,330,None,Move,browsing
1570938895.754,549,352,None,Move,browsing
1570938895.771,556,369,None,Move,browsing
1570938895.779,562,386,None,Move,browsing
1570938895.789,570,403,None,Move,browsing
1570938895.7970002,581,422,None,Move,browsing
1570938895.806,592,440,None,Move,browsing
1570938895.813,604,460,None,Move,browsing
1570938895.821,616,480,None,Move,browsing
1570938895.829,628,500,None,Move,browsing
1570938895.837,641,520,None,Move,browsing
1570938895.845,655,539,None,Move,browsing
1570938895.853,666,557,None,Move,browsing
1570938895.86,676,573,None,Move,browsing
1570938895.8679998,685,589,None,Move,browsing
1570938898.038,675,582,None,Move,browsing
1570938898.062,664,573,None,Move,browsing
1570938898.0879998,651,562,None,Move,browsing
1570938898.109,636,552,None,Move,browsing
1570938898.131,623,542,None,Move,browsing
1570938898.154,611,531,None,Move,browsing
1570938898.176,601,520,None,Move,browsing
1570938898.197,589,508,None,Move,browsing
1570938898.22,578,498,None,Move,browsing
1570938898.242,567,488,None,Move,browsing
1570938898.265,560,481,None,Move,browsing
1570938898.285,556,476,None,Move,browsing
1570938898.303,553,474,None,Move,browsing
1570938898.321,552,472,None,Move,browsing
1570938898.333,551,471,None,Move,browsing
1570938898.342,551,470,None,Move,browsing
1570938898.349,550,470,None,Move,browsing
1570938898.355,550,470,None,Move,browsing
1570938898.36,550,470,Left,Pressed,browsing
1570938898.3660002,550,470,Left,Released,browsing
1570938898.3720002,555,477,None,Move,browsing
1570938898.377,560,485,None,Move,browsing
1570938898.383,566,493,None,Move,browsing
1570938898.389,571,500,None,Move,browsing
1570938898.4,576,507,None,Move,browsing
1570938898.407,581,514,None,Move,browsing
1570938898.419,585,520,None,Move,browsing
1570938898.431,589,526,None,Move,browsing
1570938898.44,593,534,None,Move,browsing
1570938898.449,597,541,None,Move,browsing
1570938898.458,600,548,None,Move,browsing
1570938898.468,604,554,None,Move,browsing
1570938898.475,607,559,None,Move,browsing
1570938898.482,609,564,None,Move,browsing
1570938898.4889998,611,567,None,Move,browsing
1570938898.4970002,613,571,None,Move,browsing
1570938898.506,614,573,None,Move,browsing
1570938898.5129998,615,575,None,Move,browsing
1570938898.522,616,576,None,Move,browsing
1570938898.529,616,577,None,Move,browsing
1570938898.536,616,577,None,Move,browsing
1570938899.008,615,577,None,Move,browsing
1570938899.031,614,575,None,Move,browsing
1570938899.0570002,613,572,None,Move,browsing
1570938899.079,610,567,None,Move,browsing
1570938899.1,608,559,None,Move,browsing
1570938899.119,606,550,None,Move,browsing
1570938899.14,603,539,None,Move,browsing
1570938899.158,600,525,None,Move,browsing
1570938899.176,598,508,None,Move,browsing
1570938899.1929998,596,492,None,Move,browsing
1570938899.211,596,477,None,Move,browsing
1570938899.231,596,465,None,Move,browsing
1570938899.2470002,596,455,None,Move,browsing
1570938899.264,596,447,None,Move,browsing
1570938899.28,596,442,None,Move,browsing
1570938899.295,596,437,None,Move,browsing
1570938899.312,596,435,None,Move,browsing
1570938899.327,596,433,None,Move,browsing
1570938899.346,596,432,None,Move,browsing
1570938899.361,596,432,None,Move,browsing
1570938899.37,596,431,None,Move,browsing
1570938899.476,603,429,None,Move,browsing
1570938899.496,612,428,None,Move,browsing
1570938899.514,619,427,None,Move,browsing
1570938899.531,626,426,None,Move,browsing
1570938899.549,630,425,None,Move,browsing
1570938899.566,634,424,None,Move,browsing
1570938899.583,635,424,None,Move,browsing
1570938899.601,637,423,None,Move,browsing
1570938899.619,638,423,None,Move,browsing
1570938899.635,638,423,None,Move,browsing
1570938899.65,639,423,None,Move,browsing
1570938899.664,639,422,None,Move,browsing
1570938899.678,640,422,None,Move,browsing
1570938899.691,640,422,None,Move,browsing
1570938899.705,640,422,None,Move,browsing
1570938899.719,641,422,None,Move,browsing
1570938899.7329998,641,422,None,Move,browsing
1570938900.109,641,422,Left,Pressed,browsing
1570938900.255,641,422,Left,Released,browsing
1570938901.146,643,412,None,Move,browsing
1570938901.169,645,397,None,Move,browsing
1570938901.191,647,374,None,Move,browsing
1570938901.212,650,349,None,Move,browsing
1570938901.238,653,323,None,Move,browsing
1570938901.256,657,296,None,Move,browsing
1570938901.266,662,272,None,Move,browsing
1570938901.274,669,246,None,Move,browsing
1570938901.281,676,222,None,Move,browsing
1570938901.2870002,685,195,None,Move,browsing
1570938901.292,694,172,None,Move,browsing
1570938901.299,702,150,None,Move,browsing
1570938901.304,708,134,None,Move,browsing
1570938901.311,713,119,None,Move,browsing
1570938901.3170002,717,107,None,Move,browsing
1570938901.322,720,98,None,Move,browsing
1570938901.329,721,92,None,Move,browsing
1570938901.336,722,90,None,Move,browsing
1570938901.342,723,88,None,Move,browsing
1570938901.563,720,86,None,Move,browsing
1570938901.57,719,83,None,Move,browsing
1570938901.577,717,80,None,Move,browsing
1570938901.584,716,78,None,Move,browsing
1570938901.591,715,76,None,Move,browsing
1570938901.6,713,74,None,Move,browsing
1570938901.607,712,73,None,Move,browsing
1570938901.613,712,72,None,Move,browsing
1570938901.619,712,71,None,Move,browsing
1570938901.6260002,711,71,None,Move,browsing
1570938901.6320002,711,71,None,Move,browsing
1570938901.64,710,70,None,Move,browsing
1570938901.651,710,70,None,Move,browsing
1570938901.657,709,69,None,Move,browsing
1570938901.663,709,69,None,Move,browsing
1570938901.669,708,68,None,Move,browsing
1570938901.676,708,68,None,Move,browsing
1570938901.709,707,68,None,Move,browsing
1570938901.722,707,68,None,Move,browsing
1570938901.728,707,68,None,Move,browsing
1570938901.735,705,67,None,Move,browsing
1570938901.745,705,66,None,Move,browsing
1570938901.752,704,66,None,Move,browsing
1570938901.762,703,65,None,Move,browsing
1570938901.769,703,65,None,Move,browsing
1570938901.776,701,64,None,Move,browsing
1570938901.784,700,63,None,Move,browsing
1570938901.79,699,63,None,Move,browsing
1570938901.798,698,62,None,Move,browsing
1570938901.805,697,61,None,Move,browsing
1570938901.812,696,61,None,Move,browsing
1570938901.8179998,695,60,None,Move,browsing
1570938901.825,694,60,None,Move,browsing
1570938901.832,693,59,None,Move,browsing
1570938901.8379998,693,59,None,Move,browsing
1570938901.845,693,58,None,Move,browsing
1570938901.851,692,58,None,Move,browsing
1570938901.857,692,58,None,Move,browsing
1570938901.8639998,691,57,None,Move,browsing
1570938902.283,691,57,Left,Pressed,browsing
1570938902.401,691,57,Left,Released,browsing
1570938902.665,689,68,None,Move,browsing
1570938902.688,685,86,None,Move,browsing
1570938902.7129998,680,113,None,Move,browsing
1570938902.725,676,138,None,Move,browsing
1570938902.734,673,166,None,Move,browsing
1570938902.7429998,669,194,None,Move,browsing
1570938902.752,667,220,None,Move,browsing
1570938902.76,666,246,None,Move,browsing
1570938902.771,665,269,None,Move,browsing
1570938902.779,665,291,None,Move,browsing
1570938902.7870002,667,313,None,Move,browsing
1570938902.796,668,333,None,Move,browsing
1570938902.805,670,352,None,Move,browsing
1570938902.813,672,368,None,Move,browsing
1570938902.821,674,384,None,Move,browsing
1570938902.83,677,395,None,Move,browsing
1570938902.839,678,404,None,Move,browsing
1570938902.847,679,412,None,Move,browsing
1570938902.855,680,418,None,Move,browsing
1570938902.8639998,681,422,None,Move,browsing
1570938902.8720002,681,425,None,Move,browsing
1570938902.881,681,426,None,Move,browsing
1570938902.889,681,426,None,Move,browsing
1570938902.897,681,427,None,Move,browsing
1570938903.6120002,680,417,None,Move,browsing
1570938903.6239998,680,404,None,Move,browsing
1570938903.633,681,389,None,Move,browsing
1570938903.643,683,368,None,Move,browsing
1570938903.653,686,348,None,Move,browsing
1570938903.6620002,689,330,None,Move,browsing
1570938903.671,693,314,None,Move,browsing
1570938903.681,698,298,None,Move,browsing
1570938903.69,702,285,None,Move,browsing
1570938903.7,706,274,None,Move,browsing
1570938903.709,708,268,None,Move,browsing
1570938903.72,709,263,None,Move,browsing
1570938903.73,710,260,None,Move,browsing
1570938903.7389998,710,258,None,Move,browsing
1570938903.7489998,710,258,None,Move,browsing
1570938903.7589998,710,257,None,Move,browsing
1570938903.769,710,257,None,Move,browsing
1570938903.814,709,255,None,Move,browsing
1570938903.83,707,254,None,Move,browsing
1570938903.847,705,253,None,Move,browsing
1570938903.865,701,252,None,Move,browsing
1570938903.883,696,251,None,Move,browsing
1570938903.901,691,251,None,Move,browsing
1570938903.92,685,251,None,Move,browsing
1570938903.939,675,251,None,Move,browsing
1570938903.949,661,252,None,Move,browsing
1570938903.956,642,253,None,Move,browsing
1570938903.962,624,253,None,Move,browsing
1570938903.967,608,253,None,Move,browsing
1570938903.971,592,252,None,Move,browsing
1570938903.976,578,250,None,Move,browsing
1570938903.98,565,247,None,Move,browsing
1570938903.985,556,245,None,Move,browsing
1570938903.99,547,241,None,Move,browsing
1570938903.995,538,238,None,Move,browsing
1570938904.0,530,235,None,Move,browsing
1570938904.004,524,233,None,Move,browsing
1570938904.0089998,519,231,None,Move,browsing
1570938904.014,516,229,None,Move,browsing
1570938904.019,513,227,None,Move,browsing
1570938904.024,511,226,None,Move,browsing
1570938904.028,510,225,None,Move,browsing
1570938904.033,509,225,None,Move,browsing
1570938904.038,508,224,None,Move,browsing
1570938904.043,508,224,None,Move,browsing
1570938904.048,508,224,None,Move,browsing
1570938904.353,511,230,None,Move,browsing
1570938904.371,516,237,None,Move,browsing
1570938904.3879998,521,244,None,Move,browsing
1570938904.408,525,250,None,Move,browsing
1570938904.425,528,255,None,Move,browsing
1570938904.4429998,532,260,None,Move,browsing
1570938904.46,534,265,None,Move,browsing
1570938904.478,537,269,None,Move,browsing
1570938904.496,539,273,None,Move,browsing
1570938904.514,542,278,None,Move,browsing
1570938904.53,544,283,None,Move,browsing
1570938904.546,548,289,None,Move,browsing
1570938904.555,552,294,None,Move,browsing
1570938904.563,555,299,None,Move,browsing
1570938904.569,559,304,None,Move,browsing
1570938904.576,564,310,None,Move,browsing
1570938904.582,568,315,None,Move,browsing
1570938904.587,571,319,None,Move,browsing
1570938904.593,575,323,None,Move,browsing
1570938904.5979998,578,327,None,Move,browsing
1570938904.603,580,330,None,Move,browsing
1570938904.6079998,583,334,None,Move,browsing
1570938904.6120002,585,337,None,Move,browsing
1570938904.617,587,340,None,Move,browsing
1570938904.6220002,589,343,None,Move,browsing
1570938904.6260002,590,347,None,Move,browsing
1570938904.631,592,351,None,Move,browsing
1570938904.635,595,354,None,Move,browsing
1570938904.64,597,358,None,Move,browsing
1570938904.644,600,363,None,Move,browsing
1570938904.649,603,368,None,Move,browsing
1570938904.654,607,374,None,Move,browsing
1570938904.658,612,380,None,Move,browsing
1570938904.663,618,386,None,Move,browsing
1570938904.667,624,393,None,Move,browsing
1570938904.6720002,629,399,None,Move,browsing
1570938904.677,634,404,None,Move,browsing
1570938904.6820002,638,409,None,Move,browsing
1570938904.687,642,413,None,Move,browsing
1570938904.6920002,644,416,None,Move,browsing
1570938904.696,647,418,None,Move,browsing
1570938904.701,649,420,None,Move,browsing
1570938904.706,651,422,None,Move,browsing
1570938904.71,653,423,None,Move,browsing
1570938904.715,654,425,None,Move,browsing
1570938904.719,656,427,None,Move,browsing
1570938904.724,657,429,None,Move,browsing
1570938904.728,658,430,None,Move,browsing
1570938904.94,658,425,None,Move,browsing
1570938904.961,658,420,None,Move,browsing
1570938904.98,659,413,None,Move,browsing
1570938904.9970002,660,405,None,Move,browsing
1570938905.015,662,398,None,Move,browsing
1570938905.032,665,390,None,Move,browsing
1570938905.042,667,384,None,Move,browsing
1570938905.051,669,376,None,Move,browsing
1570938905.061,672,369,None,Move,browsing
1570938905.071,675,362,None,Move,browsing
1570938905.08,677,358,None,Move,browsing
1570938905.087,679,353,None,Move,browsing
1570938905.094,682,349,None,Move,browsing
1570938905.1020002,683,347,None,Move,browsing
1570938905.11,686,343,None,Move,browsing
1570938905.117,688,341,None,Move,browsing
1570938905.1239998,690,338,None,Move,browsing
1570938905.1320002,691,337,None,Move,browsing
1570938905.479,692,342,None,Move,browsing
1570938905.4970002,693,350,None,Move,browsing
1570938905.516,695,361,None,Move,browsing
1570938905.535,697,372,None,Move,browsing
1570938905.551,699,382,None,Move,browsing
1570938905.5670002,700,391,None,Move,browsing
1570938905.583,701,398,None,Move,browsing
1570938905.599,702,404,None,Move,browsing
1570938905.615,702,410,None,Move,browsing
1570938905.631,702,414,None,Move,browsing
1570938905.647,703,417,None,Move,browsing
1570938905.661,703,419,None,Move,browsing
1570938905.675,703,421,None,Move,browsing
1570938905.688,703,422,None,Move,browsing
1570938905.701,703,422,None,Move,browsing
1570938905.7129998,703,423,None,Move,browsing
1570938905.725,703,423,None,Move,browsing
1570938905.7370002,703,423,None,Move,browsing
1570938905.7510002,702,425,None,Move,browsing
1570938905.7629998,702,426,None,Move,browsing
1570938905.774,702,428,None,Move,browsing
1570938906.427,695,427,None,Move,browsing
1570938906.445,687,425,None,Move,browsing
1570938906.46,679,423,None,Move,browsing
1570938906.476,672,420,None,Move,browsing
1570938906.492,667,417,None,Move,browsing
1570938906.506,662,413,None,Move,browsing
1570938906.52,658,410,None,Move,browsing
1570938906.534,654,406,None,Move,browsing
1570938906.549,651,403,None,Move,browsing
1570938906.563,648,399,None,Move,browsing
1570938906.5779998,644,395,None,Move,browsing
1570938906.592,641,391,None,Move,browsing
1570938906.606,638,387,None,Move,browsing
1570938906.62,636,383,None,Move,browsing
1570938906.6339998,633,379,None,Move,browsing
1570938906.649,631,376,None,Move,browsing
1570938906.6620002,629,373,None,Move,browsing
1570938906.675,627,370,None,Move,browsing
1570938906.687,625,368,None,Move,browsing
1570938906.701,623,366,None,Move,browsing
1570938906.7129998,622,363,None,Move,browsing
1570938906.726,620,361,None,Move,browsing
1570938906.738,619,359,None,Move,browsing
1570938906.7510002,617,357,None,Move,browsing
1570938906.764,616,354,None,Move,browsing
1570938906.7770002,615,351,None,Move,browsing
1570938906.79,613,347,None,Move,browsing
1570938906.802,612,342,None,Move,browsing
1570938906.814,611,337,None,Move,browsing
1570938906.826,609,332,None,Move,browsing
1570938906.837,607,326,None,Move,browsing
1570938906.8479998,606,321,None,Move,browsing
1570938906.859,606,317,None,Move,browsing
1570938906.87,605,314,None,Move,browsing
1570938906.881,605,311,None,Move,browsing
1570938906.8920002,605,310,None,Move,browsing
1570938906.9020002,605,308,None,Move,browsing
1570938906.914,605,307,None,Move,browsing
1570938906.926,605,306,None,Move,browsing
1570938906.937,604,305,None,Move,browsing
1570938906.948,604,304,None,Move,browsing
1570938906.959,604,303,None,Move,browsing
1570938906.97,604,302,None,Move,browsing
1570938906.982,603,301,None,Move,browsing
1570938906.9929998,603,301,None,Move,browsing
1570938907.004,603,300,None,Move,browsing
1570938907.016,603,300,None,Move,browsing
1570938907.0270002,603,299,None,Move,browsing
1570938907.039,603,299,None,Move,browsing
1570938907.05,603,298,None,Move,browsing
1570938907.062,603,298,None,Move,browsing
1570938907.076,603,298,None,Move,browsing
1570938907.085,603,299,None,Move,browsing
1570938907.092,603,300,None,Move,browsing
1570938907.097,603,301,None,Move,browsing
1570938907.103,603,301,None,Move,browsing
1570938907.109,603,302,None,Move,browsing
1570938907.1139998,603,303,None,Move,browsing
1570938907.12,603,304,None,Move,browsing
1570938907.1260002,603,305,None,Move,browsing
1570938907.133,603,306,None,Move,browsing
1570938907.139,603,307,None,Move,browsing
1570938907.145,603,308,None,Move,browsing
1570938907.151,603,309,None,Move,browsing
1570938907.157,603,310,None,Move,browsing
1570938907.163,603,311,None,Move,browsing
1570938907.168,603,312,None,Move,browsing
1570938907.173,603,314,None,Move,browsing
1570938907.178,603,315,None,Move,browsing
1570938907.1820002,602,317,None,Move,browsing
1570938907.187,602,317,None,Move,browsing
1570938907.1920002,601,318,None,Move,browsing
1570938907.197,601,319,None,Move,browsing
1570938907.201,601,320,None,Move,browsing
1570938907.206,601,321,None,Move,browsing
1570938907.21,600,322,None,Move,browsing
1570938907.215,600,323,None,Move,browsing
1570938907.219,599,324,None,Move,browsing
1570938907.224,599,325,None,Move,browsing
1570938907.229,598,326,None,Move,browsing
1570938907.2329998,598,327,None,Move,browsing
1570938907.238,598,327,None,Move,browsing
1570938907.2429998,598,328,None,Move,browsing
1570938907.248,598,329,None,Move,browsing
1570938907.252,598,329,None,Move,browsing
1570938907.2570002,598,330,None,Move,browsing
1570938907.2610002,598,330,None,Move,browsing
1570938907.266,598,331,None,Move,browsing
1570938907.27,598,331,None,Move,browsing
1570938907.275,598,332,None,Move,browsing
1570938907.45,598,330,None,Move,browsing
1570938907.468,598,329,None,Move,browsing
1570938907.4829998,599,327,None,Move,browsing
1570938907.4970002,599,325,None,Move,browsing
1570938907.5110002,600,323,None,Move,browsing
1570938907.525,602,320,None,Move,browsing
1570938907.539,604,314,None,Move,browsing
1570938907.552,608,306,None,Move,browsing
1570938907.566,612,297,None,Move,browsing
1570938907.579,616,288,None,Move,browsing
1570938907.592,621,278,None,Move,browsing
1570938907.603,626,269,None,Move,browsing
1570938907.615,629,261,None,Move,browsing
1570938907.6260002,631,256,None,Move,browsing
1570938907.6379998,632,252,None,Move,browsing
1570938907.65,632,251,None,Move,browsing
1570938907.66,633,249,None,Move,browsing
1570938907.6720002,633,249,None,Move,browsing
1570938907.6829998,633,248,None,Move,browsing
1570938907.756,633,248,None,Move,browsing
1570938908.766,634,237,None,Move,browsing
1570938908.784,635,223,None,Move,browsing
1570938908.799,638,204,None,Move,browsing
1570938908.816,640,183,None,Move,browsing
1570938908.832,644,163,None,Move,browsing
1570938908.8479998,647,146,None,Move,browsing
1570938908.863,650,129,None,Move,browsing
1570938908.879,653,115,None,Move,browsing
1570938908.896,656,102,None,Move,browsing
1570938908.9120002,659,88,None,Move,browsing
1570938908.927,661,77,None,Move,browsing
1570938908.9429998,663,67,None,Move,browsing
1570938908.958,665,61,None,Move,browsing
1570938908.975,666,56,None,Move,browsing
1570938908.99,667,52,None,Move,browsing
1570938909.006,668,49,None,Move,browsing
1570938909.022,669,47,None,Move,browsing
1570938909.0370002,669,46,None,Move,browsing
1570938909.054,670,45,None,Move,browsing
1570938909.071,670,44,None,Move,browsing
1570938909.087,670,43,None,Move,browsing
1570938909.103,671,43,None,Move,browsing
1570938909.1179998,672,43,None,Move,browsing
1570938909.149,675,44,None,Move,browsing
1570938909.166,679,44,None,Move,browsing
1570938909.189,684,45,None,Move,browsing
1570938909.199,689,45,None,Move,browsing
1570938909.207,693,45,None,Move,browsing
1570938909.215,698,45,None,Move,browsing
1570938909.2229998,704,45,None,Move,browsing
1570938909.231,709,45,None,Move,browsing
1570938909.2389998,716,45,None,Move,browsing
1570938909.2470002,723,44,None,Move,browsing
1570938909.254,727,43,None,Move,browsing
1570938909.262,730,42,None,Move,browsing
1570938909.269,733,42,None,Move,browsing
1570938909.2770002,735,41,None,Move,browsing
1570938909.283,735,41,None,Move,browsing
1570938909.291,735,41,None,Move,browsing
1570938909.299,736,41,None,Move,browsing
1570938909.3070002,736,41,None,Move,browsing
1570938909.314,737,41,None,Move,browsing
1570938909.321,737,41,None,Move,browsing
1570938909.329,738,41,None,Move,browsing
1570938909.336,738,41,None,Move,browsing
1570938909.344,739,41,None,Move,browsing
1570938909.462,738,41,None,Move,browsing
1570938909.482,738,41,None,Move,browsing
1570938909.502,737,42,None,Move,browsing
1570938909.522,735,44,None,Move,browsing
1570938909.542,733,45,None,Move,browsing
1570938909.562,730,47,None,Move,browsing
1570938909.581,727,48,None,Move,browsing
1570938909.601,725,49,None,Move,browsing
1570938909.621,724,50,None,Move,browsing
1570938909.637,722,51,None,Move,browsing
1570938909.649,721,52,None,Move,browsing
1570938909.663,719,52,None,Move,browsing
1570938909.675,718,53,None,Move,browsing
1570938909.687,717,54,None,Move,browsing
1570938909.701,716,54,None,Move,browsing
1570938909.714,715,55,None,Move,browsing
1570938909.726,714,55,None,Move,browsing
1570938909.7370002,713,56,None,Move,browsing
1570938909.75,712,56,None,Move,browsing
1570938909.7610002,712,56,None,Move,browsing
1570938909.7729998,711,57,None,Move,browsing
1570938909.785,711,57,None,Move,browsing
1570938909.796,710,57,None,Move,browsing
1570938909.8070002,709,57,None,Move,browsing
1570938909.819,709,58,None,Move,browsing
1570938909.831,708,58,None,Move,browsing
1570938909.847,708,59,None,Move,browsing
1570938909.86,709,59,None,Move,browsing
1570938909.8739998,709,59,None,Move,browsing
1570938909.889,710,59,None,Move,browsing
1570938909.9020002,710,58,None,Move,browsing
1570938909.915,711,58,None,Move,browsing
1570938909.927,712,57,None,Move,browsing
1570938909.939,712,57,None,Move,browsing
1570938909.95,712,57,None,Move,browsing
1570938909.962,713,57,None,Move,browsing
1570938909.974,713,57,None,Move,browsing
1570938909.986,714,56,None,Move,browsing
1570938909.998,714,56,None,Move,browsing
1570938910.01,715,56,None,Move,browsing
1570938910.022,715,56,None,Move,browsing
1570938910.033,715,56,None,Move,browsing
1570938910.044,716,56,None,Move,browsing
1570938910.055,716,56,None,Move,browsing
1570938910.0670002,716,56,None,Move,browsing
1570938910.0779998,717,56,None,Move,browsing
1570938910.09,717,56,None,Move,browsing
1570938910.101,718,56,None,Move,browsing
1570938910.113,718,56,None,Move,browsing
1570938910.1239998,718,56,None,Move,browsing
1570938910.1420002,719,56,None,Move,browsing
1570938910.154,719,56,None,Move,browsing
1570938910.166,719,56,None,Move,browsing
1570938910.177,719,56,None,Move,browsing
1570938910.189,720,56,None,Move,browsing
1570938910.2,720,56,Left,Pressed,browsing
1570938910.25,720,56,Left,Released,browsing
1570938911.045,720,56,Left,Pressed,browsing
1570938911.13,720,56,Left,Released,browsing
1570938911.413,718,64,None,Move,browsing
1570938911.44,715,74,None,Move,browsing
1570938911.461,711,90,None,Move,browsing
1570938911.471,705,113,None,Move,browsing
1570938911.479,699,135,None,Move,browsing
1570938911.484,694,159,None,Move,browsing
1570938911.492,689,182,None,Move,browsing
1570938911.498,685,206,None,Move,browsing
1570938911.505,681,229,None,Move,browsing
1570938911.512,678,253,None,Move,browsing
1570938911.518,675,277,None,Move,browsing
1570938911.525,673,302,None,Move,browsing
1570938911.531,671,327,None,Move,browsing
1570938911.5370002,668,351,None,Move,browsing
1570938911.545,665,373,None,Move,browsing
1570938911.551,662,396,None,Move,browsing
1570938911.5579998,659,418,None,Move,browsing
1570938911.564,657,438,None,Move,browsing
1570938911.571,655,457,None,Move,browsing
1570938911.577,654,473,None,Move,browsing
1570938911.583,652,487,None,Move,browsing
1570938911.59,651,498,None,Move,browsing
1570938911.596,651,507,None,Move,browsing
1570938911.6020002,651,514,None,Move,browsing
1570938911.609,652,519,None,Move,browsing
1570938911.615,652,522,None,Move,browsing
1570938911.621,653,525,None,Move,browsing
1570938911.627,654,527,None,Move,browsing
1570938911.633,654,527,None,Move,browsing
1570938911.803,640,529,None,Move,browsing
1570938911.824,624,530,None,Move,browsing
1570938911.836,606,533,None,Move,browsing
1570938911.847,587,537,None,Move,browsing
1570938911.86,570,540,None,Move,browsing
1570938911.87,555,543,None,Move,browsing
1570938911.881,544,547,None,Move,browsing
1570938911.893,532,551,None,Move,browsing
1570938911.901,521,557,None,Move,browsing
1570938911.91,510,563,None,Move,browsing
1570938911.918,501,568,None,Move,browsing
1570938911.927,495,572,None,Move,browsing
1570938911.936,491,576,None,Move,browsing
1570938911.945,486,579,None,Move,browsing
1570938911.9529998,482,582,None,Move,browsing
1570938911.961,479,584,None,Move,browsing
1570938911.969,476,586,None,Move,browsing
1570938911.9770002,473,588,None,Move,browsing
1570938911.984,471,590,None,Move,browsing
1570938911.992,469,591,None,Move,browsing
1570938912.0,466,593,None,Move,browsing
1570938912.008,465,594,None,Move,browsing
1570938912.016,463,594,None,Move,browsing
1570938912.024,462,595,None,Move,browsing
1570938912.032,461,595,None,Move,browsing
1570938912.187,461,582,None,Move,browsing
1570938912.207,460,562,None,Move,browsing
1570938912.226,458,536,None,Move,browsing
1570938912.245,455,508,None,Move,browsing
1570938912.265,454,478,None,Move,browsing
1570938912.28,453,452,None,Move,browsing
1570938912.293,453,428,None,Move,browsing
1570938912.3070002,453,403,None,Move,browsing
1570938912.319,455,380,None,Move,browsing
1570938912.33,458,356,None,Move,browsing
1570938912.343,461,334,None,Move,browsing
1570938912.355,466,314,None,Move,browsing
1570938912.367,470,297,None,Move,browsing
1570938912.3779998,475,284,None,Move,browsing
1570938912.39,480,272,None,Move,browsing
1570938912.4020002,483,263,None,Move,browsing
1570938912.414,485,257,None,Move,browsing
1570938912.426,487,253,None,Move,browsing
1570938912.439,489,250,None,Move,browsing
1570938912.45,491,249,None,Move,browsing
1570938912.462,493,247,None,Move,browsing
1570938912.474,496,246,None,Move,browsing
1570938912.4870002,500,245,None,Move,browsing
1570938912.585,496,235,None,Move,browsing
1570938912.607,491,225,None,Move,browsing
1570938912.631,488,218,None,Move,browsing
1570938912.6520002,484,211,None,Move,browsing
1570938912.671,481,205,None,Move,browsing
1570938912.689,479,201,None,Move,browsing
1570938912.707,478,198,None,Move,browsing
1570938912.725,476,196,None,Move,browsing
1570938912.7429998,475,194,None,Move,browsing
1570938912.76,474,193,None,Move,browsing
1570938912.779,473,193,None,Move,browsing
1570938912.796,473,192,None,Move,browsing
1570938912.815,472,192,None,Move,browsing
1570938912.832,472,191,None,Move,browsing
1570938912.849,471,190,None,Move,browsing
1570938912.867,470,190,None,Move,browsing
1570938912.885,470,190,None,Move,browsing
1570938912.904,470,190,None,Move,browsing
1570938912.9220002,469,190,None,Move,browsing
1570938912.939,469,190,None,Move,browsing
1570938912.959,468,190,None,Move,browsing
1570938912.9770002,468,190,None,Move,browsing
1570938912.996,467,190,None,Move,browsing
1570938913.014,467,190,None,Move,browsing
1570938913.031,467,190,Left,Pressed,browsing
1570938913.0570002,467,190,Left,Released,browsing
1570938913.163,467,190,Left,Pressed,browsing
1570938913.2389998,467,190,Left,Released,browsing
1570938913.324,467,190,Left,Pressed,browsing
1570938913.379,467,190,Left,Released,browsing
1570938922.681,464,199,None,Move,browsing
1570938922.688,459,214,None,Move,browsing
1570938922.695,454,232,None,Move,browsing
1570938922.701,448,249,None,Move,browsing
1570938922.709,444,267,None,Move,browsing
1570938922.719,441,283,None,Move,browsing
1570938922.724,438,301,None,Move,browsing
1570938922.7329998,436,318,None,Move,browsing
1570938922.74,433,336,None,Move,browsing
1570938922.748,431,354,None,Move,browsing
1570938922.755,428,372,None,Move,browsing
1570938922.7629998,427,389,None,Move,browsing
1570938922.77,425,406,None,Move,browsing
1570938922.778,424,422,None,Move,browsing
1570938922.785,423,437,None,Move,browsing
1570938922.806,422,451,None,Move,browsing
1570938922.814,421,465,None,Move,browsing
1570938922.821,421,478,None,Move,browsing
1570938922.827,420,490,None,Move,browsing
1570938922.833,420,502,None,Move,browsing
1570938922.839,420,513,None,Move,browsing
1570938922.844,420,523,None,Move,browsing
1570938922.85,421,533,None,Move,browsing
1570938922.855,422,541,None,Move,browsing
1570938922.861,423,549,None,Move,browsing
1570938922.867,424,556,None,Move,browsing
1570938922.8720002,426,564,None,Move,browsing
1570938922.877,427,573,None,Move,browsing
1570938922.8820002,429,581,None,Move,browsing
1570938922.8879998,431,588,None,Move,browsing
1570938922.893,433,593,None,Move,browsing
1570938922.8979998,435,598,None,Move,browsing
1570938922.904,438,602,None,Move,browsing
1570938922.9120002,440,606,None,Move,browsing
1570938922.928,442,609,None,Move,browsing
1570938922.9429998,444,612,None,Move,browsing
1570938922.96,448,615,None,Move,browsing
1570938923.111,437,615,None,Move,browsing
1570938923.135,426,617,None,Move,browsing
1570938923.1520002,411,617,None,Move,browsing
1570938923.171,392,617,None,Move,browsing
1570938923.189,373,615,None,Move,browsing
1570938923.21,357,612,None,Move,browsing
1570938923.229,339,610,None,Move,browsing
1570938923.248,320,608,None,Move,browsing
1570938923.2670002,302,603,None,Move,browsing
1570938923.285,284,597,None,Move,browsing
1570938923.301,264,590,None,Move,browsing
1570938923.32,246,583,None,Move,browsing
1570938923.336,230,576,None,Move,browsing
1570938923.351,217,570,None,Move,browsing
1570938923.367,204,564,None,Move,browsing
1570938923.3820002,193,560,None,Move,browsing
1570938923.395,185,558,None,Move,browsing
1570938923.41,181,557,None,Move,browsing
1570938923.424,177,556,None,Move,browsing
1570938923.437,177,555,None,Move,browsing
1570938923.45,176,555,None,Move,browsing
1570938923.4629998,175,554,None,Move,browsing
1570938923.478,174,554,None,Move,browsing
1570938923.492,173,554,None,Move,browsing
1570938930.5010002,184,558,None,Move,browsing
1570938930.521,195,562,None,Move,browsing
1570938930.539,204,566,None,Move,browsing
1570938930.559,214,572,None,Move,browsing
1570938930.5779998,222,578,None,Move,browsing
1570938930.597,233,584,None,Move,browsing
1570938930.615,243,589,None,Move,browsing
1570938930.633,252,594,None,Move,browsing
1570938930.65,259,596,None,Move,browsing
1570938930.668,263,599,None,Move,browsing
1570938930.685,267,600,None,Move,browsing
1570938930.702,270,602,None,Move,browsing
1570938930.719,272,603,None,Move,browsing
1570938930.7370002,274,604,None,Move,browsing
1570938930.755,276,605,None,Move,browsing
1570938930.772,277,606,None,Move,browsing
1570938930.791,279,607,None,Move,browsing
1570938930.8079998,280,608,None,Move,browsing
1570938930.826,281,609,None,Move,browsing
1570938930.843,282,609,None,Move,browsing
1570938930.86,283,609,None,Move,browsing
1570938930.879,283,609,None,Move,browsing
1570938930.896,284,610,None,Move,browsing
1570938930.9120002,285,610,None,Move,browsing
1570938930.935,286,610,None,Move,browsing
1570938930.944,286,611,None,Move,browsing
1570938930.95,287,611,None,Move,browsing
1570938930.958,287,612,None,Move,browsing
1570938930.9629998,287,612,None,Move,browsing
1570938930.968,287,612,None,Move,browsing
1570938930.972,287,612,None,Move,browsing
1570938931.024,287,612,None,Move,browsing
1570938931.0470002,287,612,None,Move,browsing
1570938931.0679998,288,612,None,Move,browsing
1570938931.087,288,612,None,Move,browsing
1570938931.106,288,612,None,Move,browsing
1570938931.1239998,288,612,None,Move,browsing
1570938931.143,288,612,None,Move,browsing
1570938931.1620002,289,612,None,Move,browsing
1570938931.219,289,612,None,Move,browsing
1570938931.421,289,612,None,Move,browsing
1570938937.3379998,291,617,None,Move,browsing
1570938937.35,294,623,None,Move,browsing
1570938937.357,297,632,None,Move,browsing
1570938937.365,302,644,None,Move,browsing
1570938937.373,307,658,None,Move,browsing
1570938937.3820002,315,674,None,Move,browsing
1570938937.391,324,689,None,Move,browsing
1570938937.401,332,705,None,Move,browsing
1570938937.409,338,721,None,Move,browsing
1570938937.418,344,738,None,Move,browsing
1570938937.427,349,752,None,Move,browsing
1570938937.436,354,766,None,Move,browsing
1570938937.445,359,781,None,Move,browsing
1570938937.456,365,795,None,Move,browsing
1570938937.465,372,808,None,Move,browsing
1570938937.475,378,820,None,Move,browsing
1570938937.484,385,832,None,Move,browsing
1570938937.492,392,843,None,Move,browsing
1570938937.5010002,397,854,None,Move,browsing
1570938937.5089998,401,861,None,Move,browsing
1570938937.519,404,868,None,Move,browsing
1570938937.528,407,873,None,Move,browsing
1570938937.5370002,409,877,None,Move,browsing
1570938937.545,412,881,None,Move,browsing
1570938937.554,413,884,None,Move,browsing
1570938937.563,415,889,None,Move,browsing
1570938937.573,417,895,None,Move,browsing
1570938937.581,418,900,None,Move,browsing
1570938937.59,418,904,None,Move,browsing
1570938937.5979998,419,908,None,Move,browsing
1570938937.606,419,911,None,Move,browsing
1570938937.826,429,905,None,Move,browsing
1570938937.844,436,899,None,Move,browsing
1570938937.859,442,893,None,Move,browsing
1570938937.8760002,448,887,None,Move,browsing
1570938937.89,454,882,None,Move,browsing
1570938937.905,459,877,None,Move,browsing
1570938937.92,465,871,None,Move,browsing
1570938937.935,474,865,None,Move,browsing
1570938937.949,482,860,None,Move,browsing
1570938937.964,490,856,None,Move,browsing
1570938937.979,496,853,None,Move,browsing
1570938937.9929998,501,850,None,Move,browsing
1570938938.006,504,848,None,Move,browsing
1570938938.018,507,846,None,Move,browsing
1570938938.031,509,845,None,Move,browsing
1570938938.042,511,844,None,Move,browsing
1570938938.054,512,843,None,Move,browsing
1570938938.065,512,843,None,Move,browsing
1570938938.077,513,843,None,Move,browsing
1570938938.089,513,842,None,Move,browsing
1570938959.416,513,842,None,Move,browsing
1570938959.4329998,513,842,None,Move,browsing
1570938959.448,513,841,None,Move,browsing
1570938959.4629998,513,841,None,Move,browsing
1570938959.479,513,841,None,Move,browsing
1570938959.494,513,841,None,Move,browsing
1570938959.5070002,513,841,None,Move,browsing
1570938959.519,513,841,None,Move,browsing
1570938960.05,513,841,None,Move,browsing
1570938960.496,514,841,None,Move,browsing
1570938960.6279998,514,841,None,Move,browsing
1570938960.684,514,841,None,Move,browsing
1570938960.711,514,841,None,Move,browsing
1570938960.7270002,514,841,None,Move,browsing
1570938960.7529998,514,841,None,Move,browsing
1570938960.802,515,840,None,Move,browsing
1570938960.907,515,840,None,Move,browsing
1570938960.948,515,840,None,Move,browsing
1570938960.99,515,840,None,Move,browsing
1570938961.512,515,840,None,Move,browsing
1570938961.528,515,840,None,Move,browsing
1570938961.544,515,839,None,Move,browsing
1570938961.559,515,839,None,Move,browsing
1570938961.575,515,838,None,Move,browsing
1570938961.591,515,838,None,Move,browsing
1570938961.606,515,838,None,Move,browsing
1570938961.62,515,837,None,Move,browsing
1570938961.633,515,837,None,Move,browsing
1570938961.867,515,837,None,Move,browsing
1570938961.885,515,836,None,Move,browsing
1570938961.901,515,836,None,Move,browsing
1570938961.916,515,836,None,Move,browsing
1570938961.931,515,835,None,Move,browsing
1570938961.947,515,835,None,Move,browsing
1570938961.965,515,834,None,Move,browsing
1570938961.9829998,514,834,None,Move,browsing
1570938961.9989998,514,833,None,Move,browsing
1570938962.016,514,832,None,Move,browsing
1570938962.031,514,830,None,Move,browsing
1570938962.039,514,826,None,Move,browsing
1570938962.049,514,821,None,Move,browsing
1570938962.0570002,514,816,None,Move,browsing
1570938962.066,514,811,None,Move,browsing
1570938962.075,514,805,None,Move,browsing
1570938962.085,514,799,None,Move,browsing
1570938962.093,513,794,None,Move,browsing
1570938962.1020002,513,789,None,Move,browsing
1570938962.111,513,784,None,Move,browsing
1570938962.12,514,779,None,Move,browsing
1570938962.129,514,774,None,Move,browsing
1570938962.1379998,514,769,None,Move,browsing
1570938962.147,515,764,None,Move,browsing
1570938962.155,515,760,None,Move,browsing
1570938962.164,515,758,None,Move,browsing
1570938962.1720002,515,756,None,Move,browsing
1570938962.181,515,755,None,Move,browsing
1570938962.19,515,754,None,Move,browsing
1570938962.199,515,754,None,Move,browsing
1570938962.207,515,753,None,Move,browsing
1570938962.217,515,753,None,Move,browsing
1570938962.225,515,752,None,Move,browsing
1570938962.234,515,751,None,Move,browsing
1570938962.244,515,750,None,Move,browsing
1570938962.252,514,749,None,Move,browsing
1570938962.2610002,514,747,None,Move,browsing
1570938962.269,514,745,None,Move,browsing
1570938962.2770002,513,741,None,Move,browsing
1570938962.286,513,738,None,Move,browsing
1570938962.295,512,735,None,Move,browsing
1570938962.303,511,733,None,Move,browsing
1570938962.311,511,731,None,Move,browsing
1570938962.32,510,730,None,Move,browsing
1570938962.329,510,730,None,Move,browsing
1570938962.337,509,729,None,Move,browsing
1570938962.345,509,728,None,Move,browsing
1570938962.353,509,727,None,Move,browsing
1570938962.361,508,727,None,Move,browsing
1570938962.369,508,726,None,Move,browsing
1570938962.377,508,726,None,Move,browsing
1570938962.385,508,725,None,Move,browsing
1570938962.394,508,725,None,Move,browsing
1570938962.6260002,508,725,None,Move,browsing
1570938962.645,507,725,None,Move,browsing
1570938962.66,507,725,None,Move,browsing
1570938962.676,507,726,None,Move,browsing
1570938962.691,506,726,None,Move,browsing
1570938962.708,506,726,None,Move,browsing
1570938962.726,506,727,None,Move,browsing
1570938962.742,505,727,None,Move,browsing
1570938962.7589998,505,728,None,Move,browsing
1570938962.774,504,728,None,Move,browsing
1570938962.788,504,728,None,Move,browsing
1570938962.802,503,729,None,Move,browsing
1570938962.815,503,729,None,Move,browsing
1570938962.827,503,730,None,Move,browsing
1570938962.842,503,730,None,Move,browsing
1570938962.854,503,730,None,Move,browsing
1570938962.867,503,731,None,Move,browsing
1570938962.88,503,731,None,Move,browsing
1570938962.8920002,503,731,None,Move,browsing
1570938962.904,503,732,None,Move,browsing
1570938962.917,503,732,None,Move,browsing
1570938962.93,503,732,None,Move,browsing
1570938962.9420002,503,733,None,Move,browsing
1570938962.955,503,733,None,Move,browsing
1570938962.967,502,733,None,Move,browsing
1570938963.202,502,733,Right,Pressed,browsing
1570938963.312,502,733,Right,Released,browsing
1570938963.756,506,735,None,Move,browsing
1570938963.775,510,737,None,Move,browsing
1570938963.793,514,739,None,Move,browsing
1570938963.811,517,741,None,Move,browsing
1570938963.8279998,521,743,None,Move,browsing
1570938963.843,525,745,None,Move,browsing
1570938963.8579998,528,747,None,Move,browsing
1570938963.873,531,749,None,Move,browsing
1570938963.8879998,534,750,None,Move,browsing
1570938963.903,536,752,None,Move,browsing
1570938963.919,538,753,None,Move,browsing
1570938963.934,540,754,None,Move,browsing
1570938963.951,541,755,None,Move,browsing
1570938963.968,542,756,None,Move,browsing
1570938963.9829998,543,756,None,Move,browsing
1570938963.998,543,757,None,Move,browsing
1570938964.012,544,757,None,Move,browsing
1570938964.026,544,758,None,Move,browsing
1570938964.042,545,758,None,Move,browsing
1570938964.0579998,545,758,None,Move,browsing
1570938964.073,546,758,None,Move,browsing
1570938964.0879998,547,759,None,Move,browsing
1570938964.1020002,547,759,Left,Pressed,browsing
1570938964.153,547,759,Left,Released,browsing
1570938964.696,549,769,None,Move,browsing
1570938964.719,552,783,None,Move,browsing
1570938964.7410002,555,798,None,Move,browsing
1570938964.755,558,813,None,Move,browsing
1570938964.766,561,826,None,Move,browsing
1570938964.775,565,840,None,Move,browsing
1570938964.785,567,852,None,Move,browsing
1570938964.792,570,862,None,Move,browsing
1570938964.8,572,869,None,Move,browsing
1570938964.806,574,874,None,Move,browsing
1570938964.813,575,877,None,Move,browsing
1570938964.821,575,880,None,Move,browsing
1570938964.829,576,881,None,Move,browsing
1570938964.836,576,882,None,Move,browsing
1570938964.843,576,882,None,Move,browsing
1570938965.456,576,880,None,Move,browsing
1570938965.4629998,579,874,None,Move,browsing
1570938965.47,582,859,None,Move,browsing
1570938965.4770002,586,838,None,Move,browsing
1570938965.484,591,813,None,Move,browsing
1570938965.4910002,597,790,None,Move,browsing
1570938965.4989998,603,764,None,Move,browsing
1570938965.505,612,737,None,Move,browsing
1570938965.5129998,621,703,None,Move,browsing
1570938965.519,631,656,None,Move,browsing
1570938965.526,641,606,None,Move,browsing
1570938965.534,651,558,None,Move,browsing
1570938965.54,660,514,None,Move,browsing
1570938965.5470002,669,480,None,Move,browsing
1570938965.554,677,454,None,Move,browsing
1570938965.561,684,435,None,Move,browsing
1570938965.5679998,690,415,None,Move,browsing
1570938965.575,694,397,None,Move,browsing
1570938965.582,695,383,None,Move,browsing
1570938965.8679998,694,373,None,Move,browsing
1570938965.8839998,692,360,None,Move,browsing
1570938965.894,692,341,None,Move,browsing
1570938965.901,692,319,None,Move,browsing
1570938965.909,694,297,None,Move,browsing
1570938965.917,696,274,None,Move,browsing
1570938965.925,701,250,None,Move,browsing
1570938965.9329998,707,226,None,Move,browsing
1570938965.941,713,201,None,Move,browsing
1570938965.951,719,176,None,Move,browsing
1570938965.959,725,153,None,Move,browsing
1570938965.967,730,133,None,Move,browsing
1570938965.975,734,115,None,Move,browsing
1570938965.984,737,99,None,Move,browsing
1570938965.9929998,741,87,None,Move,browsing
1570938966.0010002,744,77,None,Move,browsing
1570938966.0089998,746,72,None,Move,browsing
1570938966.0170002,747,69,None,Move,browsing
1570938966.025,747,67,None,Move,browsing
1570938966.181,747,67,None,Move,browsing
1570938966.187,747,67,None,Move,browsing
1570938966.195,747,66,None,Move,browsing
1570938966.202,747,66,None,Move,browsing
1570938966.209,747,65,None,Move,browsing
1570938966.216,747,64,None,Move,browsing
1570938966.222,747,63,None,Move,browsing
1570938966.23,747,62,None,Move,browsing
1570938966.236,747,61,None,Move,browsing
1570938966.244,747,60,None,Move,browsing
1570938966.25,747,59,None,Move,browsing
1570938966.2570002,747,58,None,Move,browsing
1570938966.264,747,58,None,Move,browsing
1570938966.271,747,58,None,Move,browsing
1570938966.278,747,58,None,Move,browsing
1570938966.285,747,57,None,Move,browsing
1570938966.292,747,57,None,Move,browsing
1570938966.299,747,56,None,Move,browsing
1570938966.306,747,56,None,Move,browsing
1570938966.314,747,55,None,Move,browsing
1570938966.319,747,55,None,Move,browsing
1570938966.327,747,55,None,Move,browsing
1570938966.44,747,55,Left,Pressed,browsing
1570938966.5570002,747,55,Left,Released,browsing
1570938966.7029998,741,67,None,Move,browsing
1570938966.7270002,731,90,None,Move,browsing
1570938966.748,721,114,None,Move,browsing
1570938966.7570002,713,137,None,Move,browsing
1570938966.766,706,160,None,Move,browsing
1570938966.775,700,183,None,Move,browsing
1570938966.784,696,206,None,Move,browsing
1570938966.793,691,230,None,Move,browsing
1570938966.801,689,253,None,Move,browsing
1570938966.81,687,276,None,Move,browsing
1570938966.8179998,687,298,None,Move,browsing
1570938966.827,688,320,None,Move,browsing
1570938966.836,691,341,None,Move,browsing
1570938966.845,693,361,None,Move,browsing
1570938966.853,697,379,None,Move,browsing
1570938966.8620002,702,396,None,Move,browsing
1570938966.8720002,708,411,None,Move,browsing
1570938966.881,714,425,None,Move,browsing
1570938966.8920002,719,439,None,Move,browsing
1570938966.9,725,451,None,Move,browsing
1570938966.909,729,462,None,Move,browsing
1570938966.918,734,472,None,Move,browsing
1570938966.927,737,480,None,Move,browsing
1570938966.9329998,741,486,None,Move,browsing
1570938967.1139998,727,493,None,Move,browsing
1570938967.143,709,500,None,Move,browsing
1570938967.167,694,506,None,Move,browsing
1570938967.189,681,511,None,Move,browsing
1570938967.214,670,517,None,Move,browsing
1570938967.254,657,522,None,Move,browsing
1570938967.281,645,529,None,Move,browsing
1570938967.301,636,535,None,Move,browsing
1570938967.311,630,540,None,Move,browsing
1570938967.32,625,543,None,Move,browsing
1570938967.326,620,546,None,Move,browsing
1570938967.335,616,550,None,Move,browsing
1570938967.344,612,552,None,Move,browsing
1570938967.351,608,556,None,Move,browsing
1570938967.3579998,604,558,None,Move,browsing
1570938967.365,601,560,None,Move,browsing
1570938968.026,598,572,None,Move,browsing
1570938968.772,596,578,None,Move,browsing
1570938968.794,594,586,None,Move,browsing
1570938968.815,592,596,None,Move,browsing
1570938968.836,589,605,None,Move,browsing
1570938968.859,588,614,None,Move,browsing
1570938968.881,587,622,None,Move,browsing
1570938968.903,586,629,None,Move,browsing
1570938968.925,586,635,None,Move,browsing
1570938968.946,586,640,None,Move,browsing
1570938968.967,586,645,None,Move,browsing
1570938968.988,586,650,None,Move,browsing
1570938969.008,586,654,None,Move,browsing
1570938969.029,587,658,None,Move,browsing
1570938969.05,587,661,None,Move,browsing
1570938969.07,587,664,None,Move,browsing
1570938969.086,588,666,None,Move,browsing
1570938969.194,585,664,None,Move,browsing
1570938969.216,584,663,None,Move,browsing
1570938969.236,583,663,None,Move,browsing
1570938969.258,582,661,None,Move,browsing
1570938969.2770002,580,660,None,Move,browsing
1570938969.296,579,659,None,Move,browsing
1570938969.315,577,658,None,Move,browsing
1570938969.332,577,657,None,Move,browsing
1570938969.349,576,656,None,Move,browsing
1570938969.3660002,575,655,None,Move,browsing
1570938969.383,574,654,None,Move,browsing
1570938969.4,573,653,None,Move,browsing
1570938969.419,573,653,None,Move,browsing
1570938969.436,572,653,None,Move,browsing
1570938969.4529998,572,652,None,Move,browsing
1570938969.47,572,652,None,Move,browsing
1570938969.584,571,651,None,Move,browsing
1570938969.606,573,649,None,Move,browsing
1570938969.6279998,578,648,None,Move,browsing
1570938969.649,586,646,None,Move,browsing
1570938969.669,596,645,None,Move,browsing
1570938969.69,605,645,None,Move,browsing
1570938969.711,614,643,None,Move,browsing
1570938969.728,624,642,None,Move,browsing
1570938969.748,635,641,None,Move,browsing
1570938969.765,647,641,None,Move,browsing
1570938969.784,658,642,None,Move,browsing
1570938969.802,667,643,None,Move,browsing
1570938969.82,674,645,None,Move,browsing
1570938969.836,679,645,None,Move,browsing
1570938969.853,683,646,None,Move,browsing
1570938969.871,689,648,None,Move,browsing
1570938969.8879998,693,649,None,Move,browsing
1570938969.906,697,650,None,Move,browsing
1570938969.9220002,701,651,None,Move,browsing
1570938969.94,705,652,None,Move,browsing
1570938969.958,709,653,None,Move,browsing
1570938969.975,711,654,None,Move,browsing
1570938969.992,714,655,None,Move,browsing
1570938970.0089998,715,655,None,Move,browsing
1570938970.026,716,656,None,Move,browsing
1570938970.044,717,656,None,Move,browsing
1570938970.061,718,656,None,Move,browsing
1570938970.08,718,656,None,Move,browsing
1570938970.096,719,656,None,Move,browsing
1570938970.1160002,719,656,None,Move,browsing
1570938970.1339998,720,656,None,Move,browsing
1570938970.593,720,657,None,Move,browsing
1570938970.6120002,719,657,None,Move,browsing
1570938970.6320002,719,658,None,Move,browsing
1570938970.65,716,659,None,Move,browsing
1570938970.668,713,661,None,Move,browsing
1570938970.685,709,662,None,Move,browsing
1570938970.704,705,663,None,Move,browsing
1570938970.7229998,701,664,None,Move,browsing
1570938970.74,697,665,None,Move,browsing
1570938970.7589998,694,666,None,Move,browsing
1570938970.7770002,690,666,None,Move,browsing
1570938970.796,685,667,None,Move,browsing
1570938970.814,680,668,None,Move,browsing
1570938970.832,672,670,None,Move,browsing
1570938970.85,659,671,None,Move,browsing
1570938970.8679998,643,672,None,Move,browsing
1570938970.887,628,672,None,Move,browsing
1570938970.905,612,670,None,Move,browsing
1570938970.923,596,668,None,Move,browsing
1570938970.941,581,666,None,Move,browsing
1570938970.96,567,664,None,Move,browsing
1570938970.9770002,556,662,None,Move,browsing
1570938970.996,544,660,None,Move,browsing
1570938971.015,533,659,None,Move,browsing
1570938971.032,522,658,None,Move,browsing
1570938971.051,514,658,None,Move,browsing
1570938971.069,508,657,None,Move,browsing
1570938971.086,502,657,None,Move,browsing
1570938971.104,497,657,None,Move,browsing
1570938971.123,490,657,None,Move,browsing
1570938971.143,482,656,None,Move,browsing
1570938971.161,473,655,None,Move,browsing
1570938971.179,463,655,None,Move,browsing
1570938971.196,455,655,None,Move,browsing
1570938971.212,448,655,None,Move,browsing
1570938971.2270002,441,655,None,Move,browsing
1570938971.2429998,434,655,None,Move,browsing
1570938971.258,427,655,None,Move,browsing
1570938971.2729998,418,654,None,Move,browsing
1570938971.288,410,654,None,Move,browsing
1570938971.304,401,653,None,Move,browsing
1570938971.319,395,653,None,Move,browsing
1570938971.334,388,653,None,Move,browsing
1570938971.347,382,653,None,Move,browsing
1570938971.3620002,377,653,None,Move,browsing
1570938971.3779998,372,653,None,Move,browsing
1570938971.3920002,366,653,None,Move,browsing
1570938971.407,361,653,None,Move,browsing
1570938971.421,353,653,None,Move,browsing
1570938971.435,347,653,None,Move,browsing
1570938971.449,340,654,None,Move,browsing
1570938971.4629998,334,654,None,Move,browsing
1570938971.479,330,654,None,Move,browsing
1570938971.494,326,655,None,Move,browsing
1570938971.508,323,656,None,Move,browsing
1570938971.5229998,320,656,None,Move,browsing
1570938971.5370002,318,656,None,Move,browsing
1570938971.551,316,656,None,Move,browsing
1570938971.565,315,656,None,Move,browsing
1570938971.58,314,656,None,Move,browsing
1570938971.595,313,656,None,Move,browsing
1570938971.61,312,656,None,Move,browsing
1570938971.6239998,311,656,None,Move,browsing
1570938971.6379998,310,656,None,Move,browsing
1570938971.6520002,309,656,None,Move,browsing
1570938971.667,307,656,None,Move,browsing
1570938971.6820002,306,656,None,Move,browsing
1570938971.696,304,656,None,Move,browsing
1570938971.71,303,656,None,Move,browsing
1570938971.725,302,656,None,Move,browsing
1570938971.7389998,300,656,None,Move,browsing
1570938971.7529998,299,656,None,Move,browsing
1570938971.7670002,297,657,None,Move,browsing
1570938971.781,297,657,None,Move,browsing
1570938971.795,296,657,None,Move,browsing
1570938971.8070002,295,657,None,Move,browsing
1570938971.822,294,657,None,Move,browsing
1570938971.835,293,657,None,Move,browsing
1570938971.849,293,657,None,Move,browsing
1570938971.8620002,292,657,None,Move,browsing
1570938971.8760002,292,657,None,Move,browsing
1570938971.8879998,291,657,None,Move,browsing
1570938971.9,292,657,None,Move,browsing
1570938971.9120002,293,657,None,Move,browsing
1570938971.925,294,657,None,Move,browsing
1570938971.937,294,657,None,Move,browsing
1570938971.949,295,657,None,Move,browsing
1570938971.961,296,657,None,Move,browsing
1570938971.974,297,657,None,Move,browsing
1570938971.986,299,657,None,Move,browsing
1570938971.998,302,657,None,Move,browsing
1570938972.01,306,656,None,Move,browsing
1570938972.022,312,656,None,Move,browsing
1570938972.033,319,655,None,Move,browsing
1570938972.045,327,654,None,Move,browsing
1570938972.0570002,336,653,None,Move,browsing
1570938972.07,346,651,None,Move,browsing
1570938972.082,355,649,None,Move,browsing
1570938972.093,365,649,None,Move,browsing
1570938972.103,372,647,None,Move,browsing
1570938972.1120002,380,646,None,Move,browsing
1570938972.1220002,385,645,None,Move,browsing
1570938972.131,389,644,None,Move,browsing
1570938972.141,393,644,None,Move,browsing
1570938972.151,397,644,None,Move,browsing
1570938972.161,402,643,None,Move,browsing
1570938972.17,406,643,None,Move,browsing
1570938972.179,409,643,None,Move,browsing
1570938972.188,413,643,None,Move,browsing
1570938972.197,417,643,None,Move,browsing
1570938972.206,422,643,None,Move,browsing
1570938972.215,427,643,None,Move,browsing
1570938972.224,433,643,None,Move,browsing
1570938972.2329998,442,643,None,Move,browsing
1570938972.242,452,643,None,Move,browsing
1570938972.2510002,462,643,None,Move,browsing
1570938972.2589998,472,643,None,Move,browsing
1570938972.268,481,643,None,Move,browsing
1570938972.2770002,488,643,None,Move,browsing
1570938972.2870002,495,643,None,Move,browsing
1570938972.295,501,643,None,Move,browsing
1570938972.304,506,643,None,Move,browsing
1570938972.313,512,643,None,Move,browsing
1570938972.322,518,643,None,Move,browsing
1570938972.331,525,643,None,Move,browsing
1570938972.34,530,643,None,Move,browsing
1570938972.349,538,644,None,Move,browsing
1570938972.359,545,644,None,Move,browsing
1570938972.369,552,645,None,Move,browsing
1570938972.3779998,564,646,None,Move,browsing
1570938972.387,580,648,None,Move,browsing
1570938972.397,595,650,None,Move,browsing
1570938972.406,607,653,None,Move,browsing
1570938972.415,613,654,None,Move,browsing
1570938972.424,620,656,None,Move,browsing
1570938972.4329998,623,658,None,Move,browsing
1570938972.4420002,627,659,None,Move,browsing
1570938972.451,629,660,None,Move,browsing
1570938972.46,630,660,None,Move,browsing
1570938972.469,632,661,None,Move,browsing
1570938972.478,633,661,None,Move,browsing
1570938972.488,633,662,None,Move,browsing
1570938972.496,634,662,None,Move,browsing
1570938972.506,634,662,None,Move,browsing
1570938972.514,634,663,None,Move,browsing
1570938972.524,634,663,None,Move,browsing
1570938972.533,634,664,None,Move,browsing
1570938972.542,635,664,None,Move,browsing
1570938972.552,635,665,None,Move,browsing
1570938972.561,635,665,None,Move,browsing
1570938972.571,635,666,None,Move,browsing
1570938972.58,635,666,None,Move,browsing
1570938972.59,634,667,None,Move,browsing
1570938972.599,634,667,None,Move,browsing
1570938972.6079998,634,667,None,Move,browsing
1570938972.6179998,633,668,None,Move,browsing
1570938972.627,632,669,None,Move,browsing
1570938972.637,629,670,None,Move,browsing
1570938972.651,625,672,None,Move,browsing
1570938972.661,618,674,None,Move,browsing
1570938972.671,607,677,None,Move,browsing
1570938972.681,589,679,None,Move,browsing
1570938972.69,571,680,None,Move,browsing
1570938972.699,554,681,None,Move,browsing
1570938972.708,539,683,None,Move,browsing
1570938972.718,526,683,None,Move,browsing
1570938972.7270002,513,683,None,Move,browsing
1570938972.7370002,505,683,None,Move,browsing
1570938972.746,496,684,None,Move,browsing
1570938972.755,489,684,None,Move,browsing
1570938972.765,480,684,None,Move,browsing
1570938972.774,469,685,None,Move,browsing
1570938972.783,461,685,None,Move,browsing
1570938972.793,453,685,None,Move,browsing
1570938972.802,446,685,None,Move,browsing
1570938972.811,439,685,None,Move,browsing
1570938972.821,434,685,None,Move,browsing
1570938972.83,428,686,None,Move,browsing
1570938972.839,422,686,None,Move,browsing
1570938972.849,416,686,None,Move,browsing
1570938972.8579998,409,686,None,Move,browsing
1570938972.867,404,686,None,Move,browsing
1570938972.8760002,400,686,None,Move,browsing
1570938972.885,396,686,None,Move,browsing
1570938972.894,392,686,None,Move,browsing
1570938972.903,388,686,None,Move,browsing
1570938972.9120002,386,686,None,Move,browsing
1570938972.921,383,686,None,Move,browsing
1570938972.929,381,686,None,Move,browsing
1570938972.938,379,686,None,Move,browsing
1570938972.947,378,686,None,Move,browsing
1570938972.956,377,686,None,Move,browsing
1570938972.965,377,686,None,Move,browsing
1570938972.9729998,376,686,None,Move,browsing
1570938972.982,375,686,None,Move,browsing
1570938972.9910002,374,686,None,Move,browsing
1570938973.0,374,686,None,Move,browsing
1570938973.0089998,373,686,None,Move,browsing
1570938973.019,373,686,None,Move,browsing
1570938973.0270002,372,686,None,Move,browsing
1570938973.0370002,372,686,None,Move,browsing
1570938973.046,373,685,None,Move,browsing
1570938973.055,376,685,None,Move,browsing
1570938973.064,380,684,None,Move,browsing
1570938973.073,385,683,None,Move,browsing
1570938973.082,391,682,None,Move,browsing
1570938973.091,398,681,None,Move,browsing
1570938973.1,405,680,None,Move,browsing
1570938973.109,410,680,None,Move,browsing
1570938973.119,416,680,None,Move,browsing
1570938973.129,422,680,None,Move,browsing
1570938973.14,428,680,None,Move,browsing
1570938973.149,432,680,None,Move,browsing
1570938973.156,437,680,None,Move,browsing
1570938973.163,441,680,None,Move,browsing
1570938973.168,445,680,None,Move,browsing
1570938973.173,448,680,None,Move,browsing
1570938973.178,452,680,None,Move,browsing
1570938973.1829998,454,680,None,Move,browsing
1570938973.189,457,679,None,Move,browsing
1570938973.194,460,679,None,Move,browsing
1570938973.199,461,679,None,Move,browsing
1570938973.204,462,678,None,Move,browsing
1570938973.21,463,678,None,Move,browsing
1570938973.215,463,678,None,Move,browsing
1570938973.22,464,678,None,Move,browsing
1570938973.225,464,678,None,Move,browsing
1570938973.23,465,678,None,Move,browsing
1570938973.235,465,678,None,Move,browsing
1570938973.24,466,678,None,Move,browsing
1570938973.246,466,678,None,Move,browsing
1570938973.25,467,678,None,Move,browsing
1570938973.256,467,678,None,Move,browsing
1570938973.2610002,468,678,None,Move,browsing
1570938973.266,468,678,None,Move,browsing
1570938973.276,468,678,None,Move,browsing
1570938973.282,469,678,None,Move,browsing
1570938973.288,469,678,None,Move,browsing
1570938973.295,470,678,None,Move,browsing
1570938973.301,470,678,None,Move,browsing
1570938973.3070002,471,678,None,Move,browsing
1570938973.314,474,678,None,Move,browsing
1570938973.32,476,678,None,Move,browsing
1570938973.325,478,678,None,Move,browsing
1570938973.331,482,678,None,Move,browsing
1570938973.337,485,678,None,Move,browsing
1570938973.343,488,678,None,Move,browsing
1570938973.349,491,678,None,Move,browsing
1570938973.355,495,678,None,Move,browsing
1570938973.36,499,678,None,Move,browsing
1570938973.3660002,502,678,None,Move,browsing
1570938973.3720002,506,678,None,Move,browsing
1570938973.3779998,510,678,None,Move,browsing
1570938973.3839998,515,678,None,Move,browsing
1570938973.39,519,678,None,Move,browsing
1570938973.396,524,678,None,Move,browsing
1570938973.4020002,528,678,None,Move,browsing
1570938973.408,532,679,None,Move,browsing
1570938973.413,536,679,None,Move,browsing
1570938973.42,540,680,None,Move,browsing
1570938973.425,542,680,None,Move,browsing
1570938973.431,544,680,None,Move,browsing
1570938973.436,545,680,None,Move,browsing
1570938973.4420002,545,680,None,Move,browsing
1570938973.448,546,680,None,Move,browsing
1570938973.454,547,680,None,Move,browsing
1570938973.46,548,680,None,Move,browsing
1570938973.465,549,680,None,Move,browsing
1570938973.471,550,680,None,Move,browsing
1570938973.4770002,550,680,None,Move,browsing
1570938973.482,551,680,None,Move,browsing
1570938973.488,551,680,None,Move,browsing
1570938973.494,552,680,None,Move,browsing
1570938973.5,552,680,None,Move,browsing
1570938973.505,553,680,None,Move,browsing
1570938973.5110002,553,680,None,Move,browsing
1570938973.516,553,680,None,Move,browsing
1570938973.522,553,680,None,Move,browsing
1570938973.5270002,553,680,None,Move,browsing
1570938973.533,553,681,None,Move,browsing
1570938973.539,553,681,None,Move,browsing
1570938973.545,553,681,None,Move,browsing
1570938973.55,553,681,None,Move,browsing
1570938973.556,553,682,None,Move,browsing
1570938973.562,553,682,None,Move,browsing
1570938973.5670002,552,682,None,Move,browsing
1570938973.573,552,683,None,Move,browsing
1570938973.579,551,683,None,Move,browsing
1570938973.584,548,684,None,Move,browsing
1570938973.59,543,686,None,Move,browsing
1570938973.596,536,687,None,Move,browsing
1570938973.601,528,688,None,Move,browsing
1570938973.607,518,689,None,Move,browsing
1570938973.6120002,507,690,None,Move,browsing
1570938973.617,496,690,None,Move,browsing
1570938973.623,484,690,None,Move,browsing
1570938973.629,468,690,None,Move,browsing
1570938973.635,454,690,None,Move,browsing
1570938973.64,440,690,None,Move,browsing
1570938973.646,428,690,None,Move,browsing
1570938973.6520002,416,690,None,Move,browsing
1570938973.658,403,690,None,Move,browsing
1570938973.663,392,689,None,Move,browsing
1570938973.669,382,689,None,Move,browsing
1570938973.675,374,689,None,Move,browsing
1570938973.68,367,689,None,Move,browsing
1570938973.686,358,689,None,Move,browsing
1570938973.6920002,350,689,None,Move,browsing
1570938973.698,342,689,None,Move,browsing
1570938973.7029998,335,689,None,Move,browsing
1570938973.709,327,689,None,Move,browsing
1570938973.715,322,689,None,Move,browsing
1570938973.721,317,689,None,Move,browsing
1570938973.7270002,314,689,None,Move,browsing
1570938973.732,309,689,None,Move,browsing
1570938973.738,305,689,None,Move,browsing
1570938973.744,302,689,None,Move,browsing
1570938973.75,298,689,None,Move,browsing
1570938973.756,296,689,None,Move,browsing
1570938973.762,293,689,None,Move,browsing
1570938973.768,291,689,None,Move,browsing
1570938973.774,289,689,None,Move,browsing
1570938973.78,288,689,None,Move,browsing
1570938973.786,287,689,None,Move,browsing
1570938973.791,284,690,None,Move,browsing
1570938973.7970002,283,690,None,Move,browsing
1570938973.803,280,690,None,Move,browsing
1570938973.8079998,278,690,None,Move,browsing
1570938973.813,276,690,None,Move,browsing
1570938973.82,273,690,None,Move,browsing
1570938973.826,271,691,None,Move,browsing
1570938973.831,269,691,None,Move,browsing
1570938973.837,267,692,None,Move,browsing
1570938973.843,264,692,None,Move,browsing
1570938973.849,263,692,None,Move,browsing
1570938973.855,262,692,None,Move,browsing
1570938973.861,261,692,None,Move,browsing
1570938973.867,260,692,None,Move,browsing
1570938973.873,259,692,None,Move,browsing
1570938973.8779998,258,692,None,Move,browsing
1570938973.8839998,257,692,None,Move,browsing
1570938973.89,257,692,None,Move,browsing
1570938973.896,256,692,None,Move,browsing
1570938973.9020002,257,692,None,Move,browsing
1570938973.908,260,692,None,Move,browsing
1570938973.914,263,692,None,Move,browsing
1570938973.92,267,692,None,Move,browsing
1570938973.926,271,692,None,Move,browsing
1570938973.931,276,692,None,Move,browsing
1570938973.938,280,692,None,Move,browsing
1570938973.944,286,692,None,Move,browsing
1570938973.95,291,692,None,Move,browsing
1570938973.955,296,692,None,Move,browsing
1570938973.961,301,692,None,Move,browsing
1570938973.967,305,693,None,Move,browsing
1570938973.972,310,694,None,Move,browsing
1570938973.978,314,694,None,Move,browsing
1570938973.984,320,693,None,Move,browsing
1570938973.9889998,325,692,None,Move,browsing
1570938973.995,330,691,None,Move,browsing
1570938974.0010002,334,690,None,Move,browsing
1570938974.0070002,337,690,None,Move,browsing
1570938974.012,340,689,None,Move,browsing
1570938974.018,342,688,None,Move,browsing
1570938974.024,343,688,None,Move,browsing
1570938974.029,344,687,None,Move,browsing
1570938974.035,345,687,None,Move,browsing
1570938974.041,345,687,None,Move,browsing
1570938974.0470002,346,687,None,Move,browsing
1570938974.052,346,687,None,Move,browsing
1570938974.0579998,347,687,None,Move,browsing
1570938974.063,347,687,None,Move,browsing
1570938974.069,348,687,None,Move,browsing
1570938974.075,348,687,None,Move,browsing
1570938974.08,349,687,None,Move,browsing
1570938974.086,349,687,None,Move,browsing
1570938974.091,350,687,None,Move,browsing
1570938974.097,350,687,None,Move,browsing
1570938974.103,350,687,None,Move,browsing
1570938974.109,351,687,None,Move,browsing
1570938974.1139998,351,687,None,Move,browsing
1570938974.12,352,687,None,Move,browsing
1570938974.125,352,687,None,Move,browsing
1570938974.1320002,352,687,None,Move,browsing
1570938974.1379998,353,687,None,Move,browsing
1570938974.144,353,687,None,Move,browsing
1570938974.15,353,687,None,Move,browsing
1570938974.156,354,687,None,Move,browsing
1570938974.1620002,354,687,None,Move,browsing
1570938974.167,354,687,None,Move,browsing
1570938974.173,355,687,None,Move,browsing
1570938974.178,355,687,None,Move,browsing
1570938974.184,355,687,None,Move,browsing
1570938974.19,356,687,None,Move,browsing
1570938974.196,356,687,None,Move,browsing
1570938974.201,356,687,None,Move,browsing
1570938974.207,356,687,None,Move,browsing
1570938974.212,357,687,None,Move,browsing
1570938974.218,357,687,None,Move,browsing
1570938974.224,357,687,None,Move,browsing
1570938974.265,357,687,None,Move,browsing
1570938974.411,358,687,None,Move,browsing
1570938974.481,358,687,None,Move,browsing
1570938975.596,359,687,None,Move,browsing
1570938975.6139998,364,686,None,Move,browsing
1570938975.631,370,685,None,Move,browsing
1570938975.6479998,377,683,None,Move,browsing
1570938975.664,384,682,None,Move,browsing
1570938975.678,393,680,None,Move,browsing
1570938975.694,400,679,None,Move,browsing
1570938975.706,407,678,None,Move,browsing
1570938975.719,413,677,None,Move,browsing
1570938975.732,420,676,None,Move,browsing
1570938975.746,425,676,None,Move,browsing
1570938975.7589998,431,676,None,Move,browsing
1570938975.7729998,435,676,None,Move,browsing
1570938975.7870002,439,676,None,Move,browsing
1570938975.8,442,676,None,Move,browsing
1570938975.812,445,676,None,Move,browsing
1570938975.826,446,676,None,Move,browsing
1570938975.839,446,676,None,Move,browsing
1570938975.8520002,447,676,None,Move,browsing
1570938975.8660002,448,676,None,Move,browsing
1570938975.879,449,676,None,Move,browsing
1570938975.8920002,450,676,None,Move,browsing
1570938975.905,451,676,None,Move,browsing
1570938975.918,451,676,None,Move,browsing
1570938975.931,452,676,None,Move,browsing
1570938975.944,454,676,None,Move,browsing
1570938975.958,455,676,None,Move,browsing
1570938975.971,458,676,None,Move,browsing
1570938975.984,461,676,None,Move,browsing
1570938975.9970002,465,676,None,Move,browsing
1570938976.01,471,677,None,Move,browsing
1570938976.022,477,677,None,Move,browsing
1570938976.035,482,678,None,Move,browsing
1570938976.0470002,490,678,None,Move,browsing
1570938976.059,497,679,None,Move,browsing
1570938976.072,504,680,None,Move,browsing
1570938976.086,512,682,None,Move,browsing
1570938976.0979998,519,683,None,Move,browsing
1570938976.11,527,685,None,Move,browsing
1570938976.123,534,687,None,Move,browsing
1570938976.137,541,688,None,Move,browsing
1570938976.15,548,690,None,Move,browsing
1570938976.1620002,554,691,None,Move,browsing
1570938976.175,564,693,None,Move,browsing
1570938976.189,573,694,None,Move,browsing
1570938976.202,581,696,None,Move,browsing
1570938976.215,589,697,None,Move,browsing
1570938976.2270002,595,698,None,Move,browsing
1570938976.238,598,699,None,Move,browsing
1570938976.25,601,699,None,Move,browsing
1570938976.262,604,700,None,Move,browsing
1570938976.2729998,605,700,None,Move,browsing
1570938976.285,605,700,None,Move,browsing
1570938976.2970002,606,700,None,Move,browsing
1570938976.309,606,700,None,Move,browsing
1570938976.322,607,700,None,Move,browsing
1570938976.361,607,700,None,Move,browsing
1570938976.3760002,608,700,None,Move,browsing
1570938976.39,610,700,None,Move,browsing
1570938976.403,612,700,None,Move,browsing
1570938976.416,616,700,None,Move,browsing
1570938976.428,622,700,None,Move,browsing
1570938976.441,627,700,None,Move,browsing
1570938976.455,633,699,None,Move,browsing
1570938976.469,638,699,None,Move,browsing
1570938976.481,644,699,None,Move,browsing
1570938976.494,648,699,None,Move,browsing
1570938976.508,652,699,None,Move,browsing
1570938976.521,656,699,None,Move,browsing
1570938976.534,660,699,None,Move,browsing
1570938976.5470002,662,699,None,Move,browsing
1570938976.56,665,699,None,Move,browsing
1570938976.574,667,699,None,Move,browsing
1570938976.587,669,699,None,Move,browsing
1570938976.6,672,699,None,Move,browsing
1570938976.6120002,674,699,None,Move,browsing
1570938976.625,676,699,None,Move,browsing
1570938976.639,679,700,None,Move,browsing
1570938976.651,682,700,None,Move,browsing
1570938976.663,684,700,None,Move,browsing
1570938976.675,686,700,None,Move,browsing
1570938976.687,688,701,None,Move,browsing
1570938976.699,691,701,None,Move,browsing
1570938976.711,695,702,None,Move,browsing
1570938976.7229998,699,703,None,Move,browsing
1570938976.735,703,704,None,Move,browsing
1570938976.7470002,706,706,None,Move,browsing
1570938976.7589998,709,707,None,Move,browsing
1570938976.771,713,708,None,Move,browsing
1570938976.783,717,709,None,Move,browsing
1570938976.795,721,712,None,Move,browsing
1570938976.8070002,724,713,None,Move,browsing
1570938976.819,728,715,None,Move,browsing
1570938976.831,731,717,None,Move,browsing
1570938976.843,733,718,None,Move,browsing
1570938976.856,737,719,None,Move,browsing
1570938976.867,741,721,None,Move,browsing
1570938976.879,746,722,None,Move,browsing
1570938976.89,748,723,None,Move,browsing
1570938976.901,751,723,None,Move,browsing
1570938976.913,754,724,None,Move,browsing
1570938976.925,757,724,None,Move,browsing
1570938976.936,760,725,None,Move,browsing
1570938976.948,762,725,None,Move,browsing
1570938976.959,764,725,None,Move,browsing
1570938976.971,766,725,None,Move,browsing
1570938976.982,766,725,None,Move,browsing
1570938976.994,768,725,None,Move,browsing
1570938977.006,769,725,None,Move,browsing
1570938977.018,771,725,None,Move,browsing
1570938977.03,772,725,None,Move,browsing
1570938977.042,773,725,None,Move,browsing
1570938977.054,775,725,None,Move,browsing
1570938977.066,776,725,None,Move,browsing
1570938977.077,777,725,None,Move,browsing
1570938977.089,777,725,None,Move,browsing
1570938977.101,778,725,None,Move,browsing
1570938977.1120002,779,725,None,Move,browsing
1570938977.123,780,725,None,Move,browsing
1570938977.137,781,725,None,Move,browsing
1570938977.15,781,725,None,Move,browsing
1570938977.1620002,782,725,None,Move,browsing
1570938977.174,782,725,None,Move,browsing
1570938977.185,782,725,None,Move,browsing
1570938977.198,783,725,None,Move,browsing
1570938977.209,783,725,None,Move,browsing
1570938977.7329998,781,725,None,Move,browsing
1570938977.7529998,778,726,None,Move,browsing
1570938977.772,774,726,None,Move,browsing
1570938977.788,770,726,None,Move,browsing
1570938977.804,766,726,None,Move,browsing
1570938977.82,761,726,None,Move,browsing
1570938977.835,758,726,None,Move,browsing
1570938977.851,755,726,None,Move,browsing
1570938977.8679998,751,726,None,Move,browsing
1570938977.8820002,749,726,None,Move,browsing
1570938977.896,746,725,None,Move,browsing
1570938977.911,743,725,None,Move,browsing
1570938977.926,740,725,None,Move,browsing
1570938977.94,738,725,None,Move,browsing
1570938977.955,735,725,None,Move,browsing
1570938977.97,732,725,None,Move,browsing
1570938977.984,728,725,None,Move,browsing
1570938977.998,725,725,None,Move,browsing
1570938978.012,719,725,None,Move,browsing
1570938978.026,713,725,None,Move,browsing
1570938978.04,705,725,None,Move,browsing
1570938978.055,699,725,None,Move,browsing
1570938978.07,693,726,None,Move,browsing
1570938978.084,688,726,None,Move,browsing
1570938978.0979998,682,727,None,Move,browsing
1570938978.1120002,677,727,None,Move,browsing
1570938978.127,671,727,None,Move,browsing
1570938978.143,663,728,None,Move,browsing
1570938978.158,649,728,None,Move,browsing
1570938978.1720002,636,729,None,Move,browsing
1570938978.186,622,730,None,Move,browsing
1570938978.201,611,730,None,Move,browsing
1570938978.215,595,730,None,Move,browsing
1570938978.23,579,731,None,Move,browsing
1570938978.244,565,731,None,Move,browsing
1570938978.258,553,729,None,Move,browsing
1570938978.272,541,728,None,Move,browsing
1570938978.286,529,727,None,Move,browsing
1570938978.3,517,726,None,Move,browsing
1570938978.313,507,725,None,Move,browsing
1570938978.326,500,724,None,Move,browsing
1570938978.3379998,494,723,None,Move,browsing
1570938978.35,489,723,None,Move,browsing
1570938978.3620002,484,721,None,Move,browsing
1570938978.3739998,480,720,None,Move,browsing
1570938978.387,475,719,None,Move,browsing
1570938978.399,470,718,None,Move,browsing
1570938978.411,466,718,None,Move,browsing
1570938978.4220002,462,718,None,Move,browsing
1570938978.435,458,718,None,Move,browsing
1570938978.447,454,718,None,Move,browsing
1570938978.458,452,718,None,Move,browsing
1570938978.471,449,719,None,Move,browsing
1570938978.4829998,447,719,None,Move,browsing
1570938978.494,446,719,None,Move,browsing
1570938978.5070002,443,719,None,Move,browsing
1570938978.519,443,719,None,Move,browsing
1570938978.531,442,719,None,Move,browsing
1570938978.543,441,719,None,Move,browsing
1570938978.554,440,719,None,Move,browsing
1570938978.5670002,438,719,None,Move,browsing
1570938978.579,437,719,None,Move,browsing
1570938978.59,436,719,None,Move,browsing
1570938978.6020002,434,719,None,Move,browsing
1570938978.6139998,433,719,None,Move,browsing
1570938978.6260002,432,719,None,Move,browsing
1570938978.6379998,430,719,None,Move,browsing
1570938978.65,429,719,None,Move,browsing
1570938978.6620002,428,719,None,Move,browsing
1570938978.675,427,719,None,Move,browsing
1570938978.687,426,719,None,Move,browsing
1570938978.699,425,719,None,Move,browsing
1570938978.711,424,719,None,Move,browsing
1570938978.722,423,719,None,Move,browsing
1570938978.734,423,719,None,Move,browsing
1570938978.746,422,719,None,Move,browsing
1570938978.758,422,719,None,Move,browsing
1570938978.77,421,719,None,Move,browsing
1570938978.783,420,718,None,Move,browsing
1570938978.795,420,718,None,Move,browsing
1570938978.8070002,420,717,None,Move,browsing
1570938978.8179998,421,717,None,Move,browsing
1570938978.83,421,716,None,Move,browsing
1570938978.842,422,715,None,Move,browsing
1570938978.854,423,714,None,Move,browsing
1570938978.8660002,425,713,None,Move,browsing
1570938978.877,427,712,None,Move,browsing
1570938978.889,431,711,None,Move,browsing
1570938978.901,435,709,None,Move,browsing
1570938978.913,439,709,None,Move,browsing
1570938978.925,442,708,None,Move,browsing
1570938978.938,445,707,None,Move,browsing
1570938978.951,449,706,None,Move,browsing
1570938978.9629998,453,706,None,Move,browsing
1570938978.975,457,706,None,Move,browsing
1570938978.986,462,706,None,Move,browsing
1570938978.998,467,706,None,Move,browsing
1570938979.01,471,706,None,Move,browsing
1570938979.0229998,475,706,None,Move,browsing
1570938979.034,479,706,None,Move,browsing
1570938979.045,483,706,None,Move,browsing
1570938979.0579998,487,706,None,Move,browsing
1570938979.069,490,706,None,Move,browsing
1570938979.081,494,706,None,Move,browsing
1570938979.094,500,706,None,Move,browsing
1570938979.105,507,706,None,Move,browsing
1570938979.117,513,706,None,Move,browsing
1570938979.13,519,706,None,Move,browsing
1570938979.1420002,526,707,None,Move,browsing
1570938979.153,530,708,None,Move,browsing
1570938979.164,535,709,None,Move,browsing
1570938979.175,539,709,None,Move,browsing
1570938979.186,543,709,None,Move,browsing
1570938979.197,546,709,None,Move,browsing
1570938979.209,549,709,None,Move,browsing
1570938979.219,552,709,None,Move,browsing
1570938979.23,556,710,None,Move,browsing
1570938979.2410002,561,710,None,Move,browsing
1570938979.2510002,565,711,None,Move,browsing
1570938979.262,569,711,None,Move,browsing
1570938979.272,573,711,None,Move,browsing
1570938979.283,577,712,None,Move,browsing
1570938979.294,579,712,None,Move,browsing
1570938979.305,582,712,None,Move,browsing
1570938979.316,583,712,None,Move,browsing
1570938979.327,585,712,None,Move,browsing
1570938979.3379998,585,712,None,Move,browsing
1570938979.349,586,712,None,Move,browsing
1570938979.361,587,712,None,Move,browsing
1570938979.3720002,589,712,None,Move,browsing
1570938979.383,590,712,None,Move,browsing
1570938979.394,591,712,None,Move,browsing
1570938979.406,593,712,None,Move,browsing
1570938979.417,594,712,None,Move,browsing
1570938979.428,595,712,None,Move,browsing
1570938979.439,597,712,None,Move,browsing
1570938979.451,598,713,None,Move,browsing
1570938979.462,600,713,None,Move,browsing
1570938979.4729998,602,714,None,Move,browsing
1570938979.484,604,714,None,Move,browsing
1570938979.494,605,714,None,Move,browsing
1570938979.506,606,715,None,Move,browsing
1570938979.5170002,609,715,None,Move,browsing
1570938979.529,611,716,None,Move,browsing
1570938979.54,612,716,None,Move,browsing
1570938979.551,614,716,None,Move,browsing
1570938979.562,616,717,None,Move,browsing
1570938979.574,618,717,None,Move,browsing
1570938979.586,621,717,None,Move,browsing
1570938979.599,624,718,None,Move,browsing
1570938979.609,628,719,None,Move,browsing
1570938979.621,633,719,None,Move,browsing
1570938979.6320002,637,721,None,Move,browsing
1570938979.643,642,722,None,Move,browsing
1570938979.654,647,724,None,Move,browsing
1570938979.665,652,726,None,Move,browsing
1570938979.677,657,728,None,Move,browsing
1570938979.688,662,730,None,Move,browsing
1570938979.7,666,732,None,Move,browsing
1570938979.711,670,735,None,Move,browsing
1570938979.7229998,673,736,None,Move,browsing
1570938979.735,677,738,None,Move,browsing
1570938979.746,681,740,None,Move,browsing
1570938979.758,684,740,None,Move,browsing
1570938979.769,687,741,None,Move,browsing
1570938979.78,688,742,None,Move,browsing
1570938979.791,689,742,None,Move,browsing
1570938979.803,690,742,None,Move,browsing
1570938979.814,690,742,None,Move,browsing
1570938979.825,691,743,None,Move,browsing
1570938979.837,692,743,None,Move,browsing
1570938979.8479998,693,743,None,Move,browsing
1570938979.859,693,743,None,Move,browsing
1570938979.869,693,744,None,Move,browsing
1570938979.8820002,693,744,None,Move,browsing
1570938979.893,693,744,None,Move,browsing
1570938979.905,693,745,None,Move,browsing
1570938979.917,692,745,None,Move,browsing
1570938979.928,690,747,None,Move,browsing
1570938979.938,687,748,None,Move,browsing
1570938979.95,682,749,None,Move,browsing
1570938979.961,676,750,None,Move,browsing
1570938979.972,669,751,None,Move,browsing
1570938979.9829998,661,751,None,Move,browsing
1570938979.994,651,752,None,Move,browsing
1570938980.005,641,752,None,Move,browsing
1570938980.015,632,752,None,Move,browsing
1570938980.026,623,752,None,Move,browsing
1570938980.0370002,613,752,None,Move,browsing
1570938980.0470002,602,752,None,Move,browsing
1570938980.0570002,589,752,None,Move,browsing
1570938980.0670002,575,752,None,Move,browsing
1570938980.077,563,752,None,Move,browsing
1570938980.087,552,751,None,Move,browsing
1570938980.097,539,750,None,Move,browsing
1570938980.107,524,750,None,Move,browsing
1570938980.117,512,750,None,Move,browsing
1570938980.127,502,750,None,Move,browsing
1570938980.1379998,492,750,None,Move,browsing
1570938980.149,482,750,None,Move,browsing
1570938980.159,472,750,None,Move,browsing
1570938980.17,462,750,None,Move,browsing
1570938980.18,453,750,None,Move,browsing
1570938980.19,447,751,None,Move,browsing
1570938980.201,440,752,None,Move,browsing
1570938980.211,434,753,None,Move,browsing
1570938980.222,427,753,None,Move,browsing
1570938980.2329998,419,754,None,Move,browsing
1570938980.244,412,755,None,Move,browsing
1570938980.254,403,756,None,Move,browsing
1570938980.265,396,757,None,Move,browsing
1570938980.275,388,758,None,Move,browsing
1570938980.285,383,758,None,Move,browsing
1570938980.296,378,758,None,Move,browsing
1570938980.306,374,759,None,Move,browsing
1570938980.3170002,369,759,None,Move,browsing
1570938980.327,364,759,None,Move,browsing
1570938980.3379998,357,760,None,Move,browsing
1570938980.3479998,352,760,None,Move,browsing
1570938980.359,344,760,None,Move,browsing
1570938980.37,337,760,None,Move,browsing
1570938980.38,330,760,None,Move,browsing
1570938980.39,324,760,None,Move,browsing
1570938980.401,318,760,None,Move,browsing
1570938980.4120002,313,760,None,Move,browsing
1570938980.4220002,307,760,None,Move,browsing
1570938980.4329998,303,760,None,Move,browsing
1570938980.444,299,759,None,Move,browsing
1570938980.454,295,759,None,Move,browsing
1570938980.464,291,759,None,Move,browsing
1570938980.475,286,759,None,Move,browsing
1570938980.485,283,759,None,Move,browsing
1570938980.495,278,758,None,Move,browsing
1570938980.506,273,758,None,Move,browsing
1570938980.5170002,269,758,None,Move,browsing
1570938980.5270002,267,757,None,Move,browsing
1570938980.5370002,264,757,None,Move,browsing
1570938980.548,262,756,None,Move,browsing
1570938980.5579998,258,756,None,Move,browsing
1570938980.5679998,256,755,None,Move,browsing
1570938980.579,253,755,None,Move,browsing
1570938980.589,250,754,None,Move,browsing
1570938980.599,247,754,None,Move,browsing
1570938980.61,245,753,None,Move,browsing
1570938980.62,242,753,None,Move,browsing
1570938980.63,241,753,None,Move,browsing
1570938980.641,238,753,None,Move,browsing
1570938980.651,237,752,None,Move,browsing
1570938980.661,235,752,None,Move,browsing
1570938980.6720002,233,751,None,Move,browsing
1570938980.6820002,232,751,None,Move,browsing
1570938980.6920002,231,750,None,Move,browsing
1570938980.7029998,230,750,None,Move,browsing
1570938980.714,229,750,None,Move,browsing
1570938980.725,228,749,None,Move,browsing
1570938980.736,227,749,None,Move,browsing
1570938980.746,226,749,None,Move,browsing
1570938980.756,226,749,None,Move,browsing
1570938980.766,225,749,None,Move,browsing
1570938980.7770002,224,749,None,Move,browsing
1570938980.7870002,223,749,None,Move,browsing
1570938980.798,222,749,None,Move,browsing
1570938980.8079998,222,749,None,Move,browsing
1570938980.819,222,749,None,Move,browsing
1570938980.829,221,749,None,Move,browsing
1570938980.84,221,749,None,Move,browsing
1570938980.85,220,749,None,Move,browsing
1570938980.861,220,749,None,Move,browsing
1570938980.871,220,749,None,Move,browsing
1570938980.8820002,220,749,None,Move,browsing
1570938980.893,220,749,None,Move,browsing
1570938980.903,221,749,None,Move,browsing
1570938980.914,221,749,None,Move,browsing
1570938980.924,221,749,None,Move,browsing
1570938980.934,222,749,None,Move,browsing
1570938980.945,222,749,None,Move,browsing
1570938980.956,222,749,None,Move,browsing
1570938980.966,223,749,None,Move,browsing
1570938980.976,223,749,None,Move,browsing
1570938980.9870002,225,749,None,Move,browsing
1570938980.9970002,227,749,None,Move,browsing
1570938981.008,231,749,None,Move,browsing
1570938981.018,237,748,None,Move,browsing
1570938981.028,244,747,None,Move,browsing
1570938981.038,252,745,None,Move,browsing
1570938981.048,261,743,None,Move,browsing
1570938981.059,268,741,None,Move,browsing
1570938981.069,274,740,None,Move,browsing
1570938981.079,278,739,None,Move,browsing
1570938981.09,281,738,None,Move,browsing
1570938981.1,283,738,None,Move,browsing
1570938981.11,284,738,None,Move,browsing
1570938981.121,285,738,None,Move,browsing
1570938981.1320002,285,738,None,Move,browsing
1570938981.1420002,286,738,None,Move,browsing
1570938981.153,286,738,None,Move,browsing
1570938981.164,286,738,None,Move,browsing
1570938981.173,287,738,None,Move,browsing
1570938981.184,287,738,None,Move,browsing
1570938981.194,288,738,None,Move,browsing
1570938981.204,288,738,None,Move,browsing
1570938981.214,289,738,None,Move,browsing
1570938981.225,289,738,None,Move,browsing
1570938981.235,290,738,None,Move,browsing
1570938981.245,290,738,None,Move,browsing
1570938981.255,290,738,None,Move,browsing
1570938981.265,291,738,None,Move,browsing
1570938981.275,291,738,None,Move,browsing
1570938981.285,291,738,None,Move,browsing
1570938981.295,291,738,None,Move,browsing
1570938981.305,293,737,None,Move,browsing
1570938981.315,295,737,None,Move,browsing
1570938981.326,298,736,None,Move,browsing
1570938981.336,301,736,None,Move,browsing
1570938981.345,305,735,None,Move,browsing
1570938981.355,309,734,None,Move,browsing
1570938981.365,313,733,None,Move,browsing
1570938981.375,318,733,None,Move,browsing
1570938981.385,323,732,None,Move,browsing
1570938981.395,327,731,None,Move,browsing
1570938981.405,333,730,None,Move,browsing
1570938981.415,338,730,None,Move,browsing
1570938981.425,343,729,None,Move,browsing
1570938981.434,348,729,None,Move,browsing
1570938981.4429998,354,728,None,Move,browsing
1570938981.452,361,728,None,Move,browsing
1570938981.461,368,728,None,Move,browsing
1570938981.471,373,727,None,Move,browsing
1570938981.48,379,727,None,Move,browsing
1570938981.49,385,726,None,Move,browsing
1570938981.4989998,390,726,None,Move,browsing
1570938981.508,396,725,None,Move,browsing
1570938981.518,401,725,None,Move,browsing
1570938981.5270002,407,725,None,Move,browsing
1570938981.5370002,413,725,None,Move,browsing
1570938981.5470002,418,725,None,Move,browsing
1570938981.5570002,423,725,None,Move,browsing
1570938981.5670002,427,725,None,Move,browsing
1570938981.5779998,431,725,None,Move,browsing
1570938981.589,436,726,None,Move,browsing
1570938981.601,438,726,None,Move,browsing
1570938981.61,441,726,None,Move,browsing
1570938981.621,443,726,None,Move,browsing
1570938981.633,445,726,None,Move,browsing
1570938981.643,447,726,None,Move,browsing
1570938981.654,450,726,None,Move,browsing
1570938981.664,452,726,None,Move,browsing
1570938981.675,454,726,None,Move,browsing
1570938981.686,455,726,None,Move,browsing
1570938981.696,457,726,None,Move,browsing
1570938981.707,459,726,None,Move,browsing
1570938981.717,461,726,None,Move,browsing
1570938981.728,463,726,None,Move,browsing
1570938981.738,466,726,None,Move,browsing
1570938981.7489998,467,726,None,Move,browsing
1570938981.76,469,726,None,Move,browsing
1570938981.77,472,726,None,Move,browsing
1570938981.78,473,726,None,Move,browsing
1570938981.79,475,726,None,Move,browsing
1570938981.799,477,726,None,Move,browsing
1570938981.809,478,726,None,Move,browsing
1570938981.819,479,726,None,Move,browsing
1570938981.829,481,726,None,Move,browsing
1570938981.839,482,727,None,Move,browsing
1570938981.849,485,727,None,Move,browsing
1570938981.8579998,487,728,None,Move,browsing
1570938981.869,490,728,None,Move,browsing
1570938981.879,494,729,None,Move,browsing
1570938981.887,498,730,None,Move,browsing
1570938981.895,502,731,None,Move,browsing
1570938981.903,505,732,None,Move,browsing
1570938981.911,509,732,None,Move,browsing
1570938981.919,513,733,None,Move,browsing
1570938981.927,517,733,None,Move,browsing
1570938981.935,520,734,None,Move,browsing
1570938981.9429998,524,735,None,Move,browsing
1570938981.951,527,736,None,Move,browsing
1570938981.959,531,738,None,Move,browsing
1570938981.968,533,738,None,Move,browsing
1570938981.976,536,739,None,Move,browsing
1570938981.984,538,740,None,Move,browsing
1570938981.992,540,741,None,Move,browsing
1570938982.0010002,541,742,None,Move,browsing
1570938982.008,543,742,None,Move,browsing
1570938982.0170002,544,743,None,Move,browsing
1570938982.025,545,743,None,Move,browsing
1570938982.033,546,743,None,Move,browsing
1570938982.04,547,744,None,Move,browsing
1570938982.049,548,744,None,Move,browsing
1570938982.0570002,549,745,None,Move,browsing
1570938982.066,551,745,None,Move,browsing
1570938982.075,553,746,None,Move,browsing
1570938982.083,555,747,None,Move,browsing
1570938982.092,558,748,None,Move,browsing
1570938982.101,560,749,None,Move,browsing
1570938982.109,563,749,None,Move,browsing
1570938982.1179998,565,750,None,Move,browsing
1570938982.127,568,750,None,Move,browsing
1570938982.137,571,750,None,Move,browsing
1570938982.145,574,750,None,Move,browsing
1570938982.154,575,750,None,Move,browsing
1570938982.1620002,576,750,None,Move,browsing
1570938982.7410002,563,747,None,Move,browsing
1570938982.752,549,742,None,Move,browsing
1570938982.7589998,536,734,None,Move,browsing
1570938982.769,525,727,None,Move,browsing
1570938982.782,516,719,None,Move,browsing
1570938982.796,505,712,None,Move,browsing
1570938982.8079998,493,705,None,Move,browsing
1570938982.821,482,698,None,Move,browsing
1570938982.835,474,691,None,Move,browsing
1570938982.8479998,467,685,None,Move,browsing
1570938982.861,461,678,None,Move,browsing
1570938982.875,456,671,None,Move,browsing
1570938982.887,450,665,None,Move,browsing
1570938982.9,445,659,None,Move,browsing
1570938982.914,440,654,None,Move,browsing
1570938982.927,437,652,None,Move,browsing
1570938982.939,435,650,None,Move,browsing
1570938982.951,434,649,None,Move,browsing
1570938982.964,433,648,None,Move,browsing
1570938983.082,424,650,None,Move,browsing
1570938983.101,410,651,None,Move,browsing
1570938983.113,392,654,None,Move,browsing
1570938983.125,378,657,None,Move,browsing
1570938983.139,365,661,None,Move,browsing
1570938983.15,351,666,None,Move,browsing
1570938983.1620002,338,670,None,Move,browsing
1570938983.175,326,674,None,Move,browsing
1570938983.187,316,677,None,Move,browsing
1570938983.199,309,680,None,Move,browsing
1570938983.211,302,683,None,Move,browsing
1570938983.2229998,297,686,None,Move,browsing
1570938983.235,292,689,None,Move,browsing
1570938983.246,287,692,None,Move,browsing
1570938983.258,283,695,None,Move,browsing
1570938983.27,279,697,None,Move,browsing
1570938983.283,276,700,None,Move,browsing
1570938983.294,272,702,None,Move,browsing
1570938983.305,270,704,None,Move,browsing
1570938983.3170002,267,707,None,Move,browsing
1570938983.3279998,266,709,None,Move,browsing
1570938983.4729998,271,709,None,Move,browsing
1570938983.49,277,709,None,Move,browsing
1570938983.508,286,709,None,Move,browsing
1570938983.531,302,709,None,Move,browsing
1570938983.549,319,711,None,Move,browsing
1570938983.566,334,713,None,Move,browsing
1570938983.575,345,715,None,Move,browsing
1570938983.585,357,717,None,Move,browsing
1570938983.595,370,721,None,Move,browsing
1570938983.605,380,723,None,Move,browsing
1570938983.6139998,389,725,None,Move,browsing
1570938983.6239998,395,727,None,Move,browsing
1570938983.633,401,729,None,Move,browsing
1570938983.6420002,406,732,None,Move,browsing
1570938983.6520002,410,733,None,Move,browsing
1570938983.6620002,414,735,None,Move,browsing
1570938983.671,418,736,None,Move,browsing
1570938983.68,421,737,None,Move,browsing
1570938983.689,423,738,None,Move,browsing
1570938983.698,425,738,None,Move,browsing
1570938983.707,425,738,None,Move,browsing
1570938983.717,426,739,None,Move,browsing
1570938983.726,427,739,None,Move,browsing
1570938983.735,427,739,None,Move,browsing
1570938983.974,432,736,None,Move,browsing
1570938983.9929998,438,733,None,Move,browsing
1570938984.0110002,444,729,None,Move,browsing
1570938984.029,453,725,None,Move,browsing
1570938984.044,466,719,None,Move,browsing
1570938984.06,480,714,None,Move,browsing
1570938984.076,491,710,None,Move,browsing
1570938984.092,500,706,None,Move,browsing
1570938984.1079998,508,704,None,Move,browsing
1570938984.123,514,702,None,Move,browsing
1570938984.139,520,701,None,Move,browsing
1570938984.158,527,700,None,Move,browsing
1570938984.1720002,534,699,None,Move,browsing
1570938984.187,539,699,None,Move,browsing
1570938984.202,544,699,None,Move,browsing
1570938984.216,547,699,None,Move,browsing
1570938984.231,550,699,None,Move,browsing
1570938984.246,551,699,None,Move,browsing
1570938984.2589998,553,699,None,Move,browsing
1570938984.271,554,699,None,Move,browsing
1570938984.284,555,699,None,Move,browsing
1570938984.298,555,699,None,Move,browsing
1570938984.311,556,699,None,Move,browsing
1570938984.325,556,699,None,Move,browsing
1570938984.337,556,699,None,Move,browsing
1570938984.3479998,557,699,None,Move,browsing
1570938984.36,557,699,None,Move,browsing
1570938984.4329998,567,699,None,Move,browsing
1570938984.448,579,699,None,Move,browsing
1570938984.464,590,701,None,Move,browsing
1570938984.48,598,703,None,Move,browsing
1570938984.496,603,704,None,Move,browsing
1570938984.512,607,705,None,Move,browsing
1570938984.5270002,610,706,None,Move,browsing
1570938984.542,612,707,None,Move,browsing
1570938984.556,614,707,None,Move,browsing
1570938984.57,615,708,None,Move,browsing
1570938984.582,615,708,None,Move,browsing
1570938984.594,616,708,None,Move,browsing
1570938984.607,616,708,None,Move,browsing
1570938984.619,617,708,None,Move,browsing
1570938984.633,617,708,None,Move,browsing
1570938984.646,617,708,None,Move,browsing
1570938984.659,618,708,None,Move,browsing
1570938984.671,618,708,None,Move,browsing
1570938984.684,619,710,None,Move,browsing
1570938984.697,619,710,None,Move,browsing
1570938984.711,620,711,None,Move,browsing
1570938984.724,620,711,None,Move,browsing
1570938984.7370002,621,712,None,Move,browsing
1570938984.75,621,712,None,Move,browsing
1570938984.764,622,712,None,Move,browsing
1570938984.778,626,714,None,Move,browsing
1570938984.791,632,715,None,Move,browsing
1570938984.803,638,716,None,Move,browsing
1570938984.8170002,644,717,None,Move,browsing
1570938984.83,650,718,None,Move,browsing
1570938984.843,656,719,None,Move,browsing
1570938984.857,661,720,None,Move,browsing
1570938984.871,665,721,None,Move,browsing
1570938984.885,670,722,None,Move,browsing
1570938984.8979998,674,723,None,Move,browsing
1570938984.911,678,725,None,Move,browsing
1570938984.924,683,726,None,Move,browsing
1570938984.938,687,727,None,Move,browsing
1570938984.951,692,728,None,Move,browsing
1570938984.9629998,699,730,None,Move,browsing
1570938984.9770002,705,731,None,Move,browsing
1570938984.99,710,732,None,Move,browsing
1570938985.0029998,714,733,None,Move,browsing
1570938985.016,717,733,None,Move,browsing
1570938985.029,718,734,None,Move,browsing
1570938985.042,720,734,None,Move,browsing
1570938985.056,720,734,None,Move,browsing
1570938985.069,721,734,None,Move,browsing
1570938985.082,721,734,None,Move,browsing
1570938985.094,722,734,None,Move,browsing
1570938985.107,722,734,None,Move,browsing
1570938985.119,723,734,None,Move,browsing
1570938985.1339998,723,734,None,Move,browsing
1570938985.147,723,734,None,Move,browsing
1570938985.16,724,734,None,Move,browsing
1570938985.1720002,724,734,None,Move,browsing
1570938985.186,725,734,None,Move,browsing
1570938985.198,725,734,None,Move,browsing
1570938985.465,725,734,None,Move,browsing
1570938985.577,725,734,None,Move,browsing
1570938985.596,725,735,None,Move,browsing
1570938985.613,725,735,None,Move,browsing
1570938985.631,725,735,None,Move,browsing
1570938985.647,725,736,None,Move,browsing
1570938985.663,721,738,None,Move,browsing
1570938985.679,714,741,None,Move,browsing
1570938985.696,702,745,None,Move,browsing
1570938985.711,689,748,None,Move,browsing
1570938985.728,676,751,None,Move,browsing
1570938985.744,656,754,None,Move,browsing
1570938985.76,637,757,None,Move,browsing
1570938985.776,617,761,None,Move,browsing
1570938985.792,597,763,None,Move,browsing
1570938985.8070002,575,765,None,Move,browsing
1570938985.824,553,767,None,Move,browsing
1570938985.84,532,768,None,Move,browsing
1570938985.856,515,769,None,Move,browsing
1570938985.871,500,770,None,Move,browsing
1570938985.8860002,489,771,None,Move,browsing
1570938985.9,476,772,None,Move,browsing
1570938985.913,464,773,None,Move,browsing
1570938985.927,453,773,None,Move,browsing
1570938985.9420002,444,773,None,Move,browsing
1570938985.955,436,773,None,Move,browsing
1570938985.969,429,772,None,Move,browsing
1570938985.982,423,771,None,Move,browsing
1570938985.996,418,770,None,Move,browsing
1570938986.01,413,769,None,Move,browsing
1570938986.024,409,767,None,Move,browsing
1570938986.038,406,766,None,Move,browsing
1570938986.052,404,765,None,Move,browsing
1570938986.066,403,764,None,Move,browsing
1570938986.081,402,761,None,Move,browsing
1570938986.096,394,764,None,Move,browsing
1570938986.11,383,765,None,Move,browsing
1570938986.1239998,368,765,None,Move,browsing
1570938986.14,351,764,None,Move,browsing
1570938986.154,339,762,None,Move,browsing
1570938986.17,331,760,None,Move,browsing
1570938986.184,322,757,None,Move,browsing
1570938986.199,312,755,None,Move,browsing
1570938986.2129998,301,751,None,Move,browsing
1570938986.228,292,748,None,Move,browsing
1570938986.2410002,285,746,None,Move,browsing
1570938986.255,279,744,None,Move,browsing
1570938986.27,275,742,None,Move,browsing
1570938986.284,270,740,None,Move,browsing
1570938986.2970002,266,738,None,Move,browsing
1570938986.311,262,735,None,Move,browsing
1570938986.325,259,733,None,Move,browsing
1570938986.337,256,730,None,Move,browsing
1570938986.35,254,729,None,Move,browsing
1570938986.3620002,251,726,None,Move,browsing
1570938986.3739998,249,724,None,Move,browsing
1570938986.482,245,724,None,Move,browsing
1570938986.5010002,240,723,None,Move,browsing
1570938986.518,236,723,None,Move,browsing
1570938986.534,230,723,None,Move,browsing
1570938986.551,224,722,None,Move,browsing
1570938986.5670002,220,721,None,Move,browsing
1570938986.582,214,720,None,Move,browsing
1570938986.596,209,720,None,Move,browsing
1570938986.611,203,720,None,Move,browsing
1570938986.625,196,720,None,Move,browsing
1570938986.64,189,720,None,Move,browsing
1570938986.654,184,720,None,Move,browsing
1570938986.67,181,720,None,Move,browsing
1570938986.684,178,720,None,Move,browsing
1570938986.699,176,720,None,Move,browsing
1570938986.714,174,720,None,Move,browsing
1570938986.729,172,720,None,Move,browsing
1570938986.7429998,172,720,None,Move,browsing
1570938986.758,171,720,None,Move,browsing
1570938986.772,171,720,None,Move,browsing
1570938986.7870002,170,720,None,Move,browsing
1570938986.801,170,720,None,Move,browsing
1570938986.815,169,720,None,Move,browsing
1570938986.83,169,720,None,Move,browsing
1570938986.843,168,720,None,Move,browsing
1570938986.8579998,168,720,None,Move,browsing
1570938986.871,167,720,None,Move,browsing
1570938986.8839998,167,720,None,Move,browsing
1570938986.8979998,166,720,None,Move,browsing
1570938986.91,165,720,None,Move,browsing
1570938986.9220002,164,720,None,Move,browsing
1570938986.935,163,720,None,Move,browsing
1570938986.947,162,720,None,Move,browsing
1570938986.958,161,720,None,Move,browsing
1570938986.97,160,721,None,Move,browsing
1570938986.981,159,721,None,Move,browsing
1570938986.992,158,722,None,Move,browsing
1570938987.006,156,723,None,Move,browsing
1570938987.019,155,724,None,Move,browsing
1570938987.03,152,725,None,Move,browsing
1570938987.042,150,727,None,Move,browsing
1570938987.054,146,729,None,Move,browsing
1570938987.065,143,730,None,Move,browsing
1570938987.076,140,731,None,Move,browsing
1570938987.0879998,137,733,None,Move,browsing
1570938987.1,134,734,None,Move,browsing
1570938987.111,130,735,None,Move,browsing
1570938988.56,130,723,None,Move,browsing
1570938988.579,131,709,None,Move,browsing
1570938988.597,133,695,None,Move,browsing
1570938988.6160002,134,682,None,Move,browsing
1570938988.635,136,668,None,Move,browsing
1570938988.6520002,138,655,None,Move,browsing
1570938988.671,140,646,None,Move,browsing
1570938988.688,141,638,None,Move,browsing
1570938988.704,144,632,None,Move,browsing
1570938988.72,145,628,None,Move,browsing
1570938988.736,147,624,None,Move,browsing
1570938988.752,148,622,None,Move,browsing
1570938988.768,149,620,None,Move,browsing
1570938988.784,150,619,None,Move,browsing
1570938988.8,150,618,None,Move,browsing
1570938988.816,151,617,None,Move,browsing
1570938988.832,151,616,None,Move,browsing
1570938988.8479998,153,614,None,Move,browsing
1570938988.863,154,613,None,Move,browsing
1570938988.88,156,612,None,Move,browsing
1570938988.896,159,611,None,Move,browsing
1570938988.9120002,162,610,None,Move,browsing
1570938988.928,165,609,None,Move,browsing
1570938988.944,167,608,None,Move,browsing
1570938988.959,170,607,None,Move,browsing
1570938988.974,173,606,None,Move,browsing
1570938988.988,176,605,None,Move,browsing
1570938989.0010002,178,604,None,Move,browsing
1570938989.015,181,604,None,Move,browsing
1570938989.029,184,604,None,Move,browsing
1570938989.042,187,604,None,Move,browsing
1570938989.0570002,190,604,None,Move,browsing
1570938989.07,194,604,None,Move,browsing
1570938989.083,199,604,None,Move,browsing
1570938989.096,205,603,None,Move,browsing
1570938989.109,213,602,None,Move,browsing
1570938989.123,221,602,None,Move,browsing
1570938989.137,229,601,None,Move,browsing
1570938989.15,236,600,None,Move,browsing
1570938989.1620002,242,600,None,Move,browsing
1570938989.175,248,600,None,Move,browsing
1570938989.187,254,600,None,Move,browsing
1570938989.2,261,601,None,Move,browsing
1570938989.212,268,602,None,Move,browsing
1570938989.226,275,602,None,Move,browsing
1570938989.2389998,282,602,None,Move,browsing
1570938989.2510002,288,603,None,Move,browsing
1570938989.265,292,604,None,Move,browsing
1570938989.278,296,605,None,Move,browsing
1570938989.291,299,606,None,Move,browsing
1570938989.306,301,606,None,Move,browsing
1570938989.319,302,607,None,Move,browsing
1570938989.333,303,607,None,Move,browsing
1570938989.347,303,607,None,Move,browsing
1570938989.36,304,607,None,Move,browsing
1570938989.3739998,310,608,None,Move,browsing
1570938989.3860002,317,610,None,Move,browsing
1570938989.399,323,612,None,Move,browsing
1570938989.4120002,329,614,None,Move,browsing
1570938989.424,333,615,None,Move,browsing
1570938989.437,337,616,None,Move,browsing
1570938989.45,340,618,None,Move,browsing
1570938989.4629998,343,619,None,Move,browsing
1570938989.476,346,621,None,Move,browsing
1570938989.4889998,349,622,None,Move,browsing
1570938989.502,352,623,None,Move,browsing
1570938989.515,354,624,None,Move,browsing
1570938989.529,357,625,None,Move,browsing
1570938989.542,359,626,None,Move,browsing
1570938989.556,362,627,None,Move,browsing
1570938989.569,363,627,None,Move,browsing
1570938989.582,364,628,None,Move,browsing
1570938989.595,365,628,None,Move,browsing
1570938989.609,366,629,None,Move,browsing
1570938989.6220002,367,629,None,Move,browsing
1570938989.635,368,629,None,Move,browsing
1570938989.6479998,368,629,None,Move,browsing
1570938989.66,369,629,None,Move,browsing
1570938989.674,370,629,None,Move,browsing
1570938989.687,371,630,None,Move,browsing
1570938989.702,372,630,None,Move,browsing
1570938989.715,374,631,None,Move,browsing
1570938989.728,375,631,None,Move,browsing
1570938989.742,376,631,None,Move,browsing
1570938989.754,378,632,None,Move,browsing
1570938989.7670002,379,632,None,Move,browsing
1570938989.78,381,632,None,Move,browsing
1570938989.792,382,632,None,Move,browsing
1570938989.806,384,632,None,Move,browsing
1570938989.8179998,385,632,None,Move,browsing
1570938989.83,386,632,None,Move,browsing
1570938989.842,387,632,None,Move,browsing
1570938989.855,388,632,None,Move,browsing
1570938989.8660002,389,632,None,Move,browsing
1570938989.877,389,632,None,Move,browsing
1570938989.889,390,632,None,Move,browsing
1570938989.9,391,632,None,Move,browsing
1570938989.91,393,632,None,Move,browsing
1570938989.9220002,394,632,None,Move,browsing
1570938989.9329998,397,633,None,Move,browsing
1570938989.945,400,634,None,Move,browsing
1570938989.957,405,634,None,Move,browsing
1570938989.969,411,634,None,Move,browsing
1570938989.981,420,634,None,Move,browsing
1570938989.992,431,634,None,Move,browsing
1570938990.002,445,634,None,Move,browsing
1570938990.0129998,457,634,None,Move,browsing
1570938990.024,467,634,None,Move,browsing
1570938990.035,476,634,None,Move,browsing
1570938990.046,485,634,None,Move,browsing
1570938990.0570002,497,634,None,Move,browsing
1570938990.0670002,508,635,None,Move,browsing
1570938990.077,517,636,None,Move,browsing
1570938990.087,524,637,None,Move,browsing
1570938990.0979998,530,637,None,Move,browsing
1570938990.109,534,637,None,Move,browsing
1570938990.12,538,638,None,Move,browsing
1570938990.131,543,638,None,Move,browsing
1570938990.1420002,548,638,None,Move,browsing
1570938990.1520002,552,638,None,Move,browsing
1570938990.163,555,638,None,Move,browsing
1570938990.173,558,638,None,Move,browsing
1570938990.184,560,638,None,Move,browsing
1570938990.194,562,638,None,Move,browsing
1570938990.204,563,638,None,Move,browsing
1570938990.215,563,638,None,Move,browsing
1570938990.225,564,638,None,Move,browsing
1570938990.236,570,636,None,Move,browsing
1570938990.246,576,633,None,Move,browsing
1570938990.2570002,580,630,None,Move,browsing
1570938990.2670002,585,629,None,Move,browsing
1570938990.278,587,628,None,Move,browsing
1570938990.288,590,627,None,Move,browsing
1570938990.299,592,626,None,Move,browsing
1570938990.31,594,626,None,Move,browsing
1570938990.321,596,626,None,Move,browsing
1570938990.331,599,625,None,Move,browsing
1570938990.341,602,625,None,Move,browsing
1570938990.353,606,625,None,Move,browsing
1570938990.363,610,625,None,Move,browsing
1570938990.3739998,616,625,None,Move,browsing
1570938990.385,621,625,None,Move,browsing
1570938990.395,626,625,None,Move,browsing
1570938990.406,631,626,None,Move,browsing
1570938990.417,634,626,None,Move,browsing
1570938990.428,638,627,None,Move,browsing
1570938990.438,641,627,None,Move,browsing
1570938990.449,643,628,None,Move,browsing
1570938990.46,645,628,None,Move,browsing
1570938990.47,646,629,None,Move,browsing
1570938990.481,647,629,None,Move,browsing
1570938990.4910002,648,630,None,Move,browsing
1570938990.502,649,630,None,Move,browsing
1570938990.5129998,650,631,None,Move,browsing
1570938990.5229998,651,631,None,Move,browsing
1570938990.533,652,632,None,Move,browsing
1570938990.544,652,632,None,Move,browsing
1570938990.554,653,633,None,Move,browsing
1570938990.565,654,633,None,Move,browsing
1570938990.577,656,634,None,Move,browsing
1570938990.587,657,634,None,Move,browsing
1570938990.597,659,635,None,Move,browsing
1570938990.607,663,637,None,Move,browsing
1570938990.617,666,639,None,Move,browsing
1570938990.627,668,640,None,Move,browsing
1570938990.6379998,672,641,None,Move,browsing
1570938990.647,675,643,None,Move,browsing
1570938990.658,678,644,None,Move,browsing
1570938990.669,680,644,None,Move,browsing
1570938990.679,683,645,None,Move,browsing
1570938990.689,686,646,None,Move,browsing
1570938990.699,688,647,None,Move,browsing
1570938990.71,691,648,None,Move,browsing
1570938990.719,694,649,None,Move,browsing
1570938990.729,697,650,None,Move,browsing
1570938990.7389998,699,651,None,Move,browsing
1570938990.7489998,702,652,None,Move,browsing
1570938990.7589998,705,653,None,Move,browsing
1570938990.769,708,654,None,Move,browsing
1570938990.779,710,654,None,Move,browsing
1570938990.789,713,655,None,Move,browsing
1570938990.799,715,655,None,Move,browsing
1570938990.809,717,656,None,Move,browsing
1570938990.819,719,656,None,Move,browsing
1570938990.829,720,656,None,Move,browsing
1570938990.839,721,656,None,Move,browsing
1570938990.849,723,656,None,Move,browsing
1570938990.859,724,656,None,Move,browsing
1570938990.869,725,656,None,Move,browsing
1570938990.879,726,656,None,Move,browsing
1570938990.89,727,656,None,Move,browsing
1570938990.9,728,656,None,Move,browsing
1570938990.911,728,656,None,Move,browsing
1570938990.9220002,728,652,None,Move,browsing
1570938990.9329998,728,647,None,Move,browsing
1570938990.944,727,643,None,Move,browsing
1570938990.954,727,639,None,Move,browsing
1570938990.964,726,637,None,Move,browsing
1570938990.974,726,634,None,Move,browsing
1570938990.985,725,633,None,Move,browsing
1570938990.995,725,632,None,Move,browsing
1570938991.006,725,631,None,Move,browsing
1570938991.016,725,631,None,Move,browsing
1570938991.026,725,630,None,Move,browsing
1570938991.0370002,725,630,None,Move,browsing
1570938991.0470002,725,629,None,Move,browsing
1570938991.0570002,725,629,None,Move,browsing
1570938991.0670002,725,628,None,Move,browsing
1570938991.077,725,628,None,Move,browsing
1570938991.087,725,627,None,Move,browsing
1570938991.097,725,627,None,Move,browsing
1570938991.109,725,626,None,Move,browsing
1570938991.13,725,625,None,Move,browsing
1570938991.144,725,625,None,Move,browsing
1570938991.156,727,624,None,Move,browsing
1570938991.168,730,623,None,Move,browsing
1570938991.18,734,622,None,Move,browsing
1570938991.1929998,739,621,None,Move,browsing
1570938991.205,745,621,None,Move,browsing
1570938991.217,750,621,None,Move,browsing
1570938991.229,755,621,None,Move,browsing
1570938991.24,759,621,None,Move,browsing
1570938991.25,765,621,None,Move,browsing
1570938991.2610002,772,622,None,Move,browsing
1570938991.2729998,781,623,None,Move,browsing
1570938991.284,790,624,None,Move,browsing
1570938991.295,798,626,None,Move,browsing
1570938991.3070002,804,627,None,Move,browsing
1570938991.3179998,807,628,None,Move,browsing
1570938991.329,810,629,None,Move,browsing
1570938991.34,812,630,None,Move,browsing
1570938991.351,813,630,None,Move,browsing
1570938991.3620002,813,630,None,Move,browsing
1570938991.3739998,814,630,None,Move,browsing
1570938991.444,814,630,None,Move,browsing
1570938991.457,814,630,None,Move,browsing
1570938991.469,815,630,None,Move,browsing
1570938991.481,815,630,None,Move,browsing
1570938991.4929998,816,630,None,Move,browsing
1570938991.504,816,630,None,Move,browsing
1570938991.515,817,630,None,Move,browsing
1570938991.5270002,817,630,None,Move,browsing
1570938991.538,817,630,None,Move,browsing
1570938991.549,818,630,None,Move,browsing
1570938991.561,818,630,None,Move,browsing
1570938991.573,818,630,None,Move,browsing
1570938991.585,819,630,None,Move,browsing
1570938991.596,819,630,None,Move,browsing
1570938991.6079998,820,630,None,Move,browsing
1570938991.62,820,631,None,Move,browsing
1570938991.631,821,631,None,Move,browsing
1570938991.6420002,823,631,None,Move,browsing
1570938991.654,826,631,None,Move,browsing
1570938991.666,831,632,None,Move,browsing
1570938991.678,837,633,None,Move,browsing
1570938991.689,844,633,None,Move,browsing
1570938991.7,852,633,None,Move,browsing
1570938991.712,858,633,None,Move,browsing
1570938991.724,864,633,None,Move,browsing
1570938991.735,869,633,None,Move,browsing
1570938991.746,872,634,None,Move,browsing
1570938991.7570002,876,634,None,Move,browsing
1570938991.768,879,635,None,Move,browsing
1570938991.779,882,635,None,Move,browsing
1570938991.79,885,636,None,Move,browsing
1570938991.802,888,636,None,Move,browsing
1570938991.814,891,636,None,Move,browsing
1570938991.824,894,637,None,Move,browsing
1570938991.836,896,637,None,Move,browsing
1570938991.847,897,637,None,Move,browsing
1570938991.8579998,898,637,None,Move,browsing
1570938991.869,899,637,None,Move,browsing
1570938991.88,900,637,None,Move,browsing
1570938991.8920002,900,637,None,Move,browsing
1570938991.9020002,901,638,None,Move,browsing
1570938991.913,901,639,None,Move,browsing
1570938991.925,901,640,None,Move,browsing
1570938991.937,900,643,None,Move,browsing
1570938991.948,895,645,None,Move,browsing
1570938991.959,888,649,None,Move,browsing
1570938991.97,874,652,None,Move,browsing
1570938991.981,852,655,None,Move,browsing
1570938991.9910002,828,657,None,Move,browsing
1570938992.002,806,659,None,Move,browsing
1570938992.0129998,785,660,None,Move,browsing
1570938992.0229998,766,660,None,Move,browsing
1570938992.034,747,660,None,Move,browsing
1570938992.045,727,660,None,Move,browsing
1570938992.056,709,660,None,Move,browsing
1570938992.066,694,661,None,Move,browsing
1570938992.077,679,662,None,Move,browsing
1570938992.089,664,663,None,Move,browsing
1570938992.101,653,663,None,Move,browsing
1570938992.113,643,663,None,Move,browsing
1570938992.125,636,663,None,Move,browsing
1570938992.1379998,629,663,None,Move,browsing
1570938992.15,622,663,None,Move,browsing
1570938992.161,616,662,None,Move,browsing
1570938992.1720002,612,661,None,Move,browsing
1570938992.1829998,607,661,None,Move,browsing
1570938992.194,605,660,None,Move,browsing
1570938992.206,602,660,None,Move,browsing
1570938992.217,601,660,None,Move,browsing
1570938992.228,600,659,None,Move,browsing
1570938992.24,591,662,None,Move,browsing
1570938992.25,577,666,None,Move,browsing
1570938992.262,556,672,None,Move,browsing
1570938992.274,535,677,None,Move,browsing
1570938992.285,516,680,None,Move,browsing
1570938992.2970002,497,682,None,Move,browsing
1570938992.3079998,480,683,None,Move,browsing
1570938992.319,464,683,None,Move,browsing
1570938992.33,451,683,None,Move,browsing
1570938992.341,437,683,None,Move,browsing
1570938992.3520002,423,683,None,Move,browsing
1570938992.363,413,682,None,Move,browsing
1570938992.3739998,407,681,None,Move,browsing
1570938992.385,402,680,None,Move,browsing
1570938992.396,399,679,None,Move,browsing
1570938992.406,396,678,None,Move,browsing
1570938992.417,393,677,None,Move,browsing
1570938992.428,392,677,None,Move,browsing
1570938992.438,391,676,None,Move,browsing
1570938992.448,390,676,None,Move,browsing
1570938992.58,384,679,None,Move,browsing
1570938992.596,374,681,None,Move,browsing
1570938992.61,364,684,None,Move,browsing
1570938992.623,352,685,None,Move,browsing
1570938992.6360002,343,685,None,Move,browsing
1570938992.6479998,334,685,None,Move,browsing
1570938992.6620002,325,685,None,Move,browsing
1570938992.673,315,684,None,Move,browsing
1570938992.686,305,683,None,Move,browsing
1570938992.698,297,681,None,Move,browsing
1570938992.711,291,680,None,Move,browsing
1570938992.7229998,287,679,None,Move,browsing
1570938992.735,284,677,None,Move,browsing
1570938992.7470002,281,676,None,Move,browsing
1570938992.7589998,279,675,None,Move,browsing
1570938992.771,276,673,None,Move,browsing
1570938992.782,275,672,None,Move,browsing
1570938992.794,273,671,None,Move,browsing
1570938992.805,271,670,None,Move,browsing
1570938992.8179998,270,669,None,Move,browsing
1570938992.83,269,667,None,Move,browsing
1570938992.842,268,666,None,Move,browsing
1570938992.855,267,666,None,Move,browsing
1570938992.867,267,665,None,Move,browsing
1570938992.8779998,266,665,None,Move,browsing
1570938992.89,266,664,None,Move,browsing
1570938992.9020002,265,664,None,Move,browsing
1570938992.913,265,664,None,Move,browsing
1570938992.926,265,663,None,Move,browsing
1570938992.938,265,663,None,Move,browsing
1570938992.95,265,662,None,Move,browsing
1570938992.962,265,662,None,Move,browsing
1570938992.974,264,660,None,Move,browsing
1570938992.985,264,659,None,Move,browsing
1570938992.998,264,658,None,Move,browsing
1570938993.01,265,656,None,Move,browsing
1570938993.022,268,654,None,Move,browsing
1570938993.034,273,651,None,Move,browsing
1570938993.046,280,648,None,Move,browsing
1570938993.0579998,289,645,None,Move,browsing
1570938993.071,300,643,None,Move,browsing
1570938993.083,309,642,None,Move,browsing
1570938993.095,317,641,None,Move,browsing
1570938993.107,322,641,None,Move,browsing
1570938993.119,327,641,None,Move,browsing
1570938993.131,330,641,None,Move,browsing
1570938993.1420002,333,641,None,Move,browsing
1570938993.153,335,642,None,Move,browsing
1570938993.164,338,642,None,Move,browsing
1570938993.175,340,643,None,Move,browsing
1570938993.186,342,643,None,Move,browsing
1570938993.198,345,644,None,Move,browsing
1570938993.208,348,644,None,Move,browsing
1570938993.219,350,644,None,Move,browsing
1570938993.23,353,645,None,Move,browsing
1570938993.242,355,645,None,Move,browsing
1570938993.2529998,357,646,None,Move,browsing
1570938993.265,358,646,None,Move,browsing
1570938993.276,359,646,None,Move,browsing
1570938993.2870002,360,646,None,Move,browsing
1570938993.298,361,646,None,Move,browsing
1570938993.31,361,646,None,Move,browsing
1570938993.322,362,646,None,Move,browsing
1570938993.333,362,646,None,Move,browsing
1570938993.344,363,646,None,Move,browsing
1570938993.355,363,646,None,Move,browsing
1570938993.3660002,364,646,None,Move,browsing
1570938993.377,364,646,None,Move,browsing
1570938993.389,365,646,None,Move,browsing
1570938993.4,365,646,None,Move,browsing
1570938993.4120002,365,646,None,Move,browsing
1570938993.423,366,646,None,Move,browsing
1570938993.434,366,646,None,Move,browsing
1570938993.446,366,646,None,Move,browsing
1570938993.457,367,647,None,Move,browsing
1570938993.469,367,647,None,Move,browsing
1570938993.48,368,647,None,Move,browsing
1570938993.492,369,647,None,Move,browsing
1570938993.5029998,370,648,None,Move,browsing
1570938993.514,372,648,None,Move,browsing
1570938993.525,375,649,None,Move,browsing
1570938993.536,379,650,None,Move,browsing
1570938993.5470002,383,652,None,Move,browsing
1570938993.5579998,388,653,None,Move,browsing
1570938993.571,392,654,None,Move,browsing
1570938993.581,397,655,None,Move,browsing
1570938993.593,403,657,None,Move,browsing
1570938993.604,410,659,None,Move,browsing
1570938993.615,417,661,None,Move,browsing
1570938993.6260002,422,662,None,Move,browsing
1570938993.637,425,663,None,Move,browsing
1570938993.649,428,664,None,Move,browsing
1570938993.661,429,665,None,Move,browsing
1570938993.673,431,666,None,Move,browsing
1570938993.684,432,666,None,Move,browsing
1570938993.695,433,667,None,Move,browsing
1570938993.706,433,667,None,Move,browsing
1570938993.717,434,667,None,Move,browsing
1570938993.728,434,667,None,Move,browsing
1570938993.7389998,435,668,None,Move,browsing
1570938993.75,436,668,None,Move,browsing
1570938993.7610002,436,668,None,Move,browsing
1570938993.772,438,669,None,Move,browsing
1570938993.783,438,669,None,Move,browsing
1570938993.794,439,670,None,Move,browsing
1570938993.804,439,670,None,Move,browsing
1570938993.815,440,670,None,Move,browsing
1570938993.827,441,671,None,Move,browsing
1570938993.8379998,442,671,None,Move,browsing
1570938993.849,444,671,None,Move,browsing
1570938993.86,446,672,None,Move,browsing
1570938993.871,450,674,None,Move,browsing
1570938993.881,455,675,None,Move,browsing
1570938993.893,461,675,None,Move,browsing
1570938993.905,470,675,None,Move,browsing
1570938993.916,479,675,None,Move,browsing
1570938993.928,488,674,None,Move,browsing
1570938993.939,495,673,None,Move,browsing
1570938993.95,501,671,None,Move,browsing
1570938993.961,506,670,None,Move,browsing
1570938993.972,510,669,None,Move,browsing
1570938993.9829998,513,669,None,Move,browsing
1570938993.994,516,668,None,Move,browsing
1570938994.005,519,668,None,Move,browsing
1570938994.016,521,668,None,Move,browsing
1570938994.0270002,523,668,None,Move,browsing
1570938994.038,525,668,None,Move,browsing
1570938994.049,526,668,None,Move,browsing
1570938994.061,527,668,None,Move,browsing
1570938994.073,527,668,None,Move,browsing
1570938994.083,528,668,None,Move,browsing
1570938994.094,528,668,None,Move,browsing
1570938994.106,529,668,None,Move,browsing
1570938994.117,529,668,None,Move,browsing
1570938994.129,530,668,None,Move,browsing
1570938994.141,530,668,None,Move,browsing
1570938994.153,530,668,None,Move,browsing
1570938994.165,527,670,None,Move,browsing
1570938994.177,522,672,None,Move,browsing
1570938994.188,513,674,None,Move,browsing
1570938994.199,499,678,None,Move,browsing
1570938994.21,481,680,None,Move,browsing
1570938994.222,462,684,None,Move,browsing
1570938994.2329998,444,686,None,Move,browsing
1570938994.244,428,689,None,Move,browsing
1570938994.256,412,692,None,Move,browsing
1570938994.266,400,694,None,Move,browsing
1570938994.278,389,697,None,Move,browsing
1570938994.29,377,699,None,Move,browsing
1570938994.3,366,701,None,Move,browsing
1570938994.312,356,703,None,Move,browsing
1570938994.324,348,705,None,Move,browsing
1570938994.335,341,707,None,Move,browsing
1570938994.346,336,709,None,Move,browsing
1570938994.357,332,710,None,Move,browsing
1570938994.369,327,711,None,Move,browsing
1570938994.381,323,713,None,Move,browsing
1570938994.3920002,318,715,None,Move,browsing
1570938994.403,312,716,None,Move,browsing
1570938994.415,305,717,None,Move,browsing
1570938994.426,299,718,None,Move,browsing
1570938994.437,293,720,None,Move,browsing
1570938994.448,289,721,None,Move,browsing
1570938994.459,284,722,None,Move,browsing
1570938994.47,280,723,None,Move,browsing
1570938994.481,276,724,None,Move,browsing
1570938994.4929998,272,725,None,Move,browsing
1570938994.504,267,726,None,Move,browsing
1570938994.515,261,728,None,Move,browsing
1570938994.526,255,729,None,Move,browsing
1570938994.5370002,248,730,None,Move,browsing
1570938994.549,241,730,None,Move,browsing
1570938994.56,233,731,None,Move,browsing
1570938994.571,228,731,None,Move,browsing
1570938994.581,223,731,None,Move,browsing
1570938994.593,217,731,None,Move,browsing
1570938994.605,213,731,None,Move,browsing
1570938994.615,209,730,None,Move,browsing
1570938994.627,206,730,None,Move,browsing
1570938994.6379998,202,730,None,Move,browsing
1570938994.649,199,729,None,Move,browsing
1570938994.66,196,729,None,Move,browsing
1570938994.671,192,728,None,Move,browsing
1570938994.681,189,727,None,Move,browsing
1570938994.6929998,185,726,None,Move,browsing
1570938994.704,181,725,None,Move,browsing
1570938994.715,177,724,None,Move,browsing
1570938994.7270002,174,722,None,Move,browsing
1570938994.738,170,720,None,Move,browsing
1570938994.748,168,719,None,Move,browsing
1570938994.7589998,166,717,None,Move,browsing
1570938994.771,164,715,None,Move,browsing
1570938994.782,162,714,None,Move,browsing
1570938994.793,161,713,None,Move,browsing
1570938994.804,160,711,None,Move,browsing
1570938994.815,159,710,None,Move,browsing
1570938994.827,159,710,None,Move,browsing
1570938994.837,158,709,None,Move,browsing
1570938994.8479998,157,708,None,Move,browsing
1570938994.859,157,707,None,Move,browsing
1570938994.871,157,707,None,Move,browsing
1570938994.8820002,157,706,None,Move,browsing
1570938994.893,157,705,None,Move,browsing
1570938994.904,156,704,None,Move,browsing
1570938994.915,156,703,None,Move,browsing
1570938994.927,156,702,None,Move,browsing
1570938994.938,156,701,None,Move,browsing
1570938994.95,157,699,None,Move,browsing
1570938994.961,158,697,None,Move,browsing
1570938994.972,160,695,None,Move,browsing
1570938994.9829998,161,694,None,Move,browsing
1570938994.994,163,692,None,Move,browsing
1570938995.006,165,691,None,Move,browsing
1570938995.018,166,690,None,Move,browsing
1570938995.029,168,689,None,Move,browsing
1570938995.04,170,688,None,Move,browsing
1570938995.052,171,687,None,Move,browsing
1570938995.063,172,687,None,Move,browsing
1570938995.074,173,686,None,Move,browsing
1570938995.086,175,686,None,Move,browsing
1570938995.097,176,686,None,Move,browsing
1570938995.109,177,686,None,Move,browsing
1570938995.119,178,686,None,Move,browsing
1570938995.1320002,179,686,None,Move,browsing
1570938995.143,180,686,None,Move,browsing
1570938995.154,181,686,None,Move,browsing
1570938995.165,182,686,None,Move,browsing
1570938995.177,182,686,None,Move,browsing
1570938995.187,183,686,None,Move,browsing
1570938995.197,183,686,None,Move,browsing
1570938995.208,184,686,None,Move,browsing
1570938995.218,184,686,None,Move,browsing
1570938995.228,185,686,None,Move,browsing
1570938995.238,185,686,None,Move,browsing
1570938995.2489998,186,686,None,Move,browsing
1570938995.2589998,186,686,None,Move,browsing
1570938995.269,187,686,None,Move,browsing
1570938995.279,187,686,None,Move,browsing
1570938995.289,187,686,None,Move,browsing
1570938995.299,188,686,None,Move,browsing
1570938995.31,188,686,None,Move,browsing
1570938995.32,188,686,None,Move,browsing
1570938995.331,189,686,None,Move,browsing
1570938995.342,189,686,None,Move,browsing
1570938995.353,190,686,None,Move,browsing
1570938995.363,190,687,None,Move,browsing
1570938995.3739998,191,687,None,Move,browsing
1570938995.383,192,687,None,Move,browsing
1570938995.393,192,687,None,Move,browsing
1570938995.403,193,688,None,Move,browsing
1570938995.413,194,688,None,Move,browsing
1570938995.4220002,195,689,None,Move,browsing
1570938995.431,195,689,None,Move,browsing
1570938995.441,197,689,None,Move,browsing
1570938995.45,197,689,None,Move,browsing
1570938995.459,198,689,None,Move,browsing
1570938995.468,199,689,None,Move,browsing
1570938995.478,200,689,None,Move,browsing
1570938995.4870002,201,690,None,Move,browsing
1570938995.496,202,690,None,Move,browsing
1570938995.506,202,690,None,Move,browsing
1570938995.516,203,690,None,Move,browsing
1570938995.526,203,690,None,Move,browsing
1570938995.536,204,690,None,Move,browsing
1570938995.546,204,690,None,Move,browsing
1570938995.556,205,690,None,Move,browsing
1570938995.566,205,690,None,Move,browsing
1570938995.575,205,690,None,Move,browsing
1570938995.585,206,690,None,Move,browsing
1570938995.595,206,690,None,Move,browsing
1570938995.605,207,690,None,Move,browsing
1570938995.615,207,690,None,Move,browsing
1570938995.625,207,690,None,Move,browsing
1570938995.6360002,208,690,None,Move,browsing
1570938995.646,208,690,None,Move,browsing
1570938995.655,208,690,None,Move,browsing
1570938995.665,209,690,None,Move,browsing
1570938995.675,209,690,None,Move,browsing
1570938995.684,209,690,None,Move,browsing
1570938995.694,210,690,None,Move,browsing
1570938995.704,210,690,None,Move,browsing
1570938995.714,210,690,None,Move,browsing
1570938995.724,211,690,None,Move,browsing
1570938995.734,211,690,None,Move,browsing
1570938995.744,211,690,None,Move,browsing
1570938995.755,211,690,None,Move,browsing
1570938995.765,212,690,None,Move,browsing
1570938995.775,212,690,None,Move,browsing
1570938995.786,212,690,None,Move,browsing
1570938995.795,213,690,None,Move,browsing
1570938995.806,214,690,None,Move,browsing
1570938995.815,214,690,None,Move,browsing
1570938995.826,215,690,None,Move,browsing
1570938995.836,216,690,None,Move,browsing
1570938995.846,216,690,None,Move,browsing
1570938995.855,217,690,None,Move,browsing
1570938995.865,218,690,None,Move,browsing
1570938995.875,219,690,None,Move,browsing
1570938995.885,220,690,None,Move,browsing
1570938995.895,221,690,None,Move,browsing
1570938995.904,222,690,None,Move,browsing
1570938995.913,223,690,None,Move,browsing
1570938995.923,225,690,None,Move,browsing
1570938995.934,226,690,None,Move,browsing
1570938995.9429998,228,690,None,Move,browsing
1570938995.9529998,229,690,None,Move,browsing
1570938995.9629998,230,690,None,Move,browsing
1570938995.9729998,232,690,None,Move,browsing
1570938995.982,233,690,None,Move,browsing
1570938995.992,234,690,None,Move,browsing
1570938996.002,235,690,None,Move,browsing
1570938996.0110002,236,690,None,Move,browsing
1570938996.02,237,690,None,Move,browsing
1570938996.03,237,690,None,Move,browsing
1570938996.039,238,690,None,Move,browsing
1570938996.049,238,690,None,Move,browsing
1570938996.059,239,690,None,Move,browsing
1570938996.0679998,239,690,None,Move,browsing
1570938996.077,239,690,None,Move,browsing
1570938996.086,240,690,None,Move,browsing
1570938996.095,240,690,None,Move,browsing
1570938996.105,241,690,None,Move,browsing
1570938996.1139998,241,690,None,Move,browsing
1570938996.123,241,690,None,Move,browsing
1570938996.1339998,242,690,None,Move,browsing
1570938996.143,242,690,None,Move,browsing
1570938996.153,242,690,None,Move,browsing
1570938996.163,242,690,None,Move,browsing
1570938996.1720002,242,690,None,Move,browsing
1570938996.181,242,690,None,Move,browsing
1570938996.191,243,690,None,Move,browsing
1570938996.201,243,690,None,Move,browsing
1570938996.212,243,690,None,Move,browsing
1570938996.221,243,690,None,Move,browsing
1570938996.231,244,690,None,Move,browsing
1570938996.2410002,244,690,None,Move,browsing
1570938996.2510002,245,690,None,Move,browsing
1570938996.2610002,245,690,None,Move,browsing
1570938996.271,246,690,None,Move,browsing
1570938996.281,248,690,None,Move,browsing
1570938996.293,252,690,None,Move,browsing
1570938996.303,257,690,None,Move,browsing
1570938996.313,261,689,None,Move,browsing
1570938996.323,266,689,None,Move,browsing
1570938996.333,271,689,None,Move,browsing
1570938996.344,277,689,None,Move,browsing
1570938996.353,283,689,None,Move,browsing
1570938996.3639998,288,689,None,Move,browsing
1570938996.373,292,689,None,Move,browsing
1570938996.383,296,689,None,Move,browsing
1570938996.394,299,689,None,Move,browsing
1570938996.404,302,689,None,Move,browsing
1570938996.413,305,689,None,Move,browsing
1570938996.423,306,689,None,Move,browsing
1570938996.4329998,307,689,None,Move,browsing
1570938996.4420002,308,689,None,Move,browsing
1570938996.452,309,689,None,Move,browsing
1570938996.461,310,689,None,Move,browsing
1570938996.47,311,689,None,Move,browsing
1570938996.479,311,689,None,Move,browsing
1570938996.4889998,312,689,None,Move,browsing
1570938996.498,312,689,None,Move,browsing
1570938996.508,312,689,None,Move,browsing
1570938996.5170002,313,689,None,Move,browsing
1570938996.526,313,689,None,Move,browsing
1570938996.536,314,689,None,Move,browsing
1570938996.546,314,689,None,Move,browsing
1570938996.555,315,689,None,Move,browsing
1570938996.565,315,688,None,Move,browsing
1570938996.575,316,688,None,Move,browsing
1570938996.585,317,687,None,Move,browsing
1570938996.595,317,686,None,Move,browsing
1570938996.604,318,685,None,Move,browsing
1570938996.6139998,320,682,None,Move,browsing
1570938996.6239998,323,679,None,Move,browsing
1570938996.6339998,326,676,None,Move,browsing
1570938996.643,329,673,None,Move,browsing
1570938996.654,332,671,None,Move,browsing
1570938996.664,335,669,None,Move,browsing
1570938996.674,338,667,None,Move,browsing
1570938996.6829998,342,665,None,Move,browsing
1570938996.6929998,347,663,None,Move,browsing
1570938996.704,351,662,None,Move,browsing
1570938996.714,355,661,None,Move,browsing
1570938996.7229998,357,660,None,Move,browsing
1570938996.7329998,360,660,None,Move,browsing
1570938996.7429998,361,659,None,Move,browsing
1570938996.7529998,362,659,None,Move,browsing
1570938996.762,363,659,None,Move,browsing
1570938996.772,364,659,None,Move,browsing
1570938996.781,365,659,None,Move,browsing
1570938996.791,366,659,None,Move,browsing
1570938996.8,366,659,None,Move,browsing
1570938996.809,367,659,None,Move,browsing
1570938996.819,367,659,None,Move,browsing
1570938996.8279998,367,659,None,Move,browsing
1570938996.8379998,368,659,None,Move,browsing
1570938996.847,368,659,None,Move,browsing
1570938996.857,369,659,None,Move,browsing
1570938996.92,369,659,None,Move,browsing
1570938996.931,370,659,None,Move,browsing
1570938996.9420002,370,659,None,Move,browsing
1570938996.954,370,659,None,Move,browsing
1570938996.965,370,659,None,Move,browsing
1570938996.976,370,659,None,Move,browsing
1570938996.9870002,371,659,None,Move,browsing
1570938996.9989998,371,659,None,Move,browsing
1570938997.01,371,659,None,Move,browsing
1570938997.021,372,659,None,Move,browsing
1570938997.033,372,659,None,Move,browsing
1570938997.045,372,659,None,Move,browsing
1570938997.0570002,373,659,None,Move,browsing
1570938997.069,374,659,None,Move,browsing
1570938997.079,375,659,None,Move,browsing
1570938997.091,378,659,None,Move,browsing
1570938997.1020002,383,660,None,Move,browsing
1570938997.113,387,660,None,Move,browsing
1570938997.125,392,662,None,Move,browsing
1570938997.137,397,663,None,Move,browsing
1570938997.147,403,665,None,Move,browsing
1570938997.159,410,667,None,Move,browsing
1570938997.17,417,668,None,Move,browsing
1570938997.1820002,423,670,None,Move,browsing
1570938997.194,428,671,None,Move,browsing
1570938997.206,432,672,None,Move,browsing
1570938997.217,436,674,None,Move,browsing
1570938997.228,440,675,None,Move,browsing
1570938997.238,443,676,None,Move,browsing
1570938997.2489998,446,677,None,Move,browsing
1570938997.2589998,450,678,None,Move,browsing
1570938997.271,453,679,None,Move,browsing
1570938997.281,457,680,None,Move,browsing
1570938997.291,460,680,None,Move,browsing
1570938997.301,463,680,None,Move,browsing
1570938997.312,466,681,None,Move,browsing
1570938997.323,469,681,None,Move,browsing
1570938997.334,472,682,None,Move,browsing
1570938997.344,475,683,None,Move,browsing
1570938997.355,477,684,None,Move,browsing
1570938997.3660002,480,685,None,Move,browsing
1570938997.3760002,483,686,None,Move,browsing
1570938997.3860002,486,687,None,Move,browsing
1570938997.397,488,689,None,Move,browsing
1570938997.408,491,690,None,Move,browsing
1570938997.418,494,691,None,Move,browsing
1570938997.428,496,693,None,Move,browsing
1570938997.439,499,694,None,Move,browsing
1570938997.451,501,695,None,Move,browsing
1570938997.461,503,697,None,Move,browsing
1570938997.472,505,698,None,Move,browsing
1570938997.482,506,699,None,Move,browsing
1570938997.492,507,699,None,Move,browsing
1570938997.502,508,700,None,Move,browsing
1570938997.512,509,700,None,Move,browsing
1570938997.5229998,510,701,None,Move,browsing
1570938997.533,510,701,None,Move,browsing
1570938997.544,511,701,None,Move,browsing
1570938997.554,511,701,None,Move,browsing
1570938997.564,511,702,None,Move,browsing
1570938997.574,512,702,None,Move,browsing
1570938997.584,512,702,None,Move,browsing
1570938997.594,513,702,None,Move,browsing
1570938997.604,514,702,None,Move,browsing
1570938997.613,516,702,None,Move,browsing
1570938997.6239998,519,702,None,Move,browsing
1570938997.6339998,523,702,None,Move,browsing
1570938997.644,527,702,None,Move,browsing
1570938997.654,532,703,None,Move,browsing
1570938997.665,536,703,None,Move,browsing
1570938997.675,540,703,None,Move,browsing
1570938997.686,544,702,None,Move,browsing
1570938997.697,548,702,None,Move,browsing
1570938997.707,552,701,None,Move,browsing
1570938997.717,557,701,None,Move,browsing
1570938997.726,560,701,None,Move,browsing
1570938997.732,564,701,None,Move,browsing
1570938997.738,568,701,None,Move,browsing
1570938997.744,573,702,None,Move,browsing
1570938997.7489998,578,702,None,Move,browsing
1570938997.7529998,583,702,None,Move,browsing
1570938997.758,587,702,None,Move,browsing
1570938997.7629998,590,702,None,Move,browsing
1570938997.7670002,593,702,None,Move,browsing
1570938997.772,595,702,None,Move,browsing
1570938997.776,596,702,None,Move,browsing
1570938997.781,598,702,None,Move,browsing
1570938997.785,599,702,None,Move,browsing
1570938997.9989998,599,702,None,Move,browsing
1570938998.015,599,702,None,Move,browsing
1570938998.034,599,701,None,Move,browsing
1570938998.278,599,701,None,Move,browsing
1570938998.361,599,701,None,Move,browsing
1570938998.3760002,599,701,None,Move,browsing
1570938998.391,599,700,None,Move,browsing
1570938998.479,599,700,None,Move,browsing
1570938998.492,599,700,None,Move,browsing
1570938998.505,599,700,None,Move,browsing
1570938998.519,600,700,None,Move,browsing
1570938998.531,601,700,None,Move,browsing
1570938998.545,603,700,None,Move,browsing
1570938998.559,605,700,None,Move,browsing
1570938998.572,608,700,None,Move,browsing
1570938998.585,613,700,None,Move,browsing
1570938998.597,617,700,None,Move,browsing
1570938998.611,623,699,None,Move,browsing
1570938998.625,628,699,None,Move,browsing
1570938998.639,634,699,None,Move,browsing
1570938998.6520002,639,699,None,Move,browsing
1570938998.665,646,700,None,Move,browsing
1570938998.678,653,703,None,Move,browsing
1570938998.691,660,705,None,Move,browsing
1570938998.704,668,708,None,Move,browsing
1570938998.717,675,710,None,Move,browsing
1570938998.731,684,713,None,Move,browsing
1570938998.744,691,715,None,Move,browsing
1570938998.7570002,699,718,None,Move,browsing
1570938998.77,705,720,None,Move,browsing
1570938998.783,710,722,None,Move,browsing
1570938998.795,713,724,None,Move,browsing
1570938998.8079998,716,725,None,Move,browsing
1570938998.82,719,727,None,Move,browsing
1570938998.832,721,728,None,Move,browsing
1570938998.843,723,729,None,Move,browsing
1570938998.854,725,730,None,Move,browsing
1570938998.8660002,726,730,None,Move,browsing
1570938998.877,727,730,None,Move,browsing
1570938998.889,728,731,None,Move,browsing
1570938998.9,729,731,None,Move,browsing
1570938998.911,729,731,None,Move,browsing
1570938998.923,730,731,None,Move,browsing
1570938998.934,730,731,None,Move,browsing
1570938998.946,731,731,None,Move,browsing
1570938998.958,732,731,None,Move,browsing
1570938998.969,732,731,None,Move,browsing
1570939000.564,732,731,None,Move,browsing
1570939000.5979998,732,731,None,Move,browsing
1570939000.617,733,731,None,Move,browsing
1570939000.6320002,733,731,None,Move,browsing
1570939000.6479998,733,731,None,Move,browsing
1570939000.968,733,731,None,Move,browsing
1570939001.274,733,731,None,Move,browsing
1570939001.293,734,731,None,Move,browsing
1570939001.311,734,731,None,Move,browsing
1570939001.329,734,731,None,Move,browsing
1570939001.3479998,734,731,None,Move,browsing
1570939001.3639998,734,731,None,Move,browsing
1570939001.38,734,731,None,Move,browsing
1570939001.396,735,731,None,Move,browsing
1570939001.411,735,731,None,Move,browsing
1570939001.428,735,731,None,Move,browsing
1570939001.444,735,731,None,Move,browsing
1570939001.459,735,731,None,Move,browsing
1570939001.475,735,731,None,Move,browsing
1570939001.4910002,736,731,None,Move,browsing
1570939001.5070002,736,731,None,Move,browsing
1570939001.522,736,731,None,Move,browsing
1570939001.538,736,731,None,Move,browsing
1570939001.553,737,731,None,Move,browsing
1570939001.57,737,731,None,Move,browsing
1570939001.586,737,731,None,Move,browsing
1570939001.603,737,731,None,Move,browsing
1570939001.619,738,731,None,Move,browsing
1570939001.6360002,738,731,None,Move,browsing
1570939001.6520002,738,731,None,Move,browsing
1570939001.668,739,731,None,Move,browsing
1570939001.684,739,731,None,Move,browsing
1570939001.7,739,731,None,Move,browsing
1570939001.715,740,731,None,Move,browsing
1570939001.731,740,731,None,Move,browsing
1570939001.7470002,740,730,None,Move,browsing
1570939001.764,740,730,None,Move,browsing
1570939001.78,741,730,None,Move,browsing
1570939001.795,741,730,None,Move,browsing
1570939001.81,741,729,None,Move,browsing
1570939001.826,741,729,None,Move,browsing
1570939001.84,742,729,None,Move,browsing
1570939001.854,742,729,None,Move,browsing
1570939001.867,742,729,None,Move,browsing
1570939001.879,743,729,None,Move,browsing
1570939001.8920002,743,729,None,Move,browsing
1570939001.904,743,729,None,Move,browsing
1570939001.916,744,728,None,Move,browsing
1570939001.929,744,728,None,Move,browsing
1570939001.9420002,745,728,None,Move,browsing
1570939001.954,745,728,None,Move,browsing
1570939001.967,746,728,None,Move,browsing
1570939001.979,746,728,None,Move,browsing
1570939001.99,746,728,None,Move,browsing
1570939002.0029998,747,728,None,Move,browsing
1570939002.015,747,728,None,Move,browsing
1570939002.026,747,728,None,Move,browsing
1570939002.038,748,728,None,Move,browsing
1570939002.051,748,728,None,Move,browsing
1570939002.062,749,727,None,Move,browsing
1570939002.074,749,727,None,Move,browsing
1570939002.086,749,727,None,Move,browsing
1570939002.0979998,750,726,None,Move,browsing
1570939002.11,750,726,None,Move,browsing
1570939002.121,750,726,None,Move,browsing
1570939002.1339998,751,726,None,Move,browsing
1570939002.146,751,726,None,Move,browsing
1570939002.158,751,726,None,Move,browsing
1570939002.17,752,726,None,Move,browsing
1570939002.181,752,726,None,Move,browsing
1570939002.1929998,752,726,None,Move,browsing
1570939002.205,752,726,None,Move,browsing
1570939002.217,752,726,None,Move,browsing
1570939002.229,753,726,None,Move,browsing
1570939002.2410002,753,726,None,Move,browsing
1570939002.2529998,753,726,None,Move,browsing
1570939002.265,753,725,None,Move,browsing
1570939002.278,753,725,None,Move,browsing
1570939002.289,754,725,None,Move,browsing
1570939002.301,754,725,None,Move,browsing
1570939002.314,754,725,None,Move,browsing
1570939002.326,754,725,None,Move,browsing
1570939002.339,754,725,None,Move,browsing
1570939002.351,755,725,None,Move,browsing
1570939002.3620002,755,724,None,Move,browsing
1570939002.375,755,724,None,Move,browsing
1570939002.387,755,724,None,Move,browsing
1570939002.3979998,755,724,None,Move,browsing
1570939002.409,756,724,None,Move,browsing
1570939002.42,756,724,None,Move,browsing
1570939017.329,756,717,None,Move,browsing
1570939017.345,755,705,None,Move,browsing
1570939017.3620002,754,692,None,Move,browsing
1570939017.38,754,675,None,Move,browsing
1570939017.395,754,658,None,Move,browsing
1570939017.4120002,753,645,None,Move,browsing
1570939017.428,753,634,None,Move,browsing
1570939017.444,754,621,None,Move,browsing
1570939017.46,755,610,None,Move,browsing
1570939017.476,756,598,None,Move,browsing
1570939017.492,757,588,None,Move,browsing
1570939017.508,759,579,None,Move,browsing
1570939017.524,760,571,None,Move,browsing
1570939017.54,761,562,None,Move,browsing
1570939017.556,762,554,None,Move,browsing
1570939017.572,763,546,None,Move,browsing
1570939017.587,764,539,None,Move,browsing
1570939017.604,765,533,None,Move,browsing
1570939017.62,766,527,None,Move,browsing
1570939017.6360002,766,522,None,Move,browsing
1570939017.651,767,517,None,Move,browsing
1570939017.668,768,512,None,Move,browsing
1570939017.6829998,769,507,None,Move,browsing
1570939017.699,770,502,None,Move,browsing
1570939017.715,771,497,None,Move,browsing
1570939017.732,772,493,None,Move,browsing
1570939017.748,773,489,None,Move,browsing
1570939017.764,773,486,None,Move,browsing
1570939017.779,774,484,None,Move,browsing
1570939017.794,774,481,None,Move,browsing
1570939017.811,775,479,None,Move,browsing
1570939017.827,775,478,None,Move,browsing
1570939017.843,776,476,None,Move,browsing
1570939017.86,776,474,None,Move,browsing
1570939017.875,777,473,None,Move,browsing
1570939017.8879998,777,473,None,Move,browsing
1570939017.903,777,471,None,Move,browsing
1570939017.918,777,470,None,Move,browsing
1570939017.931,777,469,None,Move,browsing
1570939017.945,777,468,None,Move,browsing
1570939017.958,777,466,None,Move,browsing
1570939017.972,777,465,None,Move,browsing
1570939017.986,777,463,None,Move,browsing
1570939017.9989998,777,462,None,Move,browsing
1570939018.0129998,777,461,None,Move,browsing
1570939018.0270002,777,459,None,Move,browsing
1570939018.04,777,458,None,Move,browsing
1570939018.054,777,457,None,Move,browsing
1570939018.0670002,777,456,None,Move,browsing
1570939018.081,777,456,None,Move,browsing
1570939018.095,777,455,None,Move,browsing
1570939018.11,777,454,None,Move,browsing
1570939018.1239998,777,454,None,Move,browsing
1570939110.408,777,462,None,Move,browsing
1570939110.419,775,476,None,Move,browsing
1570939110.427,771,498,None,Move,browsing
1570939110.437,767,522,None,Move,browsing
1570939110.448,764,544,None,Move,browsing
1570939110.458,761,564,None,Move,browsing
1570939110.47,759,582,None,Move,browsing
1570939110.48,758,600,None,Move,browsing
1570939110.4910002,758,619,None,Move,browsing
1570939110.502,758,637,None,Move,browsing
1570939110.5129998,759,653,None,Move,browsing
1570939110.524,761,669,None,Move,browsing
1570939110.534,763,684,None,Move,browsing
1570939110.545,766,700,None,Move,browsing
1570939110.556,768,714,None,Move,browsing
1570939110.5670002,771,727,None,Move,browsing
1570939110.577,774,740,None,Move,browsing
1570939110.587,777,751,None,Move,browsing
1570939110.5979998,781,761,None,Move,browsing
1570939110.6079998,784,770,None,Move,browsing
1570939110.619,787,777,None,Move,browsing
1570939110.629,791,783,None,Move,browsing
1570939110.639,795,791,None,Move,browsing
1570939110.649,798,799,None,Move,browsing
1570939110.66,802,807,None,Move,browsing
1570939110.67,805,814,None,Move,browsing
1570939110.68,808,820,None,Move,browsing
1570939110.69,810,825,None,Move,browsing
1570939110.7,812,828,None,Move,browsing
1570939110.71,813,829,None,Move,browsing
1570939186.311,796,831,None,Move,browsing
1570939186.3179998,764,836,None,Move,browsing
1570939186.325,728,842,None,Move,browsing
1570939186.332,703,845,None,Move,browsing
1570939186.339,680,847,None,Move,browsing
1570939186.346,657,850,None,Move,browsing
1570939186.354,637,852,None,Move,browsing
1570939186.36,616,855,None,Move,browsing
1570939186.367,597,857,None,Move,browsing
1570939186.3739998,578,860,None,Move,browsing
1570939186.381,562,863,None,Move,browsing
1570939186.3879998,543,865,None,Move,browsing
1570939186.395,525,867,None,Move,browsing
1570939186.4020002,509,869,None,Move,browsing
1570939186.409,494,869,None,Move,browsing
1570939186.416,478,869,None,Move,browsing
1570939186.423,464,869,None,Move,browsing
1570939186.43,454,869,None,Move,browsing
1570939186.437,443,868,None,Move,browsing
1570939186.454,432,867,None,Move,browsing
1570939186.467,420,865,None,Move,browsing
1570939186.479,411,863,None,Move,browsing
1570939186.488,404,862,None,Move,browsing
1570939186.496,399,859,None,Move,browsing
1570939186.504,395,857,None,Move,browsing
1570939186.5110002,391,855,None,Move,browsing
1570939186.5170002,387,853,None,Move,browsing
1570939186.522,384,851,None,Move,browsing
1570939186.534,382,849,None,Move,browsing
1570939186.548,378,846,None,Move,browsing
1570939186.556,375,842,None,Move,browsing
1570939186.563,372,837,None,Move,browsing
1570939186.572,369,832,None,Move,browsing
1570939186.5779998,367,825,None,Move,browsing
1570939186.586,365,819,None,Move,browsing
1570939186.59,363,812,None,Move,browsing
1570939186.596,363,804,None,Move,browsing
1570939186.603,366,793,None,Move,browsing
1570939186.6079998,372,776,None,Move,browsing
1570939186.613,380,756,None,Move,browsing
1570939186.62,388,738,None,Move,browsing
1570939186.625,396,719,None,Move,browsing
1570939186.631,406,702,None,Move,browsing
1570939186.637,417,683,None,Move,browsing
1570939186.643,429,667,None,Move,browsing
1570939186.649,439,651,None,Move,browsing
1570939186.655,448,636,None,Move,browsing
1570939186.6620002,455,624,None,Move,browsing
1570939186.669,463,615,None,Move,browsing
1570939186.675,469,607,None,Move,browsing
1570939186.6820002,475,602,None,Move,browsing
1570939186.687,480,597,None,Move,browsing
1570939186.6929998,485,594,None,Move,browsing
1570939186.698,489,591,None,Move,browsing
1570939186.704,491,589,None,Move,browsing
1570939186.709,494,588,None,Move,browsing
1570939186.715,496,586,None,Move,browsing
1570939186.721,499,585,None,Move,browsing
1570939186.726,501,583,None,Move,browsing
1570939186.732,504,582,None,Move,browsing
1570939187.064,504,578,None,Move,browsing
1570939187.083,503,574,None,Move,browsing
1570939187.101,503,570,None,Move,browsing
1570939187.12,503,566,None,Move,browsing
1570939187.143,502,562,None,Move,browsing
1570939187.16,502,559,None,Move,browsing
1570939187.179,501,555,None,Move,browsing
1570939187.197,501,551,None,Move,browsing
1570939187.215,501,548,None,Move,browsing
1570939187.2329998,500,544,None,Move,browsing
1570939187.2510002,499,540,None,Move,browsing
1570939187.268,499,535,None,Move,browsing
1570939187.283,498,531,None,Move,browsing
1570939187.298,498,528,None,Move,browsing
1570939187.314,498,525,None,Move,browsing
1570939187.33,498,520,None,Move,browsing
1570939187.344,498,516,None,Move,browsing
1570939187.357,498,513,None,Move,browsing
1570939187.37,498,510,None,Move,browsing
1570939187.3839998,498,509,None,Move,browsing
1570939187.397,498,507,None,Move,browsing
1570939187.411,498,506,None,Move,browsing
1570939187.424,498,504,None,Move,browsing
1570939187.44,498,501,None,Move,browsing
1570939187.454,498,498,None,Move,browsing
1570939194.508,493,492,None,Move,browsing
1570939194.5170002,489,483,None,Move,browsing
1570939194.531,484,464,None,Move,browsing
1570939194.55,481,447,None,Move,browsing
1570939194.5679998,480,432,None,Move,browsing
1570939194.586,479,419,None,Move,browsing
1570939194.597,479,405,None,Move,browsing
1570939194.606,480,390,None,Move,browsing
1570939194.615,481,377,None,Move,browsing
1570939194.625,482,365,None,Move,browsing
1570939194.633,484,354,None,Move,browsing
1570939194.6420002,486,341,None,Move,browsing
1570939194.651,487,329,None,Move,browsing
1570939194.661,490,316,None,Move,browsing
1570939194.669,494,305,None,Move,browsing
1570939194.678,498,295,None,Move,browsing
1570939194.687,503,284,None,Move,browsing
1570939194.696,507,274,None,Move,browsing
1570939194.705,511,266,None,Move,browsing
1570939194.7129998,512,259,None,Move,browsing
1570939194.722,514,253,None,Move,browsing
1570939194.73,515,248,None,Move,browsing
1570939194.738,516,243,None,Move,browsing
1570939194.7470002,516,240,None,Move,browsing
1570939194.755,516,237,None,Move,browsing
1570939194.764,516,235,None,Move,browsing
1570939194.772,516,233,None,Move,browsing
1570939194.78,516,231,None,Move,browsing
1570939194.789,516,230,None,Move,browsing
1570939194.7970002,516,229,None,Move,browsing
1570939194.806,516,228,None,Move,browsing
1570939194.814,516,227,None,Move,browsing
1570939194.823,515,227,None,Move,browsing
1570939194.833,514,227,None,Move,browsing
1570939194.842,513,227,None,Move,browsing
1570939194.85,511,227,None,Move,browsing
1570939194.859,507,224,None,Move,browsing
1570939194.8679998,503,223,None,Move,browsing
1570939194.877,498,222,None,Move,browsing
1570939194.885,494,222,None,Move,browsing
1570939194.893,489,221,None,Move,browsing
1570939194.901,484,221,None,Move,browsing
1570939194.911,479,220,None,Move,browsing
1570939194.919,474,220,None,Move,browsing
1570939194.929,467,220,None,Move,browsing
1570939194.939,455,219,None,Move,browsing
1570939194.948,443,218,None,Move,browsing
1570939194.957,433,217,None,Move,browsing
1570939194.966,426,216,None,Move,browsing
1570939194.975,421,215,None,Move,browsing
1570939194.984,416,214,None,Move,browsing
1570939194.992,413,213,None,Move,browsing
1570939195.0010002,409,212,None,Move,browsing
1570939195.01,406,211,None,Move,browsing
1570939195.019,403,209,None,Move,browsing
1570939195.028,401,208,None,Move,browsing
1570939195.0370002,399,207,None,Move,browsing
1570939195.045,397,206,None,Move,browsing
1570939195.053,396,206,None,Move,browsing
1570939195.061,396,205,None,Move,browsing
1570939195.069,395,205,None,Move,browsing
1570939195.0779998,395,204,None,Move,browsing
1570939195.086,395,204,None,Move,browsing
1570939195.094,394,203,None,Move,browsing
1570939195.103,394,203,None,Move,browsing
1570939195.1620002,393,203,None,Move,browsing
1570939195.179,392,202,None,Move,browsing
1570939195.195,391,201,None,Move,browsing
1570939195.211,391,201,None,Move,browsing
1570939195.225,391,201,None,Move,browsing
1570939195.24,390,200,None,Move,browsing
1570939195.255,390,200,None,Move,browsing
1570939195.268,389,200,None,Move,browsing
1570939195.283,387,199,None,Move,browsing
1570939195.298,386,198,None,Move,browsing
1570939195.313,385,198,None,Move,browsing
1570939195.326,384,197,None,Move,browsing
1570939195.333,383,197,None,Move,browsing
1570939195.34,383,197,None,Move,browsing
1570939195.346,382,196,None,Move,browsing
1570939195.351,381,196,None,Move,browsing
1570939195.357,381,195,None,Move,browsing
1570939195.363,380,195,None,Move,browsing
1570939195.369,380,194,None,Move,browsing
1570939195.375,379,194,None,Move,browsing
1570939195.38,379,194,Left,Pressed,browsing
1570939195.413,379,194,Left,Released,browsing
1570939195.518,379,194,Left,Pressed,browsing
1570939195.615,379,194,Left,Released,browsing
1570939201.171,364,195,None,Move,browsing
1570939201.1929998,348,197,None,Move,browsing
1570939201.211,335,200,None,Move,browsing
1570939201.23,326,202,None,Move,browsing
1570939201.2489998,320,204,None,Move,browsing
1570939201.27,316,206,None,Move,browsing
1570939201.288,312,208,None,Move,browsing
1570939201.3070002,309,210,None,Move,browsing
1570939201.3179998,305,211,None,Move,browsing
1570939201.325,303,211,None,Move,browsing
1570939201.335,302,212,None,Move,browsing
1570939201.342,301,212,None,Move,browsing
1570939201.349,301,212,None,Move,browsing
1570939201.357,301,212,None,Move,browsing
1570939201.363,301,213,None,Move,browsing
1570939201.373,301,214,None,Move,browsing
1570939201.38,301,215,None,Move,browsing
1570939201.3860002,300,216,None,Move,browsing
1570939201.393,299,217,None,Move,browsing
1570939201.399,299,219,None,Move,browsing
1570939201.406,300,223,None,Move,browsing
1570939201.414,304,229,None,Move,browsing
1570939201.427,308,236,None,Move,browsing
1570939201.4329998,312,244,None,Move,browsing
1570939201.44,318,255,None,Move,browsing
1570939201.446,323,270,None,Move,browsing
1570939201.452,327,284,None,Move,browsing
1570939201.458,329,295,None,Move,browsing
1570939201.465,330,304,None,Move,browsing
1570939201.471,331,312,None,Move,browsing
1570939201.481,332,322,None,Move,browsing
1570939201.4889998,333,331,None,Move,browsing
1570939201.496,334,339,None,Move,browsing
1570939201.5029998,336,346,None,Move,browsing
1570939201.5129998,336,353,None,Move,browsing
1570939201.522,338,359,None,Move,browsing
1570939201.528,339,367,None,Move,browsing
1570939201.534,340,376,None,Move,browsing
1570939201.54,341,386,None,Move,browsing
1570939201.545,341,394,None,Move,browsing
1570939201.551,343,401,None,Move,browsing
1570939201.5579998,344,408,None,Move,browsing
1570939201.564,345,414,None,Move,browsing
1570939201.571,346,420,None,Move,browsing
1570939201.576,346,424,None,Move,browsing
1570939201.582,347,428,None,Move,browsing
1570939201.589,347,431,None,Move,browsing
1570939201.595,347,434,None,Move,browsing
1570939201.6,347,437,None,Move,browsing
1570939201.607,347,439,None,Move,browsing
1570939201.613,347,440,None,Move,browsing
1570939201.6220002,347,442,None,Move,browsing
1570939201.627,347,443,None,Move,browsing
1570939201.6320002,347,444,None,Move,browsing
1570939201.646,346,445,None,Move,browsing
1570939201.6520002,345,446,None,Move,browsing
1570939201.657,344,448,None,Move,browsing
1570939201.6620002,342,449,None,Move,browsing
1570939215.143,343,443,None,Move,browsing
1570939215.16,345,437,None,Move,browsing
1570939215.176,348,430,None,Move,browsing
1570939215.191,352,423,None,Move,browsing
1570939215.209,357,416,None,Move,browsing
1570939215.225,362,409,None,Move,browsing
1570939215.238,368,402,None,Move,browsing
1570939215.25,373,395,None,Move,browsing
1570939215.2610002,379,389,None,Move,browsing
1570939215.272,384,382,None,Move,browsing
1570939215.283,389,376,None,Move,browsing
1570939215.294,394,369,None,Move,browsing
1570939215.305,397,363,None,Move,browsing
1570939215.3170002,400,359,None,Move,browsing
1570939215.3279998,402,355,None,Move,browsing
1570939215.3379998,403,353,None,Move,browsing
1570939215.35,403,351,None,Move,browsing
1570939215.361,404,350,None,Move,browsing
1570939215.373,404,350,None,Move,browsing
1570939215.385,404,349,None,Move,browsing
1570939215.395,404,349,None,Move,browsing
1570939215.406,404,348,None,Move,browsing
1570939215.495,404,348,None,Move,browsing
1570939215.516,405,347,None,Move,browsing
1570939215.532,405,346,None,Move,browsing
1570939215.548,405,345,None,Move,browsing
1570939215.564,407,343,None,Move,browsing
1570939215.5779998,413,339,None,Move,browsing
1570939215.593,422,331,None,Move,browsing
1570939215.607,434,320,None,Move,browsing
1570939215.625,449,301,None,Move,browsing
1570939215.6360002,466,279,None,Move,browsing
1570939215.6479998,489,250,None,Move,browsing
1570939215.659,517,216,None,Move,browsing
1570939215.67,538,190,None,Move,browsing
1570939215.681,559,164,None,Move,browsing
1570939215.6920002,579,139,None,Move,browsing
1570939215.7029998,594,118,None,Move,browsing
1570939215.714,609,97,None,Move,browsing
1570939215.726,625,80,None,Move,browsing
1570939215.736,638,65,None,Move,browsing
1570939215.7470002,647,56,None,Move,browsing
1570939215.7589998,652,49,None,Move,browsing
1570939215.769,655,46,None,Move,browsing
1570939215.781,657,44,None,Move,browsing
1570939215.792,657,44,None,Move,browsing
1570939215.803,657,44,None,Move,browsing
1570939215.99,660,49,None,Move,browsing
1570939216.008,664,55,None,Move,browsing
1570939216.026,669,61,None,Move,browsing
1570939216.044,675,67,None,Move,browsing
1570939216.061,680,71,None,Move,browsing
1570939216.08,684,74,None,Move,browsing
1570939216.097,687,76,None,Move,browsing
1570939216.1139998,690,77,None,Move,browsing
1570939216.1239998,692,77,None,Move,browsing
1570939216.1320002,694,78,None,Move,browsing
1570939216.1379998,697,78,None,Move,browsing
1570939216.144,699,78,None,Move,browsing
1570939216.149,701,78,None,Move,browsing
1570939216.155,704,78,None,Move,browsing
1570939216.161,706,78,None,Move,browsing
1570939216.167,707,78,None,Move,browsing
1570939216.173,708,78,None,Move,browsing
1570939216.179,709,78,None,Move,browsing
1570939216.184,710,78,None,Move,browsing
1570939216.19,710,78,None,Move,browsing
1570939216.196,711,78,None,Move,browsing
1570939216.201,711,78,None,Move,browsing
1570939216.207,712,77,None,Move,browsing
1570939216.2129998,712,77,None,Move,browsing
1570939216.218,712,77,None,Move,browsing
1570939216.225,712,76,None,Move,browsing
1570939216.23,712,75,None,Move,browsing
1570939216.236,712,74,None,Move,browsing
1570939216.242,712,73,None,Move,browsing
1570939216.248,712,72,None,Move,browsing
1570939216.254,711,71,None,Move,browsing
1570939216.26,711,70,None,Move,browsing
1570939216.266,710,69,None,Move,browsing
1570939216.272,710,69,None,Move,browsing
1570939216.2770002,709,68,None,Move,browsing
1570939216.283,709,68,None,Move,browsing
1570939216.289,709,67,None,Move,browsing
1570939216.295,708,67,None,Move,browsing
1570939216.3,708,66,None,Move,browsing
1570939216.305,707,66,None,Move,browsing
1570939216.331,707,66,None,Move,browsing
1570939216.403,707,66,Left,Pressed,browsing
1570939216.577,707,66,Left,Released,browsing
1570939217.235,701,79,None,Move,browsing
1570939217.248,697,94,None,Move,browsing
1570939217.2570002,692,110,None,Move,browsing
1570939217.2670002,688,132,None,Move,browsing
1570939217.2770002,685,153,None,Move,browsing
1570939217.285,680,174,None,Move,browsing
1570939217.295,676,197,None,Move,browsing
1570939217.303,672,221,None,Move,browsing
1570939217.313,667,243,None,Move,browsing
1570939217.322,663,264,None,Move,browsing
1570939217.331,659,287,None,Move,browsing
1570939217.341,657,309,None,Move,browsing
1570939217.349,656,330,None,Move,browsing
1570939217.359,655,352,None,Move,browsing
1570939217.3679998,655,372,None,Move,browsing
1570939217.377,655,392,None,Move,browsing
1570939217.385,655,411,None,Move,browsing
1570939217.395,657,429,None,Move,browsing
1570939217.404,659,447,None,Move,browsing
1570939217.413,661,462,None,Move,browsing
1570939217.421,664,475,None,Move,browsing
1570939217.431,666,487,None,Move,browsing
1570939217.44,667,499,None,Move,browsing
1570939217.449,668,507,None,Move,browsing
1570939217.458,669,515,None,Move,browsing
1570939217.466,671,520,None,Move,browsing
1570939217.474,672,525,None,Move,browsing
1570939217.4829998,673,528,None,Move,browsing
1570939217.4910002,674,530,None,Move,browsing
1570939217.646,669,544,None,Move,browsing
1570939217.667,664,562,None,Move,browsing
1570939217.685,659,578,None,Move,browsing
1570939217.7029998,655,595,None,Move,browsing
1570939217.7229998,650,610,None,Move,browsing
1570939217.7410002,645,625,None,Move,browsing
1570939217.7589998,640,637,None,Move,browsing
1570939217.776,635,650,None,Move,browsing
1570939217.794,630,663,None,Move,browsing
1570939217.811,625,676,None,Move,browsing
1570939217.8279998,620,687,None,Move,browsing
1570939217.843,617,696,None,Move,browsing
1570939217.857,614,704,None,Move,browsing
1570939217.8720002,612,712,None,Move,browsing
1570939217.887,611,720,None,Move,browsing
1570939217.9020002,611,727,None,Move,browsing
1570939217.916,611,732,None,Move,browsing
1570939217.931,611,736,None,Move,browsing
1570939217.947,611,738,None,Move,browsing
1570939217.964,611,740,None,Move,browsing
1570939217.978,611,741,None,Move,browsing
1570939217.995,611,741,None,Move,browsing
1570939218.054,598,738,None,Move,browsing
1570939218.074,587,736,None,Move,browsing
1570939218.093,577,732,None,Move,browsing
1570939218.113,566,729,None,Move,browsing
1570939218.1320002,556,725,None,Move,browsing
1570939218.151,544,722,None,Move,browsing
1570939218.171,533,720,None,Move,browsing
1570939218.188,525,718,None,Move,browsing
1570939218.207,518,716,None,Move,browsing
1570939218.225,514,715,None,Move,browsing
1570939218.244,510,713,None,Move,browsing
1570939218.2610002,506,712,None,Move,browsing
1570939218.279,502,711,None,Move,browsing
1570939218.296,500,711,None,Move,browsing
1570939218.312,498,710,None,Move,browsing
1570939218.327,496,709,None,Move,browsing
1570939218.342,495,708,None,Move,browsing
1570939218.357,495,707,None,Move,browsing
1570939218.3720002,494,707,None,Move,browsing
1570939218.387,493,706,None,Move,browsing
1570939218.403,486,708,None,Move,browsing
1570939218.418,480,710,None,Move,browsing
1570939218.434,474,711,None,Move,browsing
1570939218.45,469,712,None,Move,browsing
1570939218.466,464,713,None,Move,browsing
1570939218.481,457,715,None,Move,browsing
1570939218.498,449,716,None,Move,browsing
1570939218.514,440,718,None,Move,browsing
1570939218.53,430,720,None,Move,browsing
1570939218.546,422,721,None,Move,browsing
1570939218.562,416,721,None,Move,browsing
1570939218.577,412,721,None,Move,browsing
1570939218.593,408,721,None,Move,browsing
1570939218.61,405,721,None,Move,browsing
1570939218.6260002,402,721,None,Move,browsing
1570939218.641,399,721,None,Move,browsing
1570939218.655,397,721,None,Move,browsing
1570939218.668,395,721,None,Move,browsing
1570939218.6820002,393,721,None,Move,browsing
1570939218.696,392,721,None,Move,browsing
1570939218.71,390,721,None,Move,browsing
1570939218.724,388,721,None,Move,browsing
1570939218.738,387,721,None,Move,browsing
1570939218.752,386,721,None,Move,browsing
1570939218.766,385,721,None,Move,browsing
1570939218.779,384,721,None,Move,browsing
1570939218.793,383,721,None,Move,browsing
1570939218.8070002,383,721,None,Move,browsing
1570939218.822,382,721,None,Move,browsing
1570939218.835,382,721,None,Move,browsing
1570939218.849,382,721,None,Move,browsing
1570939218.863,381,721,None,Move,browsing
1570939218.8760002,380,721,None,Move,browsing
1570939218.89,380,721,None,Move,browsing
1570939218.905,380,720,None,Move,browsing
1570939218.919,380,720,None,Move,browsing
1570939218.9329998,380,720,None,Move,browsing
1570939218.948,380,720,None,Move,browsing
1570939218.961,380,719,None,Move,browsing
1570939218.975,380,719,None,Move,browsing
1570939218.9889998,380,719,None,Move,browsing
1570939219.0010002,380,719,None,Move,browsing
1570939219.0129998,380,719,None,Move,browsing
1570939219.026,380,719,None,Move,browsing
1570939219.038,380,718,None,Move,browsing
1570939219.051,380,718,None,Move,browsing
1570939219.087,380,717,None,Move,browsing
1570939219.248,380,717,None,Move,browsing
1570939219.2670002,381,717,None,Move,browsing
1570939219.284,381,717,None,Move,browsing
1570939219.3170002,381,717,None,Move,browsing
1570939219.344,381,717,None,Move,browsing
1570939219.3720002,382,717,None,Move,browsing
1570939219.3879998,382,717,None,Move,browsing
1570939219.4020002,382,717,None,Move,browsing
1570939219.416,382,717,None,Move,browsing
1570939219.431,382,717,None,Move,browsing
1570939219.445,382,717,None,Move,browsing
1570939219.459,383,717,None,Move,browsing
1570939219.474,384,718,None,Move,browsing
1570939219.4889998,386,719,None,Move,browsing
1570939219.504,390,723,None,Move,browsing
1570939219.518,393,728,None,Move,browsing
1570939219.532,396,733,None,Move,browsing
1570939219.546,401,743,None,Move,browsing
1570939219.561,407,754,None,Move,browsing
1570939219.575,413,765,None,Move,browsing
1570939219.59,420,777,None,Move,browsing
1570939219.604,427,789,None,Move,browsing
1570939219.619,435,798,None,Move,browsing
1570939219.6339998,442,809,None,Move,browsing
1570939219.647,447,819,None,Move,browsing
1570939219.663,452,829,None,Move,browsing
1570939219.678,456,839,None,Move,browsing
1570939219.694,461,848,None,Move,browsing
1570939219.708,466,857,None,Move,browsing
1570939219.7229998,470,865,None,Move,browsing
1570939219.736,475,873,None,Move,browsing
1570939219.7510002,481,884,None,Move,browsing
1570939219.7629998,486,897,None,Move,browsing
1570939219.775,491,908,None,Move,browsing
1570939219.789,495,916,None,Move,browsing
1570939219.801,499,923,None,Move,browsing
1570939219.813,504,929,None,Move,browsing
1570939219.826,511,935,None,Move,browsing
1570939219.978,508,936,None,Move,browsing
1570939219.9970002,504,937,None,Move,browsing
1570939220.015,501,937,None,Move,browsing
1570939220.033,497,937,None,Move,browsing
1570939220.048,493,937,None,Move,browsing
1570939220.064,490,937,None,Move,browsing
1570939220.079,486,937,None,Move,browsing
1570939220.096,483,937,None,Move,browsing
1570939220.1120002,480,937,None,Move,browsing
1570939220.13,477,937,None,Move,browsing
1570939220.146,474,936,None,Move,browsing
1570939220.163,472,936,None,Move,browsing
1570939220.178,471,935,None,Move,browsing
1570939220.1920002,470,935,None,Move,browsing
1570939220.207,470,935,None,Move,browsing
1570939220.222,469,935,None,Move,browsing
1570939220.236,468,935,None,Move,browsing
1570939220.25,467,935,None,Move,browsing
1570939220.2629998,467,935,None,Move,browsing
1570939220.275,466,934,None,Move,browsing
1570939220.2870002,465,934,None,Move,browsing
1570939220.528,465,934,None,Move,browsing
1570939220.548,466,934,None,Move,browsing
1570939220.565,466,934,None,Move,browsing
1570939220.582,466,934,None,Move,browsing
1570939220.6,467,934,None,Move,browsing
1570939220.617,467,934,None,Move,browsing
1570939220.633,468,934,None,Move,browsing
1570939220.6479998,469,934,None,Move,browsing
1570939220.664,471,934,None,Move,browsing
1570939220.68,473,935,None,Move,browsing
1570939220.696,475,935,None,Move,browsing
1570939220.712,477,935,None,Move,browsing
1570939220.728,479,936,None,Move,browsing
1570939220.742,482,936,None,Move,browsing
1570939220.756,484,936,None,Move,browsing
1570939220.771,485,936,None,Move,browsing
1570939220.784,487,936,None,Move,browsing
1570939220.799,488,936,None,Move,browsing
1570939220.814,489,936,None,Move,browsing
1570939220.827,491,936,None,Move,browsing
1570939220.839,492,936,None,Move,browsing
1570939220.8520002,494,936,None,Move,browsing
1570939220.865,495,936,None,Move,browsing
1570939220.877,496,936,None,Move,browsing
1570939220.89,497,936,None,Move,browsing
1570939220.903,498,936,None,Move,browsing
1570939220.915,499,935,None,Move,browsing
1570939220.927,499,935,None,Move,browsing
1570939223.482,493,933,None,Move,browsing
1570939223.5,486,930,None,Move,browsing
1570939223.5170002,478,926,None,Move,browsing
1570939223.535,468,921,None,Move,browsing
1570939223.553,455,915,None,Move,browsing
1570939223.572,440,908,None,Move,browsing
1570939223.59,427,901,None,Move,browsing
1570939223.6079998,417,895,None,Move,browsing
1570939223.6260002,409,891,None,Move,browsing
1570939223.643,401,885,None,Move,browsing
1570939223.6620002,391,880,None,Move,browsing
1570939223.68,380,874,None,Move,browsing
1570939223.697,370,867,None,Move,browsing
1570939223.714,362,861,None,Move,browsing
1570939223.732,357,857,None,Move,browsing
1570939223.75,353,854,None,Move,browsing
1570939223.7670002,350,851,None,Move,browsing
1570939223.785,347,848,None,Move,browsing
1570939223.801,344,846,None,Move,browsing
1570939223.8179998,342,845,None,Move,browsing
1570939223.835,341,843,None,Move,browsing
1570939223.853,339,842,None,Move,browsing
1570939223.869,337,841,None,Move,browsing
1570939223.8860002,336,840,None,Move,browsing
1570939223.903,335,840,None,Move,browsing
1570939223.921,335,839,None,Move,browsing
1570939223.939,334,839,None,Move,browsing
1570939223.956,334,838,None,Move,browsing
1570939223.975,329,837,None,Move,browsing
1570939223.992,325,837,None,Move,browsing
1570939224.01,319,836,None,Move,browsing
1570939224.0270002,314,834,None,Move,browsing
1570939224.045,308,833,None,Move,browsing
1570939224.063,303,832,None,Move,browsing
1570939224.082,298,830,None,Move,browsing
1570939224.099,292,829,None,Move,browsing
1570939224.117,287,827,None,Move,browsing
1570939224.137,282,826,None,Move,browsing
1570939224.154,277,825,None,Move,browsing
1570939224.1720002,272,824,None,Move,browsing
1570939224.19,267,823,None,Move,browsing
1570939224.208,263,822,None,Move,browsing
1570939224.2229998,261,822,None,Move,browsing
1570939224.24,258,821,None,Move,browsing
1570939224.256,256,821,None,Move,browsing
1570939224.272,255,820,None,Move,browsing
1570939224.2870002,253,819,None,Move,browsing
1570939224.302,252,819,None,Move,browsing
1570939224.316,251,818,None,Move,browsing
1570939224.331,250,818,None,Move,browsing
1570939224.345,249,817,None,Move,browsing
1570939224.36,249,817,None,Move,browsing
1570939224.375,248,817,None,Move,browsing
1570939224.391,247,817,None,Move,browsing
1570939224.406,246,817,None,Move,browsing
1570939224.42,245,817,None,Move,browsing
1570939224.435,244,817,None,Move,browsing
1570939224.45,243,817,None,Move,browsing
1570939224.464,242,817,None,Move,browsing
1570939224.479,241,817,None,Move,browsing
1570939224.494,240,817,None,Move,browsing
1570939224.5070002,240,817,None,Move,browsing
1570939224.521,238,817,None,Move,browsing
1570939224.535,237,817,None,Move,browsing
1570939224.548,236,817,None,Move,browsing
1570939224.562,235,817,None,Move,browsing
1570939224.577,234,817,None,Move,browsing
1570939224.593,233,817,None,Move,browsing
1570939224.61,232,817,None,Move,browsing
1570939224.6260002,231,817,None,Move,browsing
1570939224.637,230,817,None,Move,browsing
1570939224.644,229,817,None,Move,browsing
1570939224.6520002,228,817,None,Move,browsing
1570939224.66,227,817,None,Move,browsing
1570939224.667,226,816,None,Move,browsing
1570939224.675,225,816,None,Move,browsing
1570939224.6820002,225,816,None,Move,browsing
1570939224.69,225,815,None,Move,browsing
1570939224.697,225,815,None,Move,browsing
1570939224.704,225,815,None,Move,browsing
1570939224.711,224,814,None,Move,browsing
1570939224.719,224,813,None,Move,browsing
1570939224.726,223,813,None,Move,browsing
1570939224.734,223,812,None,Move,browsing
1570939224.7410002,223,811,None,Move,browsing
1570939224.748,223,811,None,Move,browsing
1570939224.7570002,223,810,None,Move,browsing
1570939224.764,223,809,None,Move,browsing
1570939224.772,224,808,None,Move,browsing
1570939224.78,224,808,None,Move,browsing
1570939224.796,229,809,Left,Pressed,browsing
1570939224.796,229,809,None,Drag,browsing
1570939224.803,237,811,None,Drag,browsing
1570939224.81,246,813,None,Drag,browsing
1570939224.8170002,255,815,None,Drag,browsing
1570939224.825,263,816,None,Drag,browsing
1570939224.832,270,818,None,Drag,browsing
1570939224.839,277,819,None,Drag,browsing
1570939224.846,282,820,None,Drag,browsing
1570939224.853,287,821,None,Drag,browsing
1570939224.86,292,822,None,Drag,browsing
1570939224.867,296,823,None,Drag,browsing
1570939224.8739998,299,823,None,Drag,browsing
1570939224.8820002,303,824,None,Drag,browsing
1570939224.889,306,824,None,Drag,browsing
1570939224.896,308,825,None,Drag,browsing
1570939224.903,310,825,None,Drag,browsing
1570939224.91,312,825,None,Drag,browsing
1570939224.917,314,826,None,Drag,browsing
1570939224.924,315,826,None,Drag,browsing
1570939224.9320002,317,826,None,Drag,browsing
1570939224.939,318,826,None,Drag,browsing
1570939224.946,320,826,None,Drag,browsing
1570939224.952,323,826,None,Drag,browsing
1570939224.96,325,826,None,Drag,browsing
1570939224.967,328,826,None,Drag,browsing
1570939224.974,332,827,None,Drag,browsing
1570939224.981,336,827,None,Drag,browsing
1570939224.988,339,828,None,Drag,browsing
1570939224.995,343,828,None,Drag,browsing
1570939225.002,346,829,None,Drag,browsing
1570939225.008,349,829,None,Drag,browsing
1570939225.016,353,830,None,Drag,browsing
1570939225.022,355,830,None,Drag,browsing
1570939225.029,358,831,None,Drag,browsing
1570939225.036,361,831,None,Drag,browsing
1570939225.043,364,831,None,Drag,browsing
1570939225.05,366,831,None,Drag,browsing
1570939225.0570002,369,831,None,Drag,browsing
1570939225.063,371,831,None,Drag,browsing
1570939225.064,371,831,Left,Released,browsing
1570939225.077,372,831,None,Move,browsing
1570939225.084,373,831,None,Move,browsing
1570939225.091,374,831,None,Move,browsing
1570939225.0979998,375,831,None,Move,browsing
1570939225.105,375,831,None,Move,browsing
1570939225.1120002,376,831,None,Move,browsing
1570939225.119,376,831,None,Move,browsing
1570939225.125,377,831,None,Move,browsing
1570939225.1339998,378,832,None,Move,browsing
1570939225.141,378,832,None,Move,browsing
1570939225.15,379,832,None,Move,browsing
1570939225.156,379,833,None,Move,browsing
1570939225.163,380,833,None,Move,browsing
1570939225.171,380,834,None,Move,browsing
1570939225.178,380,834,None,Move,browsing
1570939225.185,381,835,None,Move,browsing
1570939225.1920002,382,835,None,Move,browsing
1570939225.199,382,836,None,Move,browsing
1570939225.205,384,838,None,Move,browsing
1570939225.2129998,386,840,None,Move,browsing
1570939225.22,388,843,None,Move,browsing
1570939225.226,391,846,None,Move,browsing
1570939225.2329998,394,850,None,Move,browsing
1570939225.24,398,854,None,Move,browsing
1570939225.2470002,402,860,None,Move,browsing
1570939225.254,407,865,None,Move,browsing
1570939225.2610002,411,869,None,Move,browsing
1570939225.268,416,874,None,Move,browsing
1570939225.275,419,877,None,Move,browsing
1570939225.282,422,879,None,Move,browsing
1570939225.289,425,881,None,Move,browsing
1570939225.296,427,883,None,Move,browsing
1570939225.302,429,884,None,Move,browsing
1570939225.309,430,885,None,Move,browsing
1570939225.316,431,886,None,Move,browsing
1570939225.323,431,886,None,Move,browsing
1570939225.329,432,887,None,Move,browsing
1570939225.336,432,887,None,Move,browsing
1570939225.343,432,887,Left,Pressed,browsing
1570939225.349,432,887,Left,Released,browsing
1570939307.322,432,888,None,Move,browsing
1570939307.337,432,888,None,Move,browsing
1570939307.351,432,889,None,Move,browsing
1570939307.365,432,889,None,Move,browsing
1570939307.3779998,432,890,None,Move,browsing
1570939307.39,432,891,None,Move,browsing
1570939307.403,433,892,None,Move,browsing
1570939307.417,433,895,None,Move,browsing
1570939307.431,434,900,None,Move,browsing
1570939307.444,435,904,None,Move,browsing
1570939307.456,436,908,None,Move,browsing
1570939307.469,437,912,None,Move,browsing
1570939307.482,438,915,None,Move,browsing
1570939307.495,438,917,None,Move,browsing
1570939307.508,438,918,None,Move,browsing
1570939307.521,438,919,None,Move,browsing
1570939307.535,438,920,None,Move,browsing
1570939307.546,438,921,None,Move,browsing
1570939307.5579998,438,922,None,Move,browsing
1570939307.57,438,923,None,Move,browsing
1570939307.582,438,923,None,Move,browsing
1570939307.593,438,924,None,Move,browsing
1570939307.605,438,924,None,Move,browsing
1570939307.6160002,438,925,None,Move,browsing
1570939307.6279998,439,926,None,Move,browsing
1570939307.639,439,926,None,Move,browsing
1570939307.651,439,927,None,Move,browsing
1570939307.9770002,440,926,None,Move,browsing
1570939307.9910002,440,926,None,Move,browsing
1570939308.004,440,925,None,Move,browsing
1570939308.019,440,925,None,Move,browsing
1570939308.033,440,924,None,Move,browsing
1570939308.046,440,924,None,Move,browsing
1570939308.06,441,923,None,Move,browsing
1570939308.071,441,923,None,Move,browsing
1570939308.085,442,921,None,Move,browsing
1570939369.404,440,912,None,Move,browsing
1570939369.4220002,438,900,None,Move,browsing
1570939369.44,435,890,None,Move,browsing
1570939369.455,432,880,None,Move,browsing
1570939369.472,429,869,None,Move,browsing
1570939369.488,424,857,None,Move,browsing
1570939369.502,419,845,None,Move,browsing
1570939369.516,413,834,None,Move,browsing
1570939369.531,406,821,None,Move,browsing
1570939369.546,400,808,None,Move,browsing
1570939369.562,393,797,None,Move,browsing
1570939369.576,388,785,None,Move,browsing
1570939369.59,384,774,None,Move,browsing
1570939369.603,380,764,None,Move,browsing
1570939369.615,375,755,None,Move,browsing
1570939369.6279998,371,746,None,Move,browsing
1570939369.64,367,739,None,Move,browsing
1570939369.6520002,364,733,None,Move,browsing
1570939369.663,362,730,None,Move,browsing
1570939369.675,360,727,None,Move,browsing
1570939369.687,357,725,None,Move,browsing
1570939369.699,356,724,None,Move,browsing
1570939369.711,355,723,None,Move,browsing
1570939369.722,354,723,None,Move,browsing
1570939369.734,354,723,None,Move,browsing
1570939369.7470002,353,723,None,Move,browsing
1570939369.76,352,722,None,Move,browsing
1570939369.772,352,723,None,Move,browsing
1570939369.784,351,727,None,Move,browsing
1570939369.796,351,732,None,Move,browsing
1570939369.8079998,351,737,None,Move,browsing
1570939369.82,351,743,None,Move,browsing
1570939369.832,351,749,None,Move,browsing
1570939369.843,353,756,None,Move,browsing
1570939369.855,356,763,None,Move,browsing
1570939369.8660002,359,771,None,Move,browsing
1570939369.8779998,363,779,None,Move,browsing
1570939369.889,368,789,None,Move,browsing
1570939369.9020002,372,798,None,Move,browsing
1570939369.913,376,806,None,Move,browsing
1570939369.925,381,813,None,Move,browsing
1570939369.936,387,821,None,Move,browsing
1570939369.947,394,828,None,Move,browsing
1570939369.958,401,836,None,Move,browsing
1570939369.969,409,844,None,Move,browsing
1570939369.979,416,852,None,Move,browsing
1570939369.9889998,421,859,None,Move,browsing
1570939370.0,425,865,None,Move,browsing
1570939370.01,428,869,None,Move,browsing
1570939370.022,431,872,None,Move,browsing
1570939370.033,433,875,None,Move,browsing
1570939370.044,436,877,None,Move,browsing
1570939370.054,437,880,None,Move,browsing
1570939370.066,438,881,None,Move,browsing
1570939370.077,440,884,None,Move,browsing
1570939370.087,441,886,None,Move,browsing
1570939370.206,439,883,None,Move,browsing
1570939370.2229998,438,879,None,Move,browsing
1570939370.238,436,876,None,Move,browsing
1570939370.254,434,874,None,Move,browsing
1570939370.268,433,871,None,Move,browsing
1570939370.282,432,869,None,Move,browsing
1570939370.296,431,867,None,Move,browsing
1570939370.309,430,865,None,Move,browsing
1570939370.322,430,864,None,Move,browsing
1570939370.335,429,864,None,Move,browsing
1570939370.347,429,864,None,Move,browsing
1570939370.36,429,863,None,Move,browsing
1570939370.371,429,863,None,Move,browsing
1570939370.3820002,429,862,None,Move,browsing
1570939370.394,429,862,None,Move,browsing
1570939370.406,429,861,None,Move,browsing
1570939370.418,429,861,None,Move,browsing
1570939370.428,428,860,None,Move,browsing
1570939374.065,421,861,None,Move,browsing
1570939374.077,412,863,None,Move,browsing
1570939374.089,404,863,None,Move,browsing
1570939374.104,397,864,None,Move,browsing
1570939374.1179998,390,864,None,Move,browsing
1570939374.135,385,864,None,Move,browsing
1570939374.15,380,864,None,Move,browsing
1570939374.165,374,865,None,Move,browsing
1570939374.18,367,865,None,Move,browsing
1570939374.195,361,865,None,Move,browsing
1570939374.21,352,865,None,Move,browsing
1570939374.224,343,865,None,Move,browsing
1570939374.2389998,335,864,None,Move,browsing
1570939374.2529998,328,863,None,Move,browsing
1570939374.268,322,863,None,Move,browsing
1570939374.283,318,862,None,Move,browsing
1570939374.295,314,862,None,Move,browsing
1570939374.309,310,861,None,Move,browsing
1570939374.321,307,860,None,Move,browsing
1570939374.334,305,859,None,Move,browsing
1570939374.346,302,858,None,Move,browsing
1570939374.3579998,299,858,None,Move,browsing
1570939374.369,295,857,None,Move,browsing
1570939374.381,292,856,None,Move,browsing
1570939374.3920002,290,856,None,Move,browsing
1570939374.403,288,855,None,Move,browsing
1570939374.415,287,855,None,Move,browsing
1570939374.426,286,855,None,Move,browsing
1570939374.437,286,855,None,Move,browsing
1570939374.449,285,855,None,Move,browsing
1570939374.46,284,854,None,Move,browsing
1570939374.596,285,854,None,Move,browsing
1570939374.613,285,854,None,Move,browsing
1570939374.629,285,854,None,Move,browsing
1570939374.644,286,854,None,Move,browsing
1570939374.658,286,854,None,Move,browsing
1570939374.671,286,853,None,Move,browsing
1570939374.684,287,853,None,Move,browsing
1570939374.697,287,853,None,Move,browsing
1570939374.71,288,852,None,Move,browsing
1570939374.7229998,288,852,None,Move,browsing
1570939374.736,288,852,None,Move,browsing
1570939374.748,288,851,None,Move,browsing
1570939374.7610002,289,851,None,Move,browsing
1570939374.775,289,851,None,Move,browsing
1570939374.788,289,851,None,Move,browsing
1570939374.801,289,851,None,Move,browsing
1570939374.814,290,851,None,Move,browsing
1570939374.827,290,851,None,Move,browsing
1570939374.839,290,851,None,Move,browsing
1570939374.853,291,851,None,Move,browsing
1570939374.867,291,851,None,Move,browsing
1570939374.881,291,851,None,Move,browsing
1570939374.894,292,851,None,Move,browsing
1570939374.907,292,851,None,Move,browsing
1570939374.921,293,851,None,Move,browsing
1570939374.935,294,851,None,Move,browsing
1570939374.948,295,851,None,Move,browsing
1570939374.961,297,851,None,Move,browsing
1570939374.975,299,850,None,Move,browsing
1570939374.988,301,849,None,Move,browsing
1570939375.0010002,304,849,None,Move,browsing
1570939375.014,308,849,None,Move,browsing
1570939375.0270002,312,848,None,Move,browsing
1570939375.04,316,848,None,Move,browsing
1570939375.052,321,848,None,Move,browsing
1570939375.064,325,848,None,Move,browsing
1570939375.0779998,330,848,None,Move,browsing
1570939375.09,334,848,None,Move,browsing
1570939375.101,338,848,None,Move,browsing
1570939375.113,341,848,None,Move,browsing
1570939375.1239998,345,848,None,Move,browsing
1570939375.1360002,347,848,None,Move,browsing
1570939375.1479998,349,848,None,Move,browsing
1570939375.159,351,848,None,Move,browsing
1570939375.17,352,848,None,Move,browsing
1570939375.1820002,353,848,None,Move,browsing
1570939375.1929998,354,848,None,Move,browsing
1570939375.205,355,848,None,Move,browsing
1570939375.216,356,848,None,Move,browsing
1570939375.228,357,848,None,Move,browsing
1570939375.2389998,357,848,None,Move,browsing
1570939375.25,358,847,None,Move,browsing
1570939375.262,359,847,None,Move,browsing
1570939375.274,361,847,None,Move,browsing
1570939375.4529998,370,844,None,Move,browsing
1570939375.471,383,841,None,Move,browsing
1570939375.488,396,838,None,Move,browsing
1570939375.506,407,835,None,Move,browsing
1570939375.5229998,414,833,None,Move,browsing
1570939375.539,420,830,None,Move,browsing
1570939375.556,425,828,None,Move,browsing
1570939375.572,430,827,None,Move,browsing
1570939375.5879998,434,825,None,Move,browsing
1570939375.604,436,824,None,Move,browsing
1570939375.619,439,823,None,Move,browsing
1570939375.635,442,822,None,Move,browsing
1570939375.649,444,822,None,Move,browsing
1570939375.664,447,821,None,Move,browsing
1570939375.679,450,820,None,Move,browsing
1570939375.691,452,819,None,Move,browsing
1570939375.704,455,818,None,Move,browsing
1570939375.717,458,817,None,Move,browsing
1570939375.729,461,816,None,Move,browsing
1570939375.742,465,815,None,Move,browsing
1570939375.754,468,813,None,Move,browsing
1570939375.7670002,473,812,None,Move,browsing
1570939375.779,478,810,None,Move,browsing
1570939375.791,483,808,None,Move,browsing
1570939435.8379998,486,795,None,Move,browsing
1570939435.85,490,779,None,Move,browsing
1570939435.865,495,764,None,Move,browsing
1570939435.883,500,750,None,Move,browsing
1570939435.901,504,737,None,Move,browsing
1570939435.919,509,724,None,Move,browsing
1570939435.937,513,712,None,Move,browsing
1570939435.955,517,701,None,Move,browsing
1570939435.972,522,690,None,Move,browsing
1570939435.992,526,678,None,Move,browsing
1570939436.0110002,530,666,None,Move,browsing
1570939436.029,537,653,None,Move,browsing
1570939436.044,544,642,None,Move,browsing
1570939436.059,553,631,None,Move,browsing
1570939436.075,561,618,None,Move,browsing
1570939436.09,568,606,None,Move,browsing
1570939436.103,575,594,None,Move,browsing
1570939436.117,582,584,None,Move,browsing
1570939436.131,586,576,None,Move,browsing
1570939436.146,590,571,None,Move,browsing
1570939436.159,593,568,None,Move,browsing
1570939436.171,595,565,None,Move,browsing
1570939436.186,596,563,None,Move,browsing
1570939436.199,597,562,None,Move,browsing
1570939436.214,597,561,None,Move,browsing
1570939436.2270002,598,560,None,Move,browsing
1570939436.332,603,551,None,Move,browsing
1570939436.351,610,539,None,Move,browsing
1570939436.369,618,525,None,Move,browsing
1570939436.387,624,512,None,Move,browsing
1570939436.404,629,500,None,Move,browsing
1570939436.42,634,489,None,Move,browsing
1570939436.435,638,479,None,Move,browsing
1570939436.452,641,470,None,Move,browsing
1570939436.468,645,461,None,Move,browsing
1570939436.482,648,453,None,Move,browsing
1570939436.496,651,447,None,Move,browsing
1570939436.51,653,442,None,Move,browsing
1570939436.524,654,439,None,Move,browsing
1570939436.5370002,655,436,None,Move,browsing
1570939436.551,655,435,None,Move,browsing
1570939436.564,656,434,None,Move,browsing
1570939436.5779998,656,433,None,Move,browsing
1570939436.591,656,433,None,Move,browsing
1570939436.702,649,432,None,Move,browsing
1570939436.72,642,431,None,Move,browsing
1570939436.7389998,633,427,None,Move,browsing
1570939436.7570002,622,422,None,Move,browsing
1570939436.775,607,414,None,Move,browsing
1570939436.793,591,405,None,Move,browsing
1570939436.812,581,397,None,Move,browsing
1570939436.83,574,390,None,Move,browsing
1570939436.8479998,566,383,None,Move,browsing
1570939436.867,559,378,None,Move,browsing
1570939436.883,552,373,None,Move,browsing
1570939436.899,545,369,None,Move,browsing
1570939436.915,540,366,None,Move,browsing
1570939436.931,536,364,None,Move,browsing
1570939436.947,534,362,None,Move,browsing
1570939436.964,533,361,None,Move,browsing
1570939436.978,531,360,None,Move,browsing
1570939436.9929998,531,360,None,Move,browsing
1570939437.008,530,360,None,Move,browsing
1570939437.024,529,360,None,Move,browsing
1570939437.073,528,358,None,Move,browsing
1570939437.09,527,357,None,Move,browsing
1570939437.107,526,355,None,Move,browsing
1570939437.1279998,525,353,None,Move,browsing
1570939437.147,525,351,None,Move,browsing
1570939437.167,524,349,None,Move,browsing
1570939437.185,523,347,None,Move,browsing
1570939437.2029998,522,346,None,Move,browsing
1570939437.222,521,345,None,Move,browsing
1570939437.2410002,521,344,None,Move,browsing
1570939437.26,520,343,None,Move,browsing
1570939437.2770002,520,343,None,Move,browsing
1570939437.295,520,342,None,Move,browsing
1570939437.314,520,341,None,Move,browsing
1570939437.332,520,340,None,Move,browsing
1570939437.351,520,340,None,Move,browsing
1570939437.3679998,520,339,None,Move,browsing
1570939437.3860002,520,338,None,Move,browsing
1570939437.403,520,338,None,Move,browsing
1570939437.42,520,338,None,Move,browsing
1570939437.436,520,337,None,Move,browsing
1570939437.45,520,337,None,Move,browsing
1570939437.465,520,336,None,Move,browsing
1570939437.48,521,334,None,Move,browsing
1570939437.495,524,333,None,Move,browsing
1570939437.5110002,529,332,None,Move,browsing
1570939437.526,534,332,None,Move,browsing
1570939437.54,541,332,None,Move,browsing
1570939437.556,552,332,None,Move,browsing
1570939437.57,563,333,None,Move,browsing
1570939437.582,572,334,None,Move,browsing
1570939437.595,580,336,None,Move,browsing
1570939437.607,586,337,None,Move,browsing
1570939437.62,590,338,None,Move,browsing
1570939437.631,592,339,None,Move,browsing
1570939437.6420002,594,340,None,Move,browsing
1570939437.653,596,340,None,Move,browsing
1570939437.665,596,340,None,Move,browsing
1570939437.676,597,340,None,Move,browsing
1570939437.688,597,340,None,Move,browsing
1570939437.699,598,340,None,Move,browsing
1570939437.8179998,603,339,None,Move,browsing
1570939437.837,609,339,None,Move,browsing
1570939437.853,616,338,None,Move,browsing
1570939437.87,623,337,None,Move,browsing
1570939437.8860002,628,336,None,Move,browsing
1570939437.9020002,632,336,None,Move,browsing
1570939437.917,634,335,None,Move,browsing
1570939437.931,635,335,None,Move,browsing
1570939437.945,636,335,None,Move,browsing
1570939437.958,636,335,None,Move,browsing
1570939437.972,637,335,None,Move,browsing
1570939437.986,637,335,None,Move,browsing
1570939438.0,637,335,None,Move,browsing
1570939438.014,638,335,None,Move,browsing
1570939438.0270002,638,335,None,Move,browsing
1570939438.042,639,335,None,Move,browsing
1570939438.054,639,335,None,Move,browsing
1570939438.0670002,640,335,None,Move,browsing
1570939438.081,640,335,None,Move,browsing
1570939438.093,641,335,None,Move,browsing
1570939438.1020002,641,335,None,Move,browsing
1570939438.11,641,335,None,Move,browsing
1570939438.119,641,335,None,Move,browsing
1570939438.127,642,335,None,Move,browsing
1570939438.222,644,335,Left,Pressed,browsing
1570939438.222,644,335,None,Drag,browsing
1570939438.238,648,335,None,Drag,browsing
1570939438.256,654,335,None,Drag,browsing
1570939438.274,659,335,None,Drag,browsing
1570939438.293,664,335,None,Drag,browsing
1570939438.3070002,669,335,None,Drag,browsing
1570939438.319,674,335,None,Drag,browsing
1570939438.331,679,335,None,Drag,browsing
1570939438.343,685,335,None,Drag,browsing
1570939438.356,690,335,None,Drag,browsing
1570939438.369,697,335,None,Drag,browsing
1570939438.3820002,705,335,None,Drag,browsing
1570939438.394,713,335,None,Drag,browsing
1570939438.408,720,335,None,Drag,browsing
1570939438.42,726,336,None,Drag,browsing
1570939438.4329998,732,336,None,Drag,browsing
1570939438.445,738,337,None,Drag,browsing
1570939438.456,743,337,None,Drag,browsing
1570939438.468,748,338,None,Drag,browsing
1570939438.479,753,339,None,Drag,browsing
1570939438.49,758,340,None,Drag,browsing
1570939438.5010002,762,340,None,Drag,browsing
1570939438.5129998,766,341,None,Drag,browsing
1570939438.5229998,769,341,None,Drag,browsing
1570939438.534,772,342,None,Drag,browsing
1570939438.545,774,343,None,Drag,browsing
1570939438.556,777,343,None,Drag,browsing
1570939438.5670002,779,344,None,Drag,browsing
1570939438.579,781,345,None,Drag,browsing
1570939438.59,783,345,None,Drag,browsing
1570939438.601,785,345,None,Drag,browsing
1570939438.6120002,785,345,None,Drag,browsing
1570939438.623,786,345,None,Drag,browsing
1570939438.6339998,787,346,None,Drag,browsing
1570939438.635,787,346,Left,Released,browsing
1570939438.657,788,346,None,Move,browsing
1570939438.668,788,347,None,Move,browsing
1570939438.679,788,348,None,Move,browsing
1570939438.69,791,350,None,Move,browsing
1570939438.702,795,353,None,Move,browsing
1570939438.7129998,801,358,None,Move,browsing
1570939438.725,809,363,None,Move,browsing
1570939438.7370002,817,369,None,Move,browsing
1570939438.7470002,824,374,None,Move,browsing
1570939438.758,831,381,None,Move,browsing
1570939438.769,838,391,None,Move,browsing
1570939438.781,842,399,None,Move,browsing
1570939438.792,844,403,None,Move,browsing
1570939438.804,845,406,None,Move,browsing
1570939438.816,845,407,None,Move,browsing
1570939438.827,846,408,None,Move,browsing
1570939438.8379998,846,408,None,Move,browsing
1570939438.849,846,409,None,Move,browsing
1570939438.86,846,409,None,Move,browsing
1570939438.87,846,410,None,Move,browsing
1570939438.881,846,410,None,Move,browsing
1570939438.8920002,846,411,None,Move,browsing
1570939438.903,846,411,None,Move,browsing
1570939438.914,846,412,None,Move,browsing
1570939438.925,846,412,None,Move,browsing
1570939438.937,846,412,None,Move,browsing
1570939438.949,846,413,None,Move,browsing
1570939438.96,846,413,None,Move,browsing
1570939438.971,846,414,None,Move,browsing
1570939438.981,846,414,Left,Pressed,browsing
1570939438.9929998,846,414,Left,Released,browsing
1570939439.004,841,409,None,Move,browsing
1570939439.014,833,404,None,Move,browsing
1570939439.026,825,399,None,Move,browsing
1570939439.0370002,815,395,None,Move,browsing
1570939439.049,804,391,None,Move,browsing
1570939439.06,794,388,None,Move,browsing
1570939439.071,783,386,None,Move,browsing
1570939439.082,772,383,None,Move,browsing
1570939439.094,761,379,None,Move,browsing
1570939439.106,750,375,None,Move,browsing
1570939439.117,737,372,None,Move,browsing
1570939439.131,725,369,None,Move,browsing
1570939439.1420002,714,366,None,Move,browsing
1570939439.153,703,363,None,Move,browsing
1570939439.164,692,362,None,Move,browsing
1570939439.175,682,360,None,Move,browsing
1570939439.187,673,358,None,Move,browsing
1570939439.198,665,357,None,Move,browsing
1570939439.21,657,356,None,Move,browsing
1570939439.22,649,356,None,Move,browsing
1570939439.232,640,355,None,Move,browsing
1570939439.242,630,355,None,Move,browsing
1570939439.2529998,620,355,None,Move,browsing
1570939439.265,610,355,None,Move,browsing
1570939439.276,602,355,None,Move,browsing
1570939439.2870002,594,355,None,Move,browsing
1570939439.299,587,355,None,Move,browsing
1570939439.311,580,355,None,Move,browsing
1570939439.321,572,355,None,Move,browsing
1570939439.333,565,355,None,Move,browsing
1570939439.344,557,354,None,Move,browsing
1570939439.355,551,354,None,Move,browsing
1570939439.3660002,545,354,None,Move,browsing
1570939439.3760002,538,354,None,Move,browsing
1570939439.387,530,355,None,Move,browsing
1570939439.3979998,522,356,None,Move,browsing
1570939439.409,513,357,None,Move,browsing
1570939439.419,504,357,None,Move,browsing
1570939439.43,497,357,None,Move,browsing
1570939439.44,491,358,None,Move,browsing
1570939439.451,486,359,None,Move,browsing
1570939439.462,481,361,None,Move,browsing
1570939439.472,477,362,None,Move,browsing
1570939439.4829998,473,363,None,Move,browsing
1570939439.494,470,365,None,Move,browsing
1570939439.505,467,366,None,Move,browsing
1570939439.515,465,367,None,Move,browsing
1570939439.525,463,368,None,Move,browsing
1570939439.536,462,368,None,Move,browsing
1570939439.5470002,453,369,None,Move,browsing
1570939439.5579998,443,369,None,Move,browsing
1570939439.569,435,370,None,Move,browsing
1570939439.58,426,370,None,Move,browsing
1570939439.591,413,370,None,Move,browsing
1570939439.6020002,397,370,None,Move,browsing
1570939439.613,383,370,None,Move,browsing
1570939439.625,374,371,None,Move,browsing
1570939439.637,367,371,None,Move,browsing
1570939439.6479998,360,371,None,Move,browsing
1570939439.659,354,371,None,Move,browsing
1570939439.67,348,371,None,Move,browsing
1570939439.681,342,371,None,Move,browsing
1570939439.6920002,337,371,None,Move,browsing
1570939439.7029998,333,371,None,Move,browsing
1570939439.714,330,371,None,Move,browsing
1570939439.725,328,371,None,Move,browsing
1570939439.736,327,371,None,Move,browsing
1570939439.7470002,326,371,None,Move,browsing
1570939439.758,325,371,None,Move,browsing
1570939439.769,325,371,None,Move,browsing
1570939439.779,324,371,None,Move,browsing
1570939439.79,324,371,None,Move,browsing
1570939439.801,324,371,None,Move,browsing
1570939439.91,324,370,None,Move,browsing
1570939439.928,324,370,None,Move,browsing
1570939439.9429998,324,369,None,Move,browsing
1570939439.958,326,367,None,Move,browsing
1570939439.9729998,329,366,None,Move,browsing
1570939439.9870002,331,366,None,Move,browsing
1570939440.0029998,334,366,None,Move,browsing
1570939440.018,337,366,None,Move,browsing
1570939440.034,339,366,None,Move,browsing
1570939440.049,341,366,None,Move,browsing
1570939440.063,343,366,None,Move,browsing
1570939440.076,344,366,None,Move,browsing
1570939440.089,345,366,None,Move,browsing
1570939440.1020002,347,366,None,Move,browsing
1570939440.1160002,348,366,None,Move,browsing
1570939440.131,349,366,None,Move,browsing
1570939440.144,351,366,None,Move,browsing
1570939440.153,352,366,None,Move,browsing
1570939440.161,354,366,None,Move,browsing
1570939440.168,355,366,None,Move,browsing
1570939440.175,356,366,None,Move,browsing
1570939440.18,357,366,None,Move,browsing
1570939440.186,358,366,None,Move,browsing
1570939440.1929998,359,366,None,Move,browsing
1570939440.199,360,366,None,Move,browsing
1570939440.205,360,366,None,Move,browsing
1570939440.211,360,366,None,Move,browsing
1570939440.216,361,366,None,Move,browsing
1570939440.222,361,366,None,Move,browsing
1570939440.226,362,366,None,Move,browsing
1570939440.231,362,366,None,Move,browsing
1570939440.236,363,366,None,Move,browsing
1570939440.2410002,363,366,None,Move,browsing
1570939440.246,364,366,None,Move,browsing
1570939440.2510002,364,366,None,Move,browsing
1570939440.255,364,366,None,Move,browsing
1570939440.26,365,366,None,Move,browsing
1570939440.265,366,366,None,Move,browsing
1570939440.27,366,366,None,Move,browsing
1570939440.274,367,366,None,Move,browsing
1570939440.279,369,366,None,Move,browsing
1570939440.284,373,366,None,Move,browsing
1570939440.288,380,367,None,Move,browsing
1570939440.293,388,369,None,Move,browsing
1570939440.298,397,370,None,Move,browsing
1570939440.302,405,372,None,Move,browsing
1570939440.3070002,413,374,None,Move,browsing
1570939440.311,420,376,None,Move,browsing
1570939440.315,428,379,None,Move,browsing
1570939440.32,437,382,None,Move,browsing
1570939440.324,448,386,None,Move,browsing
1570939440.329,458,389,None,Move,browsing
1570939440.334,465,391,None,Move,browsing
1570939440.3379998,472,394,None,Move,browsing
1570939440.343,477,396,None,Move,browsing
1570939440.347,481,397,None,Move,browsing
1570939440.3520002,484,399,None,Move,browsing
1570939440.356,487,400,None,Move,browsing
1570939440.361,489,401,None,Move,browsing
1570939440.3660002,491,402,None,Move,browsing
1570939440.37,492,402,None,Move,browsing
1570939440.3739998,492,402,None,Move,browsing
1570939440.379,493,402,None,Move,browsing
1570939440.383,494,402,None,Move,browsing
1570939440.3879998,494,402,None,Move,browsing
1570939440.418,494,402,None,Move,browsing
1570939441.066,494,403,None,Move,browsing
1570939441.082,495,404,None,Move,browsing
1570939441.096,496,404,None,Move,browsing
1570939441.111,496,404,None,Move,browsing
1570939441.1260002,496,405,None,Move,browsing
1570939441.1420002,497,406,None,Move,browsing
1570939441.156,500,408,None,Move,browsing
1570939441.17,503,410,None,Move,browsing
1570939441.1829998,505,412,None,Move,browsing
1570939441.199,508,414,None,Move,browsing
1570939441.214,510,416,None,Move,browsing
1570939441.228,513,418,None,Move,browsing
1570939441.2429998,515,420,None,Move,browsing
1570939441.2570002,516,421,None,Move,browsing
1570939441.272,517,421,None,Move,browsing
1570939441.285,518,422,None,Move,browsing
1570939441.299,519,423,None,Move,browsing
1570939441.314,520,423,None,Move,browsing
1570939441.327,520,424,None,Move,browsing
1570939441.339,520,424,None,Move,browsing
1570939441.3520002,521,424,None,Move,browsing
1570939441.365,521,425,None,Move,browsing
1570939441.379,522,425,None,Move,browsing
1570939441.3920002,522,426,None,Move,browsing
1570939441.403,523,426,None,Move,browsing
1570939441.416,523,426,None,Move,browsing
