client_timestamp,x,y,button,state,window
1573806753.855,1736,-2,None,Move,development
1573806753.8620002,1741,-1,None,Move,development
1573806753.885,1745,-1,None,Move,development
1573806753.8920002,1776,-5,None,Move,development
1573806753.901,1813,-8,None,Move,development
1573806753.906,1852,-4,None,Move,development
1573806753.916,1903,1,None,Move,development
1573806753.925,1952,20,None,Move,development
1573806753.9329998,1958,26,None,Move,development
1573806753.941,1967,25,None,Move,development
1573806753.949,1958,21,None,Move,development
1573806753.957,1964,16,None,Move,development
1573806753.965,1965,7,None,Move,development
1573806753.9729998,1956,-1,None,Move,development
1573806753.979,1953,-10,None,Move,development
1573806753.986,1944,-9,None,Move,development
1573806753.995,1937,-7,None,Move,development
1573806754.0010002,1936,-4,None,Move,development
1573806754.0110002,1937,-6,None,Move,development
1573806754.018,1936,-6,None,Move,development
1573806754.026,1937,-6,None,Move,development
1573806754.035,1935,-9,None,Move,development
1573806754.043,1932,-8,None,Move,development
1573806754.049,1929,-8,None,Move,development
1573806754.056,1929,-8,None,Move,development
1573806754.062,1926,-5,None,Move,development
1573806754.072,1926,-3,None,Move,development
1573806754.08,1928,-2,None,Move,development
1573806754.089,1930,-3,None,Move,development
1573806754.097,1926,-3,None,Move,development
1573806754.105,1921,0,None,Move,development
1573807296.185,1919,2,None,Move,development
1573807296.266,1806,363,None,Move,development
1573807296.327,1809,361,None,Move,development
1573807296.333,1811,359,None,Move,development
1573807296.341,1813,358,None,Move,development
1573807296.3479998,1813,357,None,Move,development
1573807296.3979998,1813,357,None,Move,development
1573807296.405,1806,365,None,Move,development
1573807296.4120002,1794,380,None,Move,development
1573807296.418,1778,401,None,Move,development
1573807296.428,1764,424,None,Move,development
1573807296.434,1749,451,None,Move,development
1573807296.4429998,1732,478,None,Move,development
1573807296.448,1719,501,None,Move,development
1573807296.458,1709,523,None,Move,development
1573807296.466,1696,549,None,Move,development
1573807296.476,1678,579,None,Move,development
1573807296.482,1646,620,None,Move,development
1573807296.4910002,1605,666,None,Move,development
1573807296.496,1560,721,None,Move,development
1573807296.505,1498,767,None,Move,development
1573807296.512,1444,810,None,Move,development
1573807296.521,1390,841,None,Move,development
1573807296.5270002,1340,870,None,Move,development
1573807296.534,1297,892,None,Move,development
1573807296.545,1257,903,None,Move,development
1573807296.554,1212,916,None,Move,development
1573807296.559,1163,925,None,Move,development
1573807296.569,1113,937,None,Move,development
1573807296.575,1073,945,None,Move,development
1573807296.58,1022,956,None,Move,development
1573807296.592,969,968,None,Move,development
1573807296.599,921,970,None,Move,development
1573807296.607,873,969,None,Move,development
1573807296.615,827,965,None,Move,development
1573807296.621,785,961,None,Move,development
1573807296.631,751,959,None,Move,development
1573807296.64,720,959,None,Move,development
1573807296.646,691,961,None,Move,development
1573807296.65,665,965,None,Move,development
1573807296.661,649,967,None,Move,development
1573807296.669,635,969,None,Move,development
1573807296.677,625,969,None,Move,development
1573807296.685,618,967,None,Move,development
1573807296.6929998,614,967,None,Move,development
1573807296.7,612,967,None,Move,development
1573807296.706,610,968,None,Move,development
1573807296.718,609,970,None,Move,development
1573807296.7229998,607,972,None,Move,development
1573807296.73,605,974,None,Move,development
1573807296.7389998,603,980,None,Move,development
1573807296.748,602,982,None,Move,development
1573807296.755,601,986,None,Move,development
1573807296.7610002,601,990,None,Move,development
1573807296.771,600,994,None,Move,development
1573807296.7770002,598,1001,None,Move,development
1573807296.7870002,596,1008,None,Move,development
1573807296.793,594,1015,None,Move,development
1573807296.801,593,1024,None,Move,development
1573807296.81,592,1034,None,Move,development
1573807296.8170002,592,1042,None,Move,development
1573807296.824,592,1049,None,Move,development
1573807296.834,592,1054,None,Move,development
1573807296.842,593,1056,None,Move,development
1573807296.847,594,1058,None,Move,development
1573807296.857,598,1058,None,Move,development
1573807296.8660002,600,1059,None,Move,development
1573807296.873,602,1059,None,Move,development
1573807296.8779998,603,1059,None,Move,development
1573807296.8879998,605,1059,None,Move,development
1573807296.896,606,1059,None,Move,development
1573807296.904,609,1061,None,Move,development
1573807296.911,611,1062,None,Move,development
1573807296.92,613,1064,None,Move,development
1573807296.925,614,1065,None,Move,development
1573807296.935,617,1067,None,Move,development
1573807296.941,620,1067,None,Move,development
1573807296.946,623,1068,None,Move,development
1573807296.955,625,1068,None,Move,development
1573807296.965,627,1069,None,Move,development
1573807296.971,629,1070,None,Move,development
1573807296.978,629,1070,None,Move,development
1573807296.99,631,1070,None,Move,development
1573807296.9970002,632,1070,None,Move,development
1573807297.005,632,1070,None,Move,development
1573807297.0129998,634,1070,None,Move,development
1573807297.026,634,1070,None,Move,development
1573807297.029,635,1070,None,Move,development
1573807297.0370002,635,1069,None,Move,development
1573807297.0470002,636,1068,None,Move,development
1573807297.055,636,1066,None,Move,development
1573807297.064,636,1065,None,Move,development
1573807297.071,636,1065,None,Move,development
1573807297.0779998,637,1065,None,Move,development
1573807297.0879998,637,1064,None,Move,development
1573807297.1,638,1063,None,Move,development
1573807297.105,640,1062,None,Move,development
1573807297.111,641,1062,None,Move,development
1573807297.121,643,1062,None,Move,development
1573807297.13,645,1062,None,Move,development
1573807297.137,646,1062,None,Move,development
1573807297.145,647,1062,None,Move,development
1573807297.154,648,1062,None,Move,development
1573807297.222,648,1062,Left,Pressed,development
1573807297.3170002,648,1062,Left,Released,development
1573807297.375,648,1062,None,Move,file system
1573807297.387,647,1062,None,Move,file system
1573807297.399,647,1062,None,Move,file system
1573807297.407,646,1062,None,Move,file system
1573807297.413,645,1062,None,Move,file system
1573807297.421,644,1062,None,Move,file system
1573807297.43,643,1062,None,Move,file system
1573807297.437,641,1061,None,Move,file system
1573807297.445,639,1060,None,Move,file system
1573807297.455,638,1060,None,Move,file system
1573807297.461,636,1058,None,Move,file system
1573807297.468,635,1057,None,Move,file system
1573807297.4770002,633,1056,None,Move,file system
1573807297.486,631,1053,None,Move,file system
1573807297.4910002,628,1049,None,Move,file system
1573807297.4989998,624,1043,None,Move,file system
1573807297.5070002,621,1036,None,Move,file system
1573807297.515,615,1029,None,Move,file system
1573807297.5229998,610,1026,None,Move,file system
1573807297.531,604,1023,None,Move,file system
1573807297.539,598,1018,None,Move,file system
1573807297.5470002,591,1013,None,Move,file system
1573807297.555,583,1008,None,Move,file system
1573807297.561,576,1004,None,Move,file system
1573807297.569,569,1002,None,Move,file system
1573807297.576,562,999,None,Move,file system
1573807297.585,554,997,None,Move,file system
1573807297.593,549,995,None,Move,file system
1573807297.601,545,993,None,Move,file system
1573807297.609,542,991,None,Move,file system
1573807297.617,539,989,None,Move,file system
1573807297.625,536,988,None,Move,file system
1573807297.633,533,986,None,Move,file system
1573807297.639,529,984,None,Move,file system
1573807297.647,527,983,None,Move,file system
1573807297.656,525,982,None,Move,file system
1573807297.663,523,981,None,Move,file system
1573807297.671,522,980,None,Move,file system
1573807297.679,520,980,None,Move,file system
1573807297.687,517,979,None,Move,file system
1573807297.695,516,979,None,Move,file system
1573807297.704,516,979,None,Move,file system
1573807297.711,515,979,None,Move,file system
1573807297.717,514,979,None,Move,file system
1573807298.198,514,979,Left,Pressed,file system
1573807298.281,514,979,Left,Released,file system
1573807298.428,514,978,None,Move,browsing
1573807298.436,514,966,None,Move,browsing
1573807298.446,514,943,None,Move,browsing
1573807298.451,512,898,None,Move,browsing
1573807298.46,510,843,None,Move,browsing
1573807298.467,505,778,None,Move,browsing
1573807298.475,495,695,None,Move,browsing
1573807298.481,473,602,None,Move,browsing
1573807298.49,443,500,None,Move,browsing
1573807298.4970002,423,423,None,Move,browsing
1573807298.506,420,375,None,Move,browsing
1573807298.5129998,421,343,None,Move,browsing
1573807298.522,423,322,None,Move,browsing
1573807298.529,422,300,None,Move,browsing
1573807298.538,419,281,None,Move,browsing
1573807298.545,412,269,None,Move,browsing
1573807298.551,404,259,None,Move,browsing
1573807298.559,397,252,None,Move,browsing
1573807298.5679998,390,244,None,Move,browsing
1573807298.576,387,238,None,Move,browsing
1573807298.583,383,232,None,Move,browsing
1573807298.592,381,230,None,Move,browsing
1573807298.6,379,224,None,Move,browsing
1573807298.607,377,220,None,Move,browsing
1573807298.615,375,213,None,Move,browsing
1573807298.623,372,206,None,Move,browsing
1573807298.631,370,197,None,Move,browsing
1573807298.641,367,187,None,Move,browsing
1573807298.647,365,178,None,Move,browsing
1573807298.653,363,174,None,Move,browsing
1573807298.661,361,171,None,Move,browsing
1573807298.669,360,170,None,Move,browsing
1573807298.681,360,170,None,Move,browsing
1573807298.748,360,170,None,Move,browsing
1573807298.756,361,165,None,Move,browsing
1573807298.762,363,163,None,Move,browsing
1573807298.771,365,160,None,Move,browsing
1573807298.778,368,156,None,Move,browsing
1573807298.784,371,153,None,Move,browsing
1573807298.792,374,150,None,Move,browsing
1573807298.801,378,146,None,Move,browsing
1573807298.809,384,141,None,Move,browsing
1573807298.8170002,387,138,None,Move,browsing
1573807298.825,390,136,None,Move,browsing
1573807298.833,393,134,None,Move,browsing
1573807298.841,397,132,None,Move,browsing
1573807298.849,399,131,None,Move,browsing
1573807298.857,402,128,None,Move,browsing
1573807298.863,405,126,None,Move,browsing
1573807298.8720002,408,123,None,Move,browsing
1573807298.879,411,119,None,Move,browsing
1573807298.8879998,413,116,None,Move,browsing
1573807298.895,415,112,None,Move,browsing
1573807298.903,416,110,None,Move,browsing
1573807298.911,416,107,None,Move,browsing
1573807298.919,416,106,None,Move,browsing
1573807298.927,416,104,None,Move,browsing
1573807298.9329998,416,103,None,Move,browsing
1573807298.941,416,101,None,Move,browsing
1573807298.949,416,99,None,Move,browsing
1573807298.957,415,99,None,Move,browsing
1573807298.965,415,97,None,Move,browsing
1573807298.972,414,96,None,Move,browsing
1573807298.981,414,96,None,Move,browsing
1573807298.9889998,413,95,None,Move,browsing
1573807298.9970002,412,93,None,Move,browsing
1573807299.005,412,92,None,Move,browsing
1573807299.0110002,411,90,None,Move,browsing
1573807299.019,410,88,None,Move,browsing
1573807299.0270002,408,86,None,Move,browsing
1573807299.035,406,85,None,Move,browsing
1573807299.044,404,83,None,Move,browsing
1573807299.051,404,81,None,Move,browsing
1573807299.059,403,81,None,Move,browsing
1573807299.0670002,403,81,None,Move,browsing
1573807299.105,402,80,None,Move,browsing
1573807299.117,401,79,None,Move,browsing
1573807299.125,401,78,None,Move,browsing
1573807299.133,400,78,None,Move,browsing
1573807299.15,399,78,None,Move,browsing
1573807299.351,399,77,None,Move,browsing
1573807299.359,399,76,None,Move,browsing
1573807299.367,399,75,None,Move,browsing
1573807299.375,399,74,None,Move,browsing
1573807299.383,399,74,None,Move,browsing
1573807299.391,399,73,None,Move,browsing
1573807299.4329998,399,73,None,Move,browsing
1573807299.444,400,72,None,Move,browsing
1573807299.4529998,400,71,None,Move,browsing
1573807299.461,401,70,None,Move,browsing
1573807299.467,401,70,None,Move,browsing
1573807299.667,401,69,None,Move,browsing
1573807299.68,401,68,None,Move,browsing
1573807299.686,400,68,None,Move,browsing
1573807299.694,399,68,None,Move,browsing
1573807299.699,397,68,None,Move,browsing
1573807299.709,395,67,None,Move,browsing
1573807299.717,394,67,None,Move,browsing
1573807299.7229998,392,67,None,Move,browsing
1573807299.732,390,67,None,Move,browsing
1573807299.74,390,67,None,Move,browsing
1573807299.75,389,67,None,Move,browsing
1573807299.765,388,67,None,Move,browsing
1573807300.006,387,67,None,Move,browsing
1573807300.019,386,67,None,Move,browsing
1573807300.04,385,67,None,Move,browsing
1573807300.091,385,67,None,Move,browsing
1573807300.285,385,67,Left,Pressed,browsing
1573807300.285,385,67,None,Drag,browsing
1573807300.299,387,67,None,Drag,browsing
1573807300.3070002,396,67,None,Drag,browsing
1573807300.313,406,65,None,Drag,browsing
1573807300.321,416,64,None,Drag,browsing
1573807300.329,429,64,None,Drag,browsing
1573807300.337,443,61,None,Drag,browsing
1573807300.345,460,60,None,Drag,browsing
1573807300.353,480,60,None,Drag,browsing
1573807300.361,509,56,None,Drag,browsing
1573807300.369,547,52,None,Drag,browsing
1573807300.377,588,39,None,Drag,browsing
1573807300.383,630,35,None,Drag,browsing
1573807300.391,673,31,None,Drag,browsing
1573807300.4,720,31,None,Drag,browsing
1573807300.406,769,34,None,Drag,browsing
1573807300.416,814,39,None,Drag,browsing
1573807300.423,852,41,None,Drag,browsing
1573807300.431,887,43,None,Drag,browsing
1573807300.439,907,43,None,Drag,browsing
1573807300.444,921,43,None,Drag,browsing
1573807300.456,929,42,None,Drag,browsing
1573807300.461,933,41,None,Drag,browsing
1573807300.469,935,41,None,Drag,browsing
1573807300.545,935,41,None,Drag,browsing
1573807300.56,935,40,None,Drag,browsing
1573807300.5670002,937,36,None,Drag,browsing
1573807300.5670002,937,36,Left,Released,browsing
1573807300.573,937,35,None,Move,browsing
1573807300.583,938,34,None,Move,browsing
1573807300.591,940,34,None,Move,browsing
1573807300.599,940,34,None,Move,browsing
1573807305.1379998,939,37,None,Move,browsing
1573807305.147,922,67,None,Move,browsing
1573807305.155,890,130,None,Move,browsing
1573807305.164,844,211,None,Move,browsing
1573807305.171,798,297,None,Move,browsing
1573807305.179,759,374,None,Move,browsing
1573807305.187,728,443,None,Move,browsing
1573807305.195,689,510,None,Move,browsing
1573807305.2029998,641,590,None,Move,browsing
1573807305.209,597,657,None,Move,browsing
1573807305.217,557,715,None,Move,browsing
1573807305.224,537,746,None,Move,browsing
1573807305.2329998,527,758,None,Move,browsing
1573807305.242,519,765,None,Move,browsing
1573807305.2489998,515,769,None,Move,browsing
1573807305.254,512,771,None,Move,browsing
1573807305.265,506,774,None,Move,browsing
1573807305.2729998,500,779,None,Move,browsing
1573807305.28,495,782,None,Move,browsing
1573807305.284,487,789,None,Move,browsing
1573807305.292,478,795,None,Move,browsing
1573807305.303,468,803,None,Move,browsing
1573807305.309,459,813,None,Move,browsing
1573807305.32,451,824,None,Move,browsing
1573807305.326,444,833,None,Move,browsing
1573807305.335,439,840,None,Move,browsing
1573807305.342,437,848,None,Move,browsing
1573807305.351,434,856,None,Move,browsing
1573807305.357,432,867,None,Move,browsing
1573807305.365,431,878,None,Move,browsing
1573807305.371,428,892,None,Move,browsing
1573807305.3820002,425,909,None,Move,browsing
1573807305.389,422,930,None,Move,browsing
1573807305.396,418,962,None,Move,browsing
1573807305.403,412,1005,None,Move,browsing
1573807305.413,408,1044,None,Move,browsing
1573807305.421,404,1079,None,Move,browsing
1573807305.429,400,1111,None,Move,browsing
1573807305.435,399,1101,None,Move,browsing
1573807305.4429998,396,1094,None,Move,browsing
1573807305.448,396,1090,None,Move,browsing
1573807305.46,396,1086,None,Move,browsing
1573807305.466,397,1082,None,Move,browsing
1573807305.475,397,1080,None,Move,browsing
1573807305.518,398,1080,None,Move,browsing
1573807305.53,398,1080,None,Move,browsing
1573807305.534,399,1081,None,Move,browsing
1573807305.545,400,1081,None,Move,browsing
1573807305.553,402,1080,None,Move,browsing
1573807305.5579998,403,1079,None,Move,browsing
1573807305.569,404,1079,None,Move,browsing
1573807305.573,405,1079,None,Move,browsing
1573807305.583,406,1079,None,Move,browsing
1573807305.591,406,1079,None,Move,browsing
1573807305.596,408,1079,None,Move,browsing
1573807305.6079998,409,1079,None,Move,browsing
1573807305.6160002,409,1078,None,Move,browsing
1573807305.643,410,1078,None,Move,browsing
1573807305.651,410,1077,None,Move,browsing
1573807305.657,411,1075,None,Move,browsing
1573807305.663,412,1074,None,Move,browsing
1573807305.671,412,1072,None,Move,browsing
1573807305.6820002,413,1070,None,Move,browsing
1573807305.688,414,1068,None,Move,browsing
1573807305.697,415,1067,None,Move,browsing
1573807305.7029998,415,1065,None,Move,browsing
1573807305.7129998,416,1063,None,Move,browsing
1573807305.718,416,1063,None,Move,browsing
1573807305.729,416,1061,None,Move,browsing
1573807305.736,416,1060,None,Move,browsing
1573807305.7489998,417,1060,None,Move,browsing
1573807305.8760002,417,1060,Left,Pressed,browsing
1573807305.9629998,417,1060,Left,Released,browsing
1573807307.226,417,1058,None,Move,office
1573807307.232,415,1051,None,Move,office
1573807307.2410002,411,1041,None,Move,office
1573807307.2489998,407,1030,None,Move,office
1573807307.2570002,403,1018,None,Move,office
1573807307.2629998,401,1003,None,Move,office
1573807307.271,398,982,None,Move,office
1573807307.279,396,954,None,Move,office
1573807307.2870002,396,920,None,Move,office
1573807307.295,392,884,None,Move,office
1573807307.3,386,855,None,Move,office
1573807307.311,377,824,None,Move,office
1573807307.319,370,803,None,Move,office
1573807307.327,366,789,None,Move,office
1573807307.334,364,781,None,Move,office
1573807307.339,361,773,None,Move,office
1573807307.3479998,359,768,None,Move,office
1573807307.357,359,763,None,Move,office
1573807307.3620002,358,759,None,Move,office
1573807307.373,358,756,None,Move,office
1573807307.379,357,754,None,Move,office
1573807307.389,357,753,None,Move,office
1573807307.394,357,751,None,Move,office
1573807307.405,357,750,None,Move,office
1573807307.411,357,748,None,Move,office
1573807307.417,357,747,None,Move,office
1573807307.522,358,746,None,Move,office
1573807307.5370002,358,745,None,Move,office
1573807307.545,359,744,None,Move,office
1573807307.55,361,743,None,Move,office
1573807307.561,363,740,None,Move,office
1573807307.565,367,737,None,Move,office
1573807307.575,372,731,None,Move,office
1573807307.583,378,726,None,Move,office
1573807307.59,385,720,None,Move,office
1573807307.6,391,713,None,Move,office
1573807307.605,399,707,None,Move,office
1573807307.6160002,407,699,None,Move,office
1573807307.62,414,693,None,Move,office
1573807307.631,419,690,None,Move,office
1573807307.637,422,688,None,Move,office
1573807307.645,423,687,None,Move,office
1573807307.775,425,684,None,Move,office
1573807307.78,427,680,None,Move,office
1573807307.792,429,677,None,Move,office
1573807307.796,431,676,None,Move,office
1573807307.802,432,674,None,Move,office
1573807307.813,432,670,None,Move,office
1573807307.822,433,665,None,Move,office
1573807307.829,433,660,None,Move,office
1573807307.834,433,655,None,Move,office
1573807307.845,433,651,None,Move,office
1573807307.849,434,649,None,Move,office
1573807307.861,434,649,None,Move,office
1573807307.865,434,647,None,Move,office
1573807307.8739998,434,645,None,Move,office
1573807307.883,434,643,None,Move,office
1573807307.891,432,639,None,Move,office
1573807307.8979998,430,632,None,Move,office
1573807307.905,428,626,None,Move,office
1573807307.915,427,617,None,Move,office
1573807307.921,427,607,None,Move,office
1573807307.929,427,596,None,Move,office
1573807307.937,427,584,None,Move,office
1573807307.945,426,574,None,Move,office
1573807307.952,423,564,None,Move,office
1573807307.961,416,551,None,Move,office
1573807307.967,406,537,None,Move,office
1573807307.978,394,521,None,Move,office
1573807307.982,379,502,None,Move,office
1573807307.994,362,483,None,Move,office
1573807308.0010002,349,468,None,Move,office
1573807308.0089998,335,453,None,Move,office
1573807308.016,322,443,None,Move,office
1573807308.0229998,303,430,None,Move,office
1573807308.029,289,419,None,Move,office
1573807308.04,278,411,None,Move,office
1573807308.0470002,270,403,None,Move,office
1573807308.056,262,395,None,Move,office
1573807308.065,257,389,None,Move,office
1573807308.073,254,382,None,Move,office
1573807308.079,250,374,None,Move,office
1573807308.087,247,368,None,Move,office
1573807308.096,243,364,None,Move,office
1573807308.101,240,361,None,Move,office
1573807308.109,239,359,None,Move,office
1573807308.117,236,357,None,Move,office
1573807308.1260002,234,357,None,Move,office
1573807308.13,232,356,None,Move,office
1573807308.141,232,356,None,Move,office
1573807308.149,231,355,None,Move,office
1573807308.158,229,355,None,Move,office
1573807308.1620002,229,354,None,Move,office
1573807308.17,229,354,None,Move,office
1573807308.179,227,353,None,Move,office
1573807308.187,226,352,None,Move,office
1573807308.194,225,351,None,Move,office
1573807308.2,224,351,None,Move,office
1573807308.21,223,351,None,Move,office
1573807308.217,221,351,None,Move,office
1573807308.2270002,219,351,None,Move,office
1573807308.2329998,218,352,None,Move,office
1573807308.2410002,216,354,None,Move,office
1573807308.2489998,213,357,None,Move,office
1573807308.2570002,211,362,None,Move,office
1573807308.265,208,368,None,Move,office
1573807308.2729998,206,374,None,Move,office
1573807308.281,204,379,None,Move,office
1573807308.289,202,384,None,Move,office
1573807308.296,200,386,None,Move,office
1573807308.305,198,388,None,Move,office
1573807308.311,196,390,None,Move,office
1573807308.3170002,195,393,None,Move,office
1573807308.326,194,394,None,Move,office
1573807308.335,192,397,None,Move,office
1573807308.343,190,399,None,Move,office
1573807308.349,188,401,None,Move,office
1573807308.359,186,404,None,Move,office
1573807308.367,185,405,None,Move,office
1573807308.375,183,408,None,Move,office
1573807308.383,181,410,None,Move,office
1573807308.391,180,412,None,Move,office
1573807308.397,179,412,None,Move,office
1573807308.405,179,413,None,Move,office
1573807308.413,178,415,None,Move,office
1573807308.4220002,177,415,None,Move,office
1573807308.644,177,415,Left,Pressed,office
1573807308.726,177,415,Left,Released,office
1573807308.921,177,415,None,Move,office
1573807308.927,180,415,None,Move,office
1573807308.9320002,187,415,None,Move,office
1573807308.9429998,194,413,None,Move,office
1573807308.951,203,411,None,Move,office
1573807308.959,213,408,None,Move,office
1573807308.967,225,404,None,Move,office
1573807308.975,242,401,None,Move,office
1573807308.9829998,262,401,None,Move,office
1573807308.9910002,289,401,None,Move,office
1573807308.9989998,317,402,None,Move,office
1573807309.005,342,404,None,Move,office
1573807309.0129998,363,404,None,Move,office
1573807309.021,380,407,None,Move,office
1573807309.029,393,407,None,Move,office
1573807309.0370002,405,408,None,Move,office
1573807309.045,413,408,None,Move,office
1573807309.052,420,408,None,Move,office
1573807309.061,425,408,None,Move,office
1573807309.069,432,408,None,Move,office
1573807309.075,438,406,None,Move,office
1573807309.083,445,403,None,Move,office
1573807309.091,454,401,None,Move,office
1573807309.099,464,398,None,Move,office
1573807309.107,477,397,None,Move,office
1573807309.115,492,397,None,Move,office
1573807309.123,509,397,None,Move,office
1573807309.131,526,399,None,Move,office
1573807309.139,541,401,None,Move,office
1573807309.171,554,404,None,Move,office
1573807309.173,587,410,None,Move,office
1573807309.178,594,413,None,Move,office
1573807309.185,600,414,None,Move,office
1573807309.1920002,603,415,None,Move,office
1573807309.201,605,416,None,Move,office
1573807309.209,606,416,None,Move,office
1573807309.255,606,416,None,Move,office
1573807309.2670002,605,417,None,Move,office
1573807309.275,605,418,None,Move,office
1573807309.282,604,418,None,Move,office
1573807309.291,604,419,None,Move,office
1573807309.299,602,419,None,Move,office
1573807309.305,601,419,None,Move,office
1573807309.313,599,419,None,Move,office
1573807309.322,598,419,None,Move,office
1573807309.329,596,419,None,Move,office
1573807309.334,594,419,None,Move,office
1573807309.345,593,419,None,Move,office
1573807309.353,591,420,None,Move,office
1573807309.359,589,420,None,Move,office
1573807309.369,588,420,None,Move,office
1573807309.375,586,420,None,Move,office
1573807309.3860002,584,421,None,Move,office
1573807309.391,581,421,None,Move,office
1573807309.399,579,421,None,Move,office
1573807309.407,577,421,None,Move,office
1573807309.416,573,421,None,Move,office
1573807309.424,568,421,None,Move,office
1573807309.431,561,420,None,Move,office
1573807309.439,554,419,None,Move,office
1573807309.447,548,418,None,Move,office
1573807309.455,541,416,None,Move,office
1573807309.461,534,415,None,Move,office
1573807309.468,527,414,None,Move,office
1573807309.4770002,522,414,None,Move,office
1573807309.484,520,414,None,Move,office
1573807309.4929998,519,414,None,Move,office
1573807309.5,517,414,None,Move,office
1573807309.5089998,516,414,None,Move,office
1573807309.518,514,414,None,Move,office
1573807309.525,512,414,None,Move,office
1573807309.531,511,414,None,Move,office
1573807309.539,510,415,None,Move,office
1573807309.5470002,508,415,None,Move,office
1573807309.555,508,416,None,Move,office
1573807309.563,506,418,None,Move,office
1573807309.571,504,419,None,Move,office
1573807309.579,504,419,None,Move,office
1573807309.587,503,419,None,Move,office
1573807309.8170002,503,419,None,Move,office
1573807309.825,504,417,None,Move,office
1573807309.833,504,416,None,Move,office
1573807309.907,505,416,None,Move,office
1573807309.913,505,415,None,Move,office
1573807310.113,505,415,None,Move,office
1573807310.121,505,415,None,Move,office
1573807310.1279998,503,415,None,Move,office
1573807310.137,503,416,None,Move,office
1573807310.2610002,503,416,None,Move,office
1573807310.269,502,411,None,Move,office
1573807310.2770002,500,404,None,Move,office
1573807310.285,499,397,None,Move,office
1573807310.291,496,389,None,Move,office
1573807310.299,495,382,None,Move,office
1573807310.3070002,493,375,None,Move,office
1573807310.315,490,369,None,Move,office
1573807310.323,488,365,None,Move,office
1573807310.331,486,361,None,Move,office
1573807310.339,484,357,None,Move,office
1573807310.347,482,355,None,Move,office
1573807310.355,481,354,None,Move,office
1573807310.361,481,353,None,Move,office
1573807310.369,480,353,None,Move,office
1573807310.426,480,353,Left,Pressed,office
1573807310.5029998,480,353,Left,Released,office
1573807310.9,480,353,None,Move,office
1573807310.907,480,353,None,Move,office
1573807310.915,480,355,None,Move,office
1573807310.923,480,355,None,Move,office
1573807310.931,480,356,None,Move,office
1573807310.944,480,357,None,Move,office
1573807310.968,480,358,None,Move,office
1573807310.9729998,480,358,None,Move,office
1573807310.981,480,360,None,Move,office
1573807310.988,480,361,None,Move,office
1573807310.996,480,363,None,Move,office
1573807311.006,480,365,None,Move,office
1573807311.0129998,480,366,None,Move,office
1573807311.021,479,367,None,Move,office
1573807311.029,479,368,None,Move,office
1573807311.0370002,479,369,None,Move,office
1573807311.051,479,370,None,Move,office
1573807311.9929998,479,370,Left,Pressed,office
1573807312.077,479,370,Left,Released,office
1573807312.718,479,370,None,Move,office
1573807312.728,480,370,None,Move,office
1573807312.734,484,370,None,Move,office
1573807312.7410002,492,370,None,Move,office
1573807312.7489998,501,370,None,Move,office
1573807312.7589998,512,370,None,Move,office
1573807312.764,529,369,None,Move,office
1573807312.774,550,367,None,Move,office
1573807312.781,584,367,None,Move,office
1573807312.792,619,370,None,Move,office
1573807312.798,660,381,None,Move,office
1573807312.806,707,394,None,Move,office
1573807312.81,755,408,None,Move,office
1573807312.821,804,415,None,Move,office
1573807312.83,849,419,None,Move,office
1573807312.837,897,421,None,Move,office
1573807312.845,939,425,None,Move,office
1573807312.853,989,432,None,Move,office
1573807312.861,1025,438,None,Move,office
1573807312.869,1055,438,None,Move,office
1573807312.875,1083,438,None,Move,office
1573807312.881,1102,441,None,Move,office
1573807312.891,1115,444,None,Move,office
1573807312.897,1124,446,None,Move,office
1573807312.907,1128,448,None,Move,office
1573807312.9120002,1130,450,None,Move,office
1573807312.9220002,1131,451,None,Move,office
1573807312.972,1131,452,None,Move,office
1573807312.978,1131,455,None,Move,office
1573807312.99,1131,458,None,Move,office
1573807312.994,1133,462,None,Move,office
1573807313.002,1134,467,None,Move,office
1573807313.01,1136,473,None,Move,office
1573807313.02,1137,476,None,Move,office
1573807313.026,1138,477,None,Move,office
1573807313.033,1139,479,None,Move,office
1573807313.043,1139,480,None,Move,office
1573807313.048,1139,480,None,Move,office
1573807313.195,1139,480,Left,Pressed,office
1573807313.274,1139,480,Left,Released,office
1573807319.272,1139,480,None,Move,office
1573807319.285,1139,480,None,Move,office
1573807319.3,1139,479,None,Move,office
1573807319.311,1139,479,None,Move,office
1573807319.319,1139,478,None,Move,office
1573807319.327,1139,477,None,Move,office
1573807320.099,1139,476,None,Move,office
1573807320.107,1138,473,None,Move,office
1573807320.1139998,1136,471,None,Move,office
1573807320.123,1135,469,None,Move,office
1573807320.131,1135,469,None,Move,office
1573807320.139,1135,467,None,Move,office
1573807320.145,1135,466,None,Move,office
1573807320.153,1134,464,None,Move,office
1573807320.161,1132,462,None,Move,office
1573807320.173,1132,461,None,Move,office
1573807320.1929998,1132,461,None,Move,office
1573807320.222,1131,461,None,Move,office
1573807320.296,1131,461,None,Move,office
1573807320.309,1130,461,None,Move,office
1573807320.3170002,1129,461,None,Move,office
1573807320.325,1129,462,None,Move,office
1573807320.333,1128,462,None,Move,office
1573807320.341,1128,464,None,Move,office
1573807320.349,1128,466,None,Move,office
1573807320.3579998,1128,467,None,Move,office
1573807320.365,1128,469,None,Move,office
1573807320.371,1128,470,None,Move,office
1573807320.379,1128,471,None,Move,office
1573807320.3860002,1127,473,None,Move,office
1573807320.395,1127,474,None,Move,office
1573807320.403,1127,474,None,Move,office
1573807320.409,1127,476,None,Move,office
1573807320.42,1127,476,None,Move,office
1573807320.699,1126,477,None,Move,office
1573807320.707,1126,478,None,Move,office
1573807320.715,1126,479,None,Move,office
1573807320.7610002,1126,479,None,Move,office
1573807321.647,1125,480,None,Move,office
1573807321.659,1125,480,None,Move,office
1573807322.2,1125,480,None,Move,office
1573807322.222,1124,480,None,Move,office
1573807322.231,1124,479,None,Move,office
1573807322.238,1123,478,None,Move,office
1573807322.519,1123,477,None,Move,office
1573807322.531,1122,477,None,Move,office
1573807322.538,1122,476,None,Move,office
1573807322.555,1122,475,None,Move,office
1573807322.579,1121,475,None,Move,office
1573807322.587,1121,475,None,Move,office
1573807322.633,1120,475,None,Move,office
1573807322.657,1120,474,None,Move,office
1573807322.667,1119,473,None,Move,office
1573807322.675,1118,473,None,Move,office
1573807322.6829998,1117,472,None,Move,office
1573807322.704,1117,472,None,Move,office
1573807323.0270002,1117,471,None,Move,office
1573807323.039,1117,470,None,Move,office
1573807323.049,1117,470,None,Move,office
1573807324.363,1117,470,None,Move,office
1573807324.371,1117,470,None,Move,office
1573807324.379,1118,471,None,Move,office
1573807324.449,1119,471,None,Move,office
1573807324.461,1119,472,None,Move,office
1573807324.472,1119,473,None,Move,office
1573807324.485,1120,473,None,Move,office
1573807324.4929998,1120,474,None,Move,office
1573807324.498,1121,474,None,Move,office
1573807324.5070002,1121,474,None,Move,office
1573807324.515,1121,474,None,Move,office
1573807324.531,1121,475,None,Move,office
1573807324.5679998,1121,476,None,Move,office
1573807324.649,1122,476,None,Move,office
1573807326.609,1122,476,None,Move,office
1573807326.6160002,1122,475,None,Move,office
1573807327.177,1122,475,None,Move,office
1573807327.189,1122,474,None,Move,office
1573807327.205,1122,473,None,Move,office
1573807327.2129998,1122,472,None,Move,office
1573807327.221,1122,471,None,Move,office
1573807327.229,1122,470,None,Move,office
1573807334.577,1123,469,None,Move,office
1573807334.594,1124,469,None,Move,office
1573807334.599,1125,468,None,Move,office
1573807334.605,1126,467,None,Move,office
1573807334.6120002,1127,467,None,Move,office
1573807334.62,1128,466,None,Move,office
1573807334.6279998,1130,465,None,Move,office
1573807334.6360002,1131,463,None,Move,office
1573807334.646,1132,462,None,Move,office
1573807334.6520002,1134,461,None,Move,office
1573807334.66,1136,459,None,Move,office
1573807334.668,1140,456,None,Move,office
1573807334.676,1149,451,None,Move,office
1573807334.685,1160,442,None,Move,office
1573807334.691,1174,433,None,Move,office
1573807334.701,1197,419,None,Move,office
1573807334.708,1235,395,None,Move,office
1573807334.718,1281,370,None,Move,office
1573807334.725,1324,349,None,Move,office
1573807334.7329998,1373,323,None,Move,office
1573807334.7410002,1433,294,None,Move,office
1573807334.7470002,1499,263,None,Move,office
1573807334.756,1565,230,None,Move,office
1573807334.764,1630,205,None,Move,office
1573807334.771,1686,176,None,Move,office
1573807334.779,1726,156,None,Move,office
1573807334.7870002,1764,139,None,Move,office
1573807334.795,1794,123,None,Move,office
1573807334.804,1812,110,None,Move,office
1573807334.811,1824,101,None,Move,office
1573807334.8170002,1832,91,None,Move,office
1573807334.826,1835,82,None,Move,office
1573807334.833,1836,75,None,Move,office
1573807334.839,1836,69,None,Move,office
1573807334.847,1834,63,None,Move,office
1573807334.857,1831,59,None,Move,office
1573807334.8639998,1829,57,None,Move,office
1573807334.871,1828,55,None,Move,office
1573807334.88,1826,53,None,Move,office
1573807334.8860002,1824,52,None,Move,office
1573807334.897,1822,51,None,Move,office
1573807334.9020002,1821,49,None,Move,office
1573807334.928,1821,48,None,Move,office
1573807334.939,1821,48,None,Move,office
1573807334.946,1821,47,None,Move,office
1573807334.955,1821,47,None,Move,office
1573807334.9629998,1820,46,None,Move,office
1573807334.969,1818,45,None,Move,office
1573807334.979,1816,43,None,Move,office
1573807334.985,1810,41,None,Move,office
1573807334.992,1806,39,None,Move,office
1573807335.0029998,1802,36,None,Move,office
1573807335.0089998,1799,35,None,Move,office
1573807335.0170002,1797,33,None,Move,office
1573807335.025,1794,33,None,Move,office
1573807335.033,1792,31,None,Move,office
1573807335.041,1790,29,None,Move,office
1573807335.048,1789,28,None,Move,office
1573807335.055,1787,27,None,Move,office
1573807335.063,1786,27,None,Move,office
1573807335.071,1785,26,None,Move,office
1573807335.079,1785,25,None,Move,office
1573807335.087,1784,25,None,Move,office
1573807335.095,1784,24,None,Move,office
1573807335.1020002,1783,24,None,Move,office
1573807335.153,1783,23,None,Move,office
1573807335.1620002,1782,23,None,Move,office
1573807335.173,1782,22,None,Move,office
1573807335.29,1782,22,Left,Pressed,office
1573807335.373,1782,22,Left,Released,office
1573807335.52,1782,22,None,Move,browsing
1573807335.528,1780,26,None,Move,browsing
1573807335.5370002,1778,33,None,Move,browsing
1573807335.543,1775,40,None,Move,browsing
1573807335.551,1772,47,None,Move,browsing
1573807335.559,1768,55,None,Move,browsing
1573807335.57,1764,62,None,Move,browsing
1573807335.575,1759,73,None,Move,browsing
1573807335.581,1756,83,None,Move,browsing
1573807335.589,1752,97,None,Move,browsing
1573807335.597,1747,111,None,Move,browsing
1573807335.605,1740,125,None,Move,browsing
1573807335.613,1731,138,None,Move,browsing
1573807335.621,1721,157,None,Move,browsing
1573807335.629,1709,177,None,Move,browsing
1573807335.637,1696,194,None,Move,browsing
1573807335.646,1683,215,None,Move,browsing
1573807335.653,1665,237,None,Move,browsing
1573807335.659,1643,262,None,Move,browsing
1573807335.667,1624,286,None,Move,browsing
1573807335.675,1605,311,None,Move,browsing
1573807335.6829998,1583,339,None,Move,browsing
1573807335.691,1568,360,None,Move,browsing
1573807335.699,1556,373,None,Move,browsing
1573807335.707,1545,387,None,Move,browsing
1573807335.716,1531,408,None,Move,browsing
1573807335.7229998,1518,425,None,Move,browsing
1573807335.729,1506,443,None,Move,browsing
1573807335.7370002,1495,460,None,Move,browsing
1573807335.745,1487,471,None,Move,browsing
1573807335.754,1479,481,None,Move,browsing
1573807335.762,1470,492,None,Move,browsing
1573807335.769,1462,503,None,Move,browsing
1573807335.778,1453,513,None,Move,browsing
1573807335.785,1445,520,None,Move,browsing
1573807335.793,1437,528,None,Move,browsing
1573807335.801,1428,536,None,Move,browsing
1573807335.8070002,1419,544,None,Move,browsing
1573807335.816,1409,552,None,Move,browsing
1573807335.824,1399,560,None,Move,browsing
1573807335.833,1386,566,None,Move,browsing
1573807335.843,1374,571,None,Move,browsing
1573807335.849,1362,574,None,Move,browsing
1573807335.855,1349,578,None,Move,browsing
1573807335.863,1335,580,None,Move,browsing
1573807335.871,1325,583,None,Move,browsing
1573807335.879,1314,586,None,Move,browsing
1573807335.885,1306,588,None,Move,browsing
1573807335.894,1299,589,None,Move,browsing
1573807335.9020002,1293,590,None,Move,browsing
1573807335.909,1287,593,None,Move,browsing
1573807335.917,1285,594,None,Move,browsing
1573807335.925,1283,594,None,Move,browsing
1573807335.934,1282,594,None,Move,browsing
1573807336.119,1282,594,None,Move,browsing
1573807336.127,1282,593,None,Move,browsing
1573807336.135,1282,592,None,Move,browsing
1573807336.147,1282,592,None,Move,browsing
1573807336.168,1282,591,None,Move,browsing
1573807336.428,1282,589,None,Move,browsing
1573807336.439,1282,588,None,Move,browsing
1573807336.452,1282,587,None,Move,browsing
1573807347.042,1282,586,None,Move,browsing
1573807347.064,1281,570,None,Move,browsing
1573807347.069,1279,568,None,Move,browsing
1573807347.077,1277,567,None,Move,browsing
1573807347.085,1275,565,None,Move,browsing
1573807347.093,1274,563,None,Move,browsing
1573807347.101,1272,560,None,Move,browsing
1573807347.109,1270,558,None,Move,browsing
1573807347.117,1269,553,None,Move,browsing
1573807347.123,1269,548,None,Move,browsing
1573807347.131,1269,541,None,Move,browsing
1573807347.139,1270,534,None,Move,browsing
1573807347.146,1273,527,None,Move,browsing
1573807347.154,1275,518,None,Move,browsing
1573807347.163,1278,509,None,Move,browsing
1573807347.171,1280,499,None,Move,browsing
1573807347.178,1285,490,None,Move,browsing
1573807347.187,1291,479,None,Move,browsing
1573807347.195,1299,469,None,Move,browsing
1573807347.201,1307,458,None,Move,browsing
1573807347.209,1315,445,None,Move,browsing
1573807347.217,1324,431,None,Move,browsing
1573807347.2270002,1332,419,None,Move,browsing
1573807347.232,1339,408,None,Move,browsing
1573807347.2410002,1344,398,None,Move,browsing
1573807347.2489998,1348,387,None,Move,browsing
1573807347.2570002,1350,378,None,Move,browsing
1573807347.265,1354,369,None,Move,browsing
1573807347.271,1357,362,None,Move,browsing
1573807347.279,1359,355,None,Move,browsing
1573807347.2870002,1361,348,None,Move,browsing
1573807347.294,1362,344,None,Move,browsing
1573807347.302,1363,340,None,Move,browsing
1573807347.31,1363,337,None,Move,browsing
1573807347.3179998,1364,335,None,Move,browsing
1573807347.327,1364,333,None,Move,browsing
1573807347.335,1365,331,None,Move,browsing
1573807347.343,1365,330,None,Move,browsing
1573807347.349,1366,328,None,Move,browsing
1573807347.357,1366,326,None,Move,browsing
1573807347.365,1366,325,None,Move,browsing
1573807347.373,1366,324,None,Move,browsing
1573807347.3920002,1366,323,None,Move,browsing
1573807353.641,1366,323,None,Move,office
1573807353.649,1363,327,None,Move,office
1573807353.657,1357,330,None,Move,office
1573807353.665,1354,333,None,Move,office
1573807353.673,1349,338,None,Move,office
1573807353.681,1343,342,None,Move,office
1573807353.689,1337,349,None,Move,office
1573807353.694,1330,355,None,Move,office
1573807353.7029998,1319,363,None,Move,office
1573807353.711,1308,371,None,Move,office
1573807353.718,1297,378,None,Move,office
1573807353.7270002,1286,386,None,Move,office
1573807353.735,1277,394,None,Move,office
1573807353.7429998,1266,404,None,Move,office
1573807353.7510002,1255,416,None,Move,office
1573807353.7589998,1240,430,None,Move,office
1573807353.851,1227,441,None,Move,office
1573807353.854,1025,645,None,Move,office
1573807353.86,1010,668,None,Move,office
1573807353.867,997,697,None,Move,office
1573807353.8739998,981,730,None,Move,office
1573807353.883,967,762,None,Move,office
1573807353.891,953,791,None,Move,office
1573807353.899,939,823,None,Move,office
1573807353.907,925,855,None,Move,office
1573807353.915,909,887,None,Move,office
1573807353.923,895,916,None,Move,office
1573807353.929,877,946,None,Move,office
1573807353.937,858,980,None,Move,office
1573807353.944,840,1004,None,Move,office
1573807353.9529998,820,1032,None,Move,office
1573807353.961,799,1062,None,Move,office
1573807353.97,785,1086,None,Move,office
1573807353.9770002,773,1102,None,Move,office
1573807353.985,763,1093,None,Move,office
1573807353.9929998,753,1093,None,Move,office
1573807354.0010002,743,1090,None,Move,office
1573807354.0070002,735,1091,None,Move,office
1573807354.015,727,1090,None,Move,office
1573807354.024,719,1090,None,Move,office
1573807354.031,711,1088,None,Move,office
1573807354.039,703,1088,None,Move,office
1573807354.048,695,1087,None,Move,office
1573807354.056,687,1087,None,Move,office
1573807354.063,680,1085,None,Move,office
1573807354.071,672,1084,None,Move,office
1573807354.077,667,1082,None,Move,office
1573807354.085,659,1081,None,Move,office
1573807354.092,652,1081,None,Move,office
1573807354.101,645,1081,None,Move,office
1573807354.1079998,640,1079,None,Move,office
1573807354.117,636,1080,None,Move,office
1573807354.125,634,1079,None,Move,office
1573807354.133,631,1079,None,Move,office
1573807354.141,629,1078,None,Move,office
1573807354.149,627,1077,None,Move,office
1573807354.155,626,1076,None,Move,office
1573807354.163,624,1075,None,Move,office
1573807354.171,622,1074,None,Move,office
1573807354.179,618,1072,None,Move,office
1573807354.187,613,1070,None,Move,office
1573807354.195,609,1070,None,Move,office
1573807354.2029998,605,1070,None,Move,office
1573807354.21,599,1072,None,Move,office
1573807354.219,592,1074,None,Move,office
1573807354.225,585,1076,None,Move,office
1573807354.232,577,1077,None,Move,office
1573807354.2410002,568,1078,None,Move,office
1573807354.2489998,561,1078,None,Move,office
1573807354.2570002,554,1080,None,Move,office
1573807354.265,547,1079,None,Move,office
1573807354.2729998,541,1079,None,Move,office
1573807354.282,534,1080,None,Move,office
1573807354.289,528,1079,None,Move,office
1573807354.2970002,523,1079,None,Move,office
1573807354.305,519,1079,None,Move,office
1573807354.311,518,1079,None,Move,office
1573807354.319,516,1078,None,Move,office
1573807354.327,515,1078,None,Move,office
1573807354.335,514,1078,None,Move,office
1573807354.343,512,1078,None,Move,office
1573807354.351,512,1078,None,Move,office
1573807354.359,511,1078,None,Move,office
1573807354.367,510,1078,None,Move,office
1573807354.495,509,1077,None,Move,office
1573807354.5029998,507,1075,None,Move,office
1573807354.5110002,505,1074,None,Move,office
1573807354.519,503,1072,None,Move,office
1573807354.525,501,1069,None,Move,office
1573807354.533,497,1066,None,Move,office
1573807354.538,491,1062,None,Move,office
1573807354.549,484,1059,None,Move,office
1573807354.5570002,477,1055,None,Move,office
1573807354.565,471,1053,None,Move,office
1573807354.572,465,1050,None,Move,office
1573807354.581,461,1048,None,Move,office
1573807354.589,457,1046,None,Move,office
1573807354.597,453,1044,None,Move,office
1573807354.601,451,1043,None,Move,office
1573807354.611,448,1041,None,Move,office
1573807354.6179998,447,1039,None,Move,office
1573807354.6260002,444,1037,None,Move,office
1573807354.635,441,1036,None,Move,office
1573807354.6420002,438,1035,None,Move,office
1573807354.65,436,1035,None,Move,office
1573807354.659,433,1034,None,Move,office
1573807354.667,431,1033,None,Move,office
1573807354.675,430,1033,None,Move,office
1573807354.681,429,1033,None,Move,office
1573807354.689,429,1033,None,Move,office
1573807354.8070002,429,1033,None,Move,office
1573807354.815,430,1034,None,Move,office
1573807354.822,431,1036,None,Move,office
1573807354.831,433,1038,None,Move,office
1573807354.837,435,1038,None,Move,office
1573807354.841,437,1040,None,Move,office
1573807354.853,437,1040,None,Move,office
1573807354.861,438,1041,None,Move,office
1573807354.873,439,1042,None,Move,office
1573807354.88,439,1042,None,Move,office
1573807354.893,439,1042,None,Move,office
1573807354.904,440,1042,None,Move,office
1573807355.045,441,1043,None,Move,office
1573807355.083,441,1044,Left,Pressed,office
1573807355.083,441,1044,None,Drag,office
1573807355.084,441,1044,Left,Released,office
1573807355.415,441,1044,None,Move,development
1573807355.431,441,1043,None,Move,development
1573807355.439,442,1037,None,Move,development
1573807355.445,444,1032,None,Move,development
1573807355.4529998,447,1025,None,Move,development
1573807355.461,452,1014,None,Move,development
1573807355.469,460,1000,None,Move,development
1573807355.4770002,475,981,None,Move,development
1573807355.4829998,496,956,None,Move,development
1573807355.49,523,927,None,Move,development
1573807355.502,554,904,None,Move,development
1573807355.5089998,586,876,None,Move,development
1573807355.5170002,615,847,None,Move,development
1573807355.5229998,646,824,None,Move,development
1573807355.531,670,807,None,Move,development
1573807355.539,694,793,None,Move,development
1573807355.5470002,713,783,None,Move,development
1573807355.555,725,775,None,Move,development
1573807355.56,738,768,None,Move,development
1573807355.571,748,763,None,Move,development
1573807355.579,756,758,None,Move,development
1573807355.587,763,755,None,Move,development
1573807355.595,770,753,None,Move,development
1573807355.601,778,751,None,Move,development
1573807355.609,783,749,None,Move,development
1573807355.617,790,748,None,Move,development
1573807355.625,795,748,None,Move,development
1573807355.6320002,801,750,None,Move,development
1573807355.641,807,753,None,Move,development
1573807355.6479998,812,757,None,Move,development
1573807355.657,819,763,None,Move,development
1573807355.665,824,766,None,Move,development
1573807355.671,829,770,None,Move,development
1573807355.676,833,773,None,Move,development
1573807355.686,840,775,None,Move,development
1573807355.695,848,779,None,Move,development
1573807355.7029998,855,781,None,Move,development
1573807355.711,860,782,None,Move,development
1573807355.719,866,783,None,Move,development
1573807355.7270002,871,786,None,Move,development
1573807355.7329998,876,788,None,Move,development
1573807355.7429998,878,790,None,Move,development
1573807355.7489998,880,791,None,Move,development
1573807355.7570002,882,793,None,Move,development
1573807355.765,883,794,None,Move,development
1573807355.7729998,884,795,None,Move,development
1573807362.919,885,795,None,Move,browsing
1573807362.926,889,795,None,Move,browsing
1573807362.934,891,795,None,Move,browsing
1573807362.9529998,889,795,None,Move,browsing
1573807362.961,888,796,None,Move,browsing
1573807363.0110002,885,796,None,Move,browsing
1573807363.019,873,799,None,Move,browsing
1573807363.0270002,856,803,None,Move,browsing
1573807363.035,839,806,None,Move,browsing
1573807363.043,824,809,None,Move,browsing
1573807363.051,812,811,None,Move,browsing
1573807363.059,804,814,None,Move,browsing
1573807363.0670002,798,816,None,Move,browsing
1573807363.075,795,818,None,Move,browsing
1573807363.083,792,820,None,Move,browsing
1573807363.085,791,821,None,Move,browsing
1573807363.097,788,822,None,Move,browsing
1573807363.105,782,825,None,Move,browsing
1573807363.1120002,775,827,None,Move,browsing
1573807363.1179998,766,832,None,Move,browsing
1573807363.127,755,840,None,Move,browsing
1573807363.137,736,853,None,Move,browsing
1573807363.145,711,876,None,Move,browsing
1573807363.15,682,901,None,Move,browsing
1573807363.159,659,915,None,Move,browsing
1573807363.167,645,924,None,Move,browsing
1573807363.174,634,931,None,Move,browsing
1573807363.1829998,628,934,None,Move,browsing
1573807363.191,625,940,None,Move,browsing
1573807363.199,623,943,None,Move,browsing
1573807363.206,621,945,None,Move,browsing
1573807363.215,619,947,None,Move,browsing
1573807363.2229998,618,949,None,Move,browsing
1573807363.228,618,951,None,Move,browsing
1573807363.2389998,617,952,None,Move,browsing
1573807363.2410002,617,954,None,Move,browsing
1573807363.2529998,615,956,None,Move,browsing
1573807363.2610002,614,957,None,Move,browsing
1573807363.269,612,959,None,Move,browsing
1573807363.2770002,611,961,None,Move,browsing
1573807363.285,611,962,None,Move,browsing
1573807363.3079998,611,962,None,Move,browsing
1573807363.313,611,964,None,Move,browsing
1573807363.321,610,967,None,Move,browsing
1573807363.33,607,970,None,Move,browsing
1573807363.3379998,604,977,None,Move,browsing
1573807363.346,602,982,None,Move,browsing
1573807363.355,600,988,None,Move,browsing
1573807363.363,598,994,None,Move,browsing
1573807363.371,595,998,None,Move,browsing
1573807363.379,593,1002,None,Move,browsing
1573807363.387,592,1005,None,Move,browsing
1573807363.393,589,1008,None,Move,browsing
1573807363.401,587,1009,None,Move,browsing
1573807363.408,585,1011,None,Move,browsing
1573807363.417,583,1013,None,Move,browsing
1573807363.425,582,1013,None,Move,browsing
1573807363.4329998,580,1015,None,Move,browsing
1573807363.44,579,1017,None,Move,browsing
1573807363.449,578,1023,None,Move,browsing
1573807363.457,578,1029,None,Move,browsing
1573807363.465,578,1038,None,Move,browsing
1573807363.471,581,1047,None,Move,browsing
1573807363.479,583,1054,None,Move,browsing
1573807363.4870002,585,1058,None,Move,browsing
1573807363.495,586,1062,None,Move,browsing
1573807363.5029998,588,1065,None,Move,browsing
1573807363.5089998,590,1069,None,Move,browsing
1573807363.519,592,1073,None,Move,browsing
1573807363.5270002,594,1075,None,Move,browsing
1573807363.535,595,1076,None,Move,browsing
1573807363.54,596,1078,None,Move,browsing
1573807363.7370002,596,1078,Left,Pressed,browsing
1573807363.7370002,596,1078,None,Drag,browsing
1573807363.745,595,1078,None,Drag,browsing
1573807363.7529998,594,1078,None,Drag,browsing
1573807363.7610002,594,1078,None,Drag,browsing
1573807363.7670002,593,1078,None,Drag,browsing
1573807363.775,591,1078,None,Drag,browsing
1573807363.783,591,1077,None,Drag,browsing
1573807363.783,591,1077,Left,Released,browsing
1573807363.791,591,1077,None,Move,development
1573807363.799,589,1076,None,Move,development
1573807363.8070002,588,1076,None,Move,development
1573807363.821,587,1076,None,Move,development
1573807363.824,586,1076,None,Move,development
1573807364.403,586,1074,None,Move,development
1573807364.411,593,1022,None,Move,development
1573807364.42,631,930,None,Move,development
1573807364.427,678,837,None,Move,development
1573807364.435,709,764,None,Move,development
1573807364.4429998,728,700,None,Move,development
1573807364.45,744,655,None,Move,development
1573807364.458,755,627,None,Move,development
1573807364.465,762,611,None,Move,development
1573807364.4729998,771,600,None,Move,development
1573807364.481,780,592,None,Move,development
1573807364.4889998,791,584,None,Move,development
1573807364.4970002,801,578,None,Move,development
1573807364.505,812,574,None,Move,development
1573807364.5129998,826,571,None,Move,development
1573807364.521,841,568,None,Move,development
1573807364.529,856,565,None,Move,development
1573807364.535,869,563,None,Move,development
1573807364.543,880,562,None,Move,development
1573807364.551,890,560,None,Move,development
1573807364.559,899,558,None,Move,development
1573807364.5670002,907,555,None,Move,development
1573807364.575,915,553,None,Move,development
1573807364.583,922,550,None,Move,development
1573807364.591,925,549,None,Move,development
1573807364.599,926,547,None,Move,development
1573807364.605,928,545,None,Move,development
1573807364.613,929,542,None,Move,development
1573807364.621,930,539,None,Move,development
1573807364.629,930,536,None,Move,development
1573807364.637,931,531,None,Move,development
1573807364.645,931,525,None,Move,development
1573807364.653,931,518,None,Move,development
1573807364.661,931,512,None,Move,development
1573807364.669,930,505,None,Move,development
1573807364.677,928,498,None,Move,development
1573807364.6829998,927,494,None,Move,development
1573807364.691,927,490,None,Move,development
1573807364.699,927,487,None,Move,development
1573807364.707,928,486,None,Move,development
1573807364.715,929,484,None,Move,development
1573807364.7229998,930,482,None,Move,development
1573807364.731,931,481,None,Move,development
1573807364.7389998,932,481,None,Move,development
1573807364.7470002,932,481,None,Move,development
1573807364.755,933,481,None,Move,development
1573807364.7610002,934,480,None,Move,development
1573807364.769,934,480,None,Move,development
1573807364.781,935,480,None,Move,development
1573807364.793,936,479,None,Move,development
1573807364.801,936,479,None,Move,development
1573807364.809,937,479,None,Move,development
1573807368.3979998,938,479,None,Move,development
1573807368.409,939,478,None,Move,development
1573807368.414,939,477,None,Move,development
1573807368.42,941,477,None,Move,development
1573807368.428,941,476,None,Move,development
1573807368.44,942,476,None,Move,development
1573807368.448,942,476,None,Move,development
1573807368.456,943,476,None,Move,development
1573807368.469,944,475,None,Move,development
1573807368.4770002,944,475,None,Move,development
1573807368.485,945,474,None,Move,development
1573807368.494,946,474,None,Move,development
1573807368.502,947,474,None,Move,development
1573807368.51,948,472,None,Move,development
1573807368.519,950,471,None,Move,development
1573807368.5270002,953,469,None,Move,development
1573807368.535,955,468,None,Move,development
1573807368.543,958,466,None,Move,development
1573807368.551,962,465,None,Move,development
1573807368.559,968,463,None,Move,development
1573807368.5670002,973,462,None,Move,development
1573807368.573,979,460,None,Move,development
1573807368.581,983,459,None,Move,development
1573807368.589,987,457,None,Move,development
1573807368.596,988,456,None,Move,development
1573807368.605,990,455,None,Move,development
1573807368.613,991,454,None,Move,development
1573807368.621,992,454,None,Move,development
1573807368.6279998,992,454,None,Move,development
1573807368.6339998,992,454,None,Move,development
1573807368.6829998,993,454,None,Move,development
1573807369.681,993,453,None,Move,development
1573807369.689,993,447,None,Move,development
1573807369.697,993,440,None,Move,development
1573807369.704,990,433,None,Move,development
1573807369.711,988,426,None,Move,development
1573807369.719,986,417,None,Move,development
1573807369.7270002,983,407,None,Move,development
1573807369.735,980,395,None,Move,development
1573807369.7429998,973,383,None,Move,development
1573807369.7510002,965,372,None,Move,development
1573807369.7589998,957,361,None,Move,development
1573807369.766,949,350,None,Move,development
1573807369.775,941,341,None,Move,development
1573807369.781,932,333,None,Move,development
1573807369.789,921,325,None,Move,development
1573807369.7970002,910,321,None,Move,development
1573807369.805,900,314,None,Move,development
1573807369.813,888,309,None,Move,development
1573807369.82,876,306,None,Move,development
1573807369.8279998,864,305,None,Move,development
1573807369.836,850,302,None,Move,development
1573807369.844,840,299,None,Move,development
1573807369.853,829,297,None,Move,development
1573807369.861,818,294,None,Move,development
1573807369.867,806,291,None,Move,development
1573807369.875,795,290,None,Move,development
1573807369.883,782,289,None,Move,development
1573807369.889,770,289,None,Move,development
1573807369.896,755,291,None,Move,development
1573807369.907,740,293,None,Move,development
1573807369.915,725,295,None,Move,development
1573807369.9220002,710,296,None,Move,development
1573807369.931,695,296,None,Move,development
1573807369.937,682,296,None,Move,development
1573807369.945,668,293,None,Move,development
1573807369.9529998,658,290,None,Move,development
1573807369.96,647,288,None,Move,development
1573807369.968,637,285,None,Move,development
1573807369.976,627,283,None,Move,development
1573807369.985,616,281,None,Move,development
1573807369.9929998,606,281,None,Move,development
1573807370.0010002,598,281,None,Move,development
1573807370.006,591,281,None,Move,development
1573807370.015,583,282,None,Move,development
1573807370.02,575,284,None,Move,development
1573807370.028,568,286,None,Move,development
1573807370.038,561,289,None,Move,development
1573807370.046,555,291,None,Move,development
1573807370.055,551,293,None,Move,development
1573807370.063,549,295,None,Move,development
1573807370.071,549,296,None,Move,development
1573807370.079,548,296,None,Move,development
1573807370.149,547,297,None,Move,development
1573807370.157,546,300,None,Move,development
1573807370.1620002,545,301,None,Move,development
1573807370.171,543,303,None,Move,development
1573807370.179,541,305,None,Move,development
1573807370.187,540,307,None,Move,development
1573807370.195,540,308,None,Move,development
1573807370.2029998,538,310,None,Move,development
1573807370.211,536,312,None,Move,development
1573807370.22,534,315,None,Move,development
1573807370.225,532,317,None,Move,development
1573807370.235,530,321,None,Move,development
1573807370.2410002,527,327,None,Move,development
1573807370.2489998,524,334,None,Move,development
1573807370.2570002,522,340,None,Move,development
1573807370.265,520,346,None,Move,development
1573807370.2729998,517,353,None,Move,development
1573807370.281,515,360,None,Move,development
1573807370.289,513,367,None,Move,development
1573807370.295,510,373,None,Move,development
1573807370.305,509,380,None,Move,development
1573807370.311,508,385,None,Move,development
1573807370.32,507,389,None,Move,development
1573807370.327,507,391,None,Move,development
1573807370.336,507,393,None,Move,development
1573807370.343,506,394,None,Move,development
1573807370.351,506,395,None,Move,development
1573807370.423,506,396,None,Move,development
1573807370.437,506,396,None,Move,development
1573807370.445,506,397,None,Move,development
1573807370.4870002,506,397,None,Move,development
1573807370.745,506,397,None,Move,development
1573807370.7570002,506,397,None,Move,development
1573807370.76,507,397,None,Move,development
1573807370.939,507,396,None,Move,development
1573807370.954,508,395,None,Move,development
1573807370.958,510,395,None,Move,development
1573807370.966,510,394,None,Move,development
1573807370.975,512,393,None,Move,development
1573807370.9829998,514,391,None,Move,development
1573807370.9910002,516,390,None,Move,development
1573807370.9989998,518,388,None,Move,development
1573807371.005,522,386,None,Move,development
1573807371.012,530,384,None,Move,development
1573807371.021,538,383,None,Move,development
1573807371.029,548,381,None,Move,development
1573807371.0370002,558,381,None,Move,development
1573807371.045,569,381,None,Move,development
1573807371.053,582,381,None,Move,development
1573807371.0579998,597,381,None,Move,development
1573807371.069,609,382,None,Move,development
1573807371.075,619,383,None,Move,development
1573807371.083,629,385,None,Move,development
1573807371.091,639,388,None,Move,development
1573807371.097,648,389,None,Move,development
1573807371.111,657,392,None,Move,development
1573807371.115,664,394,None,Move,development
1573807371.123,671,395,None,Move,development
1573807371.131,675,396,None,Move,development
1573807371.139,679,397,None,Move,development
1573807371.147,683,399,None,Move,development
1573807371.153,687,400,None,Move,development
1573807371.161,690,402,None,Move,development
1573807371.168,692,404,None,Move,development
1573807371.176,695,405,None,Move,development
1573807371.1820002,697,407,None,Move,development
1573807371.19,699,408,None,Move,development
1573807371.201,700,409,None,Move,development
1573807371.206,701,410,None,Move,development
1573807371.217,702,410,None,Move,development
1573807371.242,702,411,None,Move,development
1573807371.9829998,702,411,None,Move,development
1573807371.9910002,702,413,None,Move,development
1573807371.9989998,702,414,None,Move,development
1573807372.0070002,702,414,None,Move,development
1573807372.0129998,702,415,None,Move,development
1573807372.0229998,702,416,None,Move,development
1573807372.0470002,702,417,None,Move,development
1573807372.0570002,702,417,None,Move,development
1573807372.081,702,418,None,Move,development
1573807372.089,702,419,None,Move,development
1573807372.101,702,419,None,Move,development
1573807372.113,703,420,None,Move,development
1573807372.1239998,703,421,None,Move,development
1573807372.135,703,422,None,Move,development
1573807373.207,703,422,None,Move,development
1573807373.219,703,424,None,Move,development
1573807373.232,702,425,None,Move,development
1573807373.2370002,702,426,None,Move,development
1573807373.2470002,701,427,None,Move,development
1573807373.255,701,428,None,Move,development
1573807373.2629998,700,430,None,Move,development
1573807373.271,698,432,None,Move,development
1573807373.278,697,434,None,Move,development
1573807373.285,695,435,None,Move,development
1573807373.293,693,437,None,Move,development
1573807373.301,692,439,None,Move,development
1573807373.3079998,690,442,None,Move,development
1573807373.3170002,688,446,None,Move,development
1573807373.325,683,452,None,Move,development
1573807373.333,675,459,None,Move,development
1573807373.342,667,467,None,Move,development
1573807373.349,660,475,None,Move,development
1573807373.355,649,483,None,Move,development
1573807373.363,638,491,None,Move,development
1573807373.371,627,499,None,Move,development
1573807373.379,613,509,None,Move,development
1573807373.387,595,518,None,Move,development
1573807373.395,576,528,None,Move,development
1573807373.4020002,547,541,None,Move,development
1573807373.411,528,551,None,Move,development
1573807373.417,508,561,None,Move,development
1573807373.427,489,570,None,Move,development
1573807373.435,474,577,None,Move,development
1573807373.441,458,586,None,Move,development
1573807373.449,447,594,None,Move,development
1573807373.456,436,601,None,Move,development
1573807373.465,427,605,None,Move,development
1573807373.4729998,418,610,None,Move,development
1573807373.481,411,613,None,Move,development
1573807373.4889998,404,616,None,Move,development
1573807373.495,398,619,None,Move,development
1573807373.505,392,623,None,Move,development
1573807373.5110002,388,626,None,Move,development
1573807373.52,385,628,None,Move,development
1573807373.526,383,630,None,Move,development
1573807373.535,381,631,None,Move,development
1573807373.543,381,632,None,Move,development
1573807373.551,380,633,None,Move,development
1573807373.7,380,633,None,Move,development
1573807373.707,382,633,None,Move,development
1573807373.714,386,633,None,Move,development
1573807373.7229998,390,633,None,Move,development
1573807373.731,392,633,None,Move,development
1573807373.7389998,395,632,None,Move,development
1573807373.744,400,632,None,Move,development
1573807373.7529998,402,632,None,Move,development
1573807373.7610002,403,631,None,Move,development
1573807373.769,404,631,None,Move,development
1573807373.893,405,630,None,Move,development
1573807373.907,405,630,None,Move,development
1573807373.917,405,630,None,Move,development
1573807373.928,406,630,None,Move,development
1573807373.965,406,629,None,Move,development
1573807374.019,407,628,None,Move,development
1573807374.031,407,628,None,Move,development
1573807374.039,408,627,None,Move,development
1573807374.065,408,626,None,Move,development
1573807374.292,408,625,None,Move,development
1573807374.302,410,625,None,Move,development
1573807374.311,410,624,None,Move,development
1573807374.323,411,624,None,Move,development
1573807374.331,411,623,None,Move,development
1573807374.339,411,623,None,Move,development
1573807374.347,412,623,None,Move,development
1573807374.353,413,623,None,Move,development
1573807374.361,413,622,None,Move,development
1573807374.405,413,622,None,Move,development
1573807374.417,414,622,None,Move,development
1573807374.427,414,621,None,Move,development
1573807374.6929998,414,621,Left,Pressed,development
1573807374.7870002,414,621,Left,Released,development
1573807375.033,414,621,None,Move,development
1573807375.038,420,623,None,Move,development
1573807375.046,427,623,None,Move,development
1573807375.055,432,623,None,Move,development
1573807375.063,439,623,None,Move,development
1573807375.071,447,623,None,Move,development
1573807375.079,456,621,None,Move,development
1573807375.086,465,619,None,Move,development
1573807375.095,473,616,None,Move,development
1573807375.1020002,484,614,None,Move,development
1573807375.111,499,611,None,Move,development
1573807375.117,514,607,None,Move,development
1573807375.125,528,604,None,Move,development
1573807375.133,543,601,None,Move,development
1573807375.141,558,599,None,Move,development
1573807375.149,568,596,None,Move,development
1573807375.156,580,593,None,Move,development
1573807375.165,589,591,None,Move,development
1573807375.173,599,589,None,Move,development
1573807375.181,609,588,None,Move,development
1573807375.187,616,588,None,Move,development
1573807375.194,622,586,None,Move,development
1573807375.2029998,626,585,None,Move,development
1573807375.211,629,584,None,Move,development
1573807375.219,631,582,None,Move,development
1573807375.2270002,634,581,None,Move,development
1573807375.234,636,580,None,Move,development
1573807375.244,637,580,None,Move,development
1573807375.2489998,639,580,None,Move,development
1573807375.2589998,641,580,None,Move,development
1573807375.265,642,579,None,Move,development
1573807375.27,644,579,None,Move,development
1573807375.281,646,579,None,Move,development
1573807375.288,647,578,None,Move,development
1573807375.2970002,648,578,None,Move,development
1573807375.305,650,577,None,Move,development
1573807375.313,651,577,None,Move,development
1573807375.32,653,576,None,Move,development
1573807375.329,654,576,None,Move,development
1573807375.336,655,575,None,Move,development
1573807375.343,656,575,None,Move,development
1573807375.351,657,575,None,Move,development
1573807375.359,657,575,None,Move,development
1573807375.803,658,574,None,Move,development
1573807375.812,660,572,None,Move,development
1573807375.819,662,571,None,Move,development
1573807375.826,666,569,None,Move,development
1573807375.835,672,566,None,Move,development
1573807375.843,679,563,None,Move,development
1573807375.851,690,560,None,Move,development
1573807375.859,702,556,None,Move,development
1573807375.867,714,552,None,Move,development
1573807375.873,724,549,None,Move,development
1573807375.881,735,545,None,Move,development
1573807375.889,744,542,None,Move,development
1573807375.897,751,538,None,Move,development
1573807375.904,758,534,None,Move,development
1573807375.913,767,529,None,Move,development
1573807375.921,776,524,None,Move,development
1573807375.928,786,516,None,Move,development
1573807375.936,797,508,None,Move,development
1573807375.9420002,807,500,None,Move,development
1573807375.948,818,492,None,Move,development
1573807375.959,837,479,None,Move,development
1573807375.967,861,462,None,Move,development
1573807375.975,899,436,None,Move,development
1573807375.982,942,413,None,Move,development
1573807375.9910002,988,388,None,Move,development
1573807375.998,1042,353,None,Move,development
1573807376.0070002,1092,322,None,Move,development
1573807376.015,1136,295,None,Move,development
1573807376.021,1185,271,None,Move,development
1573807376.029,1228,249,None,Move,development
1573807376.035,1281,220,None,Move,development
1573807376.045,1333,180,None,Move,development
1573807376.052,1375,146,None,Move,development
1573807376.061,1409,122,None,Move,development
1573807376.0679998,1437,100,None,Move,development
1573807376.074,1461,81,None,Move,development
1573807376.085,1476,69,None,Move,development
1573807376.092,1487,60,None,Move,development
1573807376.099,1493,54,None,Move,development
1573807376.107,1498,49,None,Move,development
1573807376.115,1500,47,None,Move,development
1573807376.123,1501,46,None,Move,development
1573807376.131,1501,46,None,Move,development
1573807376.181,1502,45,None,Move,development
1573807376.205,1503,44,None,Move,development
1573807376.214,1504,43,None,Move,development
1573807376.221,1506,41,None,Move,development
1573807376.228,1508,40,None,Move,development
1573807376.2370002,1510,38,None,Move,development
1573807376.245,1511,37,None,Move,development
1573807376.2510002,1513,37,None,Move,development
1573807376.2589998,1514,37,None,Move,development
1573807376.2670002,1516,38,None,Move,development
1573807376.274,1518,40,None,Move,development
1573807376.283,1521,44,None,Move,development
1573807376.291,1525,50,None,Move,development
1573807376.299,1530,57,None,Move,development
1573807376.3070002,1535,67,None,Move,development
1573807376.315,1540,76,None,Move,development
1573807376.323,1546,83,None,Move,development
1573807376.329,1551,91,None,Move,development
1573807376.337,1553,94,None,Move,development
1573807376.345,1555,95,None,Move,development
1573807376.353,1557,97,None,Move,development
1573807376.361,1559,98,None,Move,development
1573807376.369,1560,100,None,Move,development
1573807376.3739998,1562,100,None,Move,development
1573807376.3839998,1565,100,None,Move,development
1573807376.393,1565,100,None,Move,development
1573807376.401,1567,100,None,Move,development
1573807376.407,1568,100,None,Move,development
1573807376.415,1570,100,None,Move,development
1573807376.423,1572,100,None,Move,development
1573807376.431,1572,99,None,Move,development
1573807376.439,1574,98,None,Move,development
1573807376.447,1576,98,None,Move,development
1573807376.455,1577,97,None,Move,development
1573807376.4629998,1579,95,None,Move,development
1573807376.471,1581,95,None,Move,development
1573807376.4770002,1582,94,None,Move,development
1573807376.485,1582,94,None,Move,development
1573807376.4929998,1584,93,None,Move,development
1573807376.5010002,1585,91,None,Move,development
1573807376.5089998,1585,89,None,Move,development
1573807376.5170002,1587,88,None,Move,development
1573807376.525,1588,87,None,Move,development
1573807376.53,1589,85,None,Move,development
1573807376.539,1589,83,None,Move,development
1573807376.549,1590,81,None,Move,development
1573807376.555,1590,78,None,Move,development
1573807376.563,1591,76,None,Move,development
1573807376.57,1591,75,None,Move,development
1573807376.579,1591,73,None,Move,development
1573807376.595,1591,72,None,Move,development
1573807376.669,1591,72,Left,Pressed,development
1573807376.771,1591,72,Left,Released,development
1573807377.301,1591,72,None,Move,browsing
1573807377.309,1590,74,None,Move,browsing
1573807377.315,1588,76,None,Move,browsing
1573807377.323,1587,77,None,Move,browsing
1573807377.331,1585,79,None,Move,browsing
1573807377.339,1583,81,None,Move,browsing
1573807377.347,1581,83,None,Move,browsing
1573807377.355,1579,84,None,Move,browsing
1573807377.363,1578,85,None,Move,browsing
1573807377.37,1576,87,None,Move,browsing
1573807377.379,1574,89,None,Move,browsing
1573807377.387,1571,91,None,Move,browsing
1573807377.393,1568,95,None,Move,browsing
1573807377.401,1562,100,None,Move,browsing
1573807377.409,1556,107,None,Move,browsing
1573807377.417,1548,115,None,Move,browsing
1573807377.425,1540,121,None,Move,browsing
1573807377.4329998,1534,126,None,Move,browsing
1573807377.44,1527,131,None,Move,browsing
1573807377.449,1519,136,None,Move,browsing
1573807377.457,1512,141,None,Move,browsing
1573807377.4629998,1504,145,None,Move,browsing
1573807377.471,1497,149,None,Move,browsing
1573807377.476,1490,152,None,Move,browsing
1573807377.4870002,1484,155,None,Move,browsing
1573807377.495,1480,157,None,Move,browsing
1573807377.502,1476,159,None,Move,browsing
1573807377.5089998,1470,161,None,Move,browsing
1573807377.516,1465,163,None,Move,browsing
1573807377.5270002,1459,165,None,Move,browsing
1573807377.534,1452,168,None,Move,browsing
1573807377.543,1446,170,None,Move,browsing
1573807377.549,1439,173,None,Move,browsing
1573807377.5570002,1432,175,None,Move,browsing
1573807377.565,1424,177,None,Move,browsing
1573807377.573,1419,180,None,Move,browsing
1573807377.581,1413,182,None,Move,browsing
1573807377.589,1409,184,None,Move,browsing
1573807377.597,1406,186,None,Move,browsing
1573807377.605,1404,187,None,Move,browsing
1573807377.613,1403,188,None,Move,browsing
1573807377.619,1402,188,None,Move,browsing
1573807377.6260002,1400,189,None,Move,browsing
1573807377.635,1400,189,None,Move,browsing
1573807377.644,1399,189,None,Move,browsing
1573807377.651,1398,189,None,Move,browsing
1573807377.659,1398,190,None,Move,browsing
1573807377.671,1397,190,None,Move,browsing
1573807377.679,1397,190,None,Move,browsing
1573807377.691,1396,190,None,Move,browsing
1573807377.705,1396,190,None,Move,browsing
1573807377.7129998,1396,191,None,Move,browsing
1573807377.725,1395,191,None,Move,browsing
1573807379.015,1394,192,None,Move,development
1573807379.0270002,1393,193,None,Move,development
1573807379.035,1393,193,None,Move,development
1573807379.042,1392,193,None,Move,development
1573807379.051,1391,194,None,Move,development
1573807379.059,1391,194,None,Move,development
1573807379.069,1390,195,None,Move,development
1573807379.125,1389,195,None,Move,development
1573807379.1360002,1388,196,None,Move,development
1573807379.145,1388,198,None,Move,development
1573807379.15,1386,199,None,Move,development
1573807379.159,1385,201,None,Move,development
1573807379.167,1383,202,None,Move,development
1573807379.175,1381,204,None,Move,development
1573807379.1829998,1381,205,None,Move,development
1573807379.191,1380,205,None,Move,development
1573807379.199,1379,206,None,Move,development
1573807379.207,1378,208,None,Move,development
1573807379.215,1377,208,None,Move,development
1573807379.2229998,1375,210,None,Move,development
1573807379.23,1374,212,None,Move,development
1573807379.2370002,1372,214,None,Move,development
1573807379.245,1370,216,None,Move,development
1573807379.2529998,1368,219,None,Move,development
1573807379.2610002,1366,222,None,Move,development
1573807379.268,1364,225,None,Move,development
1573807379.2770002,1363,227,None,Move,development
1573807379.285,1361,229,None,Move,development
1573807379.292,1359,233,None,Move,development
1573807379.299,1357,237,None,Move,development
1573807379.3070002,1355,241,None,Move,development
1573807379.315,1353,246,None,Move,development
1573807379.323,1351,247,None,Move,development
1573807379.331,1349,250,None,Move,development
1573807379.339,1347,252,None,Move,development
1573807379.347,1345,255,None,Move,development
1573807379.355,1343,257,None,Move,development
1573807379.363,1342,258,None,Move,development
1573807379.371,1340,260,None,Move,development
1573807379.377,1338,262,None,Move,development
1573807379.385,1336,264,None,Move,development
1573807379.393,1336,265,None,Move,development
1573807379.4020002,1334,267,None,Move,development
1573807379.409,1332,269,None,Move,development
1573807379.417,1331,271,None,Move,development
1573807379.424,1330,271,None,Move,development
1573807379.4320002,1330,272,None,Move,development
1573807379.441,1330,273,None,Move,development
1573807379.9220002,1330,273,None,Move,browsing
1573807380.1720002,1330,273,None,Move,browsing
1573807380.18,1330,272,None,Move,browsing
1573807380.188,1330,272,None,Move,browsing
1573807380.197,1330,271,None,Move,browsing
1573807380.2129998,1330,270,None,Move,browsing
1573807380.2270002,1330,270,None,Move,browsing
1573807380.235,1329,269,None,Move,browsing
1573807380.242,1328,269,None,Move,browsing
1573807380.2510002,1328,268,None,Move,browsing
1573807380.2589998,1326,266,None,Move,browsing
1573807380.2670002,1324,266,None,Move,browsing
1573807380.275,1322,264,None,Move,browsing
1573807380.282,1317,262,None,Move,browsing
1573807380.291,1312,259,None,Move,browsing
1573807380.2970002,1306,257,None,Move,browsing
1573807380.305,1299,255,None,Move,browsing
1573807380.312,1291,252,None,Move,browsing
1573807380.319,1283,250,None,Move,browsing
1573807380.329,1272,247,None,Move,browsing
1573807380.337,1262,246,None,Move,browsing
1573807380.345,1252,246,None,Move,browsing
1573807380.353,1239,246,None,Move,browsing
1573807380.361,1227,249,None,Move,browsing
1573807380.369,1210,252,None,Move,browsing
1573807380.3739998,1193,255,None,Move,browsing
1573807380.383,1176,257,None,Move,browsing
1573807380.391,1158,259,None,Move,browsing
1573807380.399,1135,258,None,Move,browsing
1573807380.405,1108,258,None,Move,browsing
1573807380.415,1080,258,None,Move,browsing
1573807380.4220002,1056,258,None,Move,browsing
1573807380.431,1025,256,None,Move,browsing
1573807380.439,989,252,None,Move,browsing
1573807380.445,955,251,None,Move,browsing
1573807380.4529998,927,251,None,Move,browsing
1573807380.461,896,261,None,Move,browsing
1573807380.469,873,264,None,Move,browsing
1573807380.4770002,858,266,None,Move,browsing
1573807380.484,843,267,None,Move,browsing
1573807380.4929998,828,267,None,Move,browsing
1573807380.5010002,818,267,None,Move,browsing
1573807380.5089998,808,267,None,Move,browsing
1573807380.5170002,800,267,None,Move,browsing
1573807380.5229998,794,266,None,Move,browsing
1573807380.531,789,264,None,Move,browsing
1573807380.538,786,264,None,Move,browsing
1573807380.5470002,784,262,None,Move,browsing
1573807380.554,783,262,None,Move,browsing
1573807380.563,783,260,None,Move,browsing
1573807380.571,783,260,None,Move,browsing
1573807380.5779998,783,258,None,Move,browsing
1573807380.587,783,256,None,Move,browsing
1573807380.593,783,255,None,Move,browsing
1573807380.6,785,253,None,Move,browsing
1573807380.609,787,251,None,Move,browsing
1573807380.617,788,250,None,Move,browsing
1573807380.625,788,249,None,Move,browsing
1573807380.633,790,248,None,Move,browsing
1573807380.6479998,791,248,None,Move,browsing
1573807380.661,791,247,None,Move,browsing
1573807380.699,792,247,None,Move,browsing
1573807380.7489998,792,247,None,Move,browsing
1573807381.093,792,247,None,Move,browsing
1573807381.1,794,248,None,Move,browsing
1573807381.1079998,796,250,None,Move,browsing
1573807381.117,798,254,None,Move,browsing
1573807381.123,800,259,None,Move,browsing
1573807381.131,802,267,None,Move,browsing
1573807381.139,805,278,None,Move,browsing
1573807381.147,809,295,None,Move,browsing
1573807381.155,815,315,None,Move,browsing
1573807381.163,822,342,None,Move,browsing
1573807381.171,826,374,None,Move,browsing
1573807381.178,830,406,None,Move,browsing
1573807381.187,832,438,None,Move,browsing
1573807381.195,836,473,None,Move,browsing
1573807381.201,840,519,None,Move,browsing
1573807381.208,847,568,None,Move,browsing
1573807381.216,856,627,None,Move,browsing
1573807381.225,859,679,None,Move,browsing
1573807381.2329998,857,727,None,Move,browsing
1573807381.2410002,853,772,None,Move,browsing
1573807381.248,849,808,None,Move,browsing
1573807381.2570002,847,836,None,Move,browsing
1573807381.265,846,864,None,Move,browsing
1573807381.2729998,843,883,None,Move,browsing
1573807381.279,841,900,None,Move,browsing
1573807381.2870002,838,917,None,Move,browsing
1573807381.295,838,933,None,Move,browsing
1573807381.303,836,950,None,Move,browsing
1573807381.31,833,965,None,Move,browsing
1573807381.319,832,980,None,Move,browsing
1573807381.326,829,994,None,Move,browsing
1573807381.334,826,1006,None,Move,browsing
1573807381.343,824,1014,None,Move,browsing
1573807381.351,821,1025,None,Move,browsing
1573807381.357,817,1034,None,Move,browsing
1573807381.365,811,1043,None,Move,browsing
1573807381.373,803,1051,None,Move,browsing
1573807381.381,795,1057,None,Move,browsing
1573807381.3879998,788,1059,None,Move,browsing
1573807381.397,781,1062,None,Move,browsing
1573807381.404,772,1064,None,Move,browsing
1573807381.4120002,762,1067,None,Move,browsing
1573807381.421,751,1069,None,Move,browsing
1573807381.427,743,1072,None,Move,browsing
1573807381.435,734,1077,None,Move,browsing
1573807381.4429998,726,1082,None,Move,browsing
1573807381.451,718,1084,None,Move,browsing
1573807381.459,711,1086,None,Move,browsing
1573807381.467,702,1086,None,Move,browsing
1573807381.474,694,1084,None,Move,browsing
1573807381.482,687,1083,None,Move,browsing
1573807381.4910002,679,1082,None,Move,browsing
1573807381.4989998,672,1081,None,Move,browsing
1573807381.505,665,1081,None,Move,browsing
1573807381.5129998,660,1080,None,Move,browsing
1573807381.521,656,1079,None,Move,browsing
1573807381.529,653,1079,None,Move,browsing
1573807381.5370002,651,1079,None,Move,browsing
1573807381.544,649,1079,None,Move,browsing
1573807381.553,647,1079,None,Move,browsing
1573807381.561,647,1079,None,Move,browsing
1573807381.661,646,1079,None,Move,browsing
1573807381.673,645,1079,None,Move,browsing
1573807381.681,644,1077,None,Move,browsing
1573807381.689,644,1076,None,Move,browsing
1573807381.696,643,1074,None,Move,browsing
1573807381.705,642,1072,None,Move,browsing
1573807381.7129998,641,1072,None,Move,browsing
1573807381.721,640,1070,None,Move,browsing
1573807381.729,639,1069,None,Move,browsing
1573807381.735,637,1068,None,Move,browsing
1573807381.7429998,635,1067,None,Move,browsing
1573807381.7510002,633,1067,None,Move,browsing
1573807381.7589998,630,1066,None,Move,browsing
1573807381.7670002,626,1066,None,Move,browsing
1573807381.775,622,1066,None,Move,browsing
1573807381.783,617,1066,None,Move,browsing
1573807381.791,612,1066,None,Move,browsing
1573807381.799,605,1066,None,Move,browsing
1573807381.8070002,599,1066,None,Move,browsing
1573807381.812,592,1066,None,Move,browsing
1573807381.821,585,1066,None,Move,browsing
1573807381.829,578,1066,None,Move,browsing
1573807381.836,571,1067,None,Move,browsing
1573807381.845,563,1067,None,Move,browsing
1573807381.853,556,1067,None,Move,browsing
1573807381.861,549,1067,None,Move,browsing
1573807381.8679998,542,1068,None,Move,browsing
1573807381.875,535,1068,None,Move,browsing
1573807381.8820002,528,1068,None,Move,browsing
1573807381.891,525,1068,None,Move,browsing
1573807381.899,522,1068,None,Move,browsing
1573807381.906,519,1068,None,Move,browsing
1573807381.915,517,1068,None,Move,browsing
1573807381.923,513,1068,None,Move,browsing
1573807381.931,510,1069,None,Move,browsing
1573807381.939,507,1069,None,Move,browsing
1573807381.947,505,1070,None,Move,browsing
1573807381.955,502,1071,None,Move,browsing
1573807381.961,499,1072,None,Move,browsing
1573807381.969,496,1073,None,Move,browsing
1573807381.9770002,494,1073,None,Move,browsing
1573807381.985,492,1074,None,Move,browsing
1573807381.992,491,1074,None,Move,browsing
1573807382.0010002,491,1074,None,Move,browsing
1573807382.0089998,490,1074,None,Move,browsing
1573807382.129,489,1074,None,Move,browsing
1573807382.137,488,1074,None,Move,browsing
1573807382.145,487,1074,None,Move,browsing
1573807382.153,485,1074,None,Move,browsing
1573807382.161,485,1074,None,Move,browsing
1573807382.168,484,1074,None,Move,browsing
1573807382.176,483,1074,None,Move,browsing
1573807382.1829998,483,1074,None,Move,browsing
1573807382.191,482,1074,None,Move,browsing
1573807382.199,481,1074,None,Move,browsing
1573807382.207,480,1074,None,Move,browsing
1573807382.215,480,1074,None,Move,browsing
1573807382.2229998,479,1074,None,Move,browsing
1573807382.23,478,1074,None,Move,browsing
1573807382.242,478,1074,None,Move,browsing
1573807382.269,478,1074,Left,Pressed,browsing
1573807382.355,478,1074,Left,Released,browsing
