client_timestamp,x,y,button,state,window
1573135251.819,299,18,None,Move,browsing
1573135251.831,299,18,None,Move,browsing
1573135251.844,300,18,None,Move,browsing
1573135251.856,301,18,None,Move,browsing
1573135251.8620002,302,18,None,Move,browsing
1573135251.8739998,302,18,None,Move,browsing
1573135252.176,302,18,None,Move,browsing
1573135252.188,302,18,None,Move,browsing
1573135252.196,299,16,None,Move,browsing
1573135252.202,294,13,None,Move,browsing
1573135252.209,291,11,None,Move,browsing
1573135252.218,287,9,None,Move,browsing
1573135252.226,285,8,None,Move,browsing
1573135252.234,283,8,None,Move,browsing
1573135252.242,281,8,None,Move,browsing
1573135252.2489998,280,9,None,Move,browsing
1573135252.258,280,9,None,Move,browsing
1573135252.265,279,9,None,Move,browsing
1573135252.2729998,278,10,None,Move,browsing
1573135252.279,277,12,None,Move,browsing
1573135252.288,277,15,None,Move,browsing
1573135252.296,277,17,None,Move,browsing
1573135252.304,277,22,None,Move,browsing
1573135252.312,278,28,None,Move,browsing
1573135252.319,283,37,None,Move,browsing
1573135252.3279998,290,46,None,Move,browsing
1573135252.336,300,55,None,Move,browsing
1573135252.344,313,65,None,Move,browsing
1573135252.3520002,326,75,None,Move,browsing
1573135252.3579998,341,85,None,Move,browsing
1573135252.365,360,95,None,Move,browsing
1573135252.3739998,377,105,None,Move,browsing
1573135252.391,396,118,None,Move,browsing
1573135252.391,417,133,None,Move,browsing
1573135252.3979998,435,147,None,Move,browsing
1573135252.406,453,164,None,Move,browsing
1573135252.413,481,191,None,Move,browsing
1573135252.4220002,513,226,None,Move,browsing
1573135252.43,551,256,None,Move,browsing
1573135252.438,581,284,None,Move,browsing
1573135252.444,613,316,None,Move,browsing
1573135252.452,640,343,None,Move,browsing
1573135252.46,665,373,None,Move,browsing
1573135252.468,690,400,None,Move,browsing
1573135252.476,708,422,None,Move,browsing
1573135252.484,723,443,None,Move,browsing
1573135252.492,738,464,None,Move,browsing
1573135252.5,750,481,None,Move,browsing
1573135252.508,760,497,None,Move,browsing
1573135252.515,770,512,None,Move,browsing
1573135252.522,782,527,None,Move,browsing
1573135252.53,793,549,None,Move,browsing
1573135252.538,805,566,None,Move,browsing
1573135252.546,816,581,None,Move,browsing
1573135252.554,828,594,None,Move,browsing
1573135252.561,839,605,None,Move,browsing
1573135252.569,849,618,None,Move,browsing
1573135252.5779998,859,631,None,Move,browsing
1573135252.586,868,644,None,Move,browsing
1573135252.594,875,657,None,Move,browsing
1573135252.6139998,879,668,None,Move,browsing
1573135252.615,891,686,None,Move,browsing
1573135252.6239998,897,691,None,Move,browsing
1573135252.6520002,899,692,None,Move,browsing
1573135252.776,899,690,None,Move,browsing
1573135252.783,899,679,None,Move,browsing
1573135252.793,899,667,None,Move,browsing
1573135252.799,899,649,None,Move,browsing
1573135252.8070002,898,628,None,Move,browsing
1573135252.816,898,608,None,Move,browsing
1573135252.824,896,595,None,Move,browsing
1573135252.831,896,581,None,Move,browsing
1573135252.8479998,894,575,None,Move,browsing
1573135252.8620002,893,574,None,Move,browsing
1573135252.87,888,567,None,Move,browsing
1573135252.8779998,884,556,None,Move,browsing
1573135252.8860002,880,544,None,Move,browsing
1573135252.896,880,532,None,Move,browsing
1573135252.9020002,881,519,None,Move,browsing
1573135252.91,883,507,None,Move,browsing
1573135252.918,887,491,None,Move,browsing
1573135252.926,892,480,None,Move,browsing
1573135252.9329998,893,478,None,Move,browsing
1573135252.94,895,476,None,Move,browsing
1573135252.948,897,474,None,Move,browsing
1573135252.955,899,473,None,Move,browsing
1573135252.965,901,472,None,Move,browsing
1573135252.972,903,472,None,Move,browsing
1573135253.0,904,472,None,Move,browsing
1573135253.008,904,474,None,Move,browsing
1573135253.014,906,484,None,Move,browsing
1573135253.022,909,498,None,Move,browsing
1573135253.03,912,516,None,Move,browsing
1573135253.038,916,539,None,Move,browsing
1573135253.046,922,574,None,Move,browsing
1573135253.053,931,611,None,Move,browsing
1573135253.062,945,645,None,Move,browsing
1573135253.07,958,675,None,Move,browsing
1573135253.0779998,969,698,None,Move,browsing
1573135253.086,983,722,None,Move,browsing
1573135253.094,995,745,None,Move,browsing
1573135253.099,1003,762,None,Move,browsing
1573135253.1079998,1010,774,None,Move,browsing
1573135253.115,1012,783,None,Move,browsing
1573135253.1239998,1015,792,None,Move,browsing
1573135253.1320002,1016,796,None,Move,browsing
1573135253.14,1018,800,None,Move,browsing
1573135253.1479998,1018,803,None,Move,browsing
1573135253.16,1018,807,None,Move,browsing
1573135253.167,1016,817,None,Move,browsing
1573135253.175,1013,825,None,Move,browsing
1573135253.1820002,1010,836,None,Move,browsing
1573135253.19,1008,848,None,Move,browsing
1573135253.198,1005,861,None,Move,browsing
1573135253.206,1002,873,None,Move,browsing
1573135253.214,1002,883,None,Move,browsing
1573135253.231,1001,891,None,Move,browsing
1573135253.232,999,902,None,Move,browsing
1573135253.238,998,910,None,Move,browsing
1573135253.246,995,917,None,Move,browsing
1573135253.254,994,925,None,Move,browsing
1573135253.26,991,932,None,Move,browsing
1573135253.268,988,939,None,Move,browsing
1573135253.278,986,944,None,Move,browsing
1573135253.284,983,953,None,Move,browsing
1573135253.292,980,961,None,Move,browsing
1573135253.299,980,969,None,Move,browsing
1573135253.3079998,980,977,None,Move,browsing
1573135253.315,980,981,None,Move,browsing
1573135253.324,980,985,None,Move,browsing
1573135253.332,980,988,None,Move,browsing
1573135253.337,980,990,None,Move,browsing
1573135253.346,980,992,None,Move,browsing
1573135253.365,980,994,None,Move,browsing
1573135253.3660002,980,995,None,Move,browsing
1573135253.37,980,997,None,Move,browsing
1573135253.3779998,980,998,None,Move,browsing
1573135253.3860002,980,999,None,Move,browsing
1573135253.394,981,1001,None,Move,browsing
1573135253.4020002,982,1003,None,Move,browsing
1573135253.41,983,1006,None,Move,browsing
1573135253.418,985,1008,None,Move,browsing
1573135253.423,988,1013,None,Move,browsing
1573135253.431,990,1016,None,Move,browsing
1573135253.44,991,1018,None,Move,browsing
1573135253.448,992,1020,None,Move,browsing
1573135253.458,993,1022,None,Move,browsing
1573135253.464,993,1023,None,Move,browsing
1573135253.554,993,1023,None,Move,browsing
1573135253.562,992,1021,None,Move,browsing
1573135253.57,991,1019,None,Move,browsing
1573135253.5779998,990,1017,None,Move,browsing
1573135253.586,989,1015,None,Move,browsing
1573135253.592,988,1013,None,Move,browsing
1573135253.6,988,1012,None,Move,browsing
1573135253.6079998,987,1010,None,Move,browsing
1573135253.6160002,987,1009,None,Move,browsing
1573135253.6239998,987,1007,None,Move,browsing
1573135253.6320002,987,1005,None,Move,browsing
1573135253.639,987,1003,None,Move,browsing
1573135253.647,987,1002,None,Move,browsing
1573135253.655,987,1001,None,Move,browsing
1573135253.664,986,1000,None,Move,browsing
1573135253.67,986,999,None,Move,browsing
1573135253.698,986,999,None,Move,browsing
1573135253.71,986,998,None,Move,browsing
1573135253.722,986,997,None,Move,browsing
1573135253.73,985,997,None,Move,browsing
1573135253.752,985,996,None,Move,browsing
1573135253.76,985,995,None,Move,browsing
1573135253.775,985,994,None,Move,browsing
1573135253.889,984,993,None,Move,browsing
1573135253.908,984,993,None,Move,browsing
1573135253.914,983,991,None,Move,browsing
1573135253.92,982,989,None,Move,browsing
1573135253.927,982,987,None,Move,browsing
1573135253.936,982,985,None,Move,browsing
1573135253.944,982,983,None,Move,browsing
1573135253.952,982,981,None,Move,browsing
1573135253.959,982,980,None,Move,browsing
1573135253.967,982,979,None,Move,browsing
1573135253.976,982,978,None,Move,browsing
1573135253.9829998,982,978,None,Move,browsing
1573135254.034,982,977,None,Move,browsing
1573135260.076,981,975,None,Move,browsing
1573135260.083,979,973,None,Move,browsing
1573135260.091,978,971,None,Move,browsing
1573135260.099,977,969,None,Move,browsing
1573135260.107,976,967,None,Move,browsing
1573135260.115,976,963,None,Move,browsing
1573135260.123,975,960,None,Move,browsing
1573135260.129,975,956,None,Move,browsing
1573135260.154,975,952,None,Move,browsing
1573135260.155,974,947,None,Move,browsing
1573135260.1620002,974,945,None,Move,browsing
1573135260.169,974,943,None,Move,browsing
1573135260.178,974,942,None,Move,browsing
1573135260.194,974,942,None,Move,browsing
1573135260.202,974,940,None,Move,browsing
1573135260.208,974,938,None,Move,browsing
1573135260.216,974,937,None,Move,browsing
1573135260.224,974,935,None,Move,browsing
1573135260.232,974,933,None,Move,browsing
1573135260.242,974,931,None,Move,browsing
1573135260.248,974,927,None,Move,browsing
1573135260.255,975,917,None,Move,browsing
1573135260.264,978,905,None,Move,browsing
1573135260.272,981,893,None,Move,browsing
1573135260.28,985,878,None,Move,browsing
1573135260.286,993,862,None,Move,browsing
1573135260.294,998,843,None,Move,browsing
1573135260.302,1001,825,None,Move,browsing
1573135260.309,1005,805,None,Move,browsing
1573135260.3179998,1008,785,None,Move,browsing
1573135260.325,1008,765,None,Move,browsing
1573135260.334,1008,747,None,Move,browsing
1573135260.342,1008,729,None,Move,browsing
1573135260.35,1010,715,None,Move,browsing
1573135260.3579998,1011,703,None,Move,browsing
1573135260.3660002,1013,689,None,Move,browsing
1573135260.3720002,1016,674,None,Move,browsing
1573135260.38,1019,662,None,Move,browsing
1573135260.387,1022,646,None,Move,browsing
1573135260.395,1026,627,None,Move,browsing
1573135260.404,1029,609,None,Move,browsing
1573135260.4120002,1034,591,None,Move,browsing
1573135260.42,1039,576,None,Move,browsing
1573135260.437,1047,562,None,Move,browsing
1573135260.438,1055,547,None,Move,browsing
1573135260.4429998,1065,534,None,Move,browsing
1573135260.45,1075,521,None,Move,browsing
1573135260.459,1084,508,None,Move,browsing
1573135260.465,1094,497,None,Move,browsing
1573135260.488,1104,484,None,Move,browsing
1573135260.488,1110,471,None,Move,browsing
1573135260.4889998,1115,458,None,Move,browsing
1573135260.498,1118,446,None,Move,browsing
1573135260.506,1124,433,None,Move,browsing
1573135260.514,1129,424,None,Move,browsing
1573135260.521,1133,415,None,Move,browsing
1573135260.528,1137,410,None,Move,browsing
1573135260.536,1139,407,None,Move,browsing
1573135260.544,1141,403,None,Move,browsing
1573135260.552,1144,401,None,Move,browsing
1573135260.562,1146,399,None,Move,browsing
1573135260.5679998,1148,397,None,Move,browsing
1573135260.576,1150,395,None,Move,browsing
1573135260.584,1152,390,None,Move,browsing
1573135260.592,1155,387,None,Move,browsing
1573135260.6,1160,380,None,Move,browsing
1573135260.607,1166,371,None,Move,browsing
1573135260.6139998,1174,362,None,Move,browsing
1573135260.621,1181,353,None,Move,browsing
1573135260.629,1187,342,None,Move,browsing
1573135260.6379998,1192,331,None,Move,browsing
1573135260.646,1195,321,None,Move,browsing
1573135260.654,1198,312,None,Move,browsing
1573135260.661,1201,303,None,Move,browsing
1573135260.669,1202,295,None,Move,browsing
1573135260.678,1205,286,None,Move,browsing
1573135260.686,1206,278,None,Move,browsing
1573135260.691,1206,270,None,Move,browsing
1573135260.7,1210,259,None,Move,browsing
1573135260.708,1213,249,None,Move,browsing
1573135260.716,1214,238,None,Move,browsing
1573135260.724,1217,228,None,Move,browsing
1573135260.732,1220,219,None,Move,browsing
1573135260.7389998,1221,211,None,Move,browsing
1573135260.748,1224,204,None,Move,browsing
1573135260.755,1226,199,None,Move,browsing
1573135260.764,1229,194,None,Move,browsing
1573135260.771,1231,189,None,Move,browsing
1573135260.78,1234,184,None,Move,browsing
1573135260.786,1236,179,None,Move,browsing
1573135260.796,1239,172,None,Move,browsing
1573135260.802,1242,166,None,Move,browsing
1573135260.81,1245,157,None,Move,browsing
1573135260.8179998,1248,148,None,Move,browsing
1573135260.826,1251,138,None,Move,browsing
1573135260.834,1252,126,None,Move,browsing
1573135260.841,1255,117,None,Move,browsing
1573135260.849,1256,109,None,Move,browsing
1573135260.855,1258,100,None,Move,browsing
1573135260.863,1259,94,None,Move,browsing
1573135260.871,1260,87,None,Move,browsing
1573135260.881,1263,82,None,Move,browsing
1573135260.887,1263,80,None,Move,browsing
1573135260.895,1264,78,None,Move,browsing
1573135260.903,1265,76,None,Move,browsing
1573135260.911,1266,74,None,Move,browsing
1573135260.92,1267,72,None,Move,browsing
1573135260.928,1268,70,None,Move,browsing
1573135260.936,1269,68,None,Move,browsing
1573135260.9420002,1270,66,None,Move,browsing
1573135260.95,1270,64,None,Move,browsing
1573135260.958,1271,62,None,Move,browsing
1573135260.966,1271,60,None,Move,browsing
1573135260.9729998,1271,58,None,Move,browsing
1573135260.99,1271,56,None,Move,browsing
1573135260.9910002,1271,54,None,Move,browsing
1573135260.998,1271,52,None,Move,browsing
1573135261.005,1271,51,None,Move,browsing
1573135261.014,1271,50,None,Move,browsing
1573135261.02,1271,49,None,Move,browsing
1573135261.028,1271,47,None,Move,browsing
1573135261.035,1271,45,None,Move,browsing
1573135261.044,1271,43,None,Move,browsing
1573135261.052,1271,40,None,Move,browsing
1573135261.062,1272,38,None,Move,browsing
1573135261.0670002,1272,36,None,Move,browsing
1573135261.076,1273,35,None,Move,browsing
1573135261.083,1274,35,None,Move,browsing
1573135261.109,1275,35,None,Move,browsing
1573135261.762,1275,35,Left,Pressed,browsing
1573135261.914,1275,35,Left,Released,browsing
1573135262.0979998,1275,35,None,Move,browsing
1573135262.11,1276,35,None,Move,browsing
1573135262.1179998,1280,36,None,Move,browsing
1573135262.1260002,1290,37,None,Move,browsing
1573135262.1339998,1304,37,None,Move,browsing
1573135262.1420002,1329,39,None,Move,browsing
1573135262.15,1363,43,None,Move,browsing
1573135262.157,1398,48,None,Move,browsing
1573135262.163,1437,52,None,Move,browsing
1573135262.171,1475,57,None,Move,browsing
1573135262.184,1522,62,None,Move,browsing
1573135262.191,1601,70,None,Move,browsing
1573135262.202,1638,73,None,Move,browsing
1573135262.207,1667,73,None,Move,browsing
1573135262.216,1689,73,None,Move,browsing
1573135262.2229998,1707,73,None,Move,browsing
1573135262.232,1717,71,None,Move,browsing
1573135262.2389998,1724,68,None,Move,browsing
1573135262.2589998,1726,68,None,Move,browsing
1573135262.294,1726,67,None,Move,browsing
1573135262.344,1726,67,None,Move,browsing
1573135262.367,1726,66,None,Move,browsing
1573135262.387,1726,62,None,Move,browsing
1573135262.395,1726,60,None,Move,browsing
1573135262.406,1726,58,None,Move,browsing
1573135262.414,1727,55,None,Move,browsing
1573135262.4220002,1728,52,None,Move,browsing
1573135262.43,1729,50,None,Move,browsing
1573135262.438,1730,48,None,Move,browsing
1573135262.448,1730,46,None,Move,browsing
1573135262.454,1732,42,None,Move,browsing
1573135262.462,1733,40,None,Move,browsing
1573135262.47,1734,37,None,Move,browsing
1573135262.4770002,1736,32,None,Move,browsing
1573135262.485,1739,27,None,Move,browsing
1573135262.495,1742,24,None,Move,browsing
1573135262.4989998,1744,22,None,Move,browsing
1573135262.508,1746,20,None,Move,browsing
1573135262.5170002,1748,17,None,Move,browsing
1573135262.524,1750,16,None,Move,browsing
1573135262.532,1751,16,None,Move,browsing
1573135262.586,1751,16,None,Move,browsing
1573135262.7,1751,16,None,Move,browsing
1573135262.712,1751,17,None,Move,browsing
1573135262.72,1750,17,None,Move,browsing
1573135262.728,1749,18,None,Move,browsing
1573135262.8920002,1749,18,Left,Pressed,browsing
1573135263.028,1749,18,Left,Released,browsing
1573135263.2570002,1748,19,None,Move,office
1573135263.265,1740,21,None,Move,office
1573135263.274,1724,24,None,Move,office
1573135263.282,1704,26,None,Move,office
1573135263.29,1684,28,None,Move,office
1573135263.298,1655,32,None,Move,office
1573135263.306,1626,32,None,Move,office
1573135263.316,1597,34,None,Move,office
1573135263.319,1564,34,None,Move,office
1573135263.327,1525,30,None,Move,office
1573135263.335,1487,25,None,Move,office
1573135263.343,1443,16,None,Move,office
1573135263.3520002,1397,1,None,Move,office
1573135263.36,1356,-11,None,Move,office
1573135263.367,1327,-17,None,Move,office
1573135263.3760002,1301,-20,None,Move,office
1573135263.3839998,1277,-27,None,Move,office
1573135263.391,1256,-36,None,Move,office
1573135263.3979998,1236,-45,None,Move,office
1573135263.406,1224,-53,None,Move,office
1573135263.416,1213,-62,None,Move,office
1573135263.4220002,1205,-69,None,Move,office
1573135263.43,1198,-76,None,Move,office
1573135263.438,1191,-83,None,Move,office
1573135263.446,1188,-91,None,Move,office
1573135263.454,1184,-98,None,Move,office
1573135263.462,1182,-105,None,Move,office
1573135263.47,1178,-114,None,Move,office
1573135263.476,1174,-122,None,Move,office
1573135263.4829998,1170,-129,None,Move,office
1573135263.4910002,1168,-136,None,Move,office
1573135263.5,1164,-144,None,Move,office
1573135263.5070002,1159,-151,None,Move,office
1573135263.516,1154,-159,None,Move,office
1573135263.5229998,1148,-166,None,Move,office
1573135263.532,1142,-174,None,Move,office
1573135263.54,1135,-182,None,Move,office
1573135263.548,1127,-189,None,Move,office
1573135263.556,1119,-199,None,Move,office
1573135263.562,1112,-206,None,Move,office
1573135263.57,1102,-214,None,Move,office
1573135263.5779998,1094,-224,None,Move,office
1573135263.586,1085,-232,None,Move,office
1573135263.594,1074,-241,None,Move,office
1573135263.6020002,1065,-249,None,Move,office
1573135263.609,1055,-259,None,Move,office
1573135263.6179998,1046,-268,None,Move,office
1573135263.625,1035,-279,None,Move,office
1573135263.6339998,1024,-292,None,Move,office
1573135263.64,1013,-304,None,Move,office
1573135263.6479998,1002,-317,None,Move,office
1573135263.656,984,-332,None,Move,office
1573135263.664,963,-351,None,Move,office
1573135263.6720002,951,-363,None,Move,office
1573135263.68,940,-374,None,Move,office
1573135263.688,929,-387,None,Move,office
1573135263.696,914,-402,None,Move,office
1573135263.704,903,-413,None,Move,office
1573135263.711,895,-422,None,Move,office
1573135263.717,887,-430,None,Move,office
1573135263.725,881,-436,None,Move,office
1573135263.7370002,873,-442,None,Move,office
1573135263.7410002,868,-445,None,Move,office
1573135263.75,864,-447,None,Move,office
1573135263.7570002,861,-447,None,Move,office
1573135263.766,857,-446,None,Move,office
1573135263.774,851,-443,None,Move,office
1573135263.782,846,-441,None,Move,office
1573135263.79,840,-439,None,Move,office
1573135263.798,837,-437,None,Move,office
1573135263.804,833,-435,None,Move,office
1573135263.812,829,-432,None,Move,office
1573135263.82,823,-428,None,Move,office
1573135263.8279998,817,-424,None,Move,office
1573135263.836,812,-416,None,Move,office
1573135263.844,807,-410,None,Move,office
1573135263.8520002,804,-403,None,Move,office
1573135263.86,800,-395,None,Move,office
1573135263.8679998,796,-388,None,Move,office
1573135263.8760002,794,-381,None,Move,office
1573135263.8820002,791,-373,None,Move,office
1573135263.89,789,-366,None,Move,office
1573135263.8979998,789,-355,None,Move,office
1573135263.906,786,-341,None,Move,office
1573135263.914,785,-336,None,Move,office
1573135263.937,785,-335,None,Move,office
1573135263.946,783,-328,None,Move,office
1573135263.954,782,-326,None,Move,office
1573135264.121,782,-326,None,Move,office
1573135264.127,780,-327,None,Move,office
1573135264.135,779,-329,None,Move,office
1573135264.159,779,-329,None,Move,office
1573135264.167,778,-330,None,Move,office
1573135264.175,776,-332,None,Move,office
1573135264.184,774,-334,None,Move,office
1573135264.1920002,772,-335,None,Move,office
1573135264.2,771,-336,None,Move,office
1573135264.208,769,-337,None,Move,office
1573135264.214,767,-339,None,Move,office
1573135264.222,765,-341,None,Move,office
1573135264.229,764,-342,None,Move,office
1573135264.238,763,-345,None,Move,office
1573135264.246,762,-350,None,Move,office
1573135264.254,762,-356,None,Move,office
1573135264.264,762,-361,None,Move,office
1573135264.27,761,-361,None,Move,office
1573135264.278,759,-363,None,Move,office
1573135264.285,758,-363,None,Move,office
1573135264.291,756,-363,None,Move,office
1573135264.3,753,-363,None,Move,office
1573135264.3079998,751,-363,None,Move,office
1573135264.316,749,-363,None,Move,office
1573135264.3279998,749,-363,None,Move,office
1573135264.34,748,-362,None,Move,office
1573135264.3479998,747,-362,None,Move,office
1573135264.356,745,-360,None,Move,office
1573135264.3639998,745,-358,None,Move,office
1573135264.369,745,-358,None,Move,office
1573135264.377,744,-357,None,Move,office
1573135264.488,744,-357,Left,Pressed,office
1573135264.6279998,744,-357,Left,Released,office
1573135264.64,743,-356,None,Move,office
1573135264.6520002,742,-356,None,Move,office
1573135264.66,741,-353,None,Move,office
1573135264.668,739,-348,None,Move,office
1573135264.675,737,-345,None,Move,office
1573135264.684,735,-340,None,Move,office
1573135264.6920002,733,-334,None,Move,office
1573135264.7,730,-330,None,Move,office
1573135264.706,727,-326,None,Move,office
1573135264.7129998,725,-323,None,Move,office
1573135264.722,723,-320,None,Move,office
1573135264.73,722,-318,None,Move,office
1573135264.738,720,-316,None,Move,office
1573135264.746,718,-316,None,Move,office
1573135264.754,717,-315,None,Move,office
1573135264.762,717,-315,None,Move,office
1573135264.77,716,-315,None,Move,office
1573135264.82,715,-314,None,Move,office
1573135264.832,715,-314,None,Move,office
1573135264.8479998,714,-314,None,Move,office
1573135265.0979998,714,-314,None,Move,office
1573135265.561,714,-314,None,Move,office
1573135265.57,714,-314,None,Move,office
1573135267.186,714,-315,None,Move,office
1573135267.194,714,-318,None,Move,office
1573135267.202,715,-320,None,Move,office
1573135267.21,715,-321,None,Move,office
1573135267.218,716,-323,None,Move,office
1573135267.225,718,-326,None,Move,office
1573135267.234,719,-328,None,Move,office
1573135267.242,721,-331,None,Move,office
1573135267.25,723,-333,None,Move,office
1573135267.256,724,-335,None,Move,office
1573135267.2629998,726,-338,None,Move,office
1573135267.271,729,-341,None,Move,office
1573135267.279,731,-343,None,Move,office
1573135267.288,733,-345,None,Move,office
1573135267.295,736,-348,None,Move,office
1573135267.304,739,-353,None,Move,office
1573135267.312,745,-356,None,Move,office
1573135267.32,750,-362,None,Move,office
1573135267.327,753,-366,None,Move,office
1573135267.334,756,-372,None,Move,office
1573135267.342,758,-376,None,Move,office
1573135267.35,761,-381,None,Move,office
1573135267.3579998,762,-383,None,Move,office
1573135267.3660002,764,-385,None,Move,office
1573135267.373,765,-387,None,Move,office
1573135267.381,767,-389,None,Move,office
1573135267.39,768,-390,None,Move,office
1573135267.397,769,-391,None,Move,office
1573135267.406,771,-392,None,Move,office
1573135267.414,773,-394,None,Move,office
1573135267.424,775,-396,None,Move,office
1573135267.427,779,-398,None,Move,office
1573135267.436,783,-400,None,Move,office
1573135267.444,790,-402,None,Move,office
1573135267.452,797,-404,None,Move,office
1573135267.46,806,-407,None,Move,office
1573135267.468,816,-407,None,Move,office
1573135267.476,824,-407,None,Move,office
1573135267.484,833,-407,None,Move,office
1573135267.492,843,-405,None,Move,office
1573135267.5,852,-403,None,Move,office
1573135267.505,862,-402,None,Move,office
1573135267.514,872,-402,None,Move,office
1573135267.522,882,-402,None,Move,office
1573135267.53,893,-403,None,Move,office
1573135267.5370002,906,-405,None,Move,office
1573135267.546,916,-407,None,Move,office
1573135267.554,927,-410,None,Move,office
1573135267.562,935,-411,None,Move,office
1573135267.57,942,-412,None,Move,office
1573135267.5779998,949,-412,None,Move,office
1573135267.584,952,-412,None,Move,office
1573135267.592,953,-412,None,Move,office
1573135267.6,955,-412,None,Move,office
1573135267.6079998,956,-412,None,Move,office
1573135267.772,957,-413,None,Move,office
1573135267.78,959,-413,None,Move,office
1573135267.788,960,-413,None,Move,office
1573135267.796,962,-413,None,Move,office
1573135267.804,965,-413,None,Move,office
1573135267.812,967,-413,None,Move,office
1573135267.82,969,-413,None,Move,office
1573135267.826,971,-413,None,Move,office
1573135267.834,972,-413,None,Move,office
1573135267.842,974,-413,None,Move,office
1573135267.85,975,-413,None,Move,office
1573135267.8579998,976,-413,None,Move,office
1573135267.8660002,977,-413,None,Move,office
1573135267.8820002,977,-413,None,Move,office
1573135267.908,978,-413,None,Move,office
1573135267.924,978,-413,None,Move,office
1573135267.928,980,-413,None,Move,office
1573135267.936,981,-412,None,Move,office
1573135267.944,984,-412,None,Move,office
1573135267.952,989,-411,None,Move,office
1573135267.96,995,-410,None,Move,office
1573135267.967,1002,-409,None,Move,office
1573135267.976,1009,-408,None,Move,office
1573135267.984,1014,-407,None,Move,office
1573135267.99,1020,-405,None,Move,office
1573135267.998,1024,-404,None,Move,office
1573135268.005,1026,-403,None,Move,office
1573135268.014,1028,-402,None,Move,office
1573135268.022,1031,-401,None,Move,office
1573135268.03,1032,-401,None,Move,office
1573135268.039,1034,-400,None,Move,office
1573135268.045,1035,-400,None,Move,office
1573135268.054,1036,-400,None,Move,office
1573135268.062,1036,-400,None,Move,office
1573135268.0679998,1038,-400,None,Move,office
1573135268.075,1040,-399,None,Move,office
1573135268.084,1041,-399,None,Move,office
1573135268.092,1044,-399,None,Move,office
1573135268.1,1048,-398,None,Move,office
1573135268.1079998,1053,-398,None,Move,office
1573135268.1160002,1058,-398,None,Move,office
1573135268.1239998,1065,-398,None,Move,office
1573135268.1320002,1072,-400,None,Move,office
1573135268.14,1079,-401,None,Move,office
1573135268.1479998,1086,-402,None,Move,office
1573135268.154,1093,-403,None,Move,office
1573135268.1620002,1100,-403,None,Move,office
1573135268.17,1107,-404,None,Move,office
1573135268.178,1114,-405,None,Move,office
1573135268.186,1121,-405,None,Move,office
1573135268.194,1127,-405,None,Move,office
1573135268.202,1134,-405,None,Move,office
1573135268.21,1143,-405,None,Move,office
1573135268.218,1151,-407,None,Move,office
1573135268.226,1160,-407,None,Move,office
1573135268.232,1171,-407,None,Move,office
1573135268.242,1181,-407,None,Move,office
1573135268.248,1193,-407,None,Move,office
1573135268.256,1208,-407,None,Move,office
1573135268.264,1223,-406,None,Move,office
1573135268.272,1236,-406,None,Move,office
1573135268.28,1246,-405,None,Move,office
1573135268.288,1255,-405,None,Move,office
1573135268.295,1262,-404,None,Move,office
1573135268.304,1265,-404,None,Move,office
1573135268.312,1268,-404,None,Move,office
1573135268.3179998,1270,-404,None,Move,office
1573135268.326,1270,-404,None,Move,office
1573135268.334,1271,-404,None,Move,office
1573135268.396,1272,-404,None,Move,office
1573135268.408,1273,-404,None,Move,office
1573135268.416,1273,-404,None,Move,office
1573135268.424,1275,-404,None,Move,office
1573135268.4329998,1276,-404,None,Move,office
1573135268.439,1277,-404,None,Move,office
1573135268.549,1277,-404,None,Move,office
1573135268.556,1275,-405,None,Move,office
1573135268.563,1271,-405,None,Move,office
1573135268.572,1266,-405,None,Move,office
1573135268.579,1259,-404,None,Move,office
1573135268.587,1252,-403,None,Move,office
1573135268.595,1245,-400,None,Move,office
1573135268.604,1236,-399,None,Move,office
1573135268.6120002,1226,-398,None,Move,office
1573135268.62,1216,-395,None,Move,office
1573135268.627,1204,-393,None,Move,office
1573135268.635,1192,-390,None,Move,office
1573135268.6420002,1175,-386,None,Move,office
1573135268.6520002,1156,-383,None,Move,office
1573135268.658,1137,-380,None,Move,office
1573135268.666,1118,-377,None,Move,office
1573135268.674,1096,-375,None,Move,office
1573135268.6820002,1078,-374,None,Move,office
1573135268.69,1060,-373,None,Move,office
1573135268.698,1041,-370,None,Move,office
1573135268.705,1019,-370,None,Move,office
1573135268.714,999,-370,None,Move,office
1573135268.72,982,-370,None,Move,office
1573135268.728,966,-370,None,Move,office
1573135268.736,952,-370,None,Move,office
1573135268.744,942,-370,None,Move,office
1573135268.754,932,-370,None,Move,office
1573135268.76,922,-370,None,Move,office
1573135268.768,912,-370,None,Move,office
1573135268.776,902,-369,None,Move,office
1573135268.784,892,-366,None,Move,office
1573135268.792,881,-363,None,Move,office
1573135268.798,869,-357,None,Move,office
1573135268.806,858,-351,None,Move,office
1573135268.814,848,-347,None,Move,office
1573135268.822,839,-345,None,Move,office
1573135268.829,832,-342,None,Move,office
1573135268.837,825,-340,None,Move,office
1573135268.845,817,-338,None,Move,office
1573135268.854,810,-335,None,Move,office
1573135268.8620002,806,-333,None,Move,office
1573135268.87,803,-331,None,Move,office
1573135268.8779998,802,-330,None,Move,office
1573135268.8839998,800,-328,None,Move,office
1573135268.8920002,799,-327,None,Move,office
1573135268.9,799,-326,None,Move,office
1573135268.908,798,-326,None,Move,office
1573135268.96,798,-325,None,Move,office
1573135269.006,798,-325,None,Move,office
1573135269.076,798,-323,None,Move,office
1573135269.0879998,798,-323,None,Move,office
1573135269.096,798,-322,None,Move,office
1573135269.103,798,-321,None,Move,office
1573135269.1120002,798,-321,None,Move,office
1573135269.12,798,-320,None,Move,office
1573135269.1279998,798,-319,None,Move,office
1573135269.1339998,799,-318,None,Move,office
1573135269.1420002,801,-316,None,Move,office
1573135269.149,802,-314,None,Move,office
1573135269.158,804,-313,None,Move,office
1573135269.166,807,-311,None,Move,office
1573135269.174,809,-310,None,Move,office
1573135269.1820002,811,-308,None,Move,office
1573135269.19,815,-306,None,Move,office
1573135269.198,820,-304,None,Move,office
1573135269.206,826,-299,None,Move,office
1573135269.212,830,-296,None,Move,office
1573135269.22,834,-292,None,Move,office
1573135269.228,839,-288,None,Move,office
1573135269.236,845,-283,None,Move,office
1573135269.244,853,-275,None,Move,office
1573135269.2529998,859,-266,None,Move,office
1573135269.2589998,867,-258,None,Move,office
1573135269.2670002,876,-250,None,Move,office
1573135269.276,887,-241,None,Move,office
1573135269.284,895,-230,None,Move,office
1573135269.29,905,-220,None,Move,office
1573135269.298,914,-210,None,Move,office
1573135269.306,922,-200,None,Move,office
1573135269.314,929,-193,None,Move,office
1573135269.322,932,-185,None,Move,office
1573135269.33,935,-178,None,Move,office
1573135269.3379998,937,-171,None,Move,office
1573135269.346,939,-164,None,Move,office
1573135269.356,941,-157,None,Move,office
1573135269.3620002,942,-151,None,Move,office
1573135269.37,943,-146,None,Move,office
1573135269.3760002,944,-142,None,Move,office
1573135269.3839998,944,-138,None,Move,office
1573135269.3920002,944,-137,None,Move,office
1573135269.4,945,-134,None,Move,office
1573135269.408,945,-132,None,Move,office
1573135269.416,945,-131,None,Move,office
1573135269.458,945,-131,None,Move,office
1573135269.47,943,-131,None,Move,office
1573135269.4770002,943,-132,None,Move,office
1573135269.486,940,-134,None,Move,office
1573135269.494,936,-136,None,Move,office
1573135269.502,930,-139,None,Move,office
1573135269.51,923,-144,None,Move,office
1573135269.518,915,-149,None,Move,office
1573135269.526,906,-156,None,Move,office
1573135269.534,895,-164,None,Move,office
1573135269.54,880,-171,None,Move,office
1573135269.548,862,-180,None,Move,office
1573135269.556,843,-190,None,Move,office
1573135269.563,826,-194,None,Move,office
1573135269.574,809,-197,None,Move,office
1573135269.58,792,-198,None,Move,office
1573135269.5879998,776,-198,None,Move,office
1573135269.595,764,-196,None,Move,office
1573135269.603,753,-194,None,Move,office
1573135269.609,745,-191,None,Move,office
1573135269.617,737,-188,None,Move,office
1573135269.625,732,-181,None,Move,office
1573135269.6339998,730,-176,None,Move,office
1573135269.641,728,-169,None,Move,office
1573135269.65,725,-161,None,Move,office
1573135269.658,723,-154,None,Move,office
1573135269.666,720,-145,None,Move,office
1573135269.676,718,-135,None,Move,office
1573135269.6820002,715,-126,None,Move,office
1573135269.688,711,-116,None,Move,office
1573135269.696,706,-107,None,Move,office
1573135269.704,698,-96,None,Move,office
1573135269.712,690,-88,None,Move,office
1573135269.72,680,-80,None,Move,office
1573135269.7370002,669,-72,None,Move,office
1573135269.74,659,-65,None,Move,office
1573135269.744,652,-60,None,Move,office
1573135269.752,646,-57,None,Move,office
1573135269.76,640,-55,None,Move,office
1573135269.768,636,-52,None,Move,office
1573135269.774,635,-52,None,Move,office
1573135269.782,633,-50,None,Move,office
1573135269.792,633,-49,None,Move,office
1573135269.7970002,632,-49,None,Move,office
1573135269.806,632,-48,None,Move,office
1573135269.8179998,632,-48,None,Move,office
1573135269.8379998,632,-47,None,Move,office
1573135269.928,632,-46,None,Move,office
1573135269.94,632,-46,None,Move,office
1573135269.946,633,-44,None,Move,office
1573135269.954,633,-43,None,Move,office
1573135269.97,634,-43,None,Move,office
1573135270.04,635,-42,None,Move,office
1573135270.052,635,-41,None,Move,office
1573135270.06,636,-40,None,Move,office
1573135270.0679998,637,-39,None,Move,office
1573135270.076,639,-38,None,Move,office
1573135270.086,640,-37,None,Move,office
1573135270.092,642,-36,None,Move,office
1573135270.097,644,-36,None,Move,office
1573135270.106,645,-35,None,Move,office
1573135270.113,647,-35,None,Move,office
1573135270.121,649,-35,None,Move,office
1573135270.13,649,-35,None,Move,office
1573135270.204,649,-34,None,Move,office
1573135270.212,648,-34,None,Move,office
1573135270.22,642,-34,None,Move,office
1573135270.228,633,-34,None,Move,office
1573135270.236,625,-34,None,Move,office
1573135270.244,615,-34,None,Move,office
1573135270.2510002,603,-34,None,Move,office
1573135270.2589998,588,-34,None,Move,office
1573135270.265,572,-34,None,Move,office
1573135270.274,553,-37,None,Move,office
1573135270.281,536,-40,None,Move,office
1573135270.29,519,-43,None,Move,office
1573135270.298,503,-45,None,Move,office
1573135270.306,486,-48,None,Move,office
1573135270.314,469,-51,None,Move,office
1573135270.322,452,-52,None,Move,office
1573135270.33,441,-54,None,Move,office
1573135270.3379998,429,-55,None,Move,office
1573135270.345,419,-56,None,Move,office
1573135270.3520002,412,-57,None,Move,office
1573135270.36,409,-57,None,Move,office
1573135270.367,406,-57,None,Move,office
1573135270.3760002,405,-57,None,Move,office
1573135270.404,405,-57,None,Move,office
1573135270.411,405,-57,None,Move,office
1573135270.419,405,-57,None,Move,office
1573135270.486,405,-56,None,Move,office
1573135270.51,406,-56,None,Move,office
1573135270.524,406,-55,None,Move,office
1573135270.532,404,-53,None,Move,office
1573135270.54,403,-52,None,Move,office
1573135270.548,401,-51,None,Move,office
1573135270.556,399,-49,None,Move,office
1573135270.564,397,-47,None,Move,office
1573135270.572,396,-45,None,Move,office
1573135270.58,394,-44,None,Move,office
1573135270.5879998,393,-43,None,Move,office
1573135270.594,392,-42,None,Move,office
1573135270.6420002,392,-41,None,Move,office
1573135270.688,392,-41,None,Move,office
1573135270.699,392,-40,None,Move,office
1573135270.708,391,-39,None,Move,office
1573135270.716,389,-38,None,Move,office
1573135270.724,388,-36,None,Move,office
1573135270.731,386,-34,None,Move,office
1573135270.74,382,-33,None,Move,office
1573135270.748,379,-32,None,Move,office
1573135270.756,375,-31,None,Move,office
1573135270.762,372,-31,None,Move,office
1573135270.77,368,-31,None,Move,office
1573135270.778,363,-30,None,Move,office
1573135270.786,358,-30,None,Move,office
1573135270.794,355,-30,None,Move,office
1573135270.802,353,-30,None,Move,office
1573135270.81,352,-30,None,Move,office
1573135270.8170002,350,-30,None,Move,office
1573135270.825,349,-30,None,Move,office
1573135270.839,349,-30,None,Move,office
1573135270.883,348,-30,None,Move,office
1573135270.895,347,-30,None,Move,office
1573135270.903,347,-30,None,Move,office
1573135270.9120002,345,-30,None,Move,office
1573135270.919,344,-30,None,Move,office
1573135270.926,344,-30,None,Move,office
1573135271.002,344,-30,Left,Pressed,office
1573135271.1720002,344,-30,Left,Released,office
1573135271.5,344,-32,None,Move,file system
1573135271.508,349,-41,None,Move,file system
1573135271.515,358,-52,None,Move,file system
1573135271.5229998,369,-65,None,Move,file system
1573135271.531,388,-79,None,Move,file system
1573135271.539,416,-90,None,Move,file system
1573135271.5470002,457,-101,None,Move,file system
1573135271.555,505,-105,None,Move,file system
1573135271.563,567,-110,None,Move,file system
1573135271.571,636,-115,None,Move,file system
1573135271.577,697,-115,None,Move,file system
1573135271.585,758,-117,None,Move,file system
1573135271.593,821,-109,None,Move,file system
1573135271.601,872,-95,None,Move,file system
1573135271.61,922,-81,None,Move,file system
1573135271.6179998,960,-69,None,Move,file system
1573135271.6260002,998,-56,None,Move,file system
1573135271.6339998,1030,-44,None,Move,file system
1573135271.6420002,1053,-37,None,Move,file system
1573135271.649,1073,-33,None,Move,file system
1573135271.658,1090,-30,None,Move,file system
1573135271.664,1102,-27,None,Move,file system
1573135271.6720002,1113,-25,None,Move,file system
1573135271.68,1120,-22,None,Move,file system
1573135271.688,1123,-20,None,Move,file system
1573135271.696,1124,-20,None,Move,file system
1573135271.742,1125,-20,None,Move,file system
1573135271.8639998,1126,-20,None,Move,file system
1573135271.8920002,1129,-20,None,Move,file system
1573135271.9,1142,-30,None,Move,file system
1573135271.905,1156,-42,None,Move,file system
1573135271.916,1174,-56,None,Move,file system
1573135271.9220002,1185,-69,None,Move,file system
1573135271.93,1195,-80,None,Move,file system
1573135271.938,1203,-88,None,Move,file system
1573135271.946,1208,-94,None,Move,file system
1573135271.954,1210,-101,None,Move,file system
1573135271.961,1211,-104,None,Move,file system
1573135271.97,1211,-105,None,Move,file system
1573135271.978,1211,-107,None,Move,file system
1573135271.986,1211,-108,None,Move,file system
1573135271.992,1211,-110,None,Move,file system
1573135272.0,1211,-112,None,Move,file system
1573135272.0070002,1211,-113,None,Move,file system
1573135272.018,1210,-115,None,Move,file system
1573135272.024,1210,-117,None,Move,file system
1573135272.032,1210,-119,None,Move,file system
1573135272.039,1210,-120,None,Move,file system
1573135272.0470002,1210,-122,None,Move,file system
1573135272.055,1210,-122,None,Move,file system
1573135272.2410002,1211,-122,Left,Pressed,file system
1573135272.242,1211,-122,None,Drag,file system
1573135272.242,1211,-122,Left,Released,file system
1573135272.265,1211,-122,None,Move,browsing
1573135272.418,1211,-122,None,Move,browsing
1573135272.43,1212,-122,None,Move,browsing
1573135272.437,1213,-121,None,Move,browsing
1573135272.446,1213,-120,None,Move,browsing
1573135272.457,1213,-120,None,Move,browsing
1573135272.465,1213,-116,None,Move,browsing
1573135272.4729998,1215,-112,None,Move,browsing
1573135272.716,1215,-112,None,Move,browsing
1573135272.7229998,1215,-117,None,Move,browsing
1573135272.7329998,1211,-131,None,Move,browsing
1573135272.7410002,1201,-144,None,Move,browsing
1573135272.75,1194,-149,None,Move,browsing
1573135272.758,1186,-158,None,Move,browsing
1573135272.766,1180,-160,None,Move,browsing
1573135272.774,1176,-162,None,Move,browsing
1573135272.782,1170,-168,None,Move,browsing
1573135272.79,1165,-176,None,Move,browsing
1573135272.798,1160,-183,None,Move,browsing
1573135272.805,1155,-189,None,Move,browsing
1573135272.812,1147,-197,None,Move,browsing
1573135272.82,1139,-206,None,Move,browsing
1573135272.8279998,1130,-214,None,Move,browsing
1573135272.851,1119,-225,None,Move,browsing
1573135272.8520002,1094,-256,None,Move,browsing
1573135272.86,1071,-278,None,Move,browsing
1573135272.8679998,1045,-302,None,Move,browsing
1573135272.8760002,1019,-328,None,Move,browsing
1573135272.883,996,-354,None,Move,browsing
1573135272.8920002,975,-376,None,Move,browsing
1573135272.897,957,-398,None,Move,browsing
1573135272.905,935,-418,None,Move,browsing
1573135272.914,914,-434,None,Move,browsing
1573135272.9220002,896,-449,None,Move,browsing
1573135272.93,881,-460,None,Move,browsing
1573135272.939,870,-470,None,Move,browsing
1573135272.946,859,-480,None,Move,browsing
1573135272.9529998,848,-488,None,Move,browsing
1573135272.962,837,-496,None,Move,browsing
1573135272.984,830,-504,None,Move,browsing
1573135272.985,817,-517,None,Move,browsing
1573135272.992,815,-520,None,Move,browsing
1573135273.0,813,-522,None,Move,browsing
1573135273.008,811,-525,None,Move,browsing
1573135273.016,811,-527,None,Move,browsing
1573135273.024,810,-527,None,Move,browsing
1573135273.0579998,810,-527,None,Move,browsing
1573135273.0679998,810,-527,None,Move,browsing
1573135273.074,808,-525,None,Move,browsing
1573135273.081,807,-523,None,Move,browsing
1573135273.089,805,-522,None,Move,browsing
1573135273.0979998,803,-519,None,Move,browsing
1573135273.106,801,-515,None,Move,browsing
1573135273.1139998,798,-512,None,Move,browsing
1573135273.1220002,796,-508,None,Move,browsing
1573135273.129,792,-502,None,Move,browsing
1573135273.151,790,-498,None,Move,browsing
1573135273.1520002,786,-487,None,Move,browsing
1573135273.159,784,-481,None,Move,browsing
1573135273.169,780,-475,None,Move,browsing
1573135273.176,777,-469,None,Move,browsing
1573135273.184,774,-466,None,Move,browsing
1573135273.201,772,-464,None,Move,browsing
1573135273.202,770,-462,None,Move,browsing
1573135273.208,768,-461,None,Move,browsing
1573135273.254,768,-461,None,Move,browsing
1573135273.266,767,-461,None,Move,browsing
1573135273.29,766,-462,None,Move,browsing
1573135273.302,765,-463,None,Move,browsing
1573135273.31,764,-464,None,Move,browsing
1573135273.316,762,-464,None,Move,browsing
1573135273.324,760,-466,None,Move,browsing
1573135273.332,759,-468,None,Move,browsing
1573135273.34,757,-469,None,Move,browsing
1573135273.35,755,-470,None,Move,browsing
1573135273.356,754,-471,None,Move,browsing
1573135273.3639998,754,-472,None,Move,browsing
1573135273.3720002,753,-473,None,Move,browsing
1573135273.38,752,-473,None,Move,browsing
1573135273.3879998,752,-473,None,Move,browsing
1573135273.454,752,-473,None,Move,browsing
1573135273.462,752,-473,Left,Pressed,browsing
1573135273.582,752,-473,Left,Released,browsing
1573135273.647,753,-473,None,Move,browsing
1573135273.66,756,-471,None,Move,browsing
1573135273.669,767,-463,None,Move,browsing
1573135273.676,779,-455,None,Move,browsing
1573135273.684,792,-445,None,Move,browsing
1573135273.6920002,804,-435,None,Move,browsing
1573135273.7,817,-426,None,Move,browsing
1573135273.708,829,-417,None,Move,browsing
1573135273.715,839,-411,None,Move,browsing
1573135273.724,846,-406,None,Move,browsing
1573135273.73,850,-402,None,Move,browsing
1573135273.7370002,852,-401,None,Move,browsing
1573135273.745,853,-399,None,Move,browsing
1573135273.7529998,854,-398,None,Move,browsing
1573135273.7610002,854,-398,None,Move,browsing
1573135273.7729998,854,-397,None,Move,browsing
1573135273.782,855,-397,None,Move,browsing
1573135273.836,855,-397,Left,Pressed,browsing
1573135273.968,855,-397,Left,Released,browsing
1573135274.0579998,856,-396,None,Move,browsing
1573135274.0679998,858,-394,None,Move,browsing
1573135274.074,861,-392,None,Move,browsing
1573135274.082,863,-390,None,Move,browsing
1573135274.09,866,-388,None,Move,browsing
1573135274.0979998,869,-386,None,Move,browsing
1573135274.106,870,-383,None,Move,browsing
1573135274.1139998,872,-382,None,Move,browsing
1573135274.1220002,874,-380,None,Move,browsing
1573135274.13,876,-378,None,Move,browsing
1573135274.1360002,877,-376,None,Move,browsing
1573135274.144,877,-376,None,Move,browsing
1573135274.216,877,-376,Left,Pressed,browsing
1573135274.344,877,-376,Left,Released,browsing
1573135274.3639998,877,-375,None,Move,browsing
1573135274.3739998,879,-371,None,Move,browsing
1573135274.3779998,880,-368,None,Move,browsing
1573135274.3879998,881,-362,None,Move,browsing
1573135274.394,882,-358,None,Move,browsing
1573135274.401,882,-353,None,Move,browsing
1573135274.409,882,-348,None,Move,browsing
1573135274.417,882,-343,None,Move,browsing
1573135274.426,882,-339,None,Move,browsing
1573135274.434,882,-335,None,Move,browsing
1573135274.441,882,-333,None,Move,browsing
1573135274.45,881,-330,None,Move,browsing
1573135274.458,881,-328,None,Move,browsing
1573135274.464,880,-327,None,Move,browsing
1573135274.472,880,-325,None,Move,browsing
1573135274.48,880,-324,None,Move,browsing
1573135274.647,880,-324,Left,Pressed,browsing
1573135274.647,880,-324,None,Drag,browsing
1573135274.663,879,-324,None,Drag,browsing
1573135274.687,879,-324,None,Drag,browsing
1573135274.687,879,-324,Left,Released,browsing
1573135274.696,879,-322,None,Move,browsing
1573135274.704,881,-320,None,Move,browsing
1573135274.71,881,-318,None,Move,browsing
1573135274.717,883,-317,None,Move,browsing
1573135274.726,885,-315,None,Move,browsing
1573135274.734,887,-313,None,Move,browsing
1573135274.742,889,-310,None,Move,browsing
1573135274.75,893,-306,None,Move,browsing
1573135274.758,900,-300,None,Move,browsing
1573135274.766,908,-293,None,Move,browsing
1573135274.774,915,-290,None,Move,browsing
1573135274.782,923,-285,None,Move,browsing
1573135274.788,930,-282,None,Move,browsing
1573135274.796,937,-280,None,Move,browsing
1573135274.804,939,-278,None,Move,browsing
1573135274.812,942,-276,None,Move,browsing
1573135274.82,943,-276,None,Move,browsing
1573135275.0570002,943,-275,Left,Pressed,browsing
1573135275.0570002,943,-275,None,Drag,browsing
1573135275.0570002,943,-275,Left,Released,browsing
1573135275.066,949,-274,None,Move,browsing
1573135275.073,956,-272,None,Move,browsing
1573135275.082,963,-271,None,Move,browsing
1573135275.092,974,-269,None,Move,browsing
1573135275.097,984,-266,None,Move,browsing
1573135275.106,994,-263,None,Move,browsing
1573135275.1139998,1005,-261,None,Move,browsing
1573135275.1239998,1018,-258,None,Move,browsing
1573135275.131,1025,-256,None,Move,browsing
1573135275.14,1033,-253,None,Move,browsing
1573135275.147,1035,-252,None,Move,browsing
1573135275.155,1037,-252,None,Move,browsing
1573135275.164,1039,-252,None,Move,browsing
1573135275.171,1039,-252,None,Move,browsing
1573135275.18,1040,-251,None,Move,browsing
1573135275.25,1041,-251,None,Move,browsing
1573135275.262,1041,-250,None,Move,browsing
1573135275.418,1041,-250,Left,Pressed,browsing
1573135275.418,1041,-250,None,Drag,browsing
1573135275.426,1042,-251,None,Drag,browsing
1573135275.4329998,1045,-251,None,Drag,browsing
1573135275.439,1048,-251,None,Drag,browsing
1573135275.447,1053,-251,None,Drag,browsing
1573135275.447,1053,-251,Left,Released,browsing
1573135275.455,1061,-249,None,Move,browsing
1573135275.4629998,1071,-248,None,Move,browsing
1573135275.471,1081,-247,None,Move,browsing
1573135275.48,1091,-245,None,Move,browsing
1573135275.4870002,1101,-244,None,Move,browsing
1573135275.496,1112,-243,None,Move,browsing
1573135275.504,1119,-242,None,Move,browsing
1573135275.512,1124,-242,None,Move,browsing
1573135275.519,1126,-242,None,Move,browsing
1573135275.526,1127,-242,None,Move,browsing
1573135275.7370002,1127,-242,None,Move,browsing
1573135275.746,1127,-243,None,Move,browsing
1573135275.754,1126,-244,None,Move,browsing
1573135275.762,1124,-245,None,Move,browsing
1573135275.778,1123,-247,None,Move,browsing
1573135275.78,1121,-249,None,Move,browsing
1573135275.784,1119,-251,None,Move,browsing
1573135275.792,1117,-252,None,Move,browsing
1573135275.8,1116,-253,None,Move,browsing
1573135275.8070002,1116,-255,None,Move,browsing
1573135275.816,1115,-255,None,Move,browsing
1573135275.8279998,1115,-256,None,Move,browsing
1573135275.836,1114,-256,None,Move,browsing
1573135275.8479998,1114,-257,None,Move,browsing
1573135275.8579998,1114,-257,None,Move,browsing
1573135275.87,1113,-257,None,Move,browsing
1573135275.8779998,1113,-258,None,Move,browsing
1573135275.937,1113,-258,None,Move,browsing
1573135275.948,1113,-258,None,Move,browsing
1573135275.972,1113,-258,Left,Pressed,browsing
1573135276.144,1113,-258,Left,Released,browsing
1573135276.2370002,1113,-258,None,Move,browsing
1573135276.25,1113,-258,None,Move,browsing
1573135276.694,1113,-258,None,Move,browsing
1573135276.742,1113,-258,None,Move,browsing
1573135276.792,1113,-258,None,Move,browsing
1573135276.816,1114,-257,None,Move,browsing
1573135276.824,1114,-256,None,Move,browsing
1573135276.832,1114,-256,None,Move,browsing
1573135276.84,1114,-254,None,Move,browsing
1573135276.846,1115,-252,None,Move,browsing
1573135276.856,1115,-251,None,Move,browsing
1573135276.8620002,1115,-248,None,Move,browsing
1573135276.869,1115,-246,None,Move,browsing
1573135276.8779998,1114,-245,None,Move,browsing
1573135276.8860002,1113,-243,None,Move,browsing
1573135276.894,1112,-241,None,Move,browsing
1573135276.9020002,1112,-240,None,Move,browsing
1573135276.91,1111,-238,None,Move,browsing
1573135276.918,1109,-236,None,Move,browsing
1573135276.924,1108,-234,None,Move,browsing
1573135276.9320002,1107,-233,None,Move,browsing
1573135276.94,1106,-232,None,Move,browsing
1573135276.948,1106,-231,None,Move,browsing
1573135276.955,1106,-231,None,Move,browsing
1573135277.217,1106,-231,None,Move,browsing
1573135277.229,1106,-232,None,Move,browsing
1573135277.238,1106,-234,None,Move,browsing
1573135277.246,1106,-235,None,Move,browsing
1573135277.254,1106,-236,None,Move,browsing
1573135277.26,1107,-236,None,Move,browsing
1573135277.276,1107,-237,None,Move,browsing
1573135277.3,1107,-238,None,Move,browsing
1573135277.3079998,1107,-238,None,Move,browsing
1573135277.316,1107,-239,None,Move,browsing
1573135277.324,1107,-240,None,Move,browsing
1573135277.332,1107,-241,None,Move,browsing
1573135277.3379998,1107,-241,None,Move,browsing
1573135277.3820002,1108,-241,None,Move,browsing
1573135277.522,1108,-242,None,Move,browsing
1573135277.752,1108,-243,Left,Pressed,browsing
1573135277.752,1108,-243,None,Drag,browsing
1573135277.752,1108,-243,Left,Released,browsing
1573135277.776,1107,-243,None,Move,browsing
1573135277.9929998,1107,-243,None,Move,browsing
1573135278.005,1108,-243,None,Move,browsing
1573135278.03,1108,-243,Left,Pressed,browsing
1573135278.147,1108,-243,Left,Released,browsing
1573135278.416,1108,-244,None,Move,browsing
1573135278.424,1108,-246,None,Move,browsing
1573135278.4329998,1109,-249,None,Move,browsing
1573135278.439,1109,-250,None,Move,browsing
1573135278.448,1109,-252,None,Move,browsing
1573135278.456,1109,-255,None,Move,browsing
1573135278.4629998,1110,-256,None,Move,browsing
1573135278.479,1110,-258,None,Move,browsing
1573135278.48,1110,-259,None,Move,browsing
1573135278.486,1111,-261,None,Move,browsing
1573135278.494,1111,-263,None,Move,browsing
1573135278.502,1111,-263,None,Move,browsing
1573135278.51,1112,-264,None,Move,browsing
1573135278.564,1113,-264,None,Move,browsing
1573135278.572,1113,-264,None,Move,browsing
1573135278.575,1113,-264,Left,Pressed,browsing
1573135278.687,1113,-264,Left,Released,browsing
1573135278.772,1114,-264,Left,Pressed,browsing
1573135278.772,1114,-264,None,Drag,browsing
1573135278.772,1114,-264,Left,Released,browsing
1573135278.936,1114,-264,Left,Pressed,browsing
1573135279.08,1114,-264,Left,Released,browsing
1573135279.0879998,1114,-264,None,Move,browsing
1573135279.1,1114,-264,None,Move,browsing
1573135279.534,1114,-264,None,Move,browsing
1573135279.544,1114,-264,None,Move,browsing
1573135279.552,1115,-264,None,Move,browsing
1573135279.712,1115,-264,Left,Pressed,browsing
1573135279.806,1115,-264,Left,Released,browsing
1573135279.903,1115,-264,None,Move,browsing
1573135279.915,1115,-263,None,Move,browsing
1573135279.923,1116,-262,None,Move,browsing
1573135279.931,1117,-261,None,Move,browsing
1573135279.939,1118,-260,None,Move,browsing
1573135279.947,1118,-259,None,Move,browsing
1573135279.954,1118,-259,None,Move,browsing
1573135279.961,1118,-258,None,Move,browsing
1573135279.986,1118,-257,None,Move,browsing
1573135280.3720002,1119,-256,None,Move,browsing
1573135280.394,1121,-256,None,Move,browsing
1573135280.4,1124,-252,None,Move,browsing
1573135280.408,1125,-251,None,Move,browsing
1573135280.416,1126,-251,None,Move,browsing
1573135280.789,1126,-251,None,Move,browsing
1573135280.801,1125,-251,None,Move,browsing
1573135280.809,1125,-252,None,Move,browsing
1573135280.8179998,1123,-253,None,Move,browsing
1573135280.826,1123,-253,None,Move,browsing
1573135280.833,1121,-255,None,Move,browsing
1573135280.841,1120,-257,None,Move,browsing
1573135280.8520002,1118,-258,None,Move,browsing
1573135280.855,1116,-260,None,Move,browsing
1573135280.8639998,1114,-261,None,Move,browsing
1573135280.8720002,1113,-263,None,Move,browsing
1573135280.88,1111,-265,None,Move,browsing
1573135280.8879998,1109,-266,None,Move,browsing
1573135280.896,1107,-266,None,Move,browsing
1573135280.908,1107,-266,None,Move,browsing
1573135280.916,1106,-266,None,Move,browsing
1573135280.924,1104,-266,None,Move,browsing
1573135280.9320002,1104,-266,None,Move,browsing
1573135280.94,1103,-266,None,Move,browsing
1573135280.966,1102,-266,None,Move,browsing
1573135281.042,1102,-266,None,Move,browsing
1573135281.052,1101,-266,None,Move,browsing
1573135281.059,1099,-266,None,Move,browsing
1573135281.0679998,1098,-266,None,Move,browsing
1573135281.075,1096,-265,None,Move,browsing
1573135281.084,1094,-264,None,Move,browsing
1573135281.091,1092,-263,None,Move,browsing
1573135281.099,1092,-261,None,Move,browsing
1573135281.106,1090,-261,None,Move,browsing
1573135281.1139998,1089,-259,None,Move,browsing
1573135281.121,1088,-258,None,Move,browsing
1573135281.1420002,1087,-257,None,Move,browsing
1573135281.144,1087,-256,None,Move,browsing
1573135281.145,1086,-255,None,Move,browsing
1573135281.153,1086,-254,None,Move,browsing
1573135281.166,1085,-254,None,Move,browsing
1573135281.174,1085,-254,None,Move,browsing
1573135281.188,1085,-254,None,Move,browsing
1573135281.196,1084,-253,None,Move,browsing
1573135281.29,1083,-253,None,Move,browsing
1573135281.302,1082,-253,None,Move,browsing
1573135281.309,1082,-255,None,Move,browsing
1573135281.3179998,1081,-257,None,Move,browsing
1573135281.325,1081,-257,None,Move,browsing
1573135281.334,1081,-258,None,Move,browsing
1573135281.34,1080,-260,None,Move,browsing
1573135281.351,1080,-260,None,Move,browsing
1573135281.516,1079,-261,None,Move,browsing
1573135281.5270002,1079,-263,None,Move,browsing
1573135281.536,1079,-263,None,Move,browsing
1573135281.544,1079,-264,None,Move,browsing
1573135281.553,1079,-265,None,Move,browsing
1573135281.559,1079,-266,None,Move,browsing
1573135281.5670002,1079,-266,None,Move,browsing
1573135281.575,1079,-267,None,Move,browsing
1573135281.583,1078,-268,None,Move,browsing
1573135281.589,1078,-269,None,Move,browsing
1573135281.597,1078,-270,None,Move,browsing
1573135281.605,1078,-271,None,Move,browsing
1573135281.613,1078,-271,None,Move,browsing
1573135281.621,1077,-272,None,Move,browsing
1573135281.687,1077,-273,None,Move,browsing
1573135281.707,1077,-273,None,Move,browsing
1573135281.715,1077,-274,None,Move,browsing
1573135281.735,1078,-274,None,Move,browsing
1573135281.781,1078,-275,None,Move,browsing
1573135282.326,1078,-276,None,Move,office
1573135282.332,1077,-277,None,Move,office
1573135282.34,1077,-279,None,Move,office
1573135282.351,1077,-279,None,Move,office
1573135282.359,1079,-278,None,Move,office
1573135282.367,1082,-278,None,Move,office
1573135282.3760002,1084,-279,None,Move,office
1573135282.3839998,1085,-281,None,Move,office
1573135282.3920002,1085,-281,None,Move,office
1573135282.4,1085,-282,None,Move,office
1573135282.407,1084,-284,None,Move,office
1573135282.414,1082,-289,None,Move,office
1573135282.4220002,1080,-296,None,Move,office
1573135282.429,1077,-303,None,Move,office
1573135282.437,1075,-305,None,Move,office
1573135282.446,1075,-306,None,Move,office
1573135282.457,1074,-306,None,Move,office
1573135282.465,1074,-306,None,Move,office
1573135282.476,1073,-301,None,Move,office
1573135282.482,1073,-291,None,Move,office
1573135282.488,1079,-282,None,Move,office
1573135283.164,1079,-289,None,Move,office
1573135283.1720002,1078,-332,None,Move,office
1573135283.18,1078,-336,None,Move,office
1573135283.188,1078,-339,None,Move,office
1573135283.196,1078,-340,None,Move,office
1573135283.204,1079,-343,None,Move,office
1573135283.212,1082,-350,None,Move,office
1573135283.22,1085,-357,None,Move,office
1573135283.2270002,1091,-366,None,Move,office
1573135283.234,1096,-375,None,Move,office
1573135283.242,1102,-386,None,Move,office
1573135283.2489998,1109,-397,None,Move,office
1573135283.258,1118,-411,None,Move,office
1573135283.266,1126,-425,None,Move,office
1573135283.274,1135,-440,None,Move,office
1573135283.282,1140,-454,None,Move,office
1573135283.299,1147,-472,None,Move,office
1573135283.299,1155,-490,None,Move,office
1573135283.306,1165,-510,None,Move,office
1573135283.314,1176,-538,None,Move,office
1573135283.32,1188,-570,None,Move,office
1573135283.3279998,1200,-601,None,Move,office
1573135283.336,1212,-636,None,Move,office
1573135283.344,1229,-671,None,Move,office
1573135283.3520002,1245,-704,None,Move,office
1573135283.36,1264,-740,None,Move,office
1573135283.3679998,1290,-775,None,Move,office
1573135283.3760002,1321,-810,None,Move,office
1573135283.3839998,1348,-839,None,Move,office
1573135283.3920002,1371,-862,None,Move,office
1573135283.409,1386,-876,None,Move,office
1573135283.41,1397,-888,None,Move,office
1573135283.414,1409,-901,None,Move,office
1573135283.4220002,1420,-912,None,Move,office
1573135283.43,1431,-923,None,Move,office
1573135283.437,1438,-931,None,Move,office
1573135283.446,1443,-938,None,Move,office
1573135283.454,1447,-944,None,Move,office
1573135283.462,1449,-950,None,Move,office
1573135283.47,1451,-955,None,Move,office
1573135283.4770002,1454,-963,None,Move,office
1573135283.484,1455,-968,None,Move,office
1573135283.492,1456,-972,None,Move,office
1573135283.5,1457,-975,None,Move,office
1573135283.508,1459,-976,None,Move,office
1573135283.516,1460,-978,None,Move,office
1573135283.524,1461,-979,None,Move,office
1573135283.532,1463,-980,None,Move,office
1573135283.54,1465,-983,None,Move,office
1573135283.548,1473,-986,None,Move,office
1573135283.556,1483,-992,None,Move,office
1573135283.562,1496,-999,None,Move,office
1573135283.57,1509,-1003,None,Move,office
1573135283.5779998,1525,-1008,None,Move,office
1573135283.586,1541,-1010,None,Move,office
1573135283.594,1558,-1013,None,Move,office
1573135283.6020002,1579,-1016,None,Move,office
1573135283.609,1598,-1019,None,Move,office
1573135283.6179998,1615,-1022,None,Move,office
1573135283.6260002,1625,-1023,None,Move,office
1573135283.6339998,1629,-1024,None,Move,office
1573135283.6420002,1631,-1024,None,Move,office
1573135283.7610002,1631,-1025,None,Move,office
1573135283.786,1631,-1025,None,Move,office
1573135283.806,1631,-1025,None,Move,office
1573135283.816,1631,-1024,None,Move,office
1573135283.824,1629,-1021,None,Move,office
1573135283.832,1622,-1013,None,Move,office
1573135283.84,1611,-1005,None,Move,office
1573135283.8479998,1597,-997,None,Move,office
1573135283.856,1578,-984,None,Move,office
1573135283.8639998,1556,-974,None,Move,office
1573135283.8720002,1537,-964,None,Move,office
1573135283.88,1514,-954,None,Move,office
1573135283.8879998,1486,-943,None,Move,office
1573135283.896,1436,-934,None,Move,office
1573135283.901,1381,-929,None,Move,office
1573135283.909,1334,-929,None,Move,office
1573135283.918,1275,-924,None,Move,office
1573135283.925,1209,-917,None,Move,office
1573135283.9329998,1148,-918,None,Move,office
1573135283.9420002,1079,-923,None,Move,office
1573135283.949,1019,-935,None,Move,office
1573135283.957,959,-952,None,Move,office
1573135283.965,901,-972,None,Move,office
1573135283.972,846,-991,None,Move,office
1573135283.98,794,-1009,None,Move,office
1573135283.988,747,-1023,None,Move,office
1573135283.996,712,-1037,None,Move,office
1573135284.004,687,-1046,None,Move,office
1573135284.012,665,-1054,None,Move,office
1573135284.02,649,-1059,None,Move,office
1573135284.028,632,-1062,None,Move,office
1573135284.036,615,-1063,None,Move,office
1573135284.044,600,-1066,None,Move,office
1573135284.049,590,-1068,None,Move,office
1573135284.0579998,578,-1071,None,Move,office
1573135284.066,564,-1074,None,Move,office
1573135284.074,551,-1076,None,Move,office
1573135284.082,535,-1079,None,Move,office
1573135284.09,523,-1082,None,Move,office
1573135284.0979998,512,-1082,None,Move,office
1573135284.106,501,-1083,None,Move,office
1573135284.1139998,491,-1081,None,Move,office
1573135284.1220002,481,-1082,None,Move,office
1573135284.1279998,472,-1080,None,Move,office
1573135284.135,464,-1078,None,Move,office
1573135284.144,455,-1076,None,Move,office
1573135284.1520002,446,-1073,None,Move,office
1573135284.16,439,-1071,None,Move,office
1573135284.168,432,-1068,None,Move,office
1573135284.176,424,-1066,None,Move,office
1573135284.184,417,-1063,None,Move,office
1573135284.1920002,412,-1061,None,Move,office
1573135284.2,407,-1059,None,Move,office
1573135284.208,405,-1057,None,Move,office
1573135284.242,405,-1056,None,Move,office
1573135284.25,406,-1055,None,Move,office
1573135284.258,408,-1052,None,Move,office
1573135284.266,411,-1048,None,Move,office
1573135284.274,419,-1043,None,Move,office
1573135284.282,425,-1038,None,Move,office
1573135284.29,430,-1035,None,Move,office
1573135284.296,438,-1032,None,Move,office
1573135284.304,445,-1030,None,Move,office
1573135284.312,452,-1027,None,Move,office
1573135284.32,459,-1026,None,Move,office
1573135284.3279998,466,-1025,None,Move,office
1573135284.336,469,-1025,None,Move,office
1573135284.344,471,-1025,None,Move,office
1573135284.3520002,473,-1025,None,Move,office
1573135284.36,475,-1026,None,Move,office
1573135284.367,477,-1027,None,Move,office
1573135284.3739998,478,-1028,None,Move,office
1573135284.3820002,480,-1029,None,Move,office
1573135284.389,481,-1030,None,Move,office
1573135284.3979998,481,-1031,None,Move,office
1573135284.4870002,482,-1031,None,Move,office
1573135284.4989998,483,-1030,None,Move,office
1573135284.5570002,483,-1030,None,Move,office
1573135284.565,482,-1028,None,Move,office
1573135284.574,478,-1027,None,Move,office
1573135284.582,475,-1025,None,Move,office
1573135284.59,471,-1024,None,Move,office
1573135284.5979998,468,-1022,None,Move,office
1573135284.606,466,-1022,None,Move,office
1573135284.6139998,463,-1021,None,Move,office
1573135284.62,460,-1021,None,Move,office
1573135284.6279998,458,-1021,None,Move,office
1573135284.6360002,455,-1021,None,Move,office
1573135284.644,451,-1023,None,Move,office
1573135284.6520002,447,-1024,None,Move,office
1573135284.659,440,-1025,None,Move,office
1573135284.668,433,-1025,None,Move,office
1573135284.676,428,-1025,None,Move,office
1573135284.684,423,-1027,None,Move,office
1573135284.6920002,420,-1027,None,Move,office
1573135284.7,417,-1027,None,Move,office
1573135284.706,415,-1027,None,Move,office
1573135284.714,414,-1027,None,Move,office
1573135284.722,413,-1027,None,Move,office
1573135284.729,412,-1026,None,Move,office
1573135284.836,412,-1025,None,Move,office
1573135284.844,413,-1025,None,Move,office
1573135284.8520002,413,-1025,None,Move,office
1573135284.9220002,413,-1024,None,Move,office
1573135284.93,410,-1023,None,Move,office
1573135284.938,406,-1022,None,Move,office
1573135284.946,402,-1020,None,Move,office
1573135284.951,398,-1019,None,Move,office
1573135284.96,391,-1018,None,Move,office
1573135284.968,384,-1017,None,Move,office
1573135284.976,377,-1017,None,Move,office
1573135284.9829998,370,-1017,None,Move,office
1573135284.9910002,364,-1017,None,Move,office
1573135284.9989998,360,-1017,None,Move,office
1573135285.008,357,-1017,None,Move,office
1573135285.016,356,-1017,None,Move,office
1573135285.024,355,-1017,None,Move,office
1573135285.094,353,-1017,None,Move,office
1573135285.106,353,-1017,None,Move,office
1573135285.1120002,351,-1017,None,Move,office
1573135285.12,349,-1017,None,Move,office
1573135285.1279998,349,-1017,None,Move,office
1573135285.1360002,348,-1017,None,Move,office
1573135285.425,347,-1017,None,Move,office
1573135285.434,340,-1020,None,Move,office
1573135285.44,333,-1021,None,Move,office
1573135285.447,326,-1023,None,Move,office
1573135285.456,319,-1025,None,Move,office
1573135285.4629998,311,-1028,None,Move,office
1573135285.472,304,-1030,None,Move,office
1573135285.48,298,-1033,None,Move,office
1573135285.488,291,-1034,None,Move,office
1573135285.496,286,-1034,None,Move,office
1573135285.504,284,-1035,None,Move,office
1573135285.512,281,-1035,None,Move,office
1573135285.518,278,-1035,None,Move,office
1573135285.526,277,-1035,None,Move,office
1573135285.534,275,-1035,None,Move,office
1573135285.542,272,-1035,None,Move,office
1573135285.55,270,-1035,None,Move,office
1573135285.5570002,267,-1035,None,Move,office
1573135285.566,262,-1035,None,Move,office
1573135285.574,258,-1035,None,Move,office
1573135285.582,254,-1036,None,Move,office
1573135285.59,251,-1036,None,Move,office
1573135285.5979998,246,-1036,None,Move,office
1573135285.604,242,-1036,None,Move,office
1573135285.611,238,-1036,None,Move,office
1573135285.62,237,-1036,None,Move,office
1573135285.6279998,235,-1036,None,Move,office
1573135285.6360002,233,-1036,None,Move,office
1573135285.6820002,233,-1035,None,Move,office
1573135285.698,233,-1034,None,Move,office
1573135285.706,231,-1033,None,Move,office
1573135285.714,230,-1031,None,Move,office
1573135285.722,228,-1029,None,Move,office
1573135285.73,227,-1027,None,Move,office
1573135285.738,226,-1026,None,Move,office
1573135285.746,226,-1025,None,Move,office
1573135285.754,226,-1024,None,Move,office
1573135285.768,226,-1024,None,Move,office
1573135285.779,226,-1023,None,Move,office
1573135285.85,226,-1022,None,Move,office
1573135285.8739998,226,-1021,None,Move,office
1573135285.8860002,226,-1021,None,Move,office
1573135285.893,226,-1021,None,Move,office
1573135285.9020002,226,-1020,None,Move,office
1573135285.91,227,-1020,None,Move,office
1573135285.918,227,-1019,None,Move,office
1573135285.926,228,-1019,None,Move,office
1573135285.951,228,-1019,None,Move,office
1573135286.022,228,-1019,None,Move,office
1573135286.07,229,-1019,None,Move,office
1573135286.502,230,-1019,None,Move,office
1573135286.722,231,-1018,None,Move,office
1573135286.734,232,-1017,None,Move,office
1573135286.742,234,-1016,None,Move,office
1573135286.748,235,-1015,None,Move,office
1573135286.756,237,-1014,None,Move,office
1573135286.764,238,-1013,None,Move,office
1573135286.772,238,-1013,None,Move,office
1573135286.78,239,-1012,None,Move,office
1573135286.788,240,-1012,None,Move,office
1573135287.022,241,-1012,None,Move,office
1573135287.091,241,-1012,None,Move,office
1573135287.104,240,-1012,None,Move,office
1573135287.1120002,239,-1012,None,Move,office
1573135287.1239998,239,-1013,None,Move,office
1573135287.1320002,238,-1013,None,Move,office
1573135287.14,238,-1013,None,Move,office
1573135287.178,237,-1013,None,Move,office
1573135287.19,236,-1014,None,Move,office
1573135287.198,233,-1014,None,Move,office
1573135287.205,229,-1014,None,Move,office
1573135287.214,226,-1014,None,Move,office
1573135287.222,222,-1014,None,Move,office
1573135287.229,219,-1014,None,Move,office
1573135287.2370002,218,-1014,None,Move,office
1573135287.2429998,216,-1015,None,Move,office
1573135287.2510002,214,-1015,None,Move,office
1573135287.2589998,213,-1016,None,Move,office
1573135287.2670002,211,-1016,None,Move,office
1573135287.275,209,-1016,None,Move,office
1573135287.283,209,-1016,None,Move,office
1573135287.291,208,-1016,None,Move,office
1573135287.299,206,-1016,None,Move,office
1573135287.3079998,206,-1016,None,Move,office
1573135287.322,205,-1016,None,Move,office
1573135287.334,204,-1016,None,Move,office
1573135287.354,204,-1016,None,Move,office
1573135287.3660002,203,-1016,None,Move,office
1573135287.533,202,-1016,None,Move,office
1573135287.545,201,-1016,None,Move,office
1573135287.561,201,-1017,None,Move,office
1573135287.6,201,-1017,Left,Pressed,office
1573135287.726,201,-1017,Left,Released,office
1573135288.107,201,-1017,None,Move,office
1573135288.119,201,-1017,None,Move,office
1573135288.127,202,-1017,None,Move,office
1573135288.1360002,202,-1016,None,Move,office
1573135288.146,203,-1016,None,Move,office
1573135288.165,203,-1016,None,Move,office
1573135288.174,204,-1016,None,Move,office
1573135288.1820002,206,-1016,None,Move,office
1573135288.19,207,-1016,None,Move,office
1573135288.198,208,-1016,None,Move,office
1573135288.206,209,-1016,None,Move,office
1573135288.214,210,-1016,None,Move,office
1573135288.222,212,-1016,None,Move,office
1573135288.228,212,-1016,None,Move,office
1573135288.236,213,-1015,None,Move,office
1573135288.244,214,-1015,None,Move,office
1573135288.2510002,214,-1015,None,Move,office
1573135288.7870002,218,-1015,None,Move,office
1573135288.795,233,-1015,None,Move,office
1573135288.801,260,-1012,None,Move,office
1573135288.81,292,-1008,None,Move,office
1573135288.8179998,334,-1004,None,Move,office
1573135288.825,389,-999,None,Move,office
1573135288.833,454,-997,None,Move,office
1573135288.841,530,-984,None,Move,office
1573135288.849,611,-966,None,Move,office
1573135288.8579998,700,-950,None,Move,office
1573135288.8660002,783,-942,None,Move,office
1573135288.8739998,865,-937,None,Move,office
1573135288.8820002,939,-934,None,Move,office
1573135288.8879998,1006,-925,None,Move,office
1573135288.896,1058,-918,None,Move,office
1573135288.904,1093,-916,None,Move,office
1573135288.9120002,1111,-916,None,Move,office
1573135288.92,1123,-916,None,Move,office
1573135288.928,1128,-916,None,Move,office
1573135288.936,1128,-916,None,Move,office
1573135288.956,1128,-916,None,Move,office
1573135288.978,1128,-916,None,Move,office
1573135288.99,1128,-917,None,Move,office
1573135288.998,1128,-918,None,Move,office
1573135289.006,1129,-920,None,Move,office
1573135289.014,1131,-922,None,Move,office
1573135289.022,1133,-925,None,Move,office
1573135289.03,1135,-928,None,Move,office
1573135289.038,1138,-930,None,Move,office
1573135289.046,1141,-935,None,Move,office
1573135289.052,1145,-937,None,Move,office
1573135289.06,1151,-939,None,Move,office
1573135289.0679998,1158,-942,None,Move,office
1573135289.076,1165,-944,None,Move,office
1573135289.084,1172,-944,None,Move,office
1573135289.092,1182,-944,None,Move,office
1573135289.099,1194,-944,None,Move,office
1573135289.107,1206,-942,None,Move,office
1573135289.1160002,1219,-940,None,Move,office
1573135289.123,1234,-940,None,Move,office
1573135289.129,1253,-937,None,Move,office
1573135289.137,1271,-935,None,Move,office
1573135289.145,1294,-934,None,Move,office
1573135289.153,1322,-932,None,Move,office
1573135289.161,1355,-928,None,Move,office
1573135289.169,1387,-924,None,Move,office
1573135289.177,1405,-923,None,Move,office
1573135289.186,1420,-923,None,Move,office
1573135289.194,1429,-921,None,Move,office
1573135289.202,1433,-918,None,Move,office
1573135289.21,1435,-918,None,Move,office
1573135289.216,1435,-917,None,Move,office
1573135289.224,1436,-917,None,Move,office
1573135289.232,1436,-916,None,Move,office
1573135289.28,1437,-916,None,Move,office
1573135289.29,1437,-916,None,Move,office
1573135289.298,1440,-916,None,Move,office
1573135289.306,1443,-918,None,Move,office
1573135289.314,1446,-919,None,Move,office
1573135289.322,1452,-920,None,Move,office
1573135289.33,1456,-921,None,Move,office
1573135289.3379998,1461,-922,None,Move,office
1573135289.346,1467,-924,None,Move,office
1573135289.354,1472,-925,None,Move,office
1573135289.3620002,1479,-928,None,Move,office
1573135289.37,1485,-930,None,Move,office
1573135289.3760002,1489,-932,None,Move,office
1573135289.3839998,1491,-934,None,Move,office
1573135289.3920002,1493,-936,None,Move,office
1573135289.399,1495,-937,None,Move,office
1573135289.407,1495,-939,None,Move,office
1573135289.416,1495,-941,None,Move,office
1573135289.424,1495,-942,None,Move,office
1573135289.4320002,1494,-944,None,Move,office
1573135289.44,1492,-946,None,Move,office
1573135289.448,1490,-949,None,Move,office
1573135289.454,1488,-950,None,Move,office
1573135289.461,1487,-952,None,Move,office
1573135289.47,1485,-954,None,Move,office
1573135289.478,1482,-956,None,Move,office
1573135289.486,1480,-958,None,Move,office
1573135289.494,1478,-959,None,Move,office
1573135289.5010002,1477,-960,None,Move,office
1573135289.5089998,1475,-961,None,Move,office
1573135289.5170002,1474,-961,None,Move,office
1573135289.526,1473,-962,None,Move,office
1573135289.534,1471,-962,None,Move,office
1573135289.54,1470,-962,None,Move,office
1573135289.548,1468,-962,None,Move,office
1573135289.556,1466,-962,None,Move,office
1573135289.564,1466,-961,None,Move,office
1573135289.572,1465,-961,None,Move,office
1573135289.708,1464,-961,Left,Pressed,office
1573135289.708,1464,-961,None,Drag,office
1573135289.72,1463,-961,None,Drag,office
1573135289.7270002,1463,-960,None,Drag,office
1573135289.7270002,1463,-960,Left,Released,office
1573135289.744,1462,-960,None,Move,office
1573135289.81,1462,-960,None,Move,office
1573135289.822,1462,-960,None,Move,office
1573135289.846,1462,-959,None,Move,office
1573135289.8579998,1462,-958,None,Move,office
1573135289.8660002,1463,-958,None,Move,office
1573135289.8720002,1463,-958,None,Move,office
1573135289.879,1463,-955,None,Move,office
1573135289.887,1462,-952,None,Move,office
1573135289.895,1460,-946,None,Move,office
1573135289.903,1457,-940,None,Move,office
1573135289.911,1450,-932,None,Move,office
1573135289.919,1442,-923,None,Move,office
1573135289.927,1433,-912,None,Move,office
1573135289.935,1418,-897,None,Move,office
1573135289.9429998,1396,-881,None,Move,office
1573135289.949,1371,-858,None,Move,office
1573135289.958,1337,-837,None,Move,office
1573135289.965,1303,-811,None,Move,office
1573135289.9729998,1265,-784,None,Move,office
1573135289.982,1224,-757,None,Move,office
1573135289.99,1184,-730,None,Move,office
1573135289.998,1140,-705,None,Move,office
1573135290.006,1100,-678,None,Move,office
1573135290.014,1062,-651,None,Move,office
1573135290.022,1031,-628,None,Move,office
1573135290.0270002,988,-606,None,Move,office
1573135290.049,952,-589,None,Move,office
1573135290.05,920,-573,None,Move,office
1573135290.051,890,-555,None,Move,office
1573135290.059,855,-529,None,Move,office
1573135290.0670002,821,-503,None,Move,office
1573135290.076,788,-484,None,Move,office
1573135290.083,759,-471,None,Move,office
1573135290.091,739,-461,None,Move,office
1573135290.099,724,-455,None,Move,office
1573135290.107,709,-448,None,Move,office
1573135290.113,693,-443,None,Move,office
1573135290.1220002,676,-437,None,Move,office
1573135290.129,658,-431,None,Move,office
1573135290.137,644,-426,None,Move,office
1573135290.145,634,-423,None,Move,office
1573135290.153,625,-421,None,Move,office
1573135290.161,616,-418,None,Move,office
1573135290.169,609,-416,None,Move,office
1573135290.177,606,-414,None,Move,office
1573135290.185,605,-412,None,Move,office
1573135290.191,604,-410,None,Move,office
1573135290.199,604,-408,None,Move,office
1573135290.207,604,-404,None,Move,office
1573135290.215,604,-399,None,Move,office
1573135290.2229998,606,-390,None,Move,office
1573135290.231,610,-379,None,Move,office
1573135290.2389998,616,-369,None,Move,office
1573135290.2470002,622,-358,None,Move,office
1573135290.27,626,-347,None,Move,office
1573135290.271,631,-338,None,Move,office
1573135290.272,634,-331,None,Move,office
1573135290.2770002,636,-326,None,Move,office
1573135290.286,639,-323,None,Move,office
1573135290.294,643,-318,None,Move,office
1573135290.302,646,-315,None,Move,office
1573135290.31,649,-312,None,Move,office
1573135290.3170002,651,-311,None,Move,office
1573135290.326,653,-309,None,Move,office
1573135290.333,655,-307,None,Move,office
1573135290.341,655,-305,None,Move,office
1573135290.349,655,-304,None,Move,office
1573135290.355,655,-302,None,Move,office
1573135290.363,655,-301,None,Move,office
1573135290.387,655,-300,None,Move,office
1573135290.419,653,-299,None,Move,office
1573135290.427,652,-301,None,Move,office
1573135290.446,652,-302,None,Move,office
1573135290.446,650,-304,None,Move,office
1573135290.449,648,-307,None,Move,office
1573135290.458,646,-310,None,Move,office
1573135290.466,644,-312,None,Move,office
1573135290.474,643,-313,None,Move,office
1573135290.482,641,-315,None,Move,office
1573135290.49,640,-316,None,Move,office
1573135290.498,639,-317,None,Move,office
1573135290.506,638,-318,None,Move,office
1573135290.514,636,-320,None,Move,office
1573135290.52,634,-322,None,Move,office
1573135290.528,633,-322,None,Move,office
1573135290.536,633,-322,None,Move,office
1573135290.544,633,-323,None,Move,office
1573135290.765,632,-324,None,Move,office
1573135290.7729998,630,-325,None,Move,office
1573135290.781,629,-325,None,Move,office
1573135290.79,628,-326,None,Move,office
1573135290.798,627,-327,None,Move,office
1573135290.806,626,-328,None,Move,office
1573135290.814,625,-328,None,Move,office
1573135290.821,624,-328,None,Move,office
1573135290.83,624,-329,None,Move,office
1573135291.585,624,-329,None,Move,office
1573135291.593,624,-331,None,Move,office
1573135291.601,626,-332,None,Move,office
1573135291.609,627,-334,None,Move,office
1573135291.6179998,629,-336,None,Move,office
1573135291.6260002,629,-338,None,Move,office
1573135291.633,629,-338,None,Move,office
1573135291.6420002,629,-339,None,Move,office
1573135291.649,630,-340,None,Move,office
1573135291.657,630,-340,None,Move,office
1573135291.665,630,-341,None,Move,office
1573135291.671,631,-342,None,Move,office
1573135291.695,631,-343,None,Move,office
1573135291.72,631,-343,None,Move,office
1573135291.752,631,-344,None,Move,office
1573135291.758,631,-345,None,Move,office
1573135291.766,631,-346,None,Move,office
1573135291.774,631,-347,None,Move,office
1573135291.782,631,-348,None,Move,office
1573135291.7970002,631,-348,None,Move,office
1573135292.024,632,-349,None,Move,office
1573135292.032,640,-351,None,Move,office
1573135292.04,654,-354,None,Move,office
1573135292.048,669,-357,None,Move,office
1573135292.056,692,-360,None,Move,office
1573135292.064,721,-364,None,Move,office
1573135292.072,765,-372,None,Move,office
1573135292.0779998,814,-379,None,Move,office
1573135292.086,869,-384,None,Move,office
1573135292.094,936,-401,None,Move,office
1573135292.1020002,1007,-421,None,Move,office
1573135292.11,1087,-437,None,Move,office
1573135292.1179998,1161,-455,None,Move,office
1573135292.1260002,1226,-480,None,Move,office
1573135292.1339998,1286,-509,None,Move,office
1573135292.1420002,1336,-541,None,Move,office
1573135292.15,1370,-564,None,Move,office
1573135292.158,1388,-577,None,Move,office
1573135292.164,1397,-585,None,Move,office
1573135292.1720002,1401,-588,None,Move,office
1573135292.18,1403,-590,None,Move,office
1573135292.188,1405,-592,None,Move,office
1573135292.195,1406,-592,None,Move,office
1573135292.2029998,1406,-593,None,Move,office
1573135292.211,1407,-594,None,Move,office
1573135292.219,1408,-595,None,Move,office
1573135292.228,1408,-597,None,Move,office
1573135292.236,1408,-598,None,Move,office
1573135292.242,1409,-600,None,Move,office
1573135292.25,1409,-602,None,Move,office
1573135292.258,1409,-604,None,Move,office
1573135292.266,1409,-606,None,Move,office
1573135292.274,1409,-608,None,Move,office
1573135292.282,1409,-609,None,Move,office
1573135292.289,1409,-611,None,Move,office
1573135292.298,1409,-612,None,Move,office
1573135292.306,1411,-616,None,Move,office
1573135292.313,1412,-620,None,Move,office
1573135292.319,1414,-624,None,Move,office
1573135292.3279998,1418,-632,None,Move,office
1573135292.336,1423,-639,None,Move,office
1573135292.344,1429,-647,None,Move,office
1573135292.3520002,1437,-656,None,Move,office
1573135292.36,1445,-667,None,Move,office
1573135292.367,1453,-679,None,Move,office
1573135292.3760002,1460,-692,None,Move,office
1573135292.3839998,1467,-703,None,Move,office
1573135292.3920002,1469,-713,None,Move,office
1573135292.4,1471,-720,None,Move,office
1573135292.408,1471,-727,None,Move,office
1573135292.414,1471,-732,None,Move,office
1573135292.4220002,1471,-735,None,Move,office
1573135292.43,1471,-737,None,Move,office
1573135292.438,1471,-739,None,Move,office
1573135292.446,1471,-740,None,Move,office
1573135292.454,1470,-740,None,Move,office
1573135292.543,1470,-740,None,Move,office
1573135292.552,1470,-740,None,Move,office
1573135292.56,1470,-740,None,Move,office
1573135292.5779998,1470,-739,None,Move,office
1573135293.6520002,1470,-739,Left,Pressed,office
1573135293.812,1470,-739,Left,Released,office
1573135294.0570002,1470,-739,None,Move,office
1573135294.065,1465,-733,None,Move,office
1573135294.073,1457,-724,None,Move,office
1573135294.081,1447,-712,None,Move,office
1573135294.089,1436,-701,None,Move,office
1573135294.106,1421,-687,None,Move,office
1573135294.107,1399,-667,None,Move,office
1573135294.1139998,1371,-645,None,Move,office
1573135294.121,1333,-616,None,Move,office
1573135294.1279998,1291,-578,None,Move,office
1573135294.1360002,1252,-544,None,Move,office
1573135294.154,1213,-510,None,Move,office
1573135294.156,1178,-479,None,Move,office
1573135294.1620002,1136,-439,None,Move,office
1573135294.167,1087,-400,None,Move,office
1573135294.176,1037,-372,None,Move,office
1573135294.184,991,-348,None,Move,office
1573135294.202,950,-319,None,Move,office
1573135294.2029998,913,-292,None,Move,office
1573135294.208,878,-266,None,Move,office
1573135294.216,856,-246,None,Move,office
1573135294.2229998,838,-231,None,Move,office
1573135294.23,819,-216,None,Move,office
1573135294.2370002,804,-198,None,Move,office
1573135294.245,791,-177,None,Move,office
1573135294.2529998,782,-164,None,Move,office
1573135294.262,777,-153,None,Move,office
1573135294.27,775,-144,None,Move,office
1573135294.278,772,-137,None,Move,office
1573135294.286,770,-131,None,Move,office
1573135294.294,770,-130,None,Move,office
1573135294.302,770,-128,None,Move,office
1573135294.3079998,770,-127,None,Move,office
1573135294.316,770,-127,None,Move,office
1573135294.323,770,-126,None,Move,office
1573135294.331,771,-126,None,Move,office
1573135294.343,771,-125,None,Move,office
1573135294.3520002,772,-125,None,Move,office
1573135294.359,772,-125,None,Move,office
1573135294.367,774,-125,None,Move,office
1573135294.3760002,777,-125,None,Move,office
1573135294.3839998,782,-127,None,Move,office
1573135294.39,789,-128,None,Move,office
1573135294.3979998,799,-131,None,Move,office
1573135294.406,811,-135,None,Move,office
1573135294.414,828,-138,None,Move,office
1573135294.421,845,-142,None,Move,office
1573135294.43,865,-148,None,Move,office
1573135294.438,880,-154,None,Move,office
1573135294.446,892,-158,None,Move,office
1573135294.454,901,-162,None,Move,office
1573135294.462,908,-164,None,Move,office
1573135294.47,914,-167,None,Move,office
1573135294.476,917,-169,None,Move,office
1573135294.484,919,-172,None,Move,office
1573135294.492,920,-175,None,Move,office
1573135294.5,920,-179,None,Move,office
1573135294.508,920,-184,None,Move,office
1573135294.516,920,-190,None,Move,office
1573135294.524,920,-197,None,Move,office
1573135294.532,920,-204,None,Move,office
1573135294.54,920,-213,None,Move,office
1573135294.548,921,-220,None,Move,office
1573135294.553,923,-227,None,Move,office
1573135294.562,926,-233,None,Move,office
1573135294.58,928,-235,None,Move,office
1573135294.581,928,-238,None,Move,office
1573135294.586,929,-240,None,Move,office
1573135294.594,929,-241,None,Move,office
1573135294.6020002,929,-243,None,Move,office
1573135294.61,929,-244,None,Move,office
1573135294.6829998,929,-244,None,Move,office
1573135294.6920002,925,-243,None,Move,office
1573135294.7,919,-239,None,Move,office
1573135294.707,913,-233,None,Move,office
1573135294.716,905,-229,None,Move,office
1573135294.721,898,-226,None,Move,office
1573135294.73,889,-222,None,Move,office
1573135294.7370002,882,-220,None,Move,office
1573135294.746,873,-216,None,Move,office
1573135294.754,866,-213,None,Move,office
1573135294.764,859,-211,None,Move,office
1573135294.77,852,-211,None,Move,office
1573135294.778,848,-211,None,Move,office
1573135294.786,844,-211,None,Move,office
1573135294.794,842,-211,None,Move,office
1573135294.8,840,-211,None,Move,office
1573135294.8079998,839,-211,None,Move,office
1573135294.816,838,-212,None,Move,office
1573135294.824,836,-212,None,Move,office
1573135294.832,836,-212,None,Move,office
1573135294.844,835,-212,None,Move,office
1573135294.8520002,835,-214,None,Move,office
1573135294.86,833,-215,None,Move,office
1573135294.867,832,-215,None,Move,office
1573135294.8760002,831,-216,None,Move,office
1573135294.894,830,-217,None,Move,office
1573135294.8979998,829,-218,None,Move,office
1573135294.905,828,-219,None,Move,office
1573135294.914,828,-221,None,Move,office
1573135294.9220002,826,-223,None,Move,office
1573135294.93,825,-224,None,Move,office
1573135294.938,823,-225,None,Move,office
1573135294.946,821,-226,None,Move,office
1573135294.954,821,-226,None,Move,office
1573135294.96,819,-226,None,Move,office
1573135294.968,819,-226,None,Move,office
1573135294.976,817,-226,None,Move,office
1573135294.9829998,816,-226,None,Move,office
1573135294.992,816,-226,None,Move,office
1573135295.0,816,-225,None,Move,office
1573135295.045,816,-224,None,Move,office
1573135295.168,816,-224,None,Move,office
1573135295.1920002,816,-224,None,Move,office
1573135295.2,817,-224,None,Move,office
1573135295.205,817,-223,None,Move,office
1573135295.218,818,-223,None,Move,office
1573135295.226,818,-223,None,Move,office
1573135295.234,819,-223,None,Move,office
1573135295.516,820,-223,None,Move,office
1573135295.528,821,-223,None,Move,office
1573135295.534,823,-223,None,Move,office
1573135295.541,824,-223,None,Move,office
1573135295.55,826,-223,None,Move,office
1573135295.5570002,827,-223,None,Move,office
1573135295.566,827,-223,None,Move,office
1573135295.574,828,-223,None,Move,office
1573135295.8070002,828,-222,Left,Pressed,office
1573135295.8079998,828,-222,None,Drag,office
1573135295.815,827,-220,None,Drag,office
1573135295.824,824,-215,None,Drag,office
1573135295.832,819,-212,None,Drag,office
1573135295.839,816,-209,None,Drag,office
1573135295.847,813,-206,None,Drag,office
1573135295.856,812,-204,None,Drag,office
1573135295.8620002,809,-201,None,Drag,office
1573135295.87,807,-197,None,Drag,office
1573135295.8779998,803,-192,None,Drag,office
1573135295.885,800,-188,None,Drag,office
1573135295.894,798,-185,None,Drag,office
1573135295.9020002,795,-180,None,Drag,office
1573135295.909,791,-174,None,Drag,office
1573135295.917,788,-170,None,Drag,office
1573135295.925,785,-164,None,Drag,office
1573135295.9329998,781,-159,None,Drag,office
1573135295.941,775,-152,None,Drag,office
1573135295.947,769,-147,None,Drag,office
1573135295.956,763,-142,None,Drag,office
1573135295.9629998,756,-138,None,Drag,office
1573135295.971,748,-132,None,Drag,office
1573135295.979,742,-129,None,Drag,office
1573135295.9870002,738,-125,None,Drag,office
1573135295.995,735,-123,None,Drag,office
1573135296.0029998,732,-121,None,Drag,office
1573135296.0110002,729,-119,None,Drag,office
1573135296.019,727,-116,None,Drag,office
1573135296.025,725,-113,None,Drag,office
1573135296.033,723,-111,None,Drag,office
1573135296.041,721,-109,None,Drag,office
1573135296.049,719,-107,None,Drag,office
1573135296.0570002,717,-105,None,Drag,office
1573135296.065,715,-103,None,Drag,office
1573135296.073,712,-101,None,Drag,office
1573135296.081,710,-99,None,Drag,office
1573135296.089,708,-98,None,Drag,office
1573135296.097,706,-96,None,Drag,office
1573135296.105,705,-94,None,Drag,office
1573135296.111,703,-92,None,Drag,office
1573135296.12,700,-90,None,Drag,office
1573135296.127,697,-88,None,Drag,office
1573135296.1360002,695,-87,None,Drag,office
1573135296.144,692,-85,None,Drag,office
1573135296.1520002,690,-83,None,Drag,office
1573135296.16,687,-81,None,Drag,office
1573135296.168,685,-79,None,Drag,office
1573135296.176,684,-78,None,Drag,office
1573135296.184,682,-77,None,Drag,office
1573135296.19,680,-75,None,Drag,office
1573135296.198,678,-74,None,Drag,office
1573135296.205,677,-72,None,Drag,office
1573135296.214,675,-72,None,Drag,office
1573135296.222,674,-72,None,Drag,office
1573135296.23,673,-71,None,Drag,office
1573135296.2370002,671,-70,None,Drag,office
1573135296.245,669,-69,None,Drag,office
1573135296.2529998,668,-68,None,Drag,office
1573135296.2610002,666,-67,None,Drag,office
1573135296.2670002,664,-66,None,Drag,office
1573135296.275,662,-66,None,Drag,office
1573135296.283,661,-65,None,Drag,office
1573135296.291,659,-64,None,Drag,office
1573135296.299,657,-64,None,Drag,office
1573135296.3070002,656,-63,None,Drag,office
1573135296.316,654,-63,None,Drag,office
1573135296.324,653,-63,None,Drag,office
1573135296.331,651,-63,None,Drag,office
1573135296.339,649,-63,None,Drag,office
1573135296.347,648,-63,None,Drag,office
1573135296.353,646,-63,None,Drag,office
1573135296.361,645,-63,None,Drag,office
1573135296.369,643,-63,None,Drag,office
1573135296.377,641,-63,None,Drag,office
1573135296.385,640,-63,None,Drag,office
1573135296.393,638,-63,None,Drag,office
1573135296.401,637,-63,None,Drag,office
1573135296.409,635,-63,None,Drag,office
1573135296.417,633,-63,None,Drag,office
1573135296.425,632,-63,None,Drag,office
1573135296.431,630,-63,None,Drag,office
1573135296.44,629,-63,None,Drag,office
1573135296.447,628,-64,None,Drag,office
1573135296.455,626,-64,None,Drag,office
1573135296.4629998,625,-64,None,Drag,office
1573135296.471,625,-64,None,Drag,office
1573135296.479,623,-64,None,Drag,office
1573135296.4870002,622,-64,None,Drag,office
1573135296.495,622,-64,None,Drag,office
1573135296.5029998,620,-64,None,Drag,office
1573135296.5089998,620,-65,None,Drag,office
1573135296.5170002,620,-65,None,Drag,office
1573135296.525,619,-65,None,Drag,office
1573135296.534,618,-65,None,Drag,office
1573135296.542,617,-66,None,Drag,office
1573135296.55,617,-66,None,Drag,office
1573135296.5570002,616,-67,None,Drag,office
1573135296.565,614,-67,None,Drag,office
1573135296.573,613,-69,None,Drag,office
1573135296.582,611,-71,None,Drag,office
1573135296.59,609,-73,None,Drag,office
1573135296.596,607,-76,None,Drag,office
1573135296.604,605,-78,None,Drag,office
1573135296.6120002,603,-84,None,Drag,office
1573135296.62,601,-89,None,Drag,office
1573135296.6279998,599,-95,None,Drag,office
1573135296.6360002,597,-99,None,Drag,office
1573135296.644,595,-103,None,Drag,office
1573135296.6520002,593,-107,None,Drag,office
1573135296.66,592,-110,None,Drag,office
1573135296.668,590,-112,None,Drag,office
1573135296.674,589,-114,None,Drag,office
1573135296.6820002,588,-115,None,Drag,office
1573135296.689,587,-117,None,Drag,office
1573135296.697,586,-119,None,Drag,office
1573135296.706,586,-120,None,Drag,office
1573135296.7129998,586,-122,None,Drag,office
1573135296.722,586,-124,None,Drag,office
1573135296.729,586,-125,None,Drag,office
1573135296.7370002,585,-127,None,Drag,office
1573135296.745,585,-128,None,Drag,office
1573135296.7529998,584,-130,None,Drag,office
1573135296.7589998,584,-132,None,Drag,office
1573135296.7670002,584,-133,None,Drag,office
1573135296.776,583,-135,None,Drag,office
1573135296.783,583,-137,None,Drag,office
1573135296.792,583,-137,None,Drag,office
1573135296.8,583,-139,None,Drag,office
1573135296.8070002,583,-141,None,Drag,office
1573135296.815,583,-142,None,Drag,office
1573135296.823,583,-143,None,Drag,office
1573135296.831,583,-144,None,Drag,office
1573135296.909,583,-144,None,Drag,office
1573135296.9829998,583,-144,None,Drag,office
1573135297.018,584,-144,None,Drag,office
1573135297.029,585,-144,None,Drag,office
1573135297.041,586,-144,None,Drag,office
1573135297.074,586,-144,None,Drag,office
1573135297.08,587,-144,None,Drag,office
1573135297.087,588,-144,None,Drag,office
1573135297.095,590,-144,None,Drag,office
1573135297.103,592,-144,None,Drag,office
1573135297.1120002,593,-144,None,Drag,office
1573135297.12,595,-144,None,Drag,office
1573135297.1279998,596,-144,None,Drag,office
1573135297.1360002,598,-144,None,Drag,office
1573135297.144,601,-144,None,Drag,office
1573135297.151,604,-145,None,Drag,office
1573135297.157,605,-145,None,Drag,office
1573135297.165,608,-146,None,Drag,office
1573135297.173,610,-146,None,Drag,office
1573135297.181,611,-147,None,Drag,office
1573135297.189,612,-147,None,Drag,office
1573135297.189,612,-147,Left,Released,office
1573135298.033,612,-147,None,Move,office
1573135298.064,612,-147,None,Move,office
1573135298.0679998,612,-147,None,Move,office
1573135298.2270002,613,-147,None,Move,office
1573135298.235,617,-147,None,Move,office
1573135298.2429998,624,-147,None,Move,office
1573135298.252,631,-149,None,Move,office
1573135298.26,640,-150,None,Move,office
1573135298.2670002,648,-151,None,Move,office
1573135298.275,658,-152,None,Move,office
1573135298.284,669,-154,None,Move,office
1573135298.292,687,-154,None,Move,office
1573135298.3,722,-153,None,Move,office
1573135298.3079998,781,-148,None,Move,office
1573135298.314,843,-143,None,Move,office
1573135298.322,901,-139,None,Move,office
1573135298.33,957,-134,None,Move,office
1573135298.337,1021,-134,None,Move,office
1573135298.345,1089,-129,None,Move,office
1573135298.353,1155,-122,None,Move,office
1573135298.3620002,1208,-115,None,Move,office
1573135298.37,1240,-111,None,Move,office
1573135298.3779998,1261,-110,None,Move,office
1573135298.3860002,1273,-107,None,Move,office
1573135298.3920002,1282,-105,None,Move,office
1573135298.4,1287,-103,None,Move,office
1573135298.408,1289,-103,None,Move,office
1573135298.436,1289,-103,None,Move,office
1573135298.4429998,1289,-104,None,Move,office
1573135298.452,1289,-105,None,Move,office
1573135298.464,1288,-105,None,Move,office
1573135298.478,1288,-105,None,Move,office
1573135298.49,1288,-106,None,Move,office
1573135298.498,1288,-108,None,Move,office
1573135298.506,1287,-108,None,Move,office
1573135298.514,1286,-110,None,Move,office
1573135298.522,1284,-112,None,Move,office
1573135298.53,1283,-113,None,Move,office
1573135298.5370002,1281,-115,None,Move,office
1573135298.545,1279,-117,None,Move,office
1573135298.554,1277,-119,None,Move,office
1573135298.56,1271,-121,None,Move,office
1573135298.5670002,1267,-122,None,Move,office
1573135298.575,1265,-123,None,Move,office
1573135298.583,1259,-125,None,Move,office
1573135298.591,1256,-125,None,Move,office
1573135298.599,1253,-126,None,Move,office
1573135298.6079998,1249,-126,None,Move,office
1573135298.6160002,1245,-126,None,Move,office
1573135298.6239998,1240,-126,None,Move,office
1573135298.6320002,1235,-126,None,Move,office
1573135298.6379998,1228,-126,None,Move,office
1573135298.646,1222,-126,None,Move,office
1573135298.654,1213,-126,None,Move,office
1573135298.661,1203,-126,None,Move,office
1573135298.669,1193,-127,None,Move,office
1573135298.678,1184,-128,None,Move,office
1573135298.686,1177,-130,None,Move,office
1573135298.694,1169,-130,None,Move,office
1573135298.702,1163,-131,None,Move,office
1573135298.71,1158,-131,None,Move,office
1573135298.718,1155,-132,None,Move,office
1573135298.724,1154,-132,None,Move,office
1573135298.732,1152,-132,None,Move,office
1573135298.74,1151,-132,None,Move,office
1573135298.748,1150,-132,None,Move,office
1573135298.755,1148,-132,None,Move,office
1573135298.764,1147,-132,None,Move,office
1573135298.772,1146,-131,None,Move,office
1573135298.78,1144,-131,None,Move,office
1573135298.788,1143,-131,None,Move,office
1573135298.796,1141,-131,None,Move,office
1573135298.801,1140,-131,None,Move,office
1573135298.81,1138,-131,None,Move,office
1573135298.8179998,1136,-131,None,Move,office
1573135298.826,1134,-131,None,Move,office
1573135298.833,1132,-131,None,Move,office
1573135298.842,1129,-131,None,Move,office
1573135298.85,1128,-131,None,Move,office
1573135298.8579998,1124,-131,None,Move,office
1573135298.8660002,1120,-131,None,Move,office
1573135298.8739998,1115,-131,None,Move,office
1573135298.88,1111,-132,None,Move,office
1573135298.8879998,1106,-133,None,Move,office
1573135298.896,1100,-134,None,Move,office
1573135298.903,1093,-136,None,Move,office
1573135298.911,1086,-138,None,Move,office
1573135298.919,1077,-140,None,Move,office
1573135298.928,1072,-142,None,Move,office
1573135298.936,1068,-143,None,Move,office
1573135298.944,1064,-144,None,Move,office
1573135298.952,1062,-145,None,Move,office
1573135298.959,1062,-145,None,Move,office
1573135299.08,1062,-145,None,Move,office
1573135299.092,1062,-145,None,Move,office
1573135299.1260002,1063,-145,None,Move,office
1573135299.1339998,1063,-145,None,Move,office
1573135299.1420002,1064,-145,None,Move,office
1573135299.15,1065,-145,None,Move,office
1573135299.157,1066,-145,None,Move,office
1573135299.168,1068,-146,None,Move,office
1573135299.174,1070,-148,None,Move,office
1573135299.1820002,1072,-149,None,Move,office
1573135299.207,1072,-149,None,Move,office
1573135299.215,1074,-150,None,Move,office
1573135299.228,1075,-150,None,Move,office
1573135299.236,1075,-150,None,Move,office
1573135299.244,1077,-149,None,Move,office
1573135299.252,1081,-146,None,Move,office
1573135299.26,1087,-144,None,Move,office
1573135299.268,1091,-142,None,Move,office
1573135299.276,1094,-140,None,Move,office
1573135299.283,1096,-139,None,Move,office
1573135299.29,1099,-138,None,Move,office
1573135299.298,1101,-138,None,Move,office
1573135299.306,1102,-138,None,Move,office
1573135299.323,1104,-138,None,Move,office
1573135299.324,1105,-138,None,Move,office
1573135299.33,1105,-138,None,Move,office
1573135299.342,1106,-138,None,Move,office
1573135299.35,1106,-138,None,Move,office
1573135299.3839998,1106,-138,None,Move,office
1573135299.3920002,1106,-139,None,Move,office
1573135299.4,1106,-140,None,Move,office
1573135299.4120002,1106,-141,None,Move,office
1573135299.42,1107,-141,None,Move,office
1573135299.466,1108,-141,None,Move,office
1573135299.478,1108,-141,None,Move,office
1573135299.486,1109,-142,None,Move,office
1573135299.5010002,1110,-142,None,Move,office
1573135299.5129998,1110,-142,None,Move,office
1573135299.5679998,1111,-143,None,Move,office
1573135299.58,1112,-143,None,Move,office
1573135299.5879998,1113,-144,None,Move,office
1573135299.595,1113,-145,None,Move,office
1573135299.842,1113,-145,None,Move,office
1573135299.928,1112,-146,None,Move,office
1573135299.946,1111,-146,None,Move,office
1573135300.1820002,1111,-146,Left,Pressed,office
1573135300.1820002,1111,-146,None,Drag,office
1573135300.1920002,1112,-146,None,Drag,office
1573135300.2,1113,-145,None,Drag,office
1573135300.208,1114,-144,None,Drag,office
1573135300.216,1116,-144,None,Drag,office
1573135300.224,1120,-144,None,Drag,office
1573135300.232,1123,-144,None,Drag,office
1573135300.24,1128,-144,None,Drag,office
1573135300.248,1135,-144,None,Drag,office
1573135300.256,1140,-144,None,Drag,office
1573135300.2629998,1151,-141,None,Drag,office
1573135300.271,1167,-138,None,Drag,office
1573135300.2770002,1184,-135,None,Drag,office
1573135300.285,1199,-133,None,Drag,office
1573135300.293,1214,-130,None,Drag,office
1573135300.302,1230,-127,None,Drag,office
1573135300.31,1240,-124,None,Drag,office
1573135300.3179998,1250,-123,None,Drag,office
1573135300.326,1259,-122,None,Drag,office
1573135300.334,1266,-121,None,Drag,office
1573135300.341,1271,-121,None,Drag,office
1573135300.35,1278,-118,None,Drag,office
1573135300.356,1284,-117,None,Drag,office
1573135300.363,1287,-117,None,Drag,office
1573135300.3720002,1291,-117,None,Drag,office
1573135300.38,1296,-116,None,Drag,office
1573135300.387,1302,-115,None,Drag,office
1573135300.395,1309,-114,None,Drag,office
1573135300.403,1312,-113,None,Drag,office
1573135300.411,1319,-112,None,Drag,office
1573135300.42,1323,-111,None,Drag,office
1573135300.427,1326,-110,None,Drag,office
1573135300.4329998,1329,-110,None,Drag,office
1573135300.441,1330,-109,None,Drag,office
1573135300.449,1331,-109,None,Drag,office
1573135300.457,1332,-109,None,Drag,office
1573135300.669,1332,-109,None,Drag,office
1573135300.724,1331,-109,None,Drag,office
1573135300.806,1331,-109,None,Drag,office
1573135300.814,1330,-109,None,Drag,office
1573135300.821,1329,-109,None,Drag,office
1573135300.83,1328,-109,None,Drag,office
1573135300.8379998,1326,-109,None,Drag,office
1573135300.846,1324,-110,None,Drag,office
1573135300.8520002,1323,-111,None,Drag,office
1573135300.86,1321,-112,None,Drag,office
1573135300.8679998,1319,-113,None,Drag,office
1573135300.8760002,1319,-114,None,Drag,office
1573135300.8839998,1317,-115,None,Drag,office
1573135300.8920002,1316,-116,None,Drag,office
1573135300.899,1316,-116,None,Drag,office
1573135300.907,1315,-116,None,Drag,office
1573135300.915,1314,-116,None,Drag,office
1573135300.924,1313,-116,None,Drag,office
1573135300.9420002,1313,-117,None,Drag,office
1573135300.9420002,1313,-117,Left,Released,office
1573135302.6079998,1313,-117,None,Move,office
1573135302.6139998,1313,-117,None,Move,office
1573135302.6220002,1314,-117,None,Move,office
1573135302.659,1314,-117,None,Move,office
1573135302.736,1315,-117,None,Move,office
1573135304.504,1315,-117,None,Move,office
1573135304.516,1314,-117,None,Move,office
1573135304.524,1310,-119,None,Move,office
1573135304.532,1304,-121,None,Move,office
1573135304.54,1295,-127,None,Move,office
1573135304.548,1286,-133,None,Move,office
1573135304.556,1277,-140,None,Move,office
1573135304.562,1266,-146,None,Move,office
1573135304.57,1255,-154,None,Move,office
1573135304.5779998,1245,-163,None,Move,office
1573135304.586,1234,-171,None,Move,office
1573135304.594,1220,-179,None,Move,office
1573135304.601,1202,-187,None,Move,office
1573135304.61,1187,-192,None,Move,office
1573135304.6179998,1173,-198,None,Move,office
1573135304.6260002,1159,-202,None,Move,office
1573135304.6339998,1149,-206,None,Move,office
1573135304.6420002,1135,-210,None,Move,office
1573135304.6479998,1120,-215,None,Move,office
1573135304.656,1104,-218,None,Move,office
1573135304.664,1093,-221,None,Move,office
1573135304.6720002,1081,-223,None,Move,office
1573135304.679,1072,-226,None,Move,office
1573135304.688,1063,-228,None,Move,office
1573135304.696,1057,-231,None,Move,office
1573135304.704,1053,-233,None,Move,office
1573135304.712,1051,-235,None,Move,office
1573135304.72,1051,-236,None,Move,office
1573135304.726,1050,-237,None,Move,office
1573135304.734,1050,-238,None,Move,office
1573135304.742,1050,-240,None,Move,office
1573135304.75,1051,-242,None,Move,office
1573135304.758,1052,-244,None,Move,office
1573135304.766,1054,-245,None,Move,office
1573135304.774,1056,-247,None,Move,office
1573135304.782,1058,-249,None,Move,office
1573135304.79,1061,-251,None,Move,office
1573135304.798,1063,-254,None,Move,office
1573135304.803,1066,-256,None,Move,office
1573135304.812,1073,-260,None,Move,office
1573135304.82,1080,-264,None,Move,office
1573135304.8279998,1086,-266,None,Move,office
1573135304.836,1092,-268,None,Move,office
1573135304.844,1094,-270,None,Move,office
1573135304.8520002,1098,-272,None,Move,office
1573135304.86,1101,-274,None,Move,office
1573135304.8679998,1104,-276,None,Move,office
1573135304.8760002,1106,-277,None,Move,office
1573135304.8839998,1107,-278,None,Move,office
1573135304.89,1109,-278,None,Move,office
1573135304.8979998,1111,-279,None,Move,office
1573135304.906,1112,-280,None,Move,office
1573135304.914,1112,-281,None,Move,office
1573135304.9220002,1113,-281,None,Move,office
1573135304.93,1114,-282,None,Move,office
1573135304.938,1114,-283,None,Move,office
1573135304.946,1114,-284,None,Move,office
1573135304.954,1114,-285,None,Move,office
1573135304.961,1114,-286,None,Move,office
1573135304.967,1114,-287,None,Move,office
1573135304.976,1114,-289,None,Move,office
1573135304.984,1114,-291,None,Move,office
1573135304.992,1114,-292,None,Move,office
1573135305.0,1114,-294,None,Move,office
1573135305.008,1114,-295,None,Move,office
1573135305.016,1114,-297,None,Move,office
1573135305.024,1114,-300,None,Move,office
1573135305.032,1114,-301,None,Move,office
1573135305.04,1114,-303,None,Move,office
1573135305.048,1114,-304,None,Move,office
1573135305.054,1114,-306,None,Move,office
1573135305.062,1114,-307,None,Move,office
1573135305.07,1114,-307,None,Move,office
1573135305.0779998,1114,-308,None,Move,office
1573135305.09,1114,-309,None,Move,office
1573135305.1020002,1114,-310,None,Move,office
1573135305.11,1114,-310,None,Move,office
1573135305.1179998,1114,-311,None,Move,office
1573135305.1279998,1114,-312,None,Move,office
1573135305.1360002,1114,-312,None,Move,office
1573135305.184,1114,-312,Left,Pressed,office
1573135305.311,1114,-312,Left,Released,office
1573135305.339,1114,-312,None,Move,office
1573135305.459,1114,-313,None,Move,office
1573135305.4770002,1114,-313,None,Move,office
1573135305.479,1114,-314,None,Move,office
1573135305.504,1114,-315,None,Move,office
1573135305.512,1114,-316,None,Move,office
1573135305.52,1114,-318,None,Move,office
1573135305.528,1114,-318,None,Move,office
1573135305.536,1114,-320,None,Move,office
1573135305.545,1114,-321,None,Move,office
1573135305.554,1114,-321,None,Move,office
1573135305.57,1114,-322,None,Move,office
1573135306.3,1113,-322,None,Move,office
1573135306.323,1113,-322,None,Move,office
1573135306.369,1112,-322,None,Move,office
1573135306.446,1111,-322,None,Move,office
1573135306.468,1111,-322,None,Move,office
1573135307.069,1111,-322,None,Move,office
1573135307.081,1112,-322,None,Move,office
1573135307.089,1112,-323,None,Move,office
1573135307.0979998,1112,-324,None,Move,office
1573135307.198,1112,-323,None,Move,office
1573135307.206,1110,-320,None,Move,office
1573135307.214,1105,-315,None,Move,office
1573135307.222,1099,-305,None,Move,office
1573135307.23,1091,-295,None,Move,office
1573135307.238,1080,-284,None,Move,office
1573135307.246,1069,-273,None,Move,office
1573135307.2529998,1054,-261,None,Move,office
1573135307.262,1039,-249,None,Move,office
1573135307.27,1025,-237,None,Move,office
1573135307.276,1010,-226,None,Move,office
1573135307.283,992,-213,None,Move,office
1573135307.292,980,-203,None,Move,office
1573135307.3,969,-192,None,Move,office
1573135307.3079998,956,-181,None,Move,office
1573135307.316,944,-170,None,Move,office
1573135307.324,923,-157,None,Move,office
1573135307.332,897,-144,None,Move,office
1573135307.34,877,-132,None,Move,office
1573135307.3479998,861,-127,None,Move,office
1573135307.354,848,-121,None,Move,office
1573135307.3620002,834,-117,None,Move,office
1573135307.37,819,-111,None,Move,office
1573135307.3779998,806,-106,None,Move,office
1573135307.3860002,796,-101,None,Move,office
1573135307.394,784,-94,None,Move,office
1573135307.401,773,-87,None,Move,office
1573135307.41,762,-80,None,Move,office
1573135307.427,751,-74,None,Move,office
1573135307.428,742,-69,None,Move,office
1573135307.4320002,733,-65,None,Move,office
1573135307.44,728,-62,None,Move,office
1573135307.448,724,-60,None,Move,office
1573135307.455,721,-60,None,Move,office
1573135307.464,719,-58,None,Move,office
1573135307.472,717,-57,None,Move,office
1573135307.48,717,-57,None,Move,office
1573135307.488,717,-56,None,Move,office
1573135307.5,716,-56,None,Move,office
1573135307.508,716,-55,None,Move,office
1573135307.514,716,-55,None,Move,office
1573135307.522,716,-54,None,Move,office
1573135307.53,716,-53,None,Move,office
1573135307.5370002,716,-53,None,Move,office
1573135307.546,716,-51,None,Move,office
1573135307.554,715,-49,None,Move,office
1573135307.561,714,-48,None,Move,office
1573135307.57,712,-46,None,Move,office
1573135307.5779998,710,-42,None,Move,office
1573135307.586,704,-36,None,Move,office
1573135307.592,701,-34,None,Move,office
1573135307.6,699,-32,None,Move,office
1573135307.6079998,697,-30,None,Move,office
1573135307.6160002,695,-28,None,Move,office
1573135307.6239998,691,-26,None,Move,office
1573135307.6320002,689,-25,None,Move,office
1573135307.64,688,-24,None,Move,office
1573135307.6479998,686,-23,None,Move,office
1573135307.656,685,-23,None,Move,office
1573135307.73,685,-23,None,Move,office
1573135307.742,683,-23,None,Move,office
1573135307.75,679,-23,None,Move,office
1573135307.756,675,-23,None,Move,office
1573135307.764,670,-24,None,Move,office
1573135307.772,665,-25,None,Move,office
1573135307.78,659,-25,None,Move,office
1573135307.788,656,-25,None,Move,office
1573135307.796,652,-25,None,Move,office
1573135307.803,648,-25,None,Move,office
1573135307.812,644,-25,None,Move,office
1573135307.82,642,-25,None,Move,office
1573135307.8279998,638,-26,None,Move,office
1573135307.836,635,-26,None,Move,office
1573135307.842,633,-27,None,Move,office
1573135307.849,631,-28,None,Move,office
1573135307.8579998,629,-28,None,Move,office
1573135307.8660002,629,-28,None,Move,office
1573135307.8739998,628,-29,None,Move,office
1573135307.883,627,-29,None,Move,office
1573135307.8979998,626,-29,None,Move,office
1573135307.906,625,-29,None,Move,office
1573135307.913,623,-29,None,Move,office
1573135307.919,622,-29,None,Move,office
1573135307.928,620,-29,None,Move,office
1573135307.935,619,-29,None,Move,office
1573135307.944,619,-29,None,Move,office
1573135307.951,618,-29,None,Move,office
1573135307.9629998,617,-29,None,Move,office
1573135307.976,617,-29,None,Move,office
1573135307.984,616,-29,None,Move,office
1573135307.992,615,-29,None,Move,office
1573135307.998,614,-29,None,Move,office
1573135308.005,614,-29,None,Move,office
1573135308.014,612,-29,None,Move,office
1573135308.022,611,-29,None,Move,office
1573135308.03,611,-29,None,Move,office
1573135308.038,609,-29,None,Move,office
1573135308.046,608,-28,None,Move,office
1573135308.054,605,-27,None,Move,office
1573135308.062,603,-27,None,Move,office
1573135308.069,601,-26,None,Move,office
1573135308.0779998,599,-24,None,Move,office
1573135308.084,597,-24,None,Move,office
1573135308.091,594,-23,None,Move,office
1573135308.099,593,-23,None,Move,office
1573135308.107,591,-23,None,Move,office
1573135308.115,589,-23,None,Move,office
1573135308.123,589,-23,None,Move,office
1573135308.3979998,589,-23,None,Move,office
1573135308.685,589,-22,None,Move,office
1573135308.698,588,-21,None,Move,office
1573135308.705,587,-20,None,Move,office
1573135308.752,587,-20,None,Move,office
1573135308.764,588,-20,None,Move,office
1573135308.772,588,-20,None,Move,office
1573135308.85,588,-20,None,Move,office
1573135308.8579998,588,-20,None,Move,office
1573135308.8660002,588,-20,None,Move,office
1573135308.903,587,-20,None,Move,office
1573135308.916,587,-20,None,Move,office
1573135308.924,586,-21,None,Move,office
1573135308.9320002,585,-21,None,Move,office
1573135308.944,584,-21,None,Move,office
1573135308.952,583,-22,None,Move,office
1573135308.96,579,-22,None,Move,office
1573135308.968,573,-20,None,Move,office
1573135308.976,562,-18,None,Move,office
1573135308.984,549,-15,None,Move,office
1573135308.99,533,-12,None,Move,office
1573135308.9970002,517,-12,None,Move,office
1573135309.006,500,-12,None,Move,office
1573135309.014,487,-12,None,Move,office
1573135309.022,472,-13,None,Move,office
1573135309.03,457,-16,None,Move,office
1573135309.038,444,-17,None,Move,office
1573135309.045,433,-18,None,Move,office
1573135309.054,425,-19,None,Move,office
1573135309.062,415,-21,None,Move,office
1573135309.0679998,396,-22,None,Move,office
1573135309.076,377,-25,None,Move,office
1573135309.084,364,-26,None,Move,office
1573135309.092,348,-26,None,Move,office
1573135309.1,333,-28,None,Move,office
1573135309.1079998,322,-29,None,Move,office
1573135309.1160002,316,-29,None,Move,office
1573135309.123,312,-29,None,Move,office
1573135309.131,310,-29,None,Move,office
1573135309.139,309,-29,None,Move,office
1573135309.218,309,-29,None,Move,office
1573135309.225,309,-29,None,Move,office
1573135309.236,309,-28,None,Move,office
1573135309.252,310,-28,None,Move,office
1573135309.2629998,310,-27,None,Move,office
1573135309.272,311,-27,None,Move,office
1573135309.288,311,-26,None,Move,office
1573135309.296,309,-25,None,Move,office
1573135309.303,308,-23,None,Move,office
1573135309.31,306,-22,None,Move,office
1573135309.3170002,304,-21,None,Move,office
1573135309.326,303,-21,None,Move,office
1573135309.3739998,303,-21,None,Move,office
1573135309.3860002,304,-21,None,Move,office
1573135309.394,305,-21,None,Move,office
1573135309.4,307,-22,None,Move,office
1573135309.407,310,-24,None,Move,office
1573135309.415,313,-26,None,Move,office
1573135309.424,315,-28,None,Move,office
1573135309.4320002,317,-29,None,Move,office
1573135309.44,320,-31,None,Move,office
1573135309.447,323,-33,None,Move,office
1573135309.456,325,-35,None,Move,office
1573135309.4629998,326,-36,None,Move,office
1573135309.472,328,-36,None,Move,office
1573135309.478,329,-36,None,Move,office
1573135309.486,331,-36,None,Move,office
1573135309.494,333,-36,None,Move,office
1573135309.502,333,-36,None,Move,office
1573135309.51,334,-36,None,Move,office
1573135309.53,335,-36,None,Move,office
1573135309.564,336,-36,None,Move,office
1573135309.572,336,-36,None,Move,office
1573135309.584,337,-36,None,Move,office
1573135309.6079998,338,-36,None,Move,office
1573135309.857,338,-36,None,Move,office
1573135309.865,345,-41,None,Move,office
1573135309.873,369,-55,None,Move,office
1573135309.881,410,-68,None,Move,office
1573135309.887,461,-82,None,Move,office
1573135309.895,527,-94,None,Move,office
1573135309.903,612,-99,None,Move,office
1573135309.911,701,-107,None,Move,office
1573135309.92,793,-112,None,Move,office
1573135309.928,885,-117,None,Move,office
1573135309.936,984,-123,None,Move,office
1573135309.944,1073,-113,None,Move,office
1573135309.952,1165,-105,None,Move,office
1573135309.959,1240,-109,None,Move,office
1573135309.968,1305,-109,None,Move,office
1573135309.974,1353,-106,None,Move,office
1573135309.981,1385,-104,None,Move,office
1573135309.9889998,1401,-101,None,Move,office
1573135309.998,1412,-99,None,Move,office
1573135310.006,1414,-99,None,Move,office
1573135310.014,1415,-99,None,Move,office
1573135310.0370002,1415,-99,None,Move,office
1573135310.046,1414,-99,None,Move,office
1573135310.052,1412,-99,None,Move,office
1573135310.06,1412,-99,None,Move,office
1573135310.0679998,1411,-99,None,Move,office
1573135310.1339998,1410,-99,None,Move,office
1573135310.158,1408,-100,None,Move,office
1573135310.166,1405,-100,None,Move,office
1573135310.174,1399,-100,None,Move,office
1573135310.1820002,1392,-100,None,Move,office
1573135310.19,1382,-99,None,Move,office
1573135310.198,1371,-97,None,Move,office
1573135310.214,1361,-97,None,Move,office
1573135310.215,1348,-98,None,Move,office
1573135310.219,1338,-99,None,Move,office
1573135310.228,1326,-102,None,Move,office
1573135310.236,1312,-104,None,Move,office
1573135310.244,1302,-107,None,Move,office
1573135310.252,1293,-109,None,Move,office
1573135310.26,1286,-112,None,Move,office
1573135310.268,1279,-114,None,Move,office
1573135310.276,1273,-116,None,Move,office
1573135310.284,1269,-118,None,Move,office
1573135310.292,1266,-120,None,Move,office
1573135310.2970002,1261,-121,None,Move,office
1573135310.305,1257,-122,None,Move,office
1573135310.314,1254,-123,None,Move,office
1573135310.321,1253,-123,None,Move,office
1573135310.33,1251,-123,None,Move,office
1573135310.337,1249,-123,None,Move,office
1573135310.3660002,1249,-123,None,Move,office
1573135310.38,1249,-123,None,Move,office
1573135310.482,1249,-123,Left,Pressed,file system
1573135310.482,1249,-123,None,Drag,file system
1573135310.49,1249,-123,None,Drag,file system
1573135310.498,1249,-125,None,Drag,file system
1573135310.498,1249,-125,Left,Released,file system
1573135310.506,1249,-125,None,Move,browsing
1573135310.5470002,1249,-125,None,Move,browsing
1573135310.563,1250,-125,None,Move,browsing
1573135310.62,1250,-126,None,Move,browsing
1573135310.6260002,1249,-127,None,Move,browsing
1573135310.6339998,1248,-129,None,Move,browsing
1573135310.641,1246,-130,None,Move,browsing
1573135310.65,1243,-133,None,Move,browsing
1573135310.658,1240,-135,None,Move,browsing
1573135310.666,1238,-138,None,Move,browsing
1573135310.674,1234,-142,None,Move,browsing
1573135310.6820002,1231,-147,None,Move,browsing
1573135310.689,1225,-154,None,Move,browsing
1573135310.697,1217,-162,None,Move,browsing
1573135310.7029998,1209,-170,None,Move,browsing
1573135310.712,1197,-179,None,Move,browsing
1573135310.719,1181,-197,None,Move,browsing
1573135310.728,1159,-215,None,Move,browsing
1573135310.735,1136,-238,None,Move,browsing
1573135310.744,1114,-258,None,Move,browsing
1573135310.7510002,1098,-274,None,Move,browsing
1573135310.76,1083,-292,None,Move,browsing
1573135310.768,1069,-316,None,Move,browsing
1573135310.776,1057,-338,None,Move,browsing
1573135310.784,1046,-361,None,Move,browsing
1573135310.789,1037,-380,None,Move,browsing
1573135310.7970002,1027,-399,None,Move,browsing
1573135310.805,1023,-416,None,Move,browsing
1573135310.813,1016,-430,None,Move,browsing
1573135310.821,1013,-443,None,Move,browsing
1573135310.8379998,1009,-454,None,Move,browsing
1573135310.839,1007,-461,None,Move,browsing
1573135310.846,1005,-467,None,Move,browsing
1573135310.854,1004,-468,None,Move,browsing
1573135310.861,1003,-470,None,Move,browsing
1573135310.8679998,1002,-471,None,Move,browsing
1573135310.916,1002,-471,None,Move,browsing
1573135310.924,1004,-468,None,Move,browsing
1573135310.9320002,1008,-459,None,Move,browsing
1573135310.939,1011,-450,None,Move,browsing
1573135310.956,1021,-427,None,Move,browsing
1573135310.962,1025,-413,None,Move,browsing
1573135310.97,1029,-401,None,Move,browsing
1573135310.978,1031,-391,None,Move,browsing
1573135310.986,1034,-379,None,Move,browsing
1573135310.994,1037,-369,None,Move,browsing
1573135311.0010002,1039,-357,None,Move,browsing
1573135311.0089998,1041,-347,None,Move,browsing
1573135311.018,1043,-335,None,Move,browsing
1573135311.026,1046,-324,None,Move,browsing
1573135311.032,1047,-314,None,Move,browsing
1573135311.04,1048,-305,None,Move,browsing
1573135311.048,1050,-298,None,Move,browsing
1573135311.056,1051,-291,None,Move,browsing
1573135311.064,1051,-286,None,Move,browsing
1573135311.072,1052,-285,None,Move,browsing
1573135311.08,1052,-283,None,Move,browsing
1573135311.0879998,1052,-282,None,Move,browsing
1573135311.095,1052,-281,None,Move,browsing
1573135311.1339998,1053,-281,None,Move,browsing
1573135311.15,1055,-282,None,Move,browsing
1573135311.157,1056,-283,None,Move,browsing
1573135311.166,1059,-283,None,Move,browsing
1573135311.174,1063,-284,None,Move,browsing
1573135311.1820002,1066,-284,None,Move,browsing
1573135311.19,1072,-285,None,Move,browsing
1573135311.195,1079,-286,None,Move,browsing
1573135311.2029998,1085,-287,None,Move,browsing
1573135311.211,1092,-288,None,Move,browsing
1573135311.22,1095,-289,None,Move,browsing
1573135311.228,1097,-290,None,Move,browsing
1573135311.236,1099,-290,None,Move,browsing
1573135311.244,1100,-290,None,Move,browsing
1573135311.252,1101,-290,None,Move,browsing
1573135311.26,1103,-290,None,Move,browsing
1573135311.268,1104,-288,None,Move,browsing
1573135311.274,1106,-286,None,Move,browsing
1573135311.282,1109,-283,None,Move,browsing
1573135311.29,1112,-278,None,Move,browsing
1573135311.298,1115,-276,None,Move,browsing
1573135311.306,1120,-272,None,Move,browsing
1573135311.314,1122,-270,None,Move,browsing
1573135311.322,1125,-269,None,Move,browsing
1573135311.329,1127,-268,None,Move,browsing
1573135311.337,1128,-267,None,Move,browsing
1573135311.516,1128,-267,Left,Pressed,browsing
1573135311.516,1128,-267,None,Drag,browsing
1573135311.536,1127,-267,None,Drag,browsing
1573135311.543,1126,-267,None,Drag,browsing
1573135311.555,1126,-267,None,Drag,browsing
1573135311.556,1126,-267,Left,Released,browsing
1573135311.571,1125,-267,None,Move,browsing
1573135311.579,1124,-267,None,Move,browsing
1573135311.587,1124,-267,None,Move,browsing
1573135311.593,1122,-266,None,Move,browsing
1573135311.601,1120,-264,None,Move,browsing
1573135311.61,1119,-264,None,Move,browsing
1573135311.617,1117,-262,None,Move,browsing
1573135311.625,1114,-261,None,Move,browsing
1573135311.6339998,1111,-260,None,Move,browsing
1573135311.6420002,1107,-259,None,Move,browsing
1573135311.65,1105,-259,None,Move,browsing
1573135311.657,1101,-258,None,Move,browsing
1573135311.665,1098,-258,None,Move,browsing
1573135311.673,1095,-258,None,Move,browsing
1573135311.68,1093,-258,None,Move,browsing
1573135311.688,1091,-258,None,Move,browsing
1573135311.696,1090,-258,None,Move,browsing
1573135311.704,1089,-258,None,Move,browsing
1573135311.794,1089,-259,None,Move,browsing
1573135311.834,1089,-259,None,Move,browsing
1573135311.844,1089,-259,None,Move,browsing
1573135311.8520002,1091,-259,None,Move,browsing
1573135311.86,1093,-261,None,Move,browsing
1573135311.867,1094,-262,None,Move,browsing
1573135311.875,1096,-264,None,Move,browsing
1573135311.894,1098,-265,None,Move,browsing
1573135311.895,1099,-265,None,Move,browsing
1573135311.899,1099,-265,None,Move,browsing
1573135311.908,1100,-265,None,Move,browsing
1573135311.974,1101,-265,None,Move,browsing
1573135311.982,1101,-265,None,Move,browsing
1573135312.15,1101,-265,Left,Pressed,browsing
1573135312.15,1101,-265,None,Drag,browsing
1573135312.15,1101,-265,Left,Released,browsing
1573135312.22,1101,-265,None,Move,browsing
1573135312.228,1099,-263,None,Move,browsing
1573135312.235,1098,-262,None,Move,browsing
1573135312.244,1094,-260,None,Move,browsing
1573135312.2510002,1088,-257,None,Move,browsing
1573135312.258,1081,-256,None,Move,browsing
1573135312.266,1076,-255,None,Move,browsing
1573135312.2729998,1070,-255,None,Move,browsing
1573135312.282,1065,-255,None,Move,browsing
1573135312.289,1061,-256,None,Move,browsing
1573135312.2970002,1059,-257,None,Move,browsing
1573135312.306,1057,-258,None,Move,browsing
1573135312.314,1054,-260,None,Move,browsing
1573135312.322,1052,-262,None,Move,browsing
1573135312.33,1050,-263,None,Move,browsing
1573135312.335,1049,-265,None,Move,browsing
1573135312.344,1047,-266,None,Move,browsing
1573135312.3520002,1044,-268,None,Move,browsing
1573135312.36,1041,-269,None,Move,browsing
1573135312.367,1039,-270,None,Move,browsing
1573135312.375,1036,-271,None,Move,browsing
1573135312.3839998,1032,-271,None,Move,browsing
1573135312.3920002,1026,-271,None,Move,browsing
1573135312.4,1019,-271,None,Move,browsing
1573135312.408,1012,-270,None,Move,browsing
1573135312.414,1007,-269,None,Move,browsing
1573135312.4220002,999,-268,None,Move,browsing
1573135312.43,994,-268,None,Move,browsing
1573135312.438,989,-267,None,Move,browsing
1573135312.446,983,-265,None,Move,browsing
1573135312.454,978,-264,None,Move,browsing
1573135312.462,971,-261,None,Move,browsing
1573135312.47,964,-260,None,Move,browsing
1573135312.4770002,956,-258,None,Move,browsing
1573135312.4929998,944,-257,None,Move,browsing
1573135312.5,936,-257,None,Move,browsing
1573135312.5070002,924,-255,None,Move,browsing
1573135312.516,915,-254,None,Move,browsing
1573135312.524,907,-254,None,Move,browsing
1573135312.532,900,-252,None,Move,browsing
1573135312.539,893,-250,None,Move,browsing
1573135312.548,886,-249,None,Move,browsing
1573135312.555,879,-248,None,Move,browsing
1573135312.564,873,-247,None,Move,browsing
1573135312.572,870,-246,None,Move,browsing
1573135312.577,868,-245,None,Move,browsing
1573135312.586,865,-245,None,Move,browsing
1573135312.593,862,-243,None,Move,browsing
1573135312.601,858,-242,None,Move,browsing
1573135312.609,853,-240,None,Move,browsing
1573135312.617,849,-239,None,Move,browsing
1573135312.625,844,-238,None,Move,browsing
1573135312.633,838,-237,None,Move,browsing
1573135312.6420002,833,-236,None,Move,browsing
1573135312.65,826,-236,None,Move,browsing
1573135312.657,822,-236,None,Move,browsing
1573135312.664,820,-236,None,Move,browsing
1573135312.6720002,817,-236,None,Move,browsing
1573135312.679,815,-236,None,Move,browsing
1573135312.688,814,-236,None,Move,browsing
1573135312.696,812,-236,None,Move,browsing
1573135312.704,810,-237,None,Move,browsing
1573135312.712,809,-237,None,Move,browsing
1573135312.72,806,-237,None,Move,browsing
1573135312.728,802,-237,None,Move,browsing
1573135312.736,797,-237,None,Move,browsing
1573135312.742,792,-237,None,Move,browsing
1573135312.75,787,-237,None,Move,browsing
1573135312.7570002,783,-237,None,Move,browsing
1573135312.766,780,-237,None,Move,browsing
1573135312.774,777,-237,None,Move,browsing
1573135312.782,775,-237,None,Move,browsing
1573135312.789,773,-237,None,Move,browsing
1573135312.798,772,-237,None,Move,browsing
1573135312.806,771,-237,None,Move,browsing
1573135312.814,770,-238,None,Move,browsing
1573135312.82,770,-239,None,Move,browsing
1573135312.831,770,-239,None,Move,browsing
1573135312.839,769,-240,None,Move,browsing
1573135312.8479998,768,-241,None,Move,browsing
1573135312.855,767,-242,None,Move,browsing
1573135312.8639998,767,-242,None,Move,browsing
1573135312.8720002,767,-243,None,Move,browsing
1573135312.88,765,-244,None,Move,browsing
1573135312.8879998,764,-245,None,Move,browsing
1573135312.896,763,-245,None,Move,browsing
1573135312.9020002,762,-246,None,Move,browsing
1573135312.909,761,-246,None,Move,browsing
1573135312.918,761,-247,None,Move,browsing
1573135312.925,760,-247,None,Move,browsing
1573135312.958,760,-248,None,Move,browsing
1573135312.97,759,-248,None,Move,browsing
1573135312.978,758,-248,None,Move,browsing
1573135312.984,758,-249,None,Move,browsing
1573135312.992,757,-250,None,Move,browsing
1573135313.0,756,-251,None,Move,browsing
1573135313.199,755,-251,None,Move,browsing
1573135313.211,755,-251,None,Move,browsing
1573135313.219,754,-252,None,Move,browsing
1573135313.225,753,-252,None,Move,browsing
1573135313.54,753,-252,Left,Pressed,browsing
1573135313.54,753,-252,None,Drag,browsing
1573135313.548,752,-252,None,Drag,browsing
1573135313.554,749,-252,None,Drag,browsing
1573135313.562,747,-252,None,Drag,browsing
1573135313.57,744,-252,None,Drag,browsing
1573135313.5779998,741,-252,None,Drag,browsing
1573135313.585,740,-252,None,Drag,browsing
1573135313.593,738,-252,None,Drag,browsing
1573135313.6020002,737,-252,None,Drag,browsing
1573135313.609,735,-252,None,Drag,browsing
1573135313.617,734,-252,None,Drag,browsing
1573135313.625,733,-252,None,Drag,browsing
1573135313.633,732,-252,None,Drag,browsing
1573135313.639,731,-252,None,Drag,browsing
1573135313.647,729,-252,None,Drag,browsing
1573135313.66,728,-252,None,Drag,browsing
1573135313.668,728,-253,None,Drag,browsing
1573135313.676,728,-253,None,Drag,browsing
1573135313.79,726,-253,None,Drag,browsing
1573135313.802,725,-253,None,Drag,browsing
1573135313.8079998,725,-253,None,Drag,browsing
1573135313.816,723,-253,None,Drag,browsing
1573135313.824,722,-253,None,Drag,browsing
1573135313.831,721,-254,None,Drag,browsing
1573135313.84,720,-254,None,Drag,browsing
1573135313.8479998,719,-254,None,Drag,browsing
1573135313.86,718,-254,None,Drag,browsing
1573135314.035,718,-254,None,Drag,browsing
1573135314.041,718,-254,None,Drag,browsing
1573135314.054,719,-254,None,Drag,browsing
1573135314.07,720,-254,None,Drag,browsing
1573135314.07,720,-254,Left,Released,browsing
1573135314.09,720,-255,None,Move,browsing
1573135314.0979998,722,-256,None,Move,browsing
1573135314.105,724,-257,None,Move,browsing
1573135314.1139998,725,-257,None,Move,browsing
1573135314.1220002,727,-257,None,Move,browsing
1573135314.1279998,729,-257,None,Move,browsing
1573135314.1360002,729,-257,None,Move,browsing
1573135314.143,731,-257,None,Move,browsing
1573135314.1520002,732,-257,None,Move,browsing
1573135314.159,733,-257,None,Move,browsing
1573135314.168,735,-257,None,Move,browsing
1573135314.175,736,-257,None,Move,browsing
1573135314.184,738,-257,None,Move,browsing
1573135314.1920002,740,-257,None,Move,browsing
1573135314.2,741,-257,None,Move,browsing
1573135314.208,743,-257,None,Move,browsing
1573135314.214,745,-257,None,Move,browsing
1573135314.222,747,-258,None,Move,browsing
1573135314.23,749,-259,None,Move,browsing
1573135314.238,750,-259,None,Move,browsing
1573135314.246,751,-259,None,Move,browsing
1573135314.254,752,-259,None,Move,browsing
1573135314.262,753,-259,None,Move,browsing
1573135314.27,754,-259,None,Move,browsing
1573135314.278,756,-259,None,Move,browsing
1573135314.285,756,-259,None,Move,browsing
1573135314.293,757,-259,None,Move,browsing
1573135314.3,758,-259,None,Move,browsing
1573135314.3070002,759,-259,None,Move,browsing
1573135314.4220002,759,-258,None,Move,browsing
1573135314.464,759,-258,None,Move,browsing
1573135314.492,758,-258,Left,Pressed,browsing
1573135314.492,758,-258,None,Drag,browsing
1573135314.504,757,-258,None,Drag,browsing
1573135314.512,756,-258,None,Drag,browsing
1573135314.52,754,-257,None,Drag,browsing
1573135314.528,753,-256,None,Drag,browsing
1573135314.534,751,-255,None,Drag,browsing
1573135314.541,748,-253,None,Drag,browsing
1573135314.55,745,-253,None,Drag,browsing
1573135314.5579998,743,-252,None,Drag,browsing
1573135314.566,741,-251,None,Drag,browsing
1573135314.573,739,-251,None,Drag,browsing
1573135314.581,738,-251,None,Drag,browsing
1573135314.59,736,-251,None,Drag,browsing
1573135314.5979998,734,-251,None,Drag,browsing
1573135314.606,733,-251,None,Drag,browsing
1573135314.613,731,-251,None,Drag,browsing
1573135314.62,728,-252,None,Drag,browsing
1573135314.6279998,727,-253,None,Drag,browsing
1573135314.6360002,724,-255,None,Drag,browsing
1573135314.644,722,-257,None,Drag,browsing
1573135314.651,719,-259,None,Drag,browsing
1573135314.659,718,-260,None,Drag,browsing
1573135314.667,716,-261,None,Drag,browsing
1573135314.676,715,-261,None,Drag,browsing
1573135314.684,714,-262,None,Drag,browsing
1573135314.778,714,-263,None,Drag,browsing
1573135314.788,713,-264,None,Drag,browsing
1573135314.795,711,-265,None,Drag,browsing
1573135314.803,710,-267,None,Drag,browsing
1573135314.811,708,-270,None,Drag,browsing
1573135314.82,707,-271,None,Drag,browsing
1573135314.827,706,-273,None,Drag,browsing
1573135314.836,706,-274,None,Drag,browsing
1573135314.843,706,-275,None,Drag,browsing
1573135314.8520002,705,-277,None,Drag,browsing
1573135314.86,705,-279,None,Drag,browsing
1573135314.8660002,705,-280,None,Drag,browsing
1573135314.8739998,705,-282,None,Drag,browsing
1573135314.8820002,705,-283,None,Drag,browsing
1573135314.89,705,-283,None,Drag,browsing
1573135314.8979998,706,-283,None,Drag,browsing
1573135314.909,706,-283,None,Drag,browsing
1573135314.9220002,707,-283,None,Drag,browsing
1573135314.93,708,-283,None,Drag,browsing
1573135314.976,708,-283,None,Drag,browsing
1573135314.988,709,-284,None,Drag,browsing
1573135314.996,710,-285,None,Drag,browsing
1573135314.996,710,-285,Left,Released,browsing
1573135315.004,712,-286,None,Move,browsing
1573135315.012,713,-288,None,Move,browsing
1573135315.019,715,-290,None,Move,browsing
1573135315.025,717,-292,None,Move,browsing
1573135315.033,719,-294,None,Move,browsing
1573135315.042,720,-295,None,Move,browsing
1573135315.05,722,-297,None,Move,browsing
1573135315.0579998,724,-300,None,Move,browsing
1573135315.066,725,-303,None,Move,browsing
1573135315.074,726,-308,None,Move,browsing
1573135315.081,727,-315,None,Move,browsing
1573135315.089,730,-324,None,Move,browsing
1573135315.0979998,732,-332,None,Move,browsing
1573135315.106,741,-348,None,Move,browsing
1573135315.111,749,-367,None,Move,browsing
1573135315.12,757,-383,None,Move,browsing
1573135315.127,763,-397,None,Move,browsing
1573135315.1360002,772,-413,None,Move,browsing
1573135315.143,780,-423,None,Move,browsing
1573135315.1520002,783,-431,None,Move,browsing
1573135315.16,786,-436,None,Move,browsing
1573135315.168,788,-444,None,Move,browsing
1573135315.175,788,-451,None,Move,browsing
1573135315.184,786,-456,None,Move,browsing
1573135315.19,784,-459,None,Move,browsing
1573135315.197,782,-462,None,Move,browsing
1573135315.206,780,-465,None,Move,browsing
1573135315.214,778,-467,None,Move,browsing
1573135315.221,776,-468,None,Move,browsing
1573135315.23,775,-470,None,Move,browsing
1573135315.238,773,-472,None,Move,browsing
1573135315.246,771,-474,None,Move,browsing
1573135315.2529998,769,-475,None,Move,browsing
1573135315.2610002,768,-477,None,Move,browsing
1573135315.268,766,-479,None,Move,browsing
1573135315.275,764,-481,None,Move,browsing
1573135315.284,762,-483,None,Move,browsing
1573135315.292,760,-485,None,Move,browsing
1573135315.3,758,-488,None,Move,browsing
1573135315.3079998,758,-490,None,Move,browsing
1573135315.316,758,-491,None,Move,browsing
1573135315.3660002,758,-491,None,Move,browsing
1573135315.3779998,758,-491,None,Move,browsing
1573135315.3860002,758,-491,None,Move,browsing
1573135315.394,758,-491,None,Move,browsing
1573135315.424,758,-490,None,Move,browsing
1573135315.4320002,758,-490,None,Move,browsing
1573135315.44,756,-488,None,Move,browsing
1573135315.448,754,-485,None,Move,browsing
1573135315.456,751,-483,None,Move,browsing
1573135315.464,748,-479,None,Move,browsing
1573135315.472,746,-476,None,Move,browsing
1573135315.48,745,-475,None,Move,browsing
1573135315.488,744,-474,None,Move,browsing
1573135315.496,743,-474,None,Move,browsing
1573135315.582,742,-474,None,Move,browsing
1573135315.592,742,-474,None,Move,browsing
1573135315.603,742,-474,None,Move,browsing
1573135315.6120002,741,-474,None,Move,browsing
1573135315.6279998,740,-474,None,Move,browsing
1573135315.6360002,739,-476,None,Move,browsing
1573135315.644,738,-477,None,Move,browsing
1573135315.6520002,738,-477,None,Move,browsing
1573135315.788,737,-477,None,Move,browsing
1573135315.8,737,-478,None,Move,browsing
1573135315.8079998,736,-478,None,Move,browsing
1573135315.816,734,-478,None,Move,browsing
1573135315.824,733,-478,None,Move,browsing
1573135315.832,732,-479,None,Move,browsing
1573135315.8379998,731,-479,None,Move,browsing
1573135315.951,731,-479,None,Move,browsing
1573135316.025,731,-479,Left,Pressed,browsing
1573135316.1520002,731,-479,Left,Released,browsing
1573135316.206,731,-479,Left,Pressed,browsing
1573135316.329,731,-479,Left,Released,browsing
1573135316.394,731,-479,Left,Pressed,browsing
1573135316.512,731,-479,Left,Released,browsing
1573135317.131,731,-479,None,Move,browsing
1573135317.139,732,-472,None,Move,browsing
1573135317.147,734,-465,None,Move,browsing
1573135317.155,738,-458,None,Move,browsing
1573135317.163,742,-452,None,Move,browsing
1573135317.17,747,-444,None,Move,browsing
1573135317.177,752,-440,None,Move,browsing
1573135317.186,756,-434,None,Move,browsing
1573135317.1929998,759,-429,None,Move,browsing
1573135317.202,761,-428,None,Move,browsing
1573135317.21,762,-426,None,Move,browsing
1573135317.218,764,-424,None,Move,browsing
1573135317.226,765,-422,None,Move,browsing
1573135317.234,766,-421,None,Move,browsing
1573135317.242,767,-420,None,Move,browsing
1573135317.25,767,-419,None,Move,browsing
1573135317.256,768,-419,None,Move,browsing
1573135317.264,769,-419,None,Move,browsing
1573135317.272,769,-418,None,Move,browsing
1573135317.279,769,-418,None,Move,browsing
1573135317.346,769,-418,Left,Pressed,browsing
1573135317.346,769,-418,None,Drag,browsing
1573135317.3579998,769,-418,None,Drag,browsing
1573135317.3660002,769,-419,None,Drag,browsing
1573135317.3660002,769,-419,Left,Released,browsing
1573135317.373,769,-419,None,Move,browsing
1573135317.381,771,-420,None,Move,browsing
1573135317.39,772,-420,None,Move,browsing
1573135317.3979998,772,-420,None,Move,browsing
1573135317.41,773,-420,None,Move,browsing
1573135317.418,777,-421,None,Move,browsing
1573135317.425,782,-424,None,Move,browsing
1573135317.434,788,-426,None,Move,browsing
1573135317.44,794,-428,None,Move,browsing
1573135317.447,796,-430,None,Move,browsing
1573135317.456,799,-432,None,Move,browsing
1573135317.464,805,-436,None,Move,browsing
1573135317.471,812,-441,None,Move,browsing
1573135317.479,818,-448,None,Move,browsing
1573135317.488,825,-455,None,Move,browsing
1573135317.495,831,-464,None,Move,browsing
1573135317.504,838,-475,None,Move,browsing
1573135317.5110002,846,-486,None,Move,browsing
1573135317.518,851,-497,None,Move,browsing
1573135317.526,855,-507,None,Move,browsing
1573135317.534,858,-514,None,Move,browsing
1573135317.542,860,-520,None,Move,browsing
1573135317.55,861,-522,None,Move,browsing
1573135317.5579998,862,-523,None,Move,browsing
1573135317.565,862,-524,None,Move,browsing
1573135317.873,862,-524,None,Move,browsing
1573135317.885,862,-523,Left,Pressed,browsing
1573135317.885,862,-523,None,Drag,browsing
1573135317.893,863,-522,None,Drag,browsing
1573135317.9629998,863,-522,None,Drag,browsing
1573135317.9629998,863,-522,Left,Released,browsing
1573135318.061,863,-522,Left,Pressed,browsing
1573135318.194,863,-522,Left,Released,browsing
1573135318.299,863,-522,None,Move,browsing
1573135318.335,862,-522,None,Move,browsing
1573135318.349,861,-522,None,Move,browsing
1573135318.357,860,-522,None,Move,browsing
1573135318.3660002,859,-522,None,Move,browsing
1573135318.3739998,858,-522,None,Move,browsing
1573135318.3820002,858,-522,None,Move,browsing
1573135318.41,857,-522,None,Move,browsing
1573135318.722,856,-522,None,Move,browsing
1573135318.73,855,-523,None,Move,browsing
1573135318.7370002,853,-523,None,Move,browsing
1573135318.7429998,851,-524,None,Move,browsing
1573135318.7510002,851,-524,None,Move,browsing
1573135318.76,850,-524,None,Move,browsing
1573135319.046,849,-525,None,Move,browsing
1573135319.0579998,849,-525,None,Move,browsing
1573135319.065,848,-526,None,Move,browsing
1573135319.071,846,-526,None,Move,browsing
1573135319.079,845,-527,None,Move,browsing
1573135319.091,844,-528,None,Move,browsing
1573135319.321,844,-528,None,Move,browsing
1573135319.329,844,-527,None,Move,browsing
1573135319.3579998,844,-527,None,Move,browsing
1573135319.404,844,-526,None,Move,browsing
1573135319.9829998,844,-526,None,Move,browsing
1573135319.994,843,-526,None,Move,browsing
1573135322.2389998,842,-526,None,Move,browsing
1573135322.2510002,842,-526,None,Move,browsing
1573135322.2589998,840,-526,None,Move,browsing
1573135322.2670002,836,-526,None,Move,browsing
1573135322.275,835,-526,None,Move,browsing
1573135322.302,835,-526,None,Move,browsing
1573135322.31,837,-529,None,Move,browsing
1573135322.3179998,839,-535,None,Move,browsing
1573135322.326,842,-542,None,Move,browsing
1573135322.333,844,-547,None,Move,browsing
1573135322.342,846,-550,None,Move,browsing
1573135322.349,847,-552,None,Move,browsing
1573135322.3579998,847,-552,None,Move,browsing
1573135322.383,848,-552,None,Move,browsing
1573135322.3879998,848,-552,None,Move,browsing
1573135322.396,850,-549,None,Move,browsing
1573135322.404,851,-546,None,Move,browsing
1573135322.4120002,853,-542,None,Move,browsing
1573135322.42,855,-538,None,Move,browsing
1573135322.428,856,-536,None,Move,browsing
1573135322.448,856,-535,None,Move,browsing
1573135322.539,856,-535,None,Move,browsing
1573135322.685,854,-535,None,Move,browsing
1573135322.698,854,-535,None,Move,browsing
1573135322.705,852,-535,None,Move,browsing
1573135322.711,851,-535,None,Move,browsing
1573135322.72,849,-535,None,Move,browsing
1573135322.728,848,-534,None,Move,browsing
1573135322.736,847,-533,None,Move,browsing
1573135322.744,847,-532,None,Move,browsing
1573135322.752,847,-530,None,Move,browsing
1573135322.76,847,-529,None,Move,browsing
1573135322.768,847,-528,None,Move,browsing
1573135323.146,847,-528,Left,Pressed,browsing
1573135323.146,847,-528,None,Drag,browsing
1573135323.1820002,847,-528,None,Drag,browsing
1573135323.19,848,-528,None,Drag,browsing
1573135323.199,849,-528,None,Drag,browsing
1573135323.212,849,-528,None,Drag,browsing
1573135323.224,850,-528,None,Drag,browsing
1573135323.232,851,-528,None,Drag,browsing
1573135323.24,851,-528,None,Drag,browsing
1573135323.248,852,-528,None,Drag,browsing
1573135323.256,853,-527,None,Drag,browsing
1573135323.28,853,-527,None,Drag,browsing
1573135323.33,854,-527,None,Drag,browsing
1573135323.342,855,-527,None,Drag,browsing
1573135323.354,856,-526,None,Drag,browsing
1573135323.3620002,856,-526,None,Drag,browsing
1573135323.3679998,858,-526,None,Drag,browsing
1573135323.3760002,859,-526,None,Drag,browsing
1573135323.3839998,860,-526,None,Drag,browsing
1573135323.3920002,862,-526,None,Drag,browsing
1573135323.4,862,-526,None,Drag,browsing
1573135323.407,863,-525,None,Drag,browsing
1573135323.416,864,-525,None,Drag,browsing
1573135323.424,865,-525,None,Drag,browsing
1573135323.4320002,866,-524,None,Drag,browsing
1573135323.44,867,-524,None,Drag,browsing
1573135323.448,867,-523,None,Drag,browsing
1573135323.454,869,-523,None,Drag,browsing
1573135323.462,870,-523,None,Drag,browsing
1573135323.47,871,-523,None,Drag,browsing
1573135323.478,873,-522,None,Drag,browsing
1573135323.485,874,-522,None,Drag,browsing
1573135323.494,874,-522,None,Drag,browsing
1573135323.5010002,876,-521,None,Drag,browsing
1573135323.772,877,-521,None,Drag,browsing
1573135323.782,877,-520,None,Drag,browsing
1573135323.79,878,-520,None,Drag,browsing
1573135323.798,879,-520,None,Drag,browsing
1573135323.81,879,-520,None,Drag,browsing
1573135323.826,880,-520,None,Drag,browsing
1573135323.833,881,-520,None,Drag,browsing
1573135323.842,882,-520,None,Drag,browsing
1573135323.85,883,-520,None,Drag,browsing
1573135323.86,884,-520,None,Drag,browsing
1573135323.8679998,884,-519,None,Drag,browsing
1573135323.875,885,-519,None,Drag,browsing
1573135323.883,885,-519,None,Drag,browsing
1573135323.9,886,-519,None,Drag,browsing
1573135323.937,887,-519,None,Drag,browsing
1573135323.95,887,-519,None,Drag,browsing
1573135324.2629998,887,-519,None,Drag,browsing
1573135324.2729998,887,-519,None,Drag,browsing
1573135324.282,887,-521,None,Drag,browsing
1573135324.289,887,-522,None,Drag,browsing
1573135324.298,887,-522,None,Drag,browsing
1573135324.306,887,-524,None,Drag,browsing
1573135324.314,887,-525,None,Drag,browsing
1573135324.322,887,-525,None,Drag,browsing
1573135324.329,887,-525,None,Drag,browsing
1573135324.3879998,887,-526,None,Drag,browsing
1573135324.486,887,-527,None,Drag,browsing
1573135324.498,888,-527,None,Drag,browsing
1573135324.506,888,-528,None,Drag,browsing
1573135324.506,888,-528,Left,Released,browsing
1573135325.486,888,-528,None,Move,browsing
1573135325.498,888,-528,None,Move,browsing
1573135325.506,887,-528,None,Move,browsing
1573135325.512,886,-528,None,Move,browsing
1573135325.524,886,-528,None,Move,browsing
1573135325.5979998,885,-528,None,Move,browsing
1573135325.6220002,884,-528,None,Move,browsing
1573135325.6420002,883,-528,None,Move,browsing
1573135325.654,883,-528,None,Move,browsing
1573135325.666,882,-528,None,Move,browsing
1573135325.6720002,881,-528,None,Move,browsing
1573135325.68,881,-528,None,Move,browsing
1573135325.695,880,-528,None,Move,browsing
1573135325.708,879,-528,None,Move,browsing
1573135326.836,879,-528,None,Move,office
1573135326.843,879,-523,None,Move,office
1573135326.8520002,878,-516,None,Move,office
1573135326.86,875,-505,None,Move,office
1573135326.8679998,873,-494,None,Move,office
1573135326.875,870,-482,None,Move,office
1573135326.8839998,867,-466,None,Move,office
1573135326.8920002,863,-450,None,Move,office
1573135326.9,857,-428,None,Move,office
1573135326.907,854,-411,None,Move,office
1573135326.913,849,-387,None,Move,office
1573135326.921,846,-361,None,Move,office
1573135326.939,847,-333,None,Move,office
1573135326.941,854,-303,None,Move,office
1573135326.945,866,-268,None,Move,office
1573135326.9529998,883,-232,None,Move,office
1573135326.961,907,-198,None,Move,office
1573135326.969,928,-173,None,Move,office
1573135326.9770002,947,-148,None,Move,office
1573135326.985,963,-127,None,Move,office
1573135326.994,972,-113,None,Move,office
1573135327.0,983,-102,None,Move,office
1573135327.008,991,-95,None,Move,office
1573135327.015,997,-90,None,Move,office
1573135327.0229998,1000,-88,None,Move,office
1573135327.032,1002,-87,None,Move,office
1573135327.039,1002,-87,None,Move,office
1573135327.052,1003,-87,None,Move,office
1573135327.06,1005,-88,None,Move,office
1573135327.0679998,1007,-91,None,Move,office
1573135327.076,1011,-95,None,Move,office
1573135327.082,1016,-103,None,Move,office
1573135327.09,1021,-110,None,Move,office
1573135327.0979998,1029,-118,None,Move,office
1573135327.106,1035,-126,None,Move,office
1573135327.1239998,1039,-132,None,Move,office
1573135327.129,1043,-145,None,Move,office
1573135327.137,1043,-151,None,Move,office
1573135327.145,1043,-158,None,Move,office
1573135327.153,1043,-165,None,Move,office
1573135327.161,1041,-174,None,Move,office
1573135327.167,1038,-184,None,Move,office
1573135327.175,1034,-198,None,Move,office
1573135327.1829998,1030,-215,None,Move,office
1573135327.191,1024,-232,None,Move,office
1573135327.2,1018,-250,None,Move,office
1573135327.208,1015,-267,None,Move,office
1573135327.216,1014,-280,None,Move,office
1573135327.224,1014,-292,None,Move,office
1573135327.231,1015,-302,None,Move,office
1573135327.24,1018,-309,None,Move,office
1573135327.245,1022,-317,None,Move,office
1573135327.2529998,1024,-322,None,Move,office
1573135327.2610002,1026,-328,None,Move,office
1573135327.27,1027,-331,None,Move,office
1573135327.2770002,1028,-332,None,Move,office
1573135327.285,1028,-335,None,Move,office
1573135327.293,1028,-338,None,Move,office
1573135327.301,1027,-339,None,Move,office
1573135327.309,1026,-342,None,Move,office
1573135327.3170002,1024,-345,None,Move,office
1573135327.323,1022,-348,None,Move,office
1573135327.331,1019,-351,None,Move,office
1573135327.339,1016,-355,None,Move,office
1573135327.3479998,1013,-357,None,Move,office
1573135327.355,1009,-360,None,Move,office
1573135327.3639998,1003,-365,None,Move,office
1573135327.3720002,996,-370,None,Move,office
1573135327.379,988,-378,None,Move,office
1573135327.3879998,977,-386,None,Move,office
1573135327.395,965,-394,None,Move,office
1573135327.403,947,-401,None,Move,office
1573135327.409,927,-406,None,Move,office
1573135327.417,901,-409,None,Move,office
1573135327.425,876,-413,None,Move,office
1573135327.4329998,848,-415,None,Move,office
1573135327.441,829,-416,None,Move,office
1573135327.45,814,-416,None,Move,office
1573135327.458,806,-416,None,Move,office
1573135327.466,800,-413,None,Move,office
1573135327.474,798,-412,None,Move,office
1573135327.482,798,-411,None,Move,office
1573135327.4870002,798,-409,None,Move,office
1573135327.496,798,-408,None,Move,office
1573135327.504,798,-406,None,Move,office
1573135327.5110002,798,-405,None,Move,office
1573135327.519,798,-403,None,Move,office
1573135327.5270002,798,-402,None,Move,office
1573135327.535,798,-401,None,Move,office
1573135327.544,797,-400,None,Move,office
1573135327.552,796,-400,None,Move,office
1573135327.559,796,-399,None,Move,office
1573135327.769,795,-399,Left,Pressed,office
1573135327.769,795,-399,None,Drag,office
1573135327.781,795,-400,None,Drag,office
1573135327.789,794,-400,None,Drag,office
1573135327.798,794,-404,None,Drag,office
1573135327.806,794,-406,None,Drag,office
1573135327.814,794,-409,None,Drag,office
1573135327.82,794,-411,None,Drag,office
1573135327.82,794,-411,Left,Released,office
1573135327.835,794,-411,None,Move,office
1573135327.903,794,-411,None,Move,office
1573135327.909,794,-411,None,Move,office
1573135327.9729998,794,-411,None,Move,office
1573135327.992,794,-412,None,Move,office
1573135328.082,794,-413,None,Move,office
1573135328.238,794,-413,None,Move,office
1573135328.2729998,794,-412,None,Move,office
1573135328.31,794,-412,None,Move,office
1573135328.36,794,-412,None,Move,office
1573135328.371,794,-411,None,Move,office
1573135328.406,794,-410,None,Move,office
1573135328.429,795,-410,None,Move,office
1573135328.528,795,-410,None,Move,office
1573135328.536,795,-407,None,Move,office
1573135328.544,793,-405,None,Move,office
1573135328.552,791,-404,None,Move,office
1573135328.5579998,790,-402,None,Move,office
1573135328.5679998,789,-400,None,Move,office
1573135328.574,789,-399,None,Move,office
1573135328.582,789,-398,None,Move,office
1573135328.5979998,789,-397,None,Move,office
1573135328.66,789,-397,None,Move,office
1573135330.069,789,-398,None,Move,office
1573135330.081,789,-398,None,Move,office
1573135330.091,789,-399,None,Move,office
1573135330.097,790,-399,None,Move,office
1573135331.5029998,790,-400,None,Move,office
1573135331.515,790,-401,None,Move,office
1573135331.5229998,790,-403,None,Move,office
1573135331.536,790,-404,None,Move,office
1573135331.541,790,-404,None,Move,office
1573135331.55,790,-405,None,Move,office
1573135331.5579998,790,-406,None,Move,office
1573135331.566,790,-407,None,Move,office
1573135331.5779998,790,-408,None,Move,office
1573135331.594,790,-409,None,Move,office
1573135331.61,790,-409,None,Move,office
1573135331.66,791,-409,None,Move,office
1573135331.8279998,792,-409,None,Move,office
1573135331.8979998,792,-409,None,Move,office
1573135331.91,792,-409,None,Move,office
1573135331.918,792,-408,None,Move,office
1573135331.926,793,-408,None,Move,office
1573135332.655,793,-408,None,Move,office
1573135332.667,792,-409,None,Move,office
1573135332.675,788,-414,None,Move,office
1573135332.6829998,783,-420,None,Move,office
1573135332.691,779,-427,None,Move,office
1573135332.699,773,-442,None,Move,office
1573135332.706,770,-459,None,Move,office
1573135332.714,768,-466,None,Move,office
1573135332.722,768,-467,None,Move,office
1573135333.439,768,-467,None,Move,office
1573135333.671,768,-467,None,Move,office
1573135333.758,767,-467,None,Move,office
1573135333.766,760,-469,None,Move,office
1573135333.772,753,-471,None,Move,office
1573135333.78,743,-473,None,Move,office
1573135333.788,734,-473,None,Move,office
1573135333.796,726,-472,None,Move,office
1573135333.803,719,-470,None,Move,office
1573135333.811,713,-465,None,Move,office
1573135333.82,711,-461,None,Move,office
1573135333.8279998,710,-457,None,Move,office
1573135333.835,709,-453,None,Move,office
1573135333.844,709,-448,None,Move,office
1573135333.85,709,-443,None,Move,office
1573135333.8579998,711,-435,None,Move,office
1573135333.8679998,713,-430,None,Move,office
1573135333.8739998,714,-424,None,Move,office
1573135333.8820002,717,-417,None,Move,office
1573135333.89,719,-410,None,Move,office
1573135333.897,722,-403,None,Move,office
1573135333.906,724,-396,None,Move,office
1573135333.913,727,-388,None,Move,office
1573135333.9220002,729,-381,None,Move,office
1573135333.93,730,-374,None,Move,office
1573135333.936,732,-367,None,Move,office
1573135333.944,734,-360,None,Move,office
1573135333.951,736,-354,None,Move,office
1573135333.96,737,-349,None,Move,office
1573135333.968,739,-342,None,Move,office
1573135333.976,742,-334,None,Move,office
1573135333.984,744,-327,None,Move,office
1573135333.9910002,747,-320,None,Move,office
1573135334.0,749,-311,None,Move,office
1573135334.0070002,752,-301,None,Move,office
1573135334.014,754,-292,None,Move,office
1573135334.022,757,-285,None,Move,office
1573135334.03,759,-276,None,Move,office
1573135334.038,761,-270,None,Move,office
1573135334.046,764,-263,None,Move,office
1573135334.053,766,-258,None,Move,office
1573135334.061,768,-253,None,Move,office
1573135334.07,770,-251,None,Move,office
1573135334.077,772,-248,None,Move,office
1573135334.085,774,-246,None,Move,office
1573135334.093,774,-244,None,Move,office
1573135334.1,776,-243,None,Move,office
1573135334.1079998,777,-241,None,Move,office
1573135334.1160002,779,-239,None,Move,office
1573135334.1239998,780,-237,None,Move,office
1573135334.1320002,781,-236,None,Move,office
1573135334.14,781,-234,None,Move,office
1573135334.1479998,782,-234,None,Move,office
1573135334.156,782,-233,None,Move,office
1573135334.164,783,-233,None,Move,office
1573135334.299,784,-233,None,Move,office
1573135334.311,784,-233,None,Move,office
1573135334.32,785,-233,None,Move,office
1573135334.34,786,-233,None,Move,office
1573135334.361,786,-234,None,Move,office
1573135335.014,786,-234,None,Move,browsing
1573135335.025,786,-235,None,Move,browsing
1573135335.033,788,-237,None,Move,browsing
1573135335.042,790,-239,None,Move,browsing
1573135335.05,791,-240,None,Move,browsing
1573135335.0579998,792,-242,None,Move,browsing
1573135335.065,792,-244,None,Move,browsing
1573135335.073,792,-245,None,Move,browsing
1573135335.079,793,-248,None,Move,browsing
1573135335.087,793,-250,None,Move,browsing
1573135335.096,794,-251,None,Move,browsing
1573135335.104,794,-253,None,Move,browsing
1573135335.1120002,794,-254,None,Move,browsing
1573135335.12,794,-256,None,Move,browsing
1573135335.1279998,795,-260,None,Move,browsing
1573135335.1360002,795,-264,None,Move,browsing
1573135335.144,796,-270,None,Move,browsing
1573135335.1520002,799,-277,None,Move,browsing
1573135335.16,801,-285,None,Move,browsing
1573135335.181,802,-292,None,Move,browsing
1573135335.1829998,802,-302,None,Move,browsing
1573135335.19,802,-306,None,Move,browsing
1573135335.197,802,-309,None,Move,browsing
1573135335.206,802,-312,None,Move,browsing
1573135335.214,802,-314,None,Move,browsing
1573135335.222,802,-315,None,Move,browsing
1573135335.229,802,-317,None,Move,browsing
1573135335.238,801,-319,None,Move,browsing
1573135335.244,801,-320,None,Move,browsing
1573135335.252,801,-322,None,Move,browsing
1573135335.2589998,801,-323,None,Move,browsing
1573135335.268,801,-324,None,Move,browsing
1573135335.276,801,-325,None,Move,browsing
1573135335.284,801,-326,None,Move,browsing
1573135335.292,801,-327,None,Move,browsing
1573135335.3,801,-329,None,Move,browsing
1573135335.3079998,801,-330,None,Move,browsing
1573135335.316,801,-332,None,Move,browsing
1573135335.322,801,-333,None,Move,browsing
1573135335.329,801,-335,None,Move,browsing
1573135335.3379998,801,-337,None,Move,browsing
1573135335.345,802,-340,None,Move,browsing
1573135335.353,804,-341,None,Move,browsing
1573135335.3620002,805,-343,None,Move,browsing
1573135335.37,806,-345,None,Move,browsing
1573135335.3779998,807,-346,None,Move,browsing
1573135335.3860002,808,-348,None,Move,browsing
1573135335.394,809,-350,None,Move,browsing
1573135335.4020002,810,-352,None,Move,browsing
1573135335.408,811,-353,None,Move,browsing
1573135335.416,813,-354,None,Move,browsing
1573135335.423,814,-356,None,Move,browsing
1573135335.4320002,814,-358,None,Move,browsing
1573135335.44,814,-358,None,Move,browsing
1573135335.447,815,-358,None,Move,browsing
1573135335.455,816,-360,None,Move,browsing
1573135335.4629998,816,-361,None,Move,browsing
1573135335.472,817,-361,None,Move,browsing
1573135335.479,817,-361,None,Move,browsing
1573135335.486,817,-362,None,Move,browsing
1573135335.494,817,-363,None,Move,browsing
1573135335.505,817,-363,None,Move,browsing
1573135335.5129998,817,-363,None,Move,browsing
1573135335.522,817,-364,None,Move,browsing
1573135335.57,817,-365,None,Move,browsing
1573135337.396,817,-366,None,Move,office
1573135337.407,817,-366,None,Move,office
1573135337.415,818,-370,None,Move,office
1573135337.423,819,-372,None,Move,office
1573135337.431,819,-375,None,Move,office
1573135337.439,819,-379,None,Move,office
1573135337.447,820,-384,None,Move,office
1573135337.456,820,-391,None,Move,office
1573135337.464,820,-398,None,Move,office
1573135337.47,820,-408,None,Move,office
1573135337.478,820,-418,None,Move,office
1573135337.485,820,-425,None,Move,office
1573135337.494,819,-432,None,Move,office
1573135337.502,817,-437,None,Move,office
1573135337.51,814,-444,None,Move,office
1573135337.518,812,-449,None,Move,office
1573135337.526,810,-454,None,Move,office
1573135337.534,808,-460,None,Move,office
1573135337.542,805,-466,None,Move,office
1573135337.549,804,-468,None,Move,office
1573135337.556,803,-471,None,Move,office
1573135337.564,803,-473,None,Move,office
1573135337.572,802,-474,None,Move,office
1573135337.5879998,802,-476,None,Move,office
1573135337.589,801,-478,None,Move,office
1573135337.596,799,-481,None,Move,office
1573135337.604,798,-484,None,Move,office
1573135337.6120002,796,-487,None,Move,office
1573135337.62,794,-489,None,Move,office
1573135337.6279998,794,-491,None,Move,office
1573135337.635,792,-492,None,Move,office
1573135337.641,791,-492,None,Move,office
1573135337.65,790,-492,None,Move,office
1573135337.658,790,-492,None,Move,office
1573135337.666,788,-490,None,Move,office
1573135337.673,786,-488,None,Move,office
1573135337.684,784,-486,None,Move,office
1573135337.69,782,-484,None,Move,office
1573135337.697,781,-482,None,Move,office
1573135337.705,779,-480,None,Move,office
1573135337.712,778,-478,None,Move,office
1573135337.72,776,-476,None,Move,office
1573135337.728,774,-475,None,Move,office
1573135337.736,773,-473,None,Move,office
1573135337.744,771,-471,None,Move,office
1573135337.752,769,-469,None,Move,office
1573135337.76,767,-465,None,Move,office
1573135337.768,765,-460,None,Move,office
1573135337.775,763,-454,None,Move,office
1573135337.784,762,-450,None,Move,office
1573135337.792,761,-446,None,Move,office
1573135337.8,760,-444,None,Move,office
1573135337.806,760,-441,None,Move,office
1573135337.814,760,-439,None,Move,office
1573135337.822,760,-438,None,Move,office
1573135337.83,760,-438,None,Move,office
1573135337.8379998,760,-437,None,Move,office
1573135337.916,760,-437,None,Move,office
1573135337.94,760,-437,None,Move,office
1573135337.952,760,-437,None,Move,office
1573135337.958,760,-438,None,Move,office
1573135338.022,760,-438,None,Move,office
1573135338.034,760,-438,None,Move,office
1573135338.039,761,-438,None,Move,office
1573135338.133,762,-438,None,Move,office
1573135338.145,762,-438,None,Move,office
1573135338.153,763,-439,None,Move,office
1573135338.275,763,-439,Left,Pressed,office
1573135338.419,763,-439,Left,Released,office
1573135338.465,763,-439,Left,Pressed,office
1573135338.604,763,-439,Left,Released,office
1573135338.897,763,-439,None,Move,office
1573135338.9120002,763,-440,None,Move,office
1573135338.92,762,-441,None,Move,office
1573135338.928,761,-442,None,Move,office
1573135339.529,761,-442,None,Move,office
1573135339.564,761,-442,None,Move,office
1573135339.76,762,-442,None,Move,office
1573135339.998,762,-441,None,Move,office
1573135340.166,763,-440,None,Move,office
1573135340.178,765,-440,None,Move,office
1573135340.186,766,-438,None,Move,office
1573135340.1920002,766,-434,None,Move,office
1573135340.2,765,-426,None,Move,office
1573135340.207,759,-417,None,Move,office
1573135340.216,753,-411,None,Move,office
1573135340.224,751,-409,None,Move,office
1573135343.684,750,-409,None,Move,office
1573135343.696,750,-410,None,Move,office
1573135343.762,750,-410,None,Move,office
1573135343.774,751,-409,None,Move,office
1573135343.781,752,-409,None,Move,office
1573135343.789,757,-409,None,Move,office
1573135343.798,763,-409,None,Move,office
1573135343.805,763,-409,None,Move,office
1573135343.813,764,-409,None,Move,office
1573135343.9,764,-410,None,Move,office
1573135343.921,764,-411,None,Move,office
1573135343.934,764,-411,None,Move,office
1573135343.9770002,763,-413,None,Move,office
1573135343.985,761,-415,None,Move,office
1573135343.994,760,-417,None,Move,office
1573135344.002,758,-418,None,Move,office
1573135344.008,757,-420,None,Move,office
1573135344.0170002,756,-422,None,Move,office
1573135344.0229998,754,-424,None,Move,office
1573135344.032,753,-424,None,Move,office
1573135344.039,753,-425,None,Move,office
1573135344.048,752,-426,None,Move,office
1573135344.056,752,-427,None,Move,office
1573135344.064,752,-429,None,Move,office
1573135344.072,752,-430,None,Move,office
1573135344.08,752,-432,None,Move,office
1573135344.086,752,-434,None,Move,office
1573135344.094,752,-434,None,Move,office
1573135344.1020002,752,-435,None,Move,office
1573135344.11,752,-436,None,Move,office
1573135344.117,752,-436,None,Move,office
1573135344.13,752,-437,None,Move,office
1573135344.1379998,752,-438,None,Move,office
1573135344.154,752,-439,None,Move,office
1573135344.1620002,753,-439,None,Move,office
1573135344.168,753,-440,None,Move,office
1573135344.176,753,-442,None,Move,office
1573135344.184,754,-442,None,Move,office
1573135344.1920002,754,-443,None,Move,office
1573135344.2,754,-445,None,Move,office
1573135344.208,755,-445,None,Move,office
1573135344.216,755,-446,None,Move,office
1573135344.224,756,-447,None,Move,office
1573135344.231,756,-447,None,Move,office
1573135344.27,757,-447,None,Move,office
1573135344.282,757,-447,None,Move,office
1573135344.289,757,-447,None,Move,office
1573135344.2970002,758,-447,None,Move,office
1573135344.359,759,-447,None,Move,office
1573135344.371,759,-446,None,Move,office
1573135344.387,759,-446,None,Move,office
1573135344.396,760,-445,None,Move,office
1573135344.404,762,-444,None,Move,office
1573135344.41,762,-443,None,Move,office
1573135344.418,763,-443,None,Move,office
1573135344.43,764,-443,None,Move,office
1573135344.637,764,-443,Left,Pressed,office
1573135344.6379998,764,-443,None,Drag,office
1573135344.6379998,764,-443,Left,Released,office
1573135344.732,764,-443,Left,Pressed,office
1573135344.856,764,-443,Left,Released,office
1573135345.313,765,-443,None,Move,office
1573135345.319,773,-445,None,Move,office
1573135345.327,782,-447,None,Move,office
1573135345.336,792,-450,None,Move,office
1573135345.344,803,-454,None,Move,office
1573135345.3520002,814,-460,None,Move,office
1573135345.36,824,-467,None,Move,office
1573135345.377,838,-473,None,Move,office
1573135345.3779998,852,-475,None,Move,office
1573135345.383,862,-478,None,Move,office
1573135345.391,866,-479,None,Move,office
1573135345.397,869,-479,None,Move,office
1573135345.405,869,-479,None,Move,office
1573135345.418,870,-479,None,Move,office
1573135345.515,871,-479,None,Move,office
1573135345.524,873,-479,None,Move,office
1573135345.531,877,-479,None,Move,office
1573135345.539,881,-479,None,Move,office
1573135345.5470002,884,-479,None,Move,office
1573135345.555,887,-480,None,Move,office
1573135345.564,891,-480,None,Move,office
1573135345.57,894,-481,None,Move,office
1573135345.577,895,-481,None,Move,office
1573135345.586,897,-481,None,Move,office
1573135345.594,898,-481,None,Move,office
1573135345.6020002,900,-481,None,Move,office
1573135345.61,902,-481,None,Move,office
1573135345.617,903,-480,None,Move,office
1573135345.625,905,-480,None,Move,office
1573135345.633,907,-479,None,Move,office
1573135345.6420002,908,-479,None,Move,office
1573135345.6479998,910,-478,None,Move,office
1573135345.655,912,-478,None,Move,office
1573135345.664,913,-478,None,Move,office
1573135345.671,915,-477,None,Move,office
1573135345.68,917,-477,None,Move,office
1573135345.688,917,-477,None,Move,office
1573135345.696,918,-477,None,Move,office
1573135345.704,919,-477,None,Move,office
1573135345.712,919,-477,None,Move,office
1573135345.72,920,-477,None,Move,office
1573135345.73,921,-477,None,Move,office
1573135345.738,921,-477,None,Move,office
1573135345.745,922,-477,None,Move,office
1573135345.754,923,-476,None,Move,office
1573135345.762,924,-476,None,Move,office
1573135345.772,925,-476,None,Move,office
1573135345.778,926,-476,None,Move,office
1573135345.786,927,-476,None,Move,office
1573135345.794,927,-476,None,Move,office
1573135345.804,928,-476,None,Move,office
1573135345.82,929,-476,None,Move,office
1573135345.8279998,929,-476,None,Move,office
1573135345.836,930,-476,None,Move,office
1573135345.844,931,-476,None,Move,office
1573135345.8520002,932,-476,None,Move,office
1573135345.86,932,-477,None,Move,office
1573135345.867,933,-478,None,Move,office
1573135345.974,934,-479,None,Move,office
1573135345.984,934,-480,None,Move,office
1573135345.992,934,-481,None,Move,office
1573135346.081,935,-481,Left,Pressed,office
1573135346.081,935,-481,None,Drag,office
1573135346.081,935,-481,Left,Released,office
1573135346.344,935,-481,None,Move,office
1573135346.3520002,934,-479,None,Move,office
1573135346.36,932,-478,None,Move,office
1573135346.367,930,-475,None,Move,office
1573135346.3760002,929,-471,None,Move,office
1573135346.3820002,927,-465,None,Move,office
1573135346.389,926,-460,None,Move,office
1573135346.3979998,926,-455,None,Move,office
1573135346.406,926,-450,None,Move,office
1573135346.414,926,-446,None,Move,office
1573135346.4220002,927,-442,None,Move,office
1573135346.429,928,-440,None,Move,office
1573135346.437,928,-438,None,Move,office
1573135346.445,929,-437,None,Move,office
1573135346.4529998,930,-437,None,Move,office
1573135346.461,930,-436,None,Move,office
1573135346.5270002,931,-435,None,Move,office
1573135346.536,932,-433,None,Move,office
1573135346.542,932,-431,None,Move,office
1573135346.55,933,-429,None,Move,office
1573135346.5579998,933,-428,None,Move,office
1573135346.565,934,-426,None,Move,office
1573135346.573,934,-425,None,Move,office
1573135346.581,935,-424,None,Move,office
1573135346.591,935,-423,None,Move,office
1573135346.6279998,935,-423,None,Move,office
1573135346.644,935,-425,None,Move,office
1573135346.6520002,935,-427,None,Move,office
1573135346.66,935,-429,None,Move,office
1573135346.668,934,-431,None,Move,office
1573135346.675,933,-434,None,Move,office
1573135346.684,931,-438,None,Move,office
1573135346.694,929,-442,None,Move,office
1573135346.7,927,-446,None,Move,office
1573135346.708,925,-452,None,Move,office
1573135346.714,923,-455,None,Move,office
1573135346.722,922,-456,None,Move,office
1573135346.73,921,-457,None,Move,office
1573135346.774,921,-457,None,Move,office
1573135346.786,922,-457,None,Move,office
1573135346.792,922,-457,None,Move,office
1573135346.964,922,-457,Left,Pressed,office
1573135347.1139998,922,-457,Left,Released,office
1573135347.218,922,-457,None,Move,office
1573135347.226,922,-457,None,Move,office
1573135347.238,921,-457,None,Move,office
1573135347.246,921,-458,None,Move,office
1573135347.2729998,921,-459,None,Move,office
1573135347.284,920,-459,None,Move,office
1573135347.292,918,-461,None,Move,office
1573135347.3,918,-462,None,Move,office
1573135347.3079998,917,-463,None,Move,office
1573135347.327,916,-465,None,Move,office
1573135347.329,914,-466,None,Move,office
1573135347.332,913,-467,None,Move,office
1573135347.34,912,-468,None,Move,office
1573135347.3479998,911,-469,None,Move,office
1573135347.356,909,-470,None,Move,office
1573135347.363,909,-471,None,Move,office
1573135347.369,908,-472,None,Move,office
1573135347.3779998,906,-473,None,Move,office
1573135347.385,906,-474,None,Move,office
1573135347.394,904,-475,None,Move,office
1573135347.4020002,903,-476,None,Move,office
1573135347.41,902,-478,None,Move,office
1573135347.417,900,-479,None,Move,office
1573135347.425,898,-481,None,Move,office
1573135347.434,896,-483,None,Move,office
1573135347.4420002,895,-484,None,Move,office
1573135347.448,893,-486,None,Move,office
1573135347.456,891,-487,None,Move,office
1573135347.464,889,-488,None,Move,office
1573135347.472,888,-489,None,Move,office
1573135347.479,885,-491,None,Move,office
1573135347.488,882,-492,None,Move,office
1573135347.496,880,-493,None,Move,office
1573135347.504,878,-494,None,Move,office
1573135347.512,876,-495,None,Move,office
1573135347.52,874,-496,None,Move,office
1573135347.526,872,-497,None,Move,office
1573135347.533,871,-499,None,Move,office
1573135347.541,869,-500,None,Move,office
1573135347.55,867,-500,None,Move,office
1573135347.5579998,866,-501,None,Move,office
1573135347.566,864,-501,None,Move,office
1573135347.5779998,863,-501,None,Move,office
1573135347.698,863,-501,None,Move,office
1573135347.71,863,-500,None,Move,office
1573135347.717,864,-499,None,Move,office
1573135347.726,864,-499,None,Move,office
1573135347.742,864,-498,None,Move,office
1573135347.75,865,-497,None,Move,office
1573135347.7570002,866,-497,None,Move,office
1573135347.766,867,-497,None,Move,office
1573135347.772,868,-496,None,Move,office
1573135347.78,870,-495,None,Move,office
1573135347.788,872,-494,None,Move,office
1573135347.796,873,-494,None,Move,office
1573135347.804,875,-493,None,Move,office
1573135347.812,877,-492,None,Move,office
1573135347.82,878,-492,None,Move,office
1573135347.8279998,880,-492,None,Move,office
1573135347.836,882,-491,None,Move,office
1573135347.844,883,-491,None,Move,office
1573135347.851,885,-490,None,Move,office
1573135347.857,886,-490,None,Move,office
1573135347.877,886,-490,None,Move,office
1573135348.034,886,-489,None,Move,office
1573135348.2870002,886,-489,Left,Pressed,office
1573135348.406,886,-489,Left,Released,office
1573135348.685,886,-488,None,Move,office
1573135348.6929998,886,-483,None,Move,office
1573135348.701,885,-474,None,Move,office
1573135348.71,883,-467,None,Move,office
1573135348.718,880,-458,None,Move,office
1573135348.726,878,-449,None,Move,office
1573135348.734,878,-443,None,Move,office
1573135348.742,878,-437,None,Move,office
1573135348.75,878,-435,None,Move,office
1573135348.758,879,-432,None,Move,office
1573135348.764,879,-428,None,Move,office
1573135348.772,880,-424,None,Move,office
1573135348.78,880,-422,None,Move,office
1573135348.7870002,880,-419,None,Move,office
1573135348.796,880,-416,None,Move,office
1573135348.804,880,-414,None,Move,office
1573135348.812,879,-411,None,Move,office
1573135348.82,878,-407,None,Move,office
1573135348.827,877,-405,None,Move,office
1573135348.836,876,-403,None,Move,office
1573135348.843,875,-401,None,Move,office
1573135348.85,874,-399,None,Move,office
1573135348.857,873,-397,None,Move,office
1573135348.87,873,-397,None,Move,office
1573135348.909,873,-397,None,Move,office
1573135348.98,873,-397,None,Move,office
1573135348.992,872,-397,None,Move,office
1573135348.9989998,872,-398,None,Move,office
1573135349.026,872,-399,None,Move,office
1573135349.0779998,872,-399,None,Move,office
1573135349.087,872,-401,None,Move,office
1573135349.095,872,-402,None,Move,office
1573135349.104,872,-404,None,Move,office
1573135349.1120002,872,-406,None,Move,office
1573135349.12,872,-407,None,Move,office
1573135349.1279998,872,-408,None,Move,office
1573135349.1360002,872,-409,None,Move,office
1573135349.147,872,-409,None,Move,office
1573135349.156,872,-410,None,Move,office
1573135349.226,872,-411,None,Move,office
1573135349.238,872,-412,None,Move,office
1573135349.246,872,-412,None,Move,office
1573135349.256,872,-413,None,Move,office
1573135349.268,872,-414,None,Move,office
1573135349.3779998,873,-414,None,Move,office
1573135349.488,873,-414,Left,Pressed,office
1573135349.6239998,873,-414,Left,Released,office
1573135349.8579998,873,-414,None,Move,office
1573135349.87,870,-413,None,Move,office
1573135349.877,865,-410,None,Move,office
1573135349.8860002,858,-406,None,Move,office
1573135349.894,850,-404,None,Move,office
1573135349.9020002,843,-400,None,Move,office
1573135349.909,836,-398,None,Move,office
1573135349.916,829,-395,None,Move,office
1573135349.924,821,-393,None,Move,office
1573135349.9320002,816,-391,None,Move,office
1573135349.94,812,-389,None,Move,office
1573135349.948,804,-386,None,Move,office
1573135349.958,797,-384,None,Move,office
1573135349.964,792,-382,None,Move,office
1573135349.972,788,-382,None,Move,office
1573135349.98,786,-382,None,Move,office
1573135349.9870002,785,-382,None,Move,office
1573135349.9929998,783,-382,None,Move,office
1573135350.002,782,-382,None,Move,office
1573135350.01,782,-382,None,Move,office
1573135350.054,781,-382,None,Move,office
1573135350.066,780,-382,None,Move,office
1573135350.072,780,-383,None,Move,office
1573135350.17,780,-383,None,Move,office
1573135350.177,779,-384,None,Move,office
1573135350.185,777,-385,None,Move,office
1573135350.1929998,777,-386,None,Move,office
1573135350.346,777,-386,Left,Pressed,office
1573135350.346,777,-386,None,Drag,office
1573135350.346,777,-386,Left,Released,office
1573135350.49,777,-386,None,Move,office
1573135350.502,777,-384,None,Move,office
1573135350.5089998,777,-384,None,Move,office
1573135350.518,777,-381,None,Move,office
1573135350.526,777,-377,None,Move,office
1573135350.534,777,-374,None,Move,office
1573135350.542,777,-369,None,Move,office
1573135350.55,777,-362,None,Move,office
1573135350.5579998,778,-356,None,Move,office
1573135350.566,779,-349,None,Move,office
1573135350.572,779,-344,None,Move,office
1573135350.58,780,-340,None,Move,office
1573135350.5879998,781,-338,None,Move,office
1573135350.596,782,-335,None,Move,office
1573135350.604,783,-332,None,Move,office
1573135350.611,783,-329,None,Move,office
1573135350.62,783,-328,None,Move,office
1573135350.627,783,-326,None,Move,office
1573135350.6360002,783,-326,None,Move,office
1573135350.643,783,-324,None,Move,office
1573135350.654,783,-323,None,Move,office
1573135350.702,784,-323,None,Move,office
1573135350.7470002,785,-323,Left,Pressed,office
1573135350.7470002,785,-323,None,Drag,office
1573135350.7470002,785,-323,Left,Released,office
1573135350.894,785,-323,None,Move,office
1573135350.904,785,-322,None,Move,office
1573135350.911,785,-320,None,Move,office
1573135350.92,785,-319,None,Move,office
1573135350.927,785,-317,None,Move,office
1573135350.935,785,-316,None,Move,office
1573135350.944,784,-314,None,Move,office
1573135350.952,784,-313,None,Move,office
1573135350.96,783,-312,None,Move,office
1573135350.967,782,-310,None,Move,office
1573135350.975,782,-309,None,Move,office
1573135350.981,781,-308,None,Move,office
1573135350.99,780,-307,None,Move,office
1573135350.998,779,-305,None,Move,office
1573135351.005,778,-303,None,Move,office
1573135351.014,776,-302,None,Move,office
1573135351.022,773,-300,None,Move,office
1573135351.03,771,-298,None,Move,office
1573135351.038,769,-296,None,Move,office
1573135351.045,767,-294,None,Move,office
1573135351.053,765,-293,None,Move,office
1573135351.06,763,-292,None,Move,office
1573135351.0679998,761,-290,None,Move,office
1573135351.076,760,-289,None,Move,office
1573135351.083,757,-287,None,Move,office
1573135351.092,755,-285,None,Move,office
1573135351.1,753,-285,None,Move,office
1573135351.1079998,752,-284,None,Move,office
1573135351.1160002,750,-282,None,Move,office
1573135351.1239998,747,-281,None,Move,office
1573135351.1320002,744,-280,None,Move,office
1573135351.14,742,-279,None,Move,office
1573135351.145,738,-278,None,Move,office
1573135351.154,734,-278,None,Move,office
1573135351.161,731,-277,None,Move,office
1573135351.169,730,-277,None,Move,office
1573135351.177,728,-277,None,Move,office
1573135351.186,726,-277,None,Move,office
1573135351.194,726,-277,None,Move,office
1573135351.268,725,-277,None,Move,office
1573135351.279,723,-277,None,Move,office
1573135351.288,722,-278,None,Move,office
1573135351.295,720,-280,None,Move,office
1573135351.301,718,-281,None,Move,office
1573135351.309,716,-283,None,Move,office
1573135351.3179998,716,-283,None,Move,office
1573135351.326,716,-283,None,Move,office
1573135351.333,715,-284,None,Move,office
1573135351.341,714,-285,None,Move,office
1573135351.35,713,-285,None,Move,office
1573135351.3579998,712,-287,None,Move,office
1573135351.3660002,711,-289,None,Move,office
1573135351.3739998,710,-290,None,Move,office
1573135351.3820002,709,-292,None,Move,office
1573135351.3879998,709,-293,None,Move,office
1573135351.396,707,-294,None,Move,office
1573135351.408,706,-295,None,Move,office
1573135351.424,706,-296,None,Move,office
1573135351.448,706,-296,None,Move,office
1573135351.46,707,-296,None,Move,office
1573135351.474,707,-296,None,Move,office
1573135351.542,708,-296,None,Move,office
1573135351.564,709,-296,None,Move,office
1573135351.575,710,-296,None,Move,office
1573135351.583,710,-296,None,Move,office
1573135351.592,712,-296,None,Move,office
1573135351.6,713,-296,None,Move,office
1573135351.6079998,714,-296,None,Move,office
1573135351.6160002,715,-296,None,Move,office
1573135351.623,716,-296,None,Move,office
1573135351.629,717,-295,None,Move,office
1573135351.6379998,718,-295,None,Move,office
1573135351.646,719,-295,None,Move,office
1573135351.654,719,-294,None,Move,office
1573135351.661,720,-294,None,Move,office
1573135351.67,721,-293,None,Move,office
1573135351.6820002,721,-293,None,Move,office
1573135351.69,722,-292,None,Move,office
1573135351.698,724,-291,None,Move,office
1573135351.706,725,-290,None,Move,office
1573135351.712,726,-289,None,Move,office
1573135351.72,727,-288,None,Move,office
1573135351.728,729,-286,None,Move,office
1573135351.736,731,-284,None,Move,office
1573135351.744,732,-282,None,Move,office
1573135351.752,734,-280,None,Move,office
1573135351.76,735,-280,None,Move,office
1573135351.768,736,-279,None,Move,office
1573135351.776,736,-278,None,Move,office
1573135351.783,737,-278,None,Move,office
1573135351.792,738,-278,None,Move,office
1573135351.81,738,-278,None,Move,office
1573135351.8179998,737,-278,None,Move,office
1573135351.826,737,-278,None,Move,office
1573135351.944,737,-278,None,Move,office
1573135352.064,737,-277,None,Move,file system
1573135352.076,738,-276,None,Move,file system
1573135352.083,738,-275,None,Move,browsing
1573135352.093,739,-275,None,Move,browsing
1573135352.1,741,-275,None,Move,browsing
1573135352.107,741,-275,None,Move,browsing
1573135352.115,743,-275,None,Move,browsing
1573135352.1239998,744,-275,None,Move,browsing
1573135352.13,744,-275,None,Move,browsing
1573135352.1379998,745,-275,None,Move,browsing
1573135352.145,746,-275,None,Move,browsing
1573135352.153,746,-275,None,Move,browsing
1573135352.1620002,747,-275,None,Move,browsing
1573135352.17,749,-275,None,Move,browsing
1573135352.178,750,-275,None,Move,browsing
1573135352.186,752,-275,None,Move,browsing
1573135352.194,754,-275,None,Move,browsing
1573135352.202,755,-275,None,Move,browsing
1573135352.208,757,-276,None,Move,browsing
1573135352.215,760,-278,None,Move,browsing
1573135352.2229998,762,-280,None,Move,browsing
1573135352.231,763,-282,None,Move,browsing
1573135352.2389998,765,-283,None,Move,browsing
1573135352.2470002,767,-283,None,Move,browsing
1573135352.256,768,-283,None,Move,browsing
1573135352.2629998,771,-285,None,Move,browsing
1573135352.272,776,-287,None,Move,browsing
1573135352.279,781,-289,None,Move,browsing
1573135352.286,785,-292,None,Move,browsing
1573135352.294,791,-295,None,Move,browsing
1573135352.302,793,-297,None,Move,browsing
1573135352.31,796,-300,None,Move,browsing
1573135352.3179998,804,-306,None,Move,browsing
1573135352.326,812,-314,None,Move,browsing
1573135352.333,819,-320,None,Move,browsing
1573135352.342,827,-328,None,Move,browsing
1573135352.35,835,-336,None,Move,browsing
1573135352.3579998,843,-344,None,Move,browsing
1573135352.365,850,-351,None,Move,browsing
1573135352.3720002,853,-357,None,Move,browsing
1573135352.379,855,-361,None,Move,browsing
1573135352.3879998,857,-364,None,Move,browsing
1573135352.395,857,-366,None,Move,browsing
1573135352.404,857,-367,None,Move,browsing
1573135352.411,857,-368,None,Move,browsing
1573135352.444,857,-369,None,Move,browsing
1573135352.45,857,-369,None,Move,browsing
1573135352.458,858,-371,None,Move,browsing
1573135352.465,860,-373,None,Move,browsing
1573135352.474,862,-374,None,Move,browsing
1573135352.482,864,-376,None,Move,browsing
1573135352.49,864,-378,None,Move,browsing
1573135352.536,864,-379,None,Move,browsing
1573135352.5470002,864,-379,None,Move,browsing
1573135352.555,864,-379,None,Move,browsing
1573135352.564,862,-381,None,Move,browsing
1573135352.572,861,-383,None,Move,browsing
1573135352.579,857,-388,None,Move,browsing
1573135352.5879998,855,-391,None,Move,browsing
1573135352.596,853,-396,None,Move,browsing
1573135352.604,851,-400,None,Move,browsing
1573135352.6120002,849,-408,None,Move,browsing
1573135352.62,846,-415,None,Move,browsing
1573135352.6260002,844,-422,None,Move,browsing
1573135352.6339998,842,-431,None,Move,browsing
1573135352.6420002,839,-438,None,Move,browsing
1573135352.65,834,-447,None,Move,browsing
1573135352.658,829,-455,None,Move,browsing
1573135352.666,822,-465,None,Move,browsing
1573135352.674,816,-473,None,Move,browsing
1573135352.6820002,813,-477,None,Move,browsing
1573135352.69,811,-480,None,Move,browsing
1573135352.696,809,-482,None,Move,browsing
1573135352.704,807,-483,None,Move,browsing
1573135352.712,807,-483,None,Move,browsing
1573135353.002,807,-483,None,Move,browsing
1573135353.014,806,-481,None,Move,browsing
1573135353.02,804,-475,None,Move,browsing
1573135353.028,800,-469,None,Move,browsing
1573135353.036,797,-465,None,Move,browsing
1573135353.044,795,-463,None,Move,browsing
1573135353.052,792,-460,None,Move,browsing
1573135353.06,790,-458,None,Move,browsing
1573135353.0679998,789,-456,None,Move,browsing
1573135353.076,788,-454,None,Move,browsing
1573135353.096,788,-453,None,Move,browsing
1573135353.255,788,-453,Left,Pressed,browsing
1573135353.255,788,-453,None,Drag,browsing
1573135353.2670002,788,-453,None,Drag,browsing
1573135353.2670002,788,-453,Left,Released,browsing
1573135353.33,788,-454,None,Move,browsing
1573135353.3379998,782,-456,None,Move,browsing
1573135353.345,774,-458,None,Move,browsing
1573135353.351,767,-461,None,Move,browsing
1573135353.359,760,-462,None,Move,browsing
1573135353.367,753,-463,None,Move,browsing
1573135353.3760002,746,-463,None,Move,browsing
1573135353.3839998,739,-465,None,Move,browsing
1573135353.3920002,734,-466,None,Move,browsing
1573135353.399,730,-467,None,Move,browsing
1573135353.408,727,-468,None,Move,browsing
1573135353.415,726,-468,None,Move,browsing
1573135353.424,725,-468,None,Move,browsing
1573135353.431,724,-468,None,Move,browsing
1573135353.4970002,723,-468,None,Move,browsing
1573135353.508,723,-469,None,Move,browsing
1573135353.516,722,-470,None,Move,browsing
1573135353.524,721,-471,None,Move,browsing
1573135353.531,720,-473,None,Move,browsing
1573135353.54,719,-475,None,Move,browsing
1573135353.5470002,719,-476,None,Move,browsing
1573135353.556,718,-477,None,Move,browsing
1573135353.563,718,-479,None,Move,browsing
1573135353.572,718,-479,None,Move,browsing
1573135353.579,717,-480,None,Move,browsing
1573135353.587,717,-481,None,Move,browsing
1573135353.603,717,-482,None,Move,browsing
1573135353.61,716,-483,None,Move,browsing
1573135353.6220002,716,-484,None,Move,browsing
1573135353.6320002,716,-484,None,Move,browsing
1573135353.6379998,716,-485,None,Move,browsing
1573135353.646,716,-486,None,Move,browsing
1573135353.654,715,-487,None,Move,browsing
1573135353.6620002,715,-488,None,Move,browsing
1573135353.67,714,-489,None,Move,browsing
1573135353.678,714,-489,None,Move,browsing
1573135353.684,714,-490,None,Move,browsing
1573135353.748,714,-490,None,Move,browsing
1573135353.758,715,-490,None,Move,browsing
1573135353.77,715,-490,None,Move,browsing
1573135353.778,715,-490,None,Move,browsing
1573135353.7970002,716,-490,None,Move,browsing
1573135353.806,716,-490,None,Move,browsing
1573135353.8479998,717,-490,None,Move,browsing
1573135353.8760002,718,-489,None,Move,browsing
1573135353.887,720,-487,None,Move,browsing
1573135353.895,722,-486,None,Move,browsing
1573135353.904,724,-484,None,Move,browsing
1573135353.9120002,725,-482,None,Move,browsing
1573135353.92,727,-481,None,Move,browsing
1573135353.926,729,-479,None,Move,browsing
1573135353.934,731,-479,None,Move,browsing
1573135353.9420002,731,-478,None,Move,browsing
1573135354.024,731,-478,None,Move,browsing
1573135354.031,731,-478,None,Move,browsing
1573135354.04,731,-479,None,Move,browsing
1573135354.0470002,729,-479,None,Move,browsing
1573135354.055,729,-480,None,Move,browsing
1573135354.094,729,-480,None,Move,browsing
1573135354.105,728,-481,None,Move,browsing
1573135354.1139998,727,-483,None,Move,browsing
1573135354.1220002,726,-483,None,Move,browsing
1573135354.13,726,-485,None,Move,browsing
1573135354.1379998,726,-486,None,Move,browsing
1573135354.146,726,-486,None,Move,browsing
1573135354.154,726,-488,None,Move,browsing
1573135354.1620002,726,-489,None,Move,browsing
1573135354.168,727,-489,None,Move,browsing
1573135354.176,728,-489,None,Move,browsing
1573135354.184,728,-489,None,Move,browsing
1573135354.199,729,-489,None,Move,browsing
1573135354.274,730,-489,None,Move,browsing
1573135354.414,730,-489,None,Move,browsing
1573135354.43,729,-489,None,Move,browsing
1573135354.438,729,-489,None,Move,browsing
1573135354.446,728,-488,None,Move,browsing
1573135354.454,727,-487,None,Move,browsing
1573135354.462,726,-486,None,Move,browsing
1573135354.482,726,-485,None,Move,browsing
1573135354.528,726,-484,None,Move,browsing
1573135354.6720002,726,-484,None,Move,browsing
1573135354.6829998,726,-484,None,Move,browsing
1573135354.786,726,-484,None,Move,browsing
1573135354.809,727,-484,None,Move,browsing
1573135354.82,727,-484,None,Move,browsing
1573135354.8639998,728,-484,None,Move,browsing
1573135354.91,728,-485,None,Move,browsing
1573135354.9220002,729,-486,None,Move,browsing
1573135354.93,729,-486,None,Move,browsing
1573135354.938,729,-487,None,Move,browsing
1573135355.032,730,-487,None,Move,browsing
1573135355.056,730,-488,None,Move,browsing
1573135355.6339998,730,-488,Left,Pressed,browsing
1573135355.6339998,730,-488,None,Drag,browsing
1573135355.646,731,-487,None,Drag,browsing
1573135355.651,735,-485,None,Drag,browsing
1573135355.659,737,-484,None,Drag,browsing
1573135355.667,741,-483,None,Drag,browsing
1573135355.675,747,-482,None,Drag,browsing
1573135355.6829998,751,-480,None,Drag,browsing
1573135355.691,756,-477,None,Drag,browsing
1573135355.699,762,-475,None,Drag,browsing
1573135355.707,768,-473,None,Drag,browsing
1573135355.715,772,-471,None,Drag,browsing
1573135355.7229998,776,-469,None,Drag,browsing
1573135355.732,779,-467,None,Drag,browsing
1573135355.738,782,-465,None,Drag,browsing
1573135355.746,783,-463,None,Drag,browsing
1573135355.754,786,-462,None,Drag,browsing
1573135355.762,788,-461,None,Drag,browsing
1573135355.77,790,-460,None,Drag,browsing
1573135355.778,791,-459,None,Drag,browsing
1573135355.786,793,-457,None,Drag,browsing
1573135355.793,797,-455,None,Drag,browsing
1573135355.801,804,-453,None,Drag,browsing
1573135355.81,808,-450,None,Drag,browsing
1573135355.815,812,-448,None,Drag,browsing
1573135355.823,818,-446,None,Drag,browsing
1573135355.831,824,-444,None,Drag,browsing
1573135355.839,831,-441,None,Drag,browsing
1573135355.847,835,-439,None,Drag,browsing
1573135355.855,841,-436,None,Drag,browsing
1573135355.8639998,845,-434,None,Drag,browsing
1573135355.871,849,-432,None,Drag,browsing
1573135355.88,853,-430,None,Drag,browsing
1573135355.887,859,-427,None,Drag,browsing
1573135355.8979998,863,-425,None,Drag,browsing
1573135355.901,867,-423,None,Drag,browsing
1573135355.91,873,-421,None,Drag,browsing
1573135355.917,877,-419,None,Drag,browsing
1573135355.925,883,-417,None,Drag,browsing
1573135355.9329998,887,-415,None,Drag,browsing
1573135355.941,894,-412,None,Drag,browsing
1573135355.949,900,-410,None,Drag,browsing
1573135355.957,905,-407,None,Drag,browsing
1573135355.965,911,-402,None,Drag,browsing
1573135355.974,919,-397,None,Drag,browsing
1573135355.98,927,-392,None,Drag,browsing
1573135355.988,934,-387,None,Drag,browsing
1573135355.996,942,-382,None,Drag,browsing
1573135356.004,949,-377,None,Drag,browsing
1573135356.012,957,-372,None,Drag,browsing
1573135356.019,966,-366,None,Drag,browsing
1573135356.028,975,-361,None,Drag,browsing
1573135356.036,982,-358,None,Drag,browsing
1573135356.044,990,-353,None,Drag,browsing
1573135356.052,997,-349,None,Drag,browsing
1573135356.06,1003,-347,None,Drag,browsing
1573135356.066,1008,-344,None,Drag,browsing
1573135356.074,1016,-342,None,Drag,browsing
1573135356.081,1021,-338,None,Drag,browsing
1573135356.089,1027,-336,None,Drag,browsing
1573135356.0979998,1033,-334,None,Drag,browsing
1573135356.105,1037,-332,None,Drag,browsing
1573135356.1139998,1044,-329,None,Drag,browsing
1573135356.1220002,1050,-327,None,Drag,browsing
1573135356.13,1057,-325,None,Drag,browsing
1573135356.137,1064,-322,None,Drag,browsing
1573135356.144,1071,-320,None,Drag,browsing
1573135356.151,1075,-318,None,Drag,browsing
1573135356.159,1081,-316,None,Drag,browsing
1573135356.167,1085,-314,None,Drag,browsing
1573135356.176,1089,-312,None,Drag,browsing
1573135356.1829998,1092,-310,None,Drag,browsing
1573135356.1920002,1095,-308,None,Drag,browsing
1573135356.199,1099,-306,None,Drag,browsing
1573135356.207,1101,-304,None,Drag,browsing
1573135356.215,1102,-303,None,Drag,browsing
1573135356.224,1104,-301,None,Drag,browsing
1573135356.23,1106,-301,None,Drag,browsing
1573135356.238,1107,-301,None,Drag,browsing
1573135356.246,1108,-300,None,Drag,browsing
1573135356.254,1110,-299,None,Drag,browsing
1573135356.262,1111,-298,None,Drag,browsing
1573135356.27,1113,-297,None,Drag,browsing
1573135356.2770002,1115,-297,None,Drag,browsing
1573135356.286,1115,-297,None,Drag,browsing
1573135356.294,1117,-297,None,Drag,browsing
1573135356.301,1118,-297,None,Drag,browsing
1573135356.311,1118,-296,None,Drag,browsing
1573135356.319,1119,-296,None,Drag,browsing
1573135356.327,1120,-296,None,Drag,browsing
1573135356.335,1121,-294,None,Drag,browsing
1573135356.343,1123,-293,None,Drag,browsing
1573135356.351,1126,-291,None,Drag,browsing
1573135356.359,1129,-289,None,Drag,browsing
1573135356.367,1133,-287,None,Drag,browsing
1573135356.375,1135,-284,None,Drag,browsing
1573135356.383,1137,-282,None,Drag,browsing
1573135356.389,1138,-280,None,Drag,browsing
1573135356.397,1140,-279,None,Drag,browsing
1573135356.405,1142,-277,None,Drag,browsing
1573135356.413,1144,-275,None,Drag,browsing
1573135356.421,1144,-274,None,Drag,browsing
1573135356.4329998,1145,-274,None,Drag,browsing
1573135356.4989998,1145,-274,None,Drag,browsing
1573135356.5229998,1146,-273,None,Drag,browsing
1573135356.531,1147,-271,None,Drag,browsing
1573135356.539,1147,-271,None,Drag,browsing
1573135356.5470002,1147,-270,None,Drag,browsing
1573135356.574,1147,-270,None,Drag,browsing
1573135356.581,1146,-270,None,Drag,browsing
1573135356.59,1145,-270,None,Drag,browsing
1573135356.6020002,1145,-270,None,Drag,browsing
1573135356.609,1144,-270,None,Drag,browsing
1573135356.6179998,1142,-270,None,Drag,browsing
1573135356.6260002,1142,-270,None,Drag,browsing
1573135356.6320002,1141,-268,None,Drag,browsing
1573135356.64,1140,-268,None,Drag,browsing
1573135356.647,1139,-267,None,Drag,browsing
1573135356.656,1138,-265,None,Drag,browsing
1573135356.664,1136,-263,None,Drag,browsing
1573135356.6720002,1134,-262,None,Drag,browsing
1573135356.68,1133,-260,None,Drag,browsing
1573135356.687,1132,-258,None,Drag,browsing
1573135356.695,1130,-256,None,Drag,browsing
1573135356.7029998,1126,-254,None,Drag,browsing
1573135356.711,1123,-253,None,Drag,browsing
1573135356.717,1119,-251,None,Drag,browsing
1573135356.7270002,1115,-248,None,Drag,browsing
1573135356.735,1111,-246,None,Drag,browsing
1573135356.7410002,1107,-245,None,Drag,browsing
1573135356.7489998,1103,-243,None,Drag,browsing
1573135356.7570002,1101,-243,None,Drag,browsing
1573135356.765,1099,-242,None,Drag,browsing
1573135356.7729998,1098,-241,None,Drag,browsing
1573135356.781,1096,-241,None,Drag,browsing
1573135356.789,1094,-240,None,Drag,browsing
1573135356.7970002,1093,-240,None,Drag,browsing
1573135356.805,1091,-239,None,Drag,browsing
1573135356.813,1090,-239,None,Drag,browsing
1573135356.819,1088,-239,None,Drag,browsing
1573135356.827,1085,-238,None,Drag,browsing
1573135356.835,1081,-238,None,Drag,browsing
1573135356.843,1078,-238,None,Drag,browsing
1573135356.851,1073,-237,None,Drag,browsing
1573135356.859,1067,-237,None,Drag,browsing
1573135356.867,1062,-236,None,Drag,browsing
1573135356.875,1058,-235,None,Drag,browsing
1573135356.883,1054,-234,None,Drag,browsing
1573135356.891,1050,-233,None,Drag,browsing
1573135356.897,1048,-232,None,Drag,browsing
1573135356.905,1045,-232,None,Drag,browsing
1573135356.913,1040,-231,None,Drag,browsing
1573135356.921,1034,-230,None,Drag,browsing
1573135356.929,1027,-229,None,Drag,browsing
1573135356.937,1021,-229,None,Drag,browsing
1573135356.945,1011,-229,None,Drag,browsing
1573135356.9529998,1000,-229,None,Drag,browsing
1573135356.961,988,-232,None,Drag,browsing
1573135356.969,975,-235,None,Drag,browsing
1573135356.978,961,-237,None,Drag,browsing
1573135356.984,949,-240,None,Drag,browsing
1573135356.992,939,-243,None,Drag,browsing
1573135357.0,930,-245,None,Drag,browsing
1573135357.008,923,-247,None,Drag,browsing
1573135357.016,918,-249,None,Drag,browsing
1573135357.024,912,-250,None,Drag,browsing
1573135357.032,907,-251,None,Drag,browsing
1573135357.04,901,-252,None,Drag,browsing
1573135357.0470002,894,-253,None,Drag,browsing
1573135357.056,887,-254,None,Drag,browsing
1573135357.061,880,-255,None,Drag,browsing
1573135357.069,873,-256,None,Drag,browsing
1573135357.077,863,-259,None,Drag,browsing
1573135357.085,854,-262,None,Drag,browsing
1573135357.093,847,-264,None,Drag,browsing
1573135357.101,840,-266,None,Drag,browsing
1573135357.109,834,-269,None,Drag,browsing
1573135357.117,829,-270,None,Drag,browsing
1573135357.125,823,-272,None,Drag,browsing
1573135357.133,819,-273,None,Drag,browsing
1573135357.141,816,-274,None,Drag,browsing
1573135357.147,815,-275,None,Drag,browsing
1573135357.155,813,-276,None,Drag,browsing
1573135357.163,811,-276,None,Drag,browsing
1573135357.171,808,-278,None,Drag,browsing
1573135357.179,806,-280,None,Drag,browsing
1573135357.187,803,-281,None,Drag,browsing
1573135357.195,801,-282,None,Drag,browsing
1573135357.2029998,800,-283,None,Drag,browsing
1573135357.211,798,-284,None,Drag,browsing
1573135357.219,796,-284,None,Drag,browsing
1573135357.225,796,-284,None,Drag,browsing
1573135357.303,796,-284,None,Drag,browsing
1573135357.315,794,-283,None,Drag,browsing
1573135357.323,792,-281,None,Drag,browsing
1573135357.331,790,-280,None,Drag,browsing
1573135357.339,789,-278,None,Drag,browsing
1573135357.347,787,-276,None,Drag,browsing
1573135357.355,785,-274,None,Drag,browsing
1573135357.363,783,-272,None,Drag,browsing
1573135357.3720002,782,-271,None,Drag,browsing
1573135357.38,781,-269,None,Drag,browsing
1573135357.3879998,780,-267,None,Drag,browsing
1573135357.394,779,-266,None,Drag,browsing
1573135357.4020002,778,-264,None,Drag,browsing
1573135357.41,777,-262,None,Drag,browsing
1573135357.418,776,-260,None,Drag,browsing
1573135357.426,775,-260,None,Drag,browsing
1573135357.4329998,774,-258,None,Drag,browsing
1573135357.441,773,-257,None,Drag,browsing
1573135357.449,772,-256,None,Drag,browsing
1573135357.457,771,-256,None,Drag,browsing
1573135357.465,770,-256,None,Drag,browsing
1573135357.471,769,-256,None,Drag,browsing
1573135357.479,769,-256,None,Drag,browsing
1573135357.5229998,768,-256,None,Drag,browsing
1573135357.5470002,767,-256,None,Drag,browsing
1573135357.621,767,-256,None,Drag,browsing
1573135357.6320002,766,-256,None,Drag,browsing
1573135357.64,765,-256,None,Drag,browsing
1573135357.667,764,-256,None,Drag,browsing
1573135357.679,764,-256,None,Drag,browsing
1573135357.687,763,-256,None,Drag,browsing
1573135357.695,762,-256,None,Drag,browsing
1573135357.7029998,762,-256,None,Drag,browsing
1573135357.7029998,762,-256,Left,Released,browsing
1573135359.327,762,-256,None,Move,browsing
1573135359.339,762,-255,None,Move,browsing
1573135359.347,762,-255,None,Move,browsing
1573135360.52,763,-254,None,Move,office
1573135360.554,763,-254,None,Move,office
1573135360.573,764,-254,None,Move,office
1573135360.581,766,-254,None,Move,office
1573135360.59,767,-254,None,Move,office
1573135360.5979998,769,-254,None,Move,office
1573135360.606,770,-254,None,Move,office
1573135360.613,771,-254,None,Move,office
1573135360.6220002,773,-254,None,Move,office
1573135360.6279998,774,-254,None,Move,office
1573135360.644,775,-254,None,Move,office
1573135360.664,776,-254,None,Move,office
1573135360.8079998,776,-255,None,Move,office
1573135360.82,777,-255,None,Move,office
1573135360.836,778,-255,None,Move,office
1573135360.843,778,-255,None,Move,office
1573135360.8520002,779,-255,None,Move,office
1573135360.86,780,-255,None,Move,office
1573135360.8679998,781,-255,None,Move,office
1573135360.8739998,782,-255,None,Move,office
1573135360.8820002,782,-255,None,Move,office
1573135360.89,783,-255,None,Move,office
1573135360.897,784,-255,None,Move,office
1573135360.93,784,-256,None,Move,office
1573135360.938,785,-256,None,Move,office
1573135360.945,787,-256,None,Move,office
1573135360.952,787,-257,None,Move,office
1573135360.96,789,-257,None,Move,office
1573135360.968,792,-258,None,Move,office
1573135360.976,798,-258,None,Move,office
1573135360.984,806,-259,None,Move,office
1573135360.992,817,-259,None,Move,office
1573135361.0,828,-259,None,Move,office
1573135361.008,838,-259,None,Move,office
1573135361.016,845,-259,None,Move,office
1573135361.024,853,-259,None,Move,office
1573135361.03,859,-259,None,Move,office
1573135361.0370002,861,-259,None,Move,office
1573135361.046,862,-259,None,Move,office
1573135361.054,863,-259,None,Move,office
1573135361.3820002,863,-259,None,Move,office
1573135361.468,864,-259,None,Move,office
1573135361.48,865,-260,None,Move,office
1573135361.488,866,-260,None,Move,office
1573135361.496,867,-260,None,Move,office
1573135361.504,868,-260,None,Move,office
1573135361.512,869,-261,None,Move,office
1573135361.52,871,-262,None,Move,office
1573135361.526,872,-262,None,Move,office
1573135361.534,872,-263,None,Move,office
1573135361.542,873,-263,None,Move,office
1573135361.55,873,-264,None,Move,office
1573135361.5579998,874,-264,None,Move,office
1573135362.795,875,-264,None,Move,office
1573135362.832,875,-264,None,Move,office
1573135365.9120002,876,-266,None,Move,office
1573135365.92,878,-269,None,Move,office
1573135365.928,880,-272,None,Move,office
1573135365.936,882,-276,None,Move,office
1573135365.944,884,-280,None,Move,office
1573135365.952,884,-281,None,Move,office
1573135365.96,886,-283,None,Move,office
1573135365.968,886,-285,None,Move,office
1573135365.975,887,-286,None,Move,office
1573135365.984,887,-287,None,Move,office
1573135365.99,887,-288,None,Move,office
1573135365.998,888,-288,None,Move,office
1573135366.036,888,-288,None,Move,office
1573135366.046,889,-287,None,Move,office
1573135366.054,889,-287,None,Move,office
1573135366.062,889,-286,None,Move,office
1573135366.07,889,-284,Left,Pressed,office
1573135366.07,889,-284,None,Drag,office
1573135366.075,889,-284,None,Drag,office
1573135366.084,889,-283,None,Drag,office
1573135366.084,889,-283,Left,Released,office
1573135366.6360002,889,-285,None,Move,office
1573135366.644,893,-298,None,Move,office
1573135366.65,904,-318,None,Move,office
1573135366.658,917,-344,None,Move,office
1573135366.666,933,-377,None,Move,office
1573135366.674,948,-412,None,Move,office
1573135366.6820002,960,-447,None,Move,office
1573135366.69,972,-481,None,Move,office
1573135366.698,982,-512,None,Move,office
1573135366.706,990,-534,None,Move,office
1573135366.714,993,-551,None,Move,office
1573135366.722,996,-566,None,Move,office
1573135366.73,998,-576,None,Move,office
1573135366.7370002,998,-586,None,Move,office
1573135366.744,998,-593,None,Move,office
1573135366.752,998,-598,None,Move,office
1573135366.76,998,-604,None,Move,office
1573135366.768,998,-609,None,Move,office
1573135366.776,998,-612,None,Move,office
1573135366.784,998,-616,None,Move,office
1573135366.792,999,-620,None,Move,office
1573135366.8,1001,-623,None,Move,office
1573135366.8070002,1003,-625,None,Move,office
1573135366.813,1005,-628,None,Move,office
1573135366.822,1007,-630,None,Move,office
1573135366.83,1008,-632,None,Move,office
1573135366.8379998,1010,-634,None,Move,office
1573135366.846,1010,-635,None,Move,office
1573135366.854,1011,-636,None,Move,office
1573135366.8620002,1011,-637,None,Move,office
1573135366.869,1011,-638,None,Move,office
1573135366.967,1012,-638,None,Move,office
1573135366.9770002,1012,-637,None,Move,office
1573135366.986,1013,-635,None,Move,office
1573135366.994,1015,-631,None,Move,office
1573135367.002,1017,-628,None,Move,office
1573135367.01,1019,-625,None,Move,office
1573135367.018,1021,-622,None,Move,office
1573135367.026,1022,-621,None,Move,office
1573135367.033,1022,-619,None,Move,office
1573135367.042,1023,-618,None,Move,office
1573135367.05,1024,-618,None,Move,office
1573135367.137,1025,-617,None,Move,office
1573135367.146,1026,-615,None,Move,office
1573135367.154,1027,-613,None,Move,office
1573135367.1620002,1029,-613,None,Move,office
1573135367.17,1029,-612,None,Move,office
1573135367.177,1030,-611,None,Move,office
1573135367.186,1031,-611,None,Move,office
1573135371.031,1031,-611,None,Move,office
1573135371.043,1030,-611,None,Move,office
1573135371.051,1029,-611,None,Move,office
1573135371.059,1027,-611,None,Move,office
1573135371.0670002,1024,-610,None,Move,office
1573135371.075,1022,-610,None,Move,office
1573135371.083,1021,-610,None,Move,office
1573135371.091,1019,-610,None,Move,office
1573135371.1,1017,-610,None,Move,office
1573135371.107,1016,-610,None,Move,office
1573135371.113,1015,-610,None,Move,office
1573135371.13,1014,-610,None,Move,office
1573135371.264,1013,-609,None,Move,office
1573135371.272,1012,-609,None,Move,office
1573135371.2770002,1011,-609,None,Move,office
1573135371.286,1011,-609,None,Move,office
1573135371.298,1010,-609,None,Move,office
1573135371.306,1009,-609,None,Move,office
1573135371.314,1009,-609,None,Move,office
1573135371.322,1008,-609,None,Move,office
1573135371.33,1006,-609,None,Move,office
1573135371.337,1006,-609,None,Move,office
1573135371.346,1005,-609,None,Move,office
1573135371.354,1004,-609,None,Move,office
1573135371.36,1004,-609,None,Move,office
1573135371.383,1003,-609,None,Move,office
1573135371.403,1002,-609,None,Move,office
1573135371.411,1001,-609,None,Move,office
1573135371.419,1001,-609,None,Move,office
1573135371.428,999,-609,None,Move,office
1573135371.436,998,-609,None,Move,office
1573135371.4420002,998,-609,None,Move,office
1573135371.45,997,-609,None,Move,office
1573135371.458,996,-609,None,Move,office
