client_timestamp,x,y,button,state,window
1573195709.371,12,949,None,Move,office
1573195709.3860002,14,949,None,Move,office
1573195709.4020002,17,949,None,Move,office
1573195779.72,25,952,None,Move,office
1573195779.7329998,26,953,None,Move,office
1573195779.74,30,957,None,Move,office
1573195779.7470002,38,965,None,Move,office
1573195779.752,49,984,None,Move,office
1573195779.76,60,1012,None,Move,office
1573195779.7670002,72,1047,None,Move,office
1573195779.775,84,1081,None,Move,office
1573195779.784,97,1114,None,Move,office
1573195779.791,106,1110,None,Move,office
1573195779.8,117,1101,None,Move,office
1573195779.8070002,125,1095,None,Move,office
1573195779.816,137,1092,None,Move,office
1573195779.823,149,1089,None,Move,office
1573195779.832,165,1086,None,Move,office
1573195779.84,180,1083,None,Move,office
1573195779.8479998,195,1082,None,Move,office
1573195779.856,208,1081,None,Move,office
1573195779.8639998,222,1079,None,Move,office
1573195779.8720002,232,1079,None,Move,office
1573195779.88,241,1078,None,Move,office
1573195779.8879998,248,1076,None,Move,office
1573195779.895,253,1073,None,Move,office
1573195779.904,254,1073,None,Move,office
1573195779.9120002,257,1071,None,Move,office
1573195779.92,257,1070,None,Move,office
1573195779.944,259,1069,None,Move,office
1573195779.951,260,1069,None,Move,office
1573195779.98,260,1067,None,Move,office
1573195779.996,260,1066,None,Move,office
1573195780.121,261,1065,None,Move,office
1573195780.1520002,261,1064,None,Move,office
1573195780.167,261,1063,None,Move,office
1573195780.1829998,261,1063,None,Move,office
1573195780.199,254,1063,None,Move,office
1573195780.215,249,1062,None,Move,office
1573195780.23,242,1061,None,Move,office
1573195780.246,238,1060,None,Move,office
1573195780.2610002,237,1060,None,Move,office
1573195780.2770002,235,1060,None,Move,office
1573195780.293,231,1060,None,Move,office
1573195780.3079998,229,1060,None,Move,office
1573195780.324,227,1060,None,Move,office
1573195780.34,225,1060,None,Move,office
1573195780.355,220,1060,None,Move,office
1573195780.371,218,1060,None,Move,office
1573195780.5089998,217,1057,Left,Pressed,office
1573195780.5089998,217,1057,None,Drag,office
1573195780.51,217,1057,Left,Released,office
1573195780.599,217,1059,None,Move,browsing
1573195780.6139998,217,1060,None,Move,browsing
1573195780.6220002,217,1061,None,Move,browsing
1573195780.633,213,1071,None,Move,browsing
1573195780.649,212,1071,None,Move,browsing
1573195781.439,212,1070,None,Move,browsing
1573195781.447,212,1069,None,Move,browsing
1573195781.455,212,1065,None,Move,browsing
1573195781.4629998,212,1060,None,Move,browsing
1573195781.471,216,1040,None,Move,browsing
1573195781.479,221,1017,None,Move,browsing
1573195781.4870002,227,981,None,Move,browsing
1573195781.495,238,934,None,Move,browsing
1573195781.504,245,885,None,Move,browsing
1573195781.5110002,255,829,None,Move,browsing
1573195781.519,264,769,None,Move,browsing
1573195781.5270002,273,719,None,Move,browsing
1573195781.535,282,673,None,Move,browsing
1573195781.543,290,633,None,Move,browsing
1573195781.551,298,603,None,Move,browsing
1573195781.559,303,583,None,Move,browsing
1573195781.5679998,309,562,None,Move,browsing
1573195781.575,317,544,None,Move,browsing
1573195781.583,322,528,None,Move,browsing
1573195781.591,326,518,None,Move,browsing
1573195781.6,328,516,None,Move,browsing
1573195781.607,331,513,None,Move,browsing
1573195781.615,332,511,None,Move,browsing
1573195781.6239998,332,511,None,Move,browsing
1573195781.6320002,334,509,None,Move,browsing
1573195781.64,335,508,None,Move,browsing
1573195781.6479998,336,506,None,Move,browsing
1573195781.656,342,499,None,Move,browsing
1573195781.664,350,494,None,Move,browsing
1573195781.671,354,491,None,Move,browsing
1573195781.679,354,489,None,Move,browsing
1573195781.688,354,488,None,Move,browsing
1573195781.744,354,487,None,Move,browsing
1573195781.752,354,486,None,Move,browsing
1573195782.188,354,485,None,Move,browsing
1573195782.332,354,480,None,Move,browsing
1573195782.351,355,470,None,Move,browsing
1573195782.36,355,466,None,Move,browsing
1573195782.3660002,356,460,None,Move,browsing
1573195782.3720002,356,451,None,Move,browsing
1573195782.379,356,441,None,Move,browsing
1573195782.3879998,356,433,None,Move,browsing
1573195782.395,356,426,None,Move,browsing
1573195782.404,356,421,None,Move,browsing
1573195782.411,357,415,None,Move,browsing
1573195782.42,357,414,None,Move,browsing
1573195782.427,357,412,None,Move,browsing
1573195782.436,357,408,None,Move,browsing
1573195782.4420002,358,407,None,Move,browsing
1573195782.451,358,406,None,Move,browsing
1573195782.46,358,404,None,Move,browsing
1573195782.468,358,404,None,Move,browsing
1573195782.524,360,401,None,Move,browsing
1573195782.531,363,400,None,Move,browsing
1573195782.54,369,400,None,Move,browsing
1573195782.5470002,373,400,None,Move,browsing
1573195782.556,380,400,None,Move,browsing
1573195782.563,397,401,None,Move,browsing
1573195782.572,418,404,None,Move,browsing
1573195782.579,451,410,None,Move,browsing
1573195782.5879998,490,416,None,Move,browsing
1573195782.595,530,422,None,Move,browsing
1573195782.604,575,426,None,Move,browsing
1573195782.611,614,433,None,Move,browsing
1573195782.62,654,441,None,Move,browsing
1573195782.627,687,447,None,Move,browsing
1573195782.6360002,720,453,None,Move,browsing
1573195782.644,739,455,None,Move,browsing
1573195782.6520002,756,458,None,Move,browsing
1573195782.66,768,462,None,Move,browsing
1573195782.668,777,466,None,Move,browsing
1573195782.675,783,470,None,Move,browsing
1573195782.684,783,470,None,Move,browsing
1573195782.691,784,472,None,Move,browsing
1573195782.7,786,472,None,Move,browsing
1573195782.708,787,472,None,Move,browsing
1573195782.716,788,474,None,Move,browsing
1573195782.724,789,474,None,Move,browsing
1573195782.731,790,474,None,Move,browsing
1573195782.748,791,474,None,Move,browsing
1573195782.756,792,475,None,Move,browsing
1573195782.764,793,476,None,Move,browsing
1573195782.772,793,476,None,Move,browsing
1573195782.779,796,478,None,Move,browsing
1573195782.788,797,480,None,Move,browsing
1573195782.795,798,483,None,Move,browsing
1573195782.804,798,484,None,Move,browsing
1573195782.811,800,490,None,Move,browsing
1573195782.82,802,490,None,Move,browsing
1573195782.827,802,494,None,Move,browsing
1573195782.835,803,495,None,Move,browsing
1573195782.844,804,496,None,Move,browsing
1573195782.8520002,804,497,None,Move,browsing
1573195782.86,804,498,None,Move,browsing
1573195782.8679998,804,500,None,Move,browsing
1573195782.8760002,804,505,None,Move,browsing
1573195782.8839998,804,509,None,Move,browsing
1573195782.8920002,804,512,None,Move,browsing
1573195782.9,804,517,None,Move,browsing
1573195782.908,804,520,None,Move,browsing
1573195782.915,804,524,None,Move,browsing
1573195782.924,805,527,None,Move,browsing
1573195782.9320002,805,528,None,Move,browsing
1573195782.94,805,530,None,Move,browsing
1573195782.947,805,531,None,Move,browsing
1573195782.956,806,532,None,Move,browsing
1573195782.9629998,806,533,None,Move,browsing
1573195782.972,807,535,None,Move,browsing
1573195782.979,807,535,None,Move,browsing
1573195782.988,809,537,None,Move,browsing
1573195782.995,809,538,None,Move,browsing
1573195783.004,811,539,None,Move,browsing
1573195783.0110002,812,540,None,Move,browsing
1573195783.02,812,540,None,Move,browsing
1573195783.0270002,815,541,None,Move,browsing
1573195783.035,818,543,None,Move,browsing
1573195783.044,821,544,None,Move,browsing
1573195783.051,824,545,None,Move,browsing
1573195783.06,827,546,None,Move,browsing
1573195783.0670002,829,546,None,Move,browsing
1573195783.076,830,546,None,Move,browsing
1573195783.1160002,832,548,None,Move,browsing
1573195783.1239998,833,549,None,Move,browsing
1573195783.131,835,550,None,Move,browsing
1573195783.14,839,552,None,Move,browsing
1573195783.147,842,554,None,Move,browsing
1573195783.156,845,554,None,Move,browsing
1573195783.163,846,554,None,Move,browsing
1573195783.171,849,555,None,Move,browsing
1573195783.18,852,556,None,Move,browsing
1573195783.188,855,557,None,Move,browsing
1573195783.195,857,558,None,Move,browsing
1573195783.2029998,859,560,None,Move,browsing
1573195783.211,861,562,None,Move,browsing
1573195783.219,862,562,None,Move,browsing
1573195783.452,863,564,Left,Pressed,browsing
1573195783.452,863,564,None,Drag,browsing
1573195783.464,864,565,None,Drag,browsing
1573195783.464,864,565,Left,Released,browsing
1573195783.4829998,864,565,None,Move,browsing
1573195783.49,863,565,None,Move,browsing
1573195783.4970002,860,565,None,Move,browsing
1573195783.5029998,856,565,None,Move,browsing
1573195783.508,851,564,None,Move,browsing
1573195783.515,847,562,None,Move,browsing
1573195783.5229998,842,559,None,Move,browsing
1573195783.531,837,557,None,Move,browsing
1573195783.539,828,555,None,Move,browsing
1573195783.548,818,552,None,Move,browsing
1573195783.555,807,550,None,Move,browsing
1573195783.564,795,547,None,Move,browsing
1573195783.571,782,543,None,Move,browsing
1573195783.58,766,537,None,Move,browsing
1573195783.587,749,531,None,Move,browsing
1573195783.596,734,527,None,Move,browsing
1573195783.603,718,522,None,Move,browsing
1573195783.611,701,516,None,Move,browsing
1573195783.625,683,510,None,Move,browsing
1573195783.6339998,666,504,None,Move,browsing
1573195783.641,648,498,None,Move,browsing
1573195783.647,630,492,None,Move,browsing
1573195783.653,615,487,None,Move,browsing
1573195783.659,601,481,None,Move,browsing
1573195783.667,589,477,None,Move,browsing
1573195783.675,579,475,None,Move,browsing
1573195783.6829998,570,472,None,Move,browsing
1573195783.691,563,470,None,Move,browsing
1573195783.699,557,467,None,Move,browsing
1573195783.707,553,465,None,Move,browsing
1573195783.715,549,463,None,Move,browsing
1573195783.7229998,545,462,None,Move,browsing
1573195783.731,544,462,None,Move,browsing
1573195783.7389998,543,460,None,Move,browsing
1573195783.7470002,542,459,None,Move,browsing
1573195783.803,540,459,None,Move,browsing
1573195783.811,540,458,None,Move,browsing
1573195783.819,538,458,None,Move,browsing
1573195783.827,537,458,None,Move,browsing
1573195783.835,536,456,None,Move,browsing
1573195783.843,534,455,None,Move,browsing
1573195783.8520002,533,455,None,Move,browsing
1573195783.859,532,455,None,Move,browsing
1573195783.899,531,455,None,Move,browsing
1573195783.979,530,455,None,Move,browsing
1573195784.299,530,455,None,Move,browsing
1573195784.3070002,530,456,None,Move,browsing
1573195784.315,530,458,None,Move,browsing
1573195784.323,529,462,None,Move,browsing
1573195784.331,529,465,None,Move,browsing
1573195784.339,528,468,None,Move,browsing
1573195784.347,527,470,None,Move,browsing
1573195784.355,526,473,None,Move,browsing
1573195784.363,525,474,None,Move,browsing
1573195784.459,525,475,None,Move,browsing
1573195784.467,525,477,None,Move,browsing
1573195784.478,525,478,None,Move,browsing
1573195788.4910002,525,479,None,Move,browsing
1573195788.4989998,525,480,None,Move,browsing
1573195788.515,523,481,None,Move,browsing
1573195788.5229998,522,481,None,Move,browsing
1573195788.603,521,481,None,Move,browsing
1573195788.651,519,481,None,Move,browsing
1573195788.659,518,481,None,Move,browsing
1573195788.6829998,517,481,None,Move,browsing
1573195788.691,515,481,None,Move,browsing
1573195788.699,513,481,None,Move,browsing
1573195788.707,510,481,None,Move,browsing
1573195788.715,507,481,None,Move,browsing
1573195788.7229998,502,481,None,Move,browsing
1573195788.731,498,481,None,Move,browsing
1573195788.7389998,492,482,None,Move,browsing
1573195788.748,482,483,None,Move,browsing
1573195788.755,468,484,None,Move,browsing
1573195788.764,453,486,None,Move,browsing
1573195788.772,436,489,None,Move,browsing
1573195788.78,420,491,None,Move,browsing
1573195788.7870002,403,494,None,Move,browsing
1573195788.796,386,497,None,Move,browsing
1573195788.803,371,501,None,Move,browsing
1573195788.811,357,505,None,Move,browsing
1573195788.819,343,509,None,Move,browsing
1573195788.827,330,515,None,Move,browsing
1573195788.835,316,520,None,Move,browsing
1573195788.843,304,526,None,Move,browsing
1573195788.8520002,291,533,None,Move,browsing
1573195788.859,281,538,None,Move,browsing
1573195788.867,270,543,None,Move,browsing
1573195788.8739998,260,548,None,Move,browsing
1573195788.883,250,554,None,Move,browsing
1573195788.8920002,243,559,None,Move,browsing
1573195788.899,235,564,None,Move,browsing
1573195788.908,230,567,None,Move,browsing
1573195788.916,224,571,None,Move,browsing
1573195788.924,219,574,None,Move,browsing
1573195788.9320002,215,578,None,Move,browsing
1573195788.939,212,583,None,Move,browsing
1573195788.947,208,587,None,Move,browsing
1573195788.955,206,593,None,Move,browsing
1573195788.964,204,598,None,Move,browsing
1573195788.971,200,606,None,Move,browsing
1573195788.979,196,613,None,Move,browsing
1573195788.9870002,194,620,None,Move,browsing
1573195788.996,193,627,None,Move,browsing
1573195789.0029998,192,634,None,Move,browsing
1573195789.0110002,191,640,None,Move,browsing
1573195789.019,191,644,None,Move,browsing
1573195789.0270002,191,647,None,Move,browsing
1573195789.035,191,652,None,Move,browsing
1573195789.043,191,659,None,Move,browsing
1573195789.051,191,668,None,Move,browsing
1573195789.059,192,678,None,Move,browsing
1573195789.0679998,196,690,None,Move,browsing
1573195789.075,202,701,None,Move,browsing
1573195789.083,206,711,None,Move,browsing
1573195789.091,211,720,None,Move,browsing
1573195789.099,216,728,None,Move,browsing
1573195789.1079998,218,730,None,Move,browsing
1573195789.292,220,734,None,Move,browsing
1573195789.299,220,735,None,Move,browsing
1573195789.3070002,221,737,None,Move,browsing
1573195789.316,221,738,None,Move,browsing
1573195789.324,222,740,None,Move,browsing
1573195789.331,224,743,None,Move,browsing
1573195789.339,226,746,None,Move,browsing
1573195789.347,226,746,None,Move,browsing
1573195789.355,228,748,None,Move,browsing
1573195789.3639998,230,750,None,Move,browsing
1573195789.371,231,751,None,Move,browsing
1573195789.379,233,751,None,Move,browsing
1573195789.387,235,753,None,Move,browsing
1573195789.396,237,754,None,Move,browsing
1573195789.403,239,756,None,Move,browsing
1573195789.411,242,757,None,Move,browsing
1573195789.419,244,758,None,Move,browsing
1573195789.427,246,759,None,Move,browsing
1573195789.435,247,759,None,Move,browsing
1573195789.4429998,248,760,None,Move,browsing
1573195789.471,250,761,None,Move,browsing
1573195789.479,250,762,None,Move,browsing
1573195789.4870002,252,762,None,Move,browsing
1573195789.495,253,762,None,Move,browsing
1573195789.5029998,256,763,None,Move,browsing
1573195789.5110002,257,763,None,Move,browsing
1573195789.519,259,763,None,Move,browsing
1573195789.5270002,261,763,None,Move,browsing
1573195789.711,261,763,Left,Pressed,browsing
1573195789.823,261,763,Left,Released,browsing
1573195789.903,263,763,None,Move,browsing
1573195789.911,264,763,None,Move,browsing
1573195789.919,266,762,None,Move,browsing
1573195789.927,268,761,None,Move,browsing
1573195789.935,270,760,None,Move,browsing
1573195789.9429998,273,759,None,Move,browsing
1573195789.951,277,759,None,Move,browsing
1573195789.959,282,758,None,Move,browsing
1573195789.967,289,757,None,Move,browsing
1573195789.975,298,756,None,Move,browsing
1573195789.984,309,754,None,Move,browsing
1573195789.9910002,323,753,None,Move,browsing
1573195789.9989998,338,753,None,Move,browsing
1573195790.0070002,353,753,None,Move,browsing
1573195790.015,366,753,None,Move,browsing
1573195790.0229998,379,753,None,Move,browsing
1573195790.034,391,752,None,Move,browsing
1573195790.042,401,750,None,Move,browsing
1573195790.0470002,407,749,None,Move,browsing
1573195790.055,412,748,None,Move,browsing
1573195790.063,417,748,None,Move,browsing
1573195790.071,418,748,None,Move,browsing
1573195790.079,420,748,None,Move,browsing
1573195790.087,422,748,None,Move,browsing
1573195790.095,424,748,None,Move,browsing
1573195790.103,424,748,None,Move,browsing
1573195790.111,426,748,None,Move,browsing
1573195790.12,427,748,None,Move,browsing
1573195790.151,429,748,None,Move,browsing
1573195790.159,430,748,None,Move,browsing
1573195790.167,431,748,None,Move,browsing
1573195790.175,433,748,None,Move,browsing
1573195790.207,434,749,None,Move,browsing
1573195791.015,435,750,None,Move,browsing
1573195791.0229998,436,750,None,Move,browsing
1573195791.031,440,750,None,Move,browsing
1573195791.039,449,750,None,Move,browsing
1573195791.0470002,469,750,None,Move,browsing
1573195791.055,517,752,None,Move,browsing
1573195791.063,592,757,None,Move,browsing
1573195791.071,691,765,None,Move,browsing
1573195791.079,803,770,None,Move,browsing
1573195791.087,922,776,None,Move,browsing
1573195791.096,1040,781,None,Move,browsing
1573195791.103,1159,790,None,Move,browsing
1573195791.111,1271,798,None,Move,browsing
1573195791.119,1370,806,None,Move,browsing
1573195791.127,1459,814,None,Move,browsing
1573195791.135,1535,821,None,Move,browsing
1573195791.143,1593,826,None,Move,browsing
1573195791.1520002,1635,830,None,Move,browsing
1573195791.159,1662,835,None,Move,browsing
1573195791.167,1662,836,None,Move,browsing
1573195791.1920002,1670,838,None,Move,browsing
1573195791.199,1671,839,None,Move,browsing
1573195791.207,1674,840,None,Move,browsing
1573195791.215,1676,842,None,Move,browsing
1573195791.2229998,1677,844,None,Move,browsing
1573195791.232,1677,845,None,Move,browsing
1573195791.2389998,1677,847,None,Move,browsing
1573195791.2470002,1677,849,None,Move,browsing
1573195791.256,1677,852,None,Move,browsing
1573195791.262,1674,857,None,Move,browsing
1573195791.271,1672,863,None,Move,browsing
1573195791.279,1670,867,None,Move,browsing
1573195791.2870002,1667,873,None,Move,browsing
1573195791.295,1665,878,None,Move,browsing
1573195791.309,1663,886,None,Move,browsing
1573195791.314,1659,895,None,Move,browsing
1573195791.32,1655,903,None,Move,browsing
1573195791.327,1651,912,None,Move,browsing
1573195791.335,1647,921,None,Move,browsing
1573195791.343,1644,932,None,Move,browsing
1573195791.351,1640,942,None,Move,browsing
1573195791.359,1634,956,None,Move,browsing
1573195791.367,1630,970,None,Move,browsing
1573195791.375,1627,987,None,Move,browsing
1573195791.383,1624,1003,None,Move,browsing
1573195791.393,1622,1018,None,Move,browsing
1573195791.399,1620,1033,None,Move,browsing
1573195791.407,1619,1048,None,Move,browsing
1573195791.415,1618,1062,None,Move,browsing
1573195791.424,1618,1074,None,Move,browsing
1573195791.4320002,1618,1079,None,Move,browsing
1573195791.439,1618,1081,None,Move,browsing
1573195791.448,1618,1081,None,Move,browsing
1573195791.455,1618,1082,None,Move,browsing
1573195791.464,1618,1080,None,Move,browsing
1573195791.472,1618,1080,None,Move,browsing
1573195791.479,1620,1080,None,Move,browsing
1573195791.488,1620,1079,None,Move,browsing
1573195791.496,1623,1079,None,Move,browsing
1573195791.5029998,1627,1079,None,Move,browsing
1573195791.512,1632,1079,None,Move,browsing
1573195791.519,1637,1079,None,Move,browsing
1573195791.536,1647,1079,None,Move,browsing
1573195791.543,1653,1078,None,Move,browsing
1573195791.551,1657,1076,None,Move,browsing
1573195791.559,1662,1073,None,Move,browsing
1573195791.5670002,1667,1071,None,Move,browsing
1573195791.574,1671,1069,None,Move,browsing
1573195791.583,1675,1066,None,Move,browsing
1573195791.591,1678,1065,None,Move,browsing
1573195791.599,1680,1064,None,Move,browsing
1573195791.607,1682,1061,None,Move,browsing
1573195791.6160002,1686,1060,None,Move,browsing
1573195791.623,1689,1059,None,Move,browsing
1573195791.631,1692,1057,None,Move,browsing
1573195791.639,1694,1056,None,Move,browsing
1573195791.647,1695,1055,None,Move,browsing
1573195791.656,1696,1054,None,Move,browsing
1573195791.664,1698,1053,None,Move,browsing
1573195791.671,1700,1052,None,Move,browsing
1573195791.679,1702,1051,None,Move,browsing
1573195791.688,1703,1050,None,Move,browsing
1573195791.696,1704,1049,None,Move,browsing
1573195791.7029998,1707,1047,None,Move,browsing
1573195791.712,1710,1045,None,Move,browsing
1573195791.8479998,1709,1045,None,Move,browsing
1573195791.867,1701,1048,None,Move,browsing
1573195791.8779998,1696,1048,None,Move,browsing
1573195791.8860002,1694,1048,None,Move,browsing
1573195791.8920002,1690,1048,None,Move,browsing
1573195791.8979998,1687,1049,None,Move,browsing
1573195791.905,1683,1049,None,Move,browsing
1573195791.911,1680,1050,None,Move,browsing
1573195791.919,1677,1051,None,Move,browsing
1573195791.928,1676,1051,None,Move,browsing
1573195791.935,1675,1053,None,Move,browsing
1573195791.944,1675,1053,None,Move,browsing
1573195792.168,1675,1053,Left,Pressed,browsing
1573195792.264,1675,1053,Left,Released,file system
1573195792.475,1675,1053,None,Move,file system
1573195792.4910002,1675,1052,None,Move,file system
1573195792.4989998,1675,1052,None,Move,file system
1573195792.5070002,1674,1049,None,Move,file system
1573195792.515,1674,1048,None,Move,file system
1573195792.5229998,1674,1047,None,Move,file system
1573195792.531,1674,1045,None,Move,file system
1573195792.539,1674,1044,None,Move,file system
1573195792.548,1674,1042,None,Move,file system
1573195792.556,1674,1041,None,Move,file system
1573195792.564,1670,1034,None,Move,file system
1573195792.571,1670,1032,None,Move,file system
1573195792.579,1670,1031,None,Move,file system
1573195792.587,1670,1024,None,Move,file system
1573195792.596,1668,1017,None,Move,file system
1573195792.603,1668,1015,None,Move,file system
1573195792.6120002,1668,1008,None,Move,file system
1573195792.619,1668,1007,None,Move,file system
1573195792.6279998,1666,1003,None,Move,file system
1573195792.635,1666,1001,None,Move,file system
1573195792.644,1666,997,None,Move,file system
1573195792.65,1665,991,None,Move,file system
1573195792.659,1664,988,None,Move,file system
1573195792.668,1664,986,None,Move,file system
1573195792.675,1663,983,None,Move,file system
1573195792.6829998,1663,982,None,Move,file system
1573195792.6920002,1663,980,None,Move,file system
1573195792.699,1661,979,None,Move,file system
1573195792.707,1660,978,None,Move,file system
1573195792.748,1659,977,None,Move,file system
1573195792.755,1658,976,None,Move,file system
1573195792.764,1657,975,None,Move,file system
1573195792.771,1656,975,None,Move,file system
1573195792.8760002,1655,975,None,Move,file system
1573195792.893,1655,977,None,Move,file system
1573195792.903,1655,978,None,Move,file system
1573195792.911,1657,982,None,Move,file system
1573195792.917,1662,987,None,Move,file system
1573195792.923,1663,987,None,Move,file system
1573195792.931,1665,988,None,Move,file system
1573195792.939,1666,988,None,Move,file system
1573195793.099,1667,989,None,Move,file system
1573195793.1160002,1667,991,None,Move,file system
1573195793.123,1669,993,None,Move,file system
1573195793.1320002,1671,995,None,Move,file system
1573195793.139,1672,996,None,Move,file system
1573195793.1479998,1673,997,None,Move,file system
1573195793.212,1673,997,Left,Pressed,file system
1573195793.323,1673,997,Left,Released,file system
1573195793.355,1673,997,None,Move,file system
1573195794.019,1673,999,None,Move,file system
1573195794.0270002,1673,1000,None,Move,file system
1573195794.323,1673,1000,None,Move,file system
1573195794.341,1672,1000,None,Move,file system
1573195794.351,1671,1000,None,Move,file system
1573195794.548,1671,999,None,Move,file system
1573195794.627,1670,998,None,Move,file system
1573195795.455,1670,998,None,Move,file system
1573195795.504,1668,996,None,Move,file system
1573195795.5110002,1668,995,None,Move,file system
1573195795.535,1665,992,None,Move,file system
1573195795.544,1664,991,None,Move,file system
1573195795.551,1662,991,None,Move,file system
1573195795.559,1661,991,None,Move,file system
1573195795.5670002,1659,990,None,Move,file system
1573195795.575,1655,988,None,Move,file system
1573195795.584,1652,987,None,Move,file system
1573195795.591,1651,987,None,Move,file system
1573195795.599,1651,987,None,Move,file system
1573195795.6160002,1650,987,None,Move,file system
1573195798.099,1649,987,None,Move,file system
1573195798.179,1649,984,None,Move,file system
1573195798.187,1649,984,None,Move,file system
1573195802.635,1649,982,None,Move,file system
1573195802.643,1649,981,None,Move,file system
1573195802.651,1649,978,None,Move,file system
1573195802.659,1649,976,None,Move,file system
1573195802.667,1649,971,None,Move,file system
1573195802.676,1649,966,None,Move,file system
1573195802.684,1649,963,None,Move,file system
1573195802.691,1649,955,None,Move,file system
1573195802.699,1649,943,None,Move,file system
1573195802.708,1649,928,None,Move,file system
1573195802.715,1649,912,None,Move,file system
1573195802.7229998,1649,889,None,Move,file system
1573195802.731,1650,864,None,Move,file system
1573195802.7389998,1654,832,None,Move,file system
1573195802.7470002,1660,796,None,Move,file system
1573195802.756,1668,759,None,Move,file system
1573195802.7629998,1676,719,None,Move,file system
1573195802.772,1687,676,None,Move,file system
1573195802.78,1695,636,None,Move,file system
1573195802.788,1706,592,None,Move,file system
1573195802.796,1719,551,None,Move,file system
1573195802.804,1730,514,None,Move,file system
1573195802.812,1742,476,None,Move,file system
1573195802.819,1757,438,None,Move,file system
1573195802.8279998,1772,402,None,Move,file system
1573195802.836,1786,367,None,Move,file system
1573195802.844,1803,335,None,Move,file system
1573195802.8520002,1816,306,None,Move,file system
1573195802.86,1828,286,None,Move,file system
1573195802.867,1835,272,None,Move,file system
1573195802.875,1840,263,None,Move,file system
1573195802.883,1843,255,None,Move,file system
1573195802.891,1844,255,None,Move,file system
1573195802.907,1846,252,None,Move,file system
1573195802.915,1847,249,None,Move,file system
1573195802.923,1847,249,None,Move,file system
1573195802.931,1847,245,None,Move,file system
1573195802.939,1847,242,None,Move,file system
1573195802.947,1847,239,None,Move,file system
1573195802.955,1847,235,None,Move,file system
1573195802.964,1847,233,None,Move,file system
1573195802.972,1847,226,None,Move,file system
1573195802.979,1846,218,None,Move,file system
1573195802.9870002,1844,212,None,Move,file system
1573195802.996,1839,204,None,Move,file system
1573195803.004,1834,197,None,Move,file system
1573195803.012,1830,192,None,Move,file system
1573195803.019,1827,191,None,Move,file system
1573195803.028,1825,189,None,Move,file system
1573195803.035,1822,188,None,Move,file system
1573195803.043,1820,187,None,Move,file system
1573195803.052,1814,186,None,Move,file system
1573195803.059,1809,185,None,Move,file system
1573195803.0670002,1805,184,None,Move,file system
1573195803.076,1800,184,None,Move,file system
1573195803.083,1796,184,None,Move,file system
1573195803.092,1791,184,None,Move,file system
1573195803.1,1784,183,None,Move,file system
1573195803.1079998,1776,181,None,Move,file system
1573195803.115,1766,181,None,Move,file system
1573195803.1239998,1756,181,None,Move,file system
1573195803.131,1746,181,None,Move,file system
1573195803.139,1736,181,None,Move,file system
1573195803.147,1726,181,None,Move,file system
1573195803.156,1717,181,None,Move,file system
1573195803.164,1709,181,None,Move,file system
1573195803.1720002,1702,181,None,Move,file system
1573195803.179,1695,181,None,Move,file system
1573195803.187,1688,181,None,Move,file system
1573195803.196,1682,181,None,Move,file system
1573195803.2029998,1675,181,None,Move,file system
1573195803.211,1670,181,None,Move,file system
1573195803.219,1664,181,None,Move,file system
1573195803.228,1663,181,None,Move,file system
1573195803.236,1660,181,None,Move,file system
1573195803.244,1659,181,None,Move,file system
1573195803.252,1659,181,None,Move,file system
1573195803.292,1657,181,None,Move,file system
1573195803.299,1657,181,None,Move,file system
1573195803.3079998,1655,181,None,Move,file system
1573195803.316,1650,181,None,Move,file system
1573195803.324,1646,181,None,Move,file system
1573195803.331,1645,181,None,Move,file system
1573195803.339,1642,181,None,Move,file system
1573195803.347,1638,181,None,Move,file system
1573195803.355,1633,181,None,Move,file system
1573195803.363,1631,181,None,Move,file system
1573195803.3720002,1628,181,None,Move,file system
1573195803.379,1626,181,None,Move,file system
1573195803.387,1624,181,None,Move,file system
1573195803.395,1620,181,None,Move,file system
1573195803.404,1618,181,None,Move,file system
1573195803.4120002,1617,181,None,Move,file system
1573195803.42,1614,181,None,Move,file system
1573195803.427,1609,181,None,Move,file system
1573195803.435,1606,181,None,Move,file system
1573195803.444,1603,181,None,Move,file system
1573195803.452,1597,180,None,Move,file system
1573195803.459,1593,180,None,Move,file system
1573195803.472,1587,180,None,Move,file system
1573195803.476,1579,180,None,Move,file system
1573195803.484,1567,179,None,Move,file system
1573195803.4910002,1554,179,None,Move,file system
1573195803.4989998,1542,179,None,Move,file system
1573195803.5070002,1532,179,None,Move,file system
1573195803.515,1531,178,None,Move,file system
1573195803.804,1530,178,None,Move,file system
1573195803.825,1526,177,None,Move,file system
1573195803.835,1521,176,None,Move,file system
1573195803.843,1518,175,None,Move,file system
1573195803.85,1514,174,None,Move,file system
1573195803.857,1510,174,None,Move,file system
1573195803.8620002,1508,172,None,Move,file system
1573195803.979,1508,172,Left,Pressed,file system
1573195804.079,1508,172,Left,Released,browsing
1573195804.159,1508,172,None,Move,office
1573195804.175,1507,172,None,Move,office
1573195804.184,1505,173,None,Move,office
1573195804.191,1504,175,None,Move,office
1573195804.2,1503,176,None,Move,office
1573195804.207,1502,177,None,Move,office
1573195804.215,1500,178,None,Move,office
1573195804.224,1499,181,None,Move,office
1573195804.231,1498,185,None,Move,office
1573195804.2389998,1497,185,None,Move,office
1573195804.2470002,1492,187,None,Move,office
1573195804.255,1488,191,None,Move,office
1573195804.264,1485,194,None,Move,office
1573195804.272,1482,198,None,Move,office
1573195804.279,1477,201,None,Move,office
1573195804.288,1473,204,None,Move,office
1573195804.295,1467,209,None,Move,office
1573195804.304,1460,214,None,Move,office
1573195804.312,1450,222,None,Move,office
1573195804.319,1439,230,None,Move,office
1573195804.3279998,1427,239,None,Move,office
1573195804.336,1413,247,None,Move,office
1573195804.344,1394,258,None,Move,office
1573195804.351,1372,270,None,Move,office
1573195804.359,1343,284,None,Move,office
1573195804.367,1310,300,None,Move,office
1573195804.375,1271,317,None,Move,office
1573195804.383,1230,332,None,Move,office
1573195804.391,1188,348,None,Move,office
1573195804.399,1144,361,None,Move,office
1573195804.407,1096,375,None,Move,office
1573195804.415,1049,386,None,Move,office
1573195804.424,1000,395,None,Move,office
1573195804.4320002,950,404,None,Move,office
1573195804.439,901,411,None,Move,office
1573195804.448,852,417,None,Move,office
1573195804.456,806,422,None,Move,office
1573195804.464,764,426,None,Move,office
1573195804.472,730,428,None,Move,office
1573195804.479,698,430,None,Move,office
1573195804.488,667,431,None,Move,office
1573195804.496,642,433,None,Move,office
1573195804.504,621,433,None,Move,office
1573195804.5110002,603,433,None,Move,office
1573195804.519,587,433,None,Move,office
1573195804.528,572,433,None,Move,office
1573195804.535,560,433,None,Move,office
1573195804.543,550,433,None,Move,office
1573195804.552,543,433,None,Move,office
1573195804.559,536,433,None,Move,office
1573195804.5670002,536,433,None,Move,office
1573195804.576,532,433,None,Move,office
1573195804.584,532,433,None,Move,office
1573195804.607,530,433,None,Move,office
1573195804.615,529,433,None,Move,office
1573195804.6239998,528,433,None,Move,office
1573195804.6320002,524,433,None,Move,office
1573195804.639,521,432,None,Move,office
1573195804.6479998,516,431,None,Move,office
1573195804.656,514,431,None,Move,office
1573195804.664,508,429,None,Move,office
1573195804.6720002,503,428,None,Move,office
1573195804.679,500,428,None,Move,office
1573195804.688,496,427,None,Move,office
1573195804.696,491,426,None,Move,office
1573195804.7029998,485,425,None,Move,office
1573195804.712,485,424,None,Move,office
1573195804.719,484,424,None,Move,office
1573195804.736,481,421,None,Move,office
1573195804.744,481,420,None,Move,office
1573195804.752,480,419,None,Move,office
1573195804.768,479,417,None,Move,office
1573195804.776,476,411,None,Move,office
1573195804.784,476,409,None,Move,office
1573195804.792,473,403,None,Move,office
1573195804.799,470,398,None,Move,office
1573195804.8079998,467,390,None,Move,office
1573195804.815,466,383,None,Move,office
1573195804.824,462,377,None,Move,office
1573195804.832,461,372,None,Move,office
1573195804.839,460,369,None,Move,office
1573195804.8479998,458,364,None,Move,office
1573195804.855,457,363,None,Move,office
1573195804.863,457,362,None,Move,office
1573195804.871,457,361,None,Move,office
1573195804.896,457,361,Left,Pressed,office
1573195804.9910002,457,361,Left,Released,office
1573195805.0229998,453,361,None,Move,office
1573195805.03,452,361,None,Move,office
1573195805.039,448,361,None,Move,office
1573195805.048,447,363,None,Move,office
1573195805.055,445,364,None,Move,office
1573195805.063,442,368,None,Move,office
1573195805.071,440,373,None,Move,office
1573195805.079,438,375,None,Move,office
1573195805.0879998,434,381,None,Move,office
1573195805.095,430,385,None,Move,office
1573195805.103,428,391,None,Move,office
1573195805.111,424,398,None,Move,office
1573195805.119,419,407,None,Move,office
1573195805.127,414,418,None,Move,office
1573195805.1339998,409,429,None,Move,office
1573195805.143,402,442,None,Move,office
1573195805.151,396,458,None,Move,office
1573195805.16,389,476,None,Move,office
1573195805.167,383,493,None,Move,office
1573195805.175,376,517,None,Move,office
1573195805.1829998,368,547,None,Move,office
1573195805.191,361,575,None,Move,office
1573195805.199,354,598,None,Move,office
1573195805.207,348,616,None,Move,office
1573195805.215,343,632,None,Move,office
1573195805.2229998,339,645,None,Move,office
1573195805.232,336,657,None,Move,office
1573195805.2389998,334,667,None,Move,office
1573195805.248,331,676,None,Move,office
1573195805.256,329,683,None,Move,office
1573195805.264,325,691,None,Move,office
1573195805.271,323,696,None,Move,office
1573195805.279,319,701,None,Move,office
1573195805.2870002,316,705,None,Move,office
1573195805.295,313,710,None,Move,office
1573195805.303,308,716,None,Move,office
1573195805.312,305,720,None,Move,office
1573195805.319,302,724,None,Move,office
1573195805.327,298,729,None,Move,office
1573195805.335,296,731,None,Move,office
1573195805.343,295,734,None,Move,office
1573195805.351,294,735,None,Move,office
1573195805.359,293,737,None,Move,office
1573195805.367,293,739,None,Move,office
1573195805.3760002,292,740,None,Move,office
1573195807.883,292,740,None,Move,office
1573195807.899,289,742,None,Move,office
1573195807.907,288,742,None,Move,office
1573195807.92,284,742,None,Move,office
1573195807.926,281,744,None,Move,office
1573195807.9320002,278,745,None,Move,office
1573195807.939,274,746,None,Move,office
1573195807.948,269,747,None,Move,office
1573195807.955,263,749,None,Move,office
1573195807.964,258,751,None,Move,office
1573195807.972,250,754,None,Move,office
1573195807.979,243,756,None,Move,office
1573195807.9870002,234,759,None,Move,office
1573195807.995,226,761,None,Move,office
1573195808.004,219,764,None,Move,office
1573195808.0110002,211,767,None,Move,office
1573195808.019,202,771,None,Move,office
1573195808.028,193,775,None,Move,office
1573195808.035,184,780,None,Move,office
1573195808.044,174,785,None,Move,office
1573195808.051,161,791,None,Move,office
1573195808.059,149,798,None,Move,office
1573195808.0670002,137,805,None,Move,office
1573195808.076,124,811,None,Move,office
1573195808.084,112,817,None,Move,office
1573195808.092,100,822,None,Move,office
1573195808.099,89,828,None,Move,office
1573195808.1079998,80,833,None,Move,office
1573195808.115,73,838,None,Move,office
1573195808.1239998,67,844,None,Move,office
1573195808.1320002,63,848,None,Move,office
1573195808.139,60,853,None,Move,office
1573195808.1479998,58,857,None,Move,office
1573195808.156,56,862,None,Move,office
1573195808.164,52,868,None,Move,office
1573195808.1720002,50,874,None,Move,office
1573195808.179,49,879,None,Move,office
1573195808.187,48,886,None,Move,office
1573195808.196,47,892,None,Move,office
1573195808.2029998,47,898,None,Move,office
1573195808.212,47,905,None,Move,office
1573195808.219,47,912,None,Move,office
1573195808.228,47,919,None,Move,office
1573195808.236,49,928,None,Move,office
1573195808.244,55,937,None,Move,office
1573195808.252,62,945,None,Move,office
1573195808.2589998,72,954,None,Move,office
1573195808.2670002,81,961,None,Move,office
1573195808.276,93,967,None,Move,office
1573195808.284,107,974,None,Move,office
1573195808.291,121,980,None,Move,office
1573195808.299,136,985,None,Move,office
1573195808.3070002,152,991,None,Move,office
1573195808.316,167,995,None,Move,office
1573195808.324,180,998,None,Move,office
1573195808.332,192,1001,None,Move,office
1573195808.339,203,1003,None,Move,office
1573195808.3479998,212,1006,None,Move,office
1573195808.356,215,1007,None,Move,office
1573195808.363,218,1008,None,Move,office
1573195808.3720002,219,1008,None,Move,office
1573195808.4120002,221,1009,None,Move,office
1573195808.419,222,1010,None,Move,office
1573195808.428,224,1012,None,Move,office
1573195808.436,224,1012,None,Move,office
1573195808.444,225,1014,None,Move,office
1573195808.452,225,1015,None,Move,office
1573195808.459,225,1015,None,Move,office
1573195808.476,225,1017,None,Move,office
1573195808.484,225,1017,None,Move,office
1573195808.508,225,1018,None,Move,office
1573195808.516,225,1019,None,Move,office
1573195808.524,225,1022,None,Move,office
1573195808.532,225,1026,None,Move,office
1573195808.539,225,1031,None,Move,office
1573195808.5470002,225,1034,None,Move,office
1573195808.555,225,1037,None,Move,office
1573195808.563,225,1040,None,Move,office
1573195808.572,225,1043,None,Move,office
1573195808.579,225,1043,None,Move,office
1573195808.587,225,1045,None,Move,office
1573195808.596,224,1047,None,Move,office
1573195808.603,223,1049,None,Move,office
1573195808.611,223,1050,None,Move,office
1573195808.619,223,1051,None,Move,office
1573195808.6279998,222,1052,None,Move,office
1573195808.635,221,1053,None,Move,office
1573195808.643,221,1054,None,Move,office
1573195808.699,221,1054,Left,Pressed,office
1573195808.827,221,1054,Left,Released,office
1573195808.835,221,1055,None,Move,office
1573195808.843,221,1056,None,Move,browsing
1573195808.9910002,221,1056,None,Move,browsing
1573195808.9989998,221,1056,None,Move,browsing
1573195809.0070002,222,1054,None,Move,browsing
1573195809.016,222,1053,None,Move,browsing
1573195809.0229998,222,1052,None,Move,browsing
1573195809.031,223,1049,None,Move,browsing
1573195809.04,224,1047,None,Move,browsing
1573195809.0470002,226,1043,None,Move,browsing
1573195809.055,226,1041,None,Move,browsing
1573195809.063,227,1036,None,Move,browsing
1573195809.071,228,1029,None,Move,browsing
1573195809.079,228,1026,None,Move,browsing
1573195809.087,229,1021,None,Move,browsing
1573195809.095,230,1012,None,Move,browsing
1573195809.103,231,1004,None,Move,browsing
1573195809.111,231,992,None,Move,browsing
1573195809.12,231,975,None,Move,browsing
1573195809.127,231,953,None,Move,browsing
1573195809.1360002,231,925,None,Move,browsing
1573195809.143,231,888,None,Move,browsing
1573195809.151,228,843,None,Move,browsing
1573195809.158,224,797,None,Move,browsing
1573195809.167,219,749,None,Move,browsing
1573195809.176,215,710,None,Move,browsing
1573195809.1829998,209,677,None,Move,browsing
1573195809.1920002,206,651,None,Move,browsing
1573195809.199,204,633,None,Move,browsing
1573195809.207,202,616,None,Move,browsing
1573195809.215,199,598,None,Move,browsing
1573195809.222,197,581,None,Move,browsing
1573195809.232,196,563,None,Move,browsing
1573195809.2389998,195,544,None,Move,browsing
1573195809.2470002,192,528,None,Move,browsing
1573195809.255,190,511,None,Move,browsing
1573195809.262,189,498,None,Move,browsing
1573195809.272,189,484,None,Move,browsing
1573195809.279,189,474,None,Move,browsing
1573195809.2870002,189,464,None,Move,browsing
1573195809.295,188,454,None,Move,browsing
1573195809.303,188,444,None,Move,browsing
1573195809.311,188,436,None,Move,browsing
1573195809.326,188,427,None,Move,browsing
1573195809.332,188,420,None,Move,browsing
1573195809.3379998,188,415,None,Move,browsing
1573195809.343,188,410,None,Move,browsing
1573195809.351,188,406,None,Move,browsing
1573195809.359,188,404,None,Move,browsing
1573195809.3679998,188,402,None,Move,browsing
1573195809.3760002,188,398,None,Move,browsing
1573195809.3839998,188,396,None,Move,browsing
1573195809.391,188,389,None,Move,browsing
1573195809.399,190,380,None,Move,browsing
1573195809.408,194,370,None,Move,browsing
1573195809.415,198,358,None,Move,browsing
1573195809.423,202,347,None,Move,browsing
1573195809.4320002,205,339,None,Move,browsing
1573195809.439,207,331,None,Move,browsing
1573195809.448,209,327,None,Move,browsing
1573195809.455,212,322,None,Move,browsing
1573195809.464,212,320,None,Move,browsing
1573195809.471,214,316,None,Move,browsing
1573195809.48,216,313,None,Move,browsing
1573195809.4870002,217,310,None,Move,browsing
1573195809.496,219,305,None,Move,browsing
1573195809.5029998,220,301,None,Move,browsing
1573195809.5110002,223,294,None,Move,browsing
1573195809.519,224,291,None,Move,browsing
1573195809.5270002,224,289,None,Move,browsing
1573195809.535,225,285,None,Move,browsing
1573195809.544,227,278,None,Move,browsing
1573195809.552,229,272,None,Move,browsing
1573195809.559,231,266,None,Move,browsing
1573195809.5679998,232,261,None,Move,browsing
1573195809.576,236,255,None,Move,browsing
1573195809.584,238,248,None,Move,browsing
1573195809.592,242,241,None,Move,browsing
1573195809.605,245,235,None,Move,browsing
1573195809.6139998,249,226,None,Move,browsing
1573195809.62,255,218,None,Move,browsing
1573195809.6260002,262,212,None,Move,browsing
1573195809.631,268,206,None,Move,browsing
1573195809.639,274,201,None,Move,browsing
1573195809.647,280,197,None,Move,browsing
1573195809.655,284,194,None,Move,browsing
1573195809.663,288,191,None,Move,browsing
1573195809.671,291,189,None,Move,browsing
1573195809.679,294,188,None,Move,browsing
1573195809.687,296,187,None,Move,browsing
1573195809.695,297,187,None,Move,browsing
1573195809.704,299,185,None,Move,browsing
1573195809.711,301,184,None,Move,browsing
1573195809.719,302,184,None,Move,browsing
1573195809.7270002,305,182,None,Move,browsing
1573195809.736,311,182,None,Move,browsing
1573195809.744,314,182,None,Move,browsing
1573195809.752,317,182,None,Move,browsing
1573195809.7589998,321,182,None,Move,browsing
1573195809.768,326,182,None,Move,browsing
1573195809.775,331,182,None,Move,browsing
1573195809.784,336,182,None,Move,browsing
1573195809.791,340,182,None,Move,browsing
1573195809.799,345,182,None,Move,browsing
1573195809.8070002,345,182,None,Move,browsing
1573195809.816,349,182,None,Move,browsing
1573195809.823,350,184,None,Move,browsing
1573195809.831,353,184,None,Move,browsing
1573195809.839,354,184,None,Move,browsing
1573195809.887,356,184,None,Move,browsing
1573195809.896,357,184,None,Move,browsing
1573195809.904,358,184,None,Move,browsing
1573195809.9120002,360,184,None,Move,browsing
1573195809.919,362,184,None,Move,browsing
1573195809.927,368,185,None,Move,browsing
1573195809.936,373,185,None,Move,browsing
1573195809.9429998,378,185,None,Move,browsing
1573195809.952,384,185,None,Move,browsing
1573195809.959,389,185,None,Move,browsing
1573195809.968,392,185,None,Move,browsing
1573195809.975,395,185,None,Move,browsing
1573195809.984,397,185,None,Move,browsing
1573195809.9910002,397,185,None,Move,browsing
1573195810.063,398,185,None,Move,browsing
1573195810.256,398,185,Left,Pressed,browsing
1573195810.256,398,185,None,Drag,browsing
1573195810.256,398,185,Left,Released,browsing
1573195810.2870002,398,185,None,Move,browsing
1573195810.303,396,185,None,Move,browsing
1573195810.311,395,185,None,Move,browsing
1573195811.135,395,185,Left,Pressed,browsing
1573195811.232,395,185,Left,Released,browsing
1573195811.7029998,395,185,None,Move,browsing
1573195811.719,393,185,None,Move,browsing
1573195811.73,392,188,None,Move,browsing
1573195811.738,389,192,None,Move,browsing
1573195811.75,387,195,None,Move,browsing
1573195811.755,386,196,None,Move,browsing
1573195811.764,383,200,None,Move,browsing
1573195811.769,381,201,None,Move,browsing
1573195811.776,380,203,None,Move,browsing
1573195811.7870002,378,205,None,Move,browsing
1573195811.812,369,214,None,Move,browsing
1573195811.829,362,218,None,Move,browsing
1573195811.846,352,227,None,Move,browsing
1573195811.859,345,230,None,Move,browsing
1573195811.871,340,233,None,Move,browsing
1573195811.8860002,332,237,None,Move,browsing
1573195811.899,323,241,None,Move,browsing
1573195811.914,319,243,None,Move,browsing
1573195811.9220002,315,245,None,Move,browsing
1573195811.925,311,248,None,Move,browsing
1573195811.934,305,250,None,Move,browsing
1573195811.9420002,301,252,None,Move,browsing
1573195811.95,297,254,None,Move,browsing
1573195811.956,291,256,None,Move,browsing
1573195811.964,291,256,None,Move,browsing
1573195811.971,288,257,None,Move,browsing
1573195811.982,286,259,None,Move,browsing
1573195811.9870002,286,259,None,Move,browsing
1573195811.995,284,259,None,Move,browsing
1573195812.0029998,283,260,None,Move,browsing
1573195812.0129998,281,262,None,Move,browsing
1573195812.021,279,263,None,Move,browsing
1573195812.032,279,263,None,Move,browsing
1573195812.038,275,264,None,Move,browsing
1573195812.044,275,266,None,Move,browsing
1573195812.051,275,267,None,Move,browsing
1573195812.14,275,267,Left,Pressed,browsing
1573195812.2510002,275,267,Left,Released,browsing
1573195818.975,275,267,None,Move,browsing
1573195818.9910002,275,269,None,Move,browsing
1573195818.9989998,275,270,None,Move,browsing
1573195819.024,276,271,None,Move,browsing
1573195819.032,277,272,None,Move,browsing
1573195819.039,277,273,None,Move,browsing
1573195819.056,280,275,None,Move,browsing
1573195819.064,281,276,None,Move,browsing
1573195819.072,282,277,None,Move,browsing
1573195819.079,283,278,None,Move,browsing
1573195819.0879998,285,281,None,Move,browsing
1573195819.096,286,281,None,Move,browsing
1573195819.104,287,282,None,Move,browsing
1573195819.1120002,288,284,None,Move,browsing
1573195819.119,290,287,None,Move,browsing
1573195819.1279998,291,288,None,Move,browsing
1573195819.1360002,293,290,None,Move,browsing
1573195819.144,295,294,None,Move,browsing
1573195819.1520002,296,294,None,Move,browsing
1573195819.159,297,297,None,Move,browsing
1573195819.168,300,301,None,Move,browsing
1573195819.175,301,302,None,Move,browsing
1573195819.184,302,304,None,Move,browsing
1573195819.1920002,305,306,None,Move,browsing
1573195819.216,307,309,None,Move,browsing
1573195819.2229998,309,312,None,Move,browsing
1573195819.231,310,314,None,Move,browsing
1573195819.2389998,312,318,None,Move,browsing
1573195819.2470002,314,322,None,Move,browsing
1573195819.256,315,323,None,Move,browsing
1573195819.2629998,317,324,None,Move,browsing
1573195819.272,320,327,None,Move,browsing
1573195819.279,320,328,None,Move,browsing
1573195819.2870002,321,329,None,Move,browsing
1573195819.296,322,331,None,Move,browsing
1573195819.304,325,335,None,Move,browsing
1573195819.311,325,336,None,Move,browsing
1573195819.319,328,339,None,Move,browsing
1573195819.3279998,329,340,None,Move,browsing
1573195819.336,330,341,None,Move,browsing
1573195819.344,332,344,None,Move,browsing
1573195819.3520002,333,345,None,Move,browsing
1573195819.359,333,346,None,Move,browsing
1573195819.3679998,333,347,None,Move,browsing
1573195819.3760002,335,348,None,Move,browsing
1573195819.3839998,337,352,None,Move,browsing
1573195819.3920002,338,354,None,Move,browsing
1573195819.399,340,357,None,Move,browsing
1573195819.408,340,357,None,Move,browsing
1573195819.416,341,361,None,Move,browsing
1573195819.424,342,361,None,Move,browsing
1573195819.431,343,363,None,Move,browsing
1573195819.439,344,364,None,Move,browsing
1573195819.447,345,366,None,Move,browsing
1573195819.456,346,367,None,Move,browsing
1573195819.464,346,369,None,Move,browsing
1573195819.472,348,370,None,Move,browsing
1573195819.479,349,371,None,Move,browsing
1573195819.488,350,372,None,Move,browsing
1573195819.496,350,375,None,Move,browsing
1573195819.504,351,377,None,Move,browsing
1573195819.5110002,352,381,None,Move,browsing
1573195819.519,354,382,None,Move,browsing
1573195819.528,354,384,None,Move,browsing
1573195819.535,355,386,None,Move,browsing
1573195819.543,355,386,None,Move,browsing
1573195819.551,355,388,None,Move,browsing
1573195819.559,356,391,None,Move,browsing
1573195819.5670002,359,394,None,Move,browsing
1573195819.576,360,395,None,Move,browsing
1573195819.583,360,398,None,Move,browsing
1573195819.592,360,399,None,Move,browsing
1573195819.6160002,361,399,None,Move,browsing
1573195819.664,361,401,None,Move,browsing
1573195819.6720002,361,402,None,Move,browsing
1573195819.679,362,404,None,Move,browsing
1573195819.687,362,405,None,Move,browsing
1573195819.695,364,407,None,Move,browsing
1573195819.7029998,364,408,None,Move,browsing
1573195819.728,364,409,None,Move,browsing
1573195819.736,365,411,None,Move,browsing
1573195819.7429998,365,412,None,Move,browsing
1573195819.7589998,366,414,None,Move,browsing
1573195819.7670002,366,415,None,Move,browsing
1573195819.775,366,416,None,Move,browsing
1573195819.784,366,418,None,Move,browsing
1573195819.792,368,420,None,Move,browsing
1573195819.799,369,422,None,Move,browsing
1573195819.8079998,370,425,None,Move,browsing
1573195819.815,370,428,None,Move,browsing
1573195819.824,372,433,None,Move,browsing
1573195819.831,372,434,None,Move,browsing
1573195819.839,373,437,None,Move,browsing
1573195819.847,374,439,None,Move,browsing
1573195819.855,374,443,None,Move,browsing
1573195819.863,375,448,None,Move,browsing
1573195819.8720002,375,453,None,Move,browsing
1573195819.879,376,459,None,Move,browsing
1573195819.8879998,377,463,None,Move,browsing
1573195819.896,377,466,None,Move,browsing
1573195819.904,377,470,None,Move,browsing
1573195819.9120002,378,474,None,Move,browsing
1573195819.919,379,477,None,Move,browsing
1573195819.927,379,479,None,Move,browsing
1573195819.935,380,483,None,Move,browsing
1573195819.944,381,487,None,Move,browsing
1573195819.951,381,490,None,Move,browsing
1573195819.959,381,491,None,Move,browsing
1573195819.967,382,494,None,Move,browsing
1573195819.976,382,496,None,Move,browsing
1573195819.9829998,383,498,None,Move,browsing
1573195819.992,384,501,None,Move,browsing
1573195819.9989998,385,504,None,Move,browsing
1573195820.008,386,506,None,Move,browsing
1573195820.015,387,508,None,Move,browsing
1573195820.0229998,388,510,None,Move,browsing
1573195820.031,388,513,None,Move,browsing
1573195820.039,389,515,None,Move,browsing
1573195820.0470002,390,516,None,Move,browsing
1573195820.056,391,518,None,Move,browsing
1573195820.064,392,521,None,Move,browsing
1573195820.072,392,521,None,Move,browsing
1573195820.079,392,523,None,Move,browsing
1573195820.0879998,393,525,None,Move,browsing
1573195821.435,393,526,None,Move,browsing
1573195821.444,393,527,None,Move,browsing
1573195821.451,395,530,None,Move,browsing
1573195821.459,396,531,None,Move,browsing
1573195821.467,398,534,None,Move,browsing
1573195821.476,399,536,None,Move,browsing
1573195821.4829998,400,537,None,Move,browsing
1573195821.4910002,400,539,None,Move,browsing
1573195821.4989998,401,543,None,Move,browsing
1573195821.5070002,401,544,None,Move,browsing
1573195821.515,401,545,None,Move,browsing
1573195821.5229998,401,548,None,Move,browsing
1573195821.532,401,549,None,Move,browsing
1573195821.54,401,552,None,Move,browsing
1573195821.548,401,555,None,Move,browsing
1573195821.556,401,556,None,Move,browsing
1573195821.619,402,557,None,Move,browsing
1573195821.627,402,558,None,Move,browsing
1573195821.635,402,559,None,Move,browsing
1573195821.643,403,561,None,Move,browsing
1573195821.651,404,563,None,Move,browsing
1573195821.659,404,563,None,Move,browsing
1573195821.691,405,565,None,Move,browsing
1573195821.699,405,566,None,Move,browsing
1573195837.091,405,567,None,Move,browsing
1573195837.099,405,568,None,Move,browsing
1573195837.107,406,570,None,Move,browsing
1573195837.115,408,573,None,Move,browsing
1573195837.123,410,576,None,Move,browsing
1573195837.131,413,579,None,Move,browsing
1573195837.139,416,582,None,Move,browsing
1573195837.147,417,583,None,Move,browsing
1573195837.156,418,586,None,Move,browsing
1573195837.163,420,589,None,Move,browsing
1573195837.1720002,421,591,None,Move,browsing
1573195837.179,421,591,None,Move,browsing
1573195838.204,422,592,None,Move,browsing
1573195838.219,423,594,None,Move,browsing
1573195838.228,423,595,None,Move,browsing
1573195838.236,426,601,None,Move,browsing
1573195838.244,429,610,None,Move,browsing
1573195838.252,435,622,None,Move,browsing
1573195838.2589998,442,637,None,Move,browsing
1573195838.268,452,660,None,Move,browsing
1573195838.276,463,688,None,Move,browsing
1573195838.283,477,721,None,Move,browsing
1573195838.291,491,753,None,Move,browsing
1573195838.3,505,785,None,Move,browsing
1573195838.3070002,517,819,None,Move,browsing
1573195838.315,531,851,None,Move,browsing
1573195838.324,543,880,None,Move,browsing
1573195838.332,552,904,None,Move,browsing
1573195838.339,558,925,None,Move,browsing
1573195838.3479998,562,941,None,Move,browsing
1573195838.355,565,952,None,Move,browsing
1573195838.3639998,566,958,None,Move,browsing
1573195838.371,566,962,None,Move,browsing
1573195838.379,566,964,None,Move,browsing
1573195838.387,566,967,None,Move,browsing
1573195838.396,566,970,None,Move,browsing
1573195838.403,566,970,None,Move,browsing
1573195838.4120002,566,972,None,Move,browsing
1573195838.424,566,973,None,Move,browsing
1573195838.429,566,975,None,Move,browsing
1573195838.435,565,978,None,Move,browsing
1573195838.4420002,563,980,None,Move,browsing
1573195838.451,559,984,None,Move,browsing
1573195838.459,556,986,None,Move,browsing
1573195838.467,552,988,None,Move,browsing
1573195838.476,551,988,None,Move,browsing
1573195838.4829998,549,991,None,Move,browsing
1573195838.4910002,546,993,None,Move,browsing
1573195838.4989998,543,994,None,Move,browsing
1573195838.508,543,994,None,Move,browsing
1573195838.516,540,996,None,Move,browsing
1573195838.524,539,997,None,Move,browsing
1573195838.532,537,999,None,Move,browsing
1573195838.539,534,1000,None,Move,browsing
1573195838.548,532,1001,None,Move,browsing
1573195838.555,531,1001,None,Move,browsing
1573195838.564,530,1002,None,Move,browsing
1573195838.571,528,1003,None,Move,browsing
1573195838.579,527,1004,None,Move,browsing
1573195838.587,525,1006,None,Move,browsing
1573195838.595,524,1007,None,Move,browsing
1573195838.603,523,1012,None,Move,browsing
1573195838.611,520,1015,None,Move,browsing
1573195838.619,520,1020,None,Move,browsing
1573195838.627,520,1023,None,Move,browsing
1573195838.635,520,1028,None,Move,browsing
1573195838.643,520,1034,None,Move,browsing
1573195838.651,520,1039,None,Move,browsing
1573195838.659,520,1039,None,Move,browsing
1573195838.667,520,1043,None,Move,browsing
1573195838.675,520,1044,None,Move,browsing
1573195838.6829998,520,1044,None,Move,browsing
1573195838.691,520,1046,None,Move,browsing
1573195838.699,520,1046,None,Move,browsing
1573195838.707,520,1051,None,Move,browsing
1573195838.715,520,1054,None,Move,browsing
1573195838.7229998,521,1056,None,Move,browsing
1573195838.731,522,1060,None,Move,browsing
1573195838.7389998,524,1064,None,Move,browsing
1573195838.7470002,526,1068,None,Move,browsing
1573195838.755,528,1072,None,Move,browsing
1573195838.7629998,530,1074,None,Move,browsing
1573195838.771,531,1075,None,Move,browsing
1573195838.779,532,1077,None,Move,browsing
1573195838.7870002,532,1078,None,Move,browsing
1573195838.907,532,1078,Left,Pressed,browsing
1573195839.036,532,1078,Left,Released,browsing
1573195839.456,532,1079,None,Move,file system
1573195839.471,533,1079,None,Move,file system
1573195839.479,533,1078,None,Move,file system
1573195839.519,533,1075,None,Move,file system
1573195839.5270002,533,1074,None,Move,file system
1573195839.5670002,533,1073,None,Move,file system
1573195839.575,533,1072,None,Move,file system
1573195839.63,533,1070,None,Move,file system
1573195839.6379998,533,1069,None,Move,file system
1573195839.663,533,1067,None,Move,file system
1573195839.671,533,1065,None,Move,file system
1573195839.679,534,1063,None,Move,file system
1573195839.687,535,1061,None,Move,file system
1573195839.695,535,1060,None,Move,file system
1573195839.7029998,536,1058,None,Move,file system
1573195839.711,536,1055,None,Move,file system
1573195839.719,536,1055,None,Move,file system
1573195839.7270002,537,1052,None,Move,file system
1573195839.735,538,1049,None,Move,file system
1573195839.7429998,540,1047,None,Move,file system
1573195839.752,541,1044,None,Move,file system
1573195839.7589998,542,1040,None,Move,file system
1573195839.7670002,544,1036,None,Move,file system
1573195839.775,545,1032,None,Move,file system
1573195839.783,547,1029,None,Move,file system
1573195839.791,549,1025,None,Move,file system
1573195839.799,551,1021,None,Move,file system
1573195839.8079998,554,1015,None,Move,file system
1573195839.816,556,1012,None,Move,file system
1573195839.824,558,1008,None,Move,file system
1573195839.831,560,1004,None,Move,file system
1573195839.839,562,1002,None,Move,file system
1573195839.8479998,564,999,None,Move,file system
1573195839.855,566,996,None,Move,file system
1573195839.863,568,993,None,Move,file system
1573195839.8720002,569,991,None,Move,file system
1573195839.879,570,990,None,Move,file system
1573195839.887,571,988,None,Move,file system
1573195839.896,571,987,None,Move,file system
1573195839.904,573,985,None,Move,file system
1573195839.9120002,574,983,None,Move,file system
1573195839.919,576,981,None,Move,file system
1573195839.928,576,981,None,Move,file system
1573195839.935,577,979,None,Move,file system
1573195839.944,578,977,None,Move,file system
1573195839.951,579,976,None,Move,file system
1573195839.959,579,975,None,Move,file system
1573195840.048,579,974,None,Move,file system
1573195840.079,579,973,Left,Pressed,file system
1573195840.079,579,973,None,Drag,file system
1573195840.086,579,972,None,Drag,file system
1573195840.086,579,972,Left,Released,file system
1573195840.399,579,971,None,Move,office
1573195840.417,579,970,None,Move,office
1573195840.4329998,579,969,None,Move,office
1573195840.464,579,967,None,Move,office
1573195840.472,579,967,None,Move,office
1573195840.48,579,966,None,Move,office
1573195840.4870002,577,964,None,Move,office
1573195840.495,576,962,None,Move,office
1573195840.504,575,961,None,Move,office
1573195840.512,574,960,None,Move,office
1573195840.528,572,960,None,Move,office
1573195840.535,571,959,None,Move,office
1573195840.575,568,959,None,Move,office
1573195840.583,567,959,None,Move,office
1573195840.591,565,959,None,Move,office
1573195840.599,560,959,None,Move,office
1573195840.607,557,959,None,Move,office
1573195840.615,555,961,None,Move,office
1573195840.623,552,962,None,Move,office
1573195840.631,551,962,None,Move,office
1573195840.639,550,963,None,Move,office
1573195842.235,549,961,None,Move,office
1573195842.2429998,549,961,None,Move,office
1573195842.2510002,549,957,None,Move,office
1573195842.2589998,549,956,None,Move,office
1573195842.476,549,954,None,Move,office
1573195842.4829998,549,953,None,Move,office
1573195842.4910002,553,949,None,Move,office
1573195842.4989998,556,947,None,Move,office
1573195842.508,561,942,None,Move,office
1573195842.515,569,937,None,Move,office
1573195842.524,578,931,None,Move,office
1573195842.532,586,923,None,Move,office
1573195842.539,592,917,None,Move,office
1573195842.548,597,909,None,Move,office
1573195842.556,601,903,None,Move,office
1573195842.564,604,898,None,Move,office
1573195842.572,606,892,None,Move,office
1573195842.579,608,888,None,Move,office
1573195842.5879998,611,882,None,Move,office
1573195842.596,612,874,None,Move,office
1573195842.604,613,867,None,Move,office
1573195842.6120002,614,858,None,Move,office
1573195842.619,615,849,None,Move,office
1573195842.627,617,841,None,Move,office
1573195842.6360002,618,832,None,Move,office
1573195842.644,619,824,None,Move,office
1573195842.6520002,622,812,None,Move,office
1573195842.659,623,800,None,Move,office
1573195842.668,624,788,None,Move,office
1573195842.676,627,774,None,Move,office
1573195842.684,628,763,None,Move,office
1573195842.6920002,630,751,None,Move,office
1573195842.699,631,741,None,Move,office
1573195842.708,634,729,None,Move,office
1573195842.716,636,714,None,Move,office
1573195842.724,638,697,None,Move,office
1573195842.732,639,680,None,Move,office
1573195842.7389998,641,664,None,Move,office
1573195842.748,641,649,None,Move,office
1573195842.756,641,634,None,Move,office
1573195842.764,641,619,None,Move,office
1573195842.772,641,604,None,Move,office
1573195842.779,639,589,None,Move,office
1573195842.788,636,574,None,Move,office
1573195842.796,632,562,None,Move,office
1573195842.804,628,548,None,Move,office
1573195842.812,624,537,None,Move,office
1573195842.819,622,530,None,Move,office
1573195842.8279998,620,523,None,Move,office
1573195842.836,619,521,None,Move,office
1573195842.844,619,518,None,Move,office
1573195842.851,618,516,None,Move,office
1573195842.8639998,617,512,None,Move,office
1573195842.87,617,511,None,Move,office
1573195842.8760002,617,508,None,Move,office
1573195842.8839998,617,507,None,Move,office
1573195842.8920002,616,506,None,Move,office
1573195842.899,616,505,None,Move,office
1573195842.907,616,503,None,Move,office
1573195842.916,616,502,None,Move,office
1573195842.924,616,500,None,Move,office
1573195842.9320002,616,499,None,Move,office
1573195842.955,616,497,None,Move,office
1573195842.964,616,496,None,Move,office
1573195842.971,616,495,None,Move,office
1573195842.979,616,494,None,Move,office
1573195842.9870002,616,493,None,Move,office
1573195842.996,616,491,None,Move,office
1573195843.004,616,490,None,Move,office
1573195843.019,616,488,None,Move,office
1573195843.028,616,487,None,Move,office
1573195843.371,616,489,None,Move,office
1573195843.3779998,616,489,None,Move,office
1573195843.387,616,492,None,Move,office
1573195843.395,617,493,None,Move,office
1573195843.4020002,617,494,None,Move,office
1573195843.411,617,497,None,Move,office
1573195843.419,617,499,None,Move,office
1573195843.428,617,500,None,Move,office
1573195843.732,618,502,None,Move,office
1573195843.752,621,504,None,Move,office
1573195843.762,621,504,None,Move,office
1573195843.768,624,504,None,Move,office
1573195843.7729998,626,507,None,Move,office
1573195843.779,627,507,None,Move,office
1573195843.788,629,509,None,Move,office
1573195843.796,631,511,None,Move,office
1573195843.804,634,515,None,Move,office
1573195843.812,637,516,None,Move,office
1573195843.819,640,519,None,Move,office
1573195843.8279998,643,523,None,Move,office
1573195843.835,643,524,None,Move,office
1573195843.844,645,525,None,Move,office
1573195843.8520002,646,526,None,Move,office
1573195844.2429998,647,526,None,Move,office
1573195844.291,647,526,None,Move,office
1573195844.611,648,525,None,Move,office
1573195844.619,649,524,None,Move,office
1573195844.627,650,524,None,Move,office
1573195844.635,652,523,None,Move,office
1573195844.659,655,521,None,Move,office
1573195844.668,656,521,None,Move,office
1573195844.676,656,520,None,Move,office
1573195844.708,657,519,None,Move,office
1573195844.728,658,518,None,Move,office
1573195844.744,659,516,None,Move,office
1573195844.752,660,515,None,Move,office
1573195844.7589998,661,515,None,Move,office
1573195844.7670002,662,514,None,Move,office
1573195845.056,662,515,None,Move,office
1573195845.066,662,516,None,Move,office
1573195845.4629998,662,517,None,Move,office
1573195845.479,662,517,None,Move,office
1573195845.4870002,661,516,None,Move,office
1573195845.495,658,515,None,Move,office
1573195845.5029998,658,515,None,Move,office
1573195845.5110002,653,512,None,Move,office
1573195845.519,652,511,None,Move,office
1573195845.5270002,650,511,None,Move,office
1573195845.535,648,509,None,Move,office
1573195845.543,647,509,None,Move,office
1573195845.551,646,507,None,Move,office
1573195845.559,644,506,None,Move,office
1573195845.5679998,642,505,None,Move,office
1573195845.576,642,505,None,Move,office
1573195845.583,639,504,None,Move,office
1573195845.592,638,502,None,Move,office
1573195845.599,638,501,None,Move,office
1573195845.639,637,500,None,Move,office
1573195845.6479998,636,499,None,Move,office
1573195846.016,635,498,None,Move,office
1573195846.455,635,498,None,Move,office
1573195846.871,634,498,None,Move,office
1573195846.92,634,497,None,Move,office
1573195846.984,634,496,None,Move,office
1573195846.9989998,634,494,None,Move,office
1573195847.008,634,493,None,Move,office
1573195847.016,634,492,None,Move,office
1573195847.032,634,492,None,Move,office
1573195847.256,634,489,None,Move,office
1573195847.2670002,634,488,None,Move,office
1573195847.272,633,486,None,Move,office
1573195847.278,632,485,None,Move,office
1573195847.2870002,632,485,None,Move,office
1573195847.296,631,483,None,Move,office
1573195847.304,631,481,None,Move,office
1573195847.312,631,481,None,Move,office
1573195847.319,631,477,None,Move,office
1573195847.3279998,631,477,None,Move,office
1573195847.836,630,474,None,Move,office
1573195847.857,629,474,None,Move,office
1573195847.867,628,473,None,Move,office
1573195848.107,628,473,None,Move,office
1573195848.587,628,471,None,Move,office
1573195848.595,628,471,None,Move,office
1573195848.603,628,470,None,Move,office
1573195848.611,628,468,None,Move,office
1573195848.619,628,468,None,Move,office
1573195848.635,629,467,None,Move,office
1573195849.076,629,466,None,Move,office
1573195849.091,629,465,None,Move,office
1573195849.1079998,629,463,None,Move,office
1573195849.1160002,629,462,None,Move,office
1573195849.2510002,629,460,None,Move,office
1573195849.272,629,459,None,Move,office
1573195849.331,629,459,None,Move,office
1573195849.4120002,627,459,None,Move,office
1573195849.419,626,459,None,Move,office
1573195849.427,623,459,None,Move,office
1573195849.435,620,459,None,Move,office
1573195849.4429998,620,459,None,Move,office
1573195849.451,616,459,None,Move,office
1573195849.459,616,459,None,Move,office
1573195849.467,613,459,None,Move,office
1573195849.476,610,462,None,Move,office
1573195849.4829998,610,463,None,Move,office
1573195850.2429998,612,462,None,Move,office
1573195850.2510002,613,461,None,Move,office
1573195850.2589998,634,456,None,Move,office
1573195850.2670002,660,451,None,Move,office
1573195850.275,737,430,None,Move,office
1573195850.283,832,406,None,Move,office
1573195850.291,936,381,None,Move,office
1573195850.299,1059,356,None,Move,office
1573195850.3070002,1197,327,None,Move,office
1573195850.315,1335,290,None,Move,office
1573195850.3279998,1490,246,None,Move,office
1573195850.334,1655,193,None,Move,office
1573195850.34,1827,140,None,Move,office
1573195850.347,2000,68,None,Move,office
1573195850.355,2079,-12,None,Move,office
1573195850.363,2066,-82,None,Move,office
1573195850.3720002,2051,-91,None,Move,office
1573195850.379,2030,-80,None,Move,office
1573195850.387,2021,-76,None,Move,office
1573195850.395,2001,-66,None,Move,office
1573195850.404,1981,-51,None,Move,office
1573195850.411,1958,-37,None,Move,office
1573195850.419,1939,-23,None,Move,office
1573195850.428,1927,-10,None,Move,office
1573195850.532,1919,0,Left,Pressed,office
1573195850.6160002,1919,0,Left,Released,office
1573195850.663,1918,1,None,Move,browsing
1573195850.691,1912,8,None,Move,browsing
1573195850.7029998,1907,14,None,Move,browsing
1573195850.711,1901,23,None,Move,browsing
1573195850.724,1891,36,None,Move,browsing
1573195850.734,1879,50,None,Move,browsing
1573195850.742,1858,75,None,Move,browsing
1573195850.752,1798,140,None,Move,browsing
1573195850.758,1761,179,None,Move,browsing
1573195850.769,1715,223,None,Move,browsing
1573195850.774,1663,267,None,Move,browsing
1573195850.783,1604,313,None,Move,browsing
1573195850.79,1540,356,None,Move,browsing
1573195850.8,1472,403,None,Move,browsing
1573195850.8070002,1399,448,None,Move,browsing
1573195850.822,1322,490,None,Move,browsing
1573195850.833,1160,570,None,Move,browsing
1573195850.839,1074,602,None,Move,browsing
1573195850.847,996,628,None,Move,browsing
1573195850.855,925,649,None,Move,browsing
1573195850.863,861,666,None,Move,browsing
1573195850.871,807,680,None,Move,browsing
1573195850.879,767,688,None,Move,browsing
1573195850.887,734,694,None,Move,browsing
1573195850.901,708,699,None,Move,browsing
1573195850.909,689,702,None,Move,browsing
1573195850.916,674,705,None,Move,browsing
1573195850.921,662,706,None,Move,browsing
1573195850.927,652,708,None,Move,browsing
1573195850.935,645,709,None,Move,browsing
1573195850.9429998,644,709,None,Move,browsing
1573195850.9829998,643,709,None,Move,browsing
1573195851.002,638,709,None,Move,browsing
1573195851.0110002,635,709,None,Move,browsing
1573195851.02,630,709,None,Move,browsing
1573195851.029,627,709,None,Move,browsing
1573195851.036,623,709,None,Move,browsing
1573195851.042,617,709,None,Move,browsing
1573195851.048,605,709,None,Move,browsing
1573195851.056,590,709,None,Move,browsing
1573195851.063,569,708,None,Move,browsing
1573195851.071,544,705,None,Move,browsing
1573195851.08,513,697,None,Move,browsing
1573195851.087,486,688,None,Move,browsing
1573195851.095,454,676,None,Move,browsing
1573195851.103,426,665,None,Move,browsing
1573195851.111,400,652,None,Move,browsing
1573195851.119,377,640,None,Move,browsing
1573195851.127,360,629,None,Move,browsing
1573195851.135,347,618,None,Move,browsing
1573195851.143,338,605,None,Move,browsing
1573195851.151,329,591,None,Move,browsing
1573195851.159,322,578,None,Move,browsing
1573195851.167,317,564,None,Move,browsing
1573195851.176,314,552,None,Move,browsing
1573195851.1829998,312,543,None,Move,browsing
1573195851.1920002,311,534,None,Move,browsing
1573195851.199,309,529,None,Move,browsing
1573195851.207,309,525,None,Move,browsing
1573195851.215,309,523,None,Move,browsing
1573195851.224,309,522,None,Move,browsing
1573195851.231,309,521,None,Move,browsing
1573195851.2389998,309,519,None,Move,browsing
1573195851.2470002,309,518,None,Move,browsing
1573195851.303,309,517,None,Move,browsing
1573195851.311,309,517,None,Move,browsing
1573195851.319,309,516,None,Move,browsing
1573195851.336,310,514,None,Move,browsing
1573195851.344,310,514,None,Move,browsing
1573195851.3520002,312,512,None,Move,browsing
1573195851.359,312,511,None,Move,browsing
1573195851.3679998,314,510,None,Move,browsing
1573195851.3760002,315,509,None,Move,browsing
1573195851.3839998,315,507,None,Move,browsing
1573195851.3920002,319,505,None,Move,browsing
1573195851.399,321,505,None,Move,browsing
1573195851.408,327,499,None,Move,browsing
1573195851.416,334,494,None,Move,browsing
1573195851.424,337,492,None,Move,browsing
1573195851.4320002,344,488,None,Move,browsing
1573195851.439,353,481,None,Move,browsing
1573195851.448,364,471,None,Move,browsing
1573195851.456,376,460,None,Move,browsing
1573195851.4629998,389,449,None,Move,browsing
1573195851.471,403,438,None,Move,browsing
1573195851.478,418,426,None,Move,browsing
1573195851.4870002,434,412,None,Move,browsing
1573195851.495,451,393,None,Move,browsing
1573195851.5029998,463,376,None,Move,browsing
1573195851.5110002,470,360,None,Move,browsing
1573195851.519,475,346,None,Move,browsing
1573195851.532,477,336,None,Move,browsing
1573195851.538,478,323,None,Move,browsing
1573195851.543,478,313,None,Move,browsing
1573195851.551,477,304,None,Move,browsing
1573195851.559,473,296,None,Move,browsing
1573195851.5670002,467,290,None,Move,browsing
1573195851.576,461,286,None,Move,browsing
1573195851.583,457,283,None,Move,browsing
1573195851.592,450,281,None,Move,browsing
1573195851.599,439,277,None,Move,browsing
1573195851.6079998,429,273,None,Move,browsing
1573195851.615,417,271,None,Move,browsing
1573195851.6239998,403,268,None,Move,browsing
1573195851.631,390,265,None,Move,browsing
1573195851.639,378,264,None,Move,browsing
1573195851.6479998,366,262,None,Move,browsing
1573195851.655,354,261,None,Move,browsing
1573195851.663,343,260,None,Move,browsing
1573195851.6720002,332,260,None,Move,browsing
1573195851.679,322,260,None,Move,browsing
1573195851.688,314,260,None,Move,browsing
1573195851.696,306,260,None,Move,browsing
1573195851.704,299,260,None,Move,browsing
1573195851.712,292,260,None,Move,browsing
1573195851.719,287,260,None,Move,browsing
1573195851.728,280,260,None,Move,browsing
1573195851.736,273,260,None,Move,browsing
1573195851.744,266,259,None,Move,browsing
1573195851.752,259,258,None,Move,browsing
1573195851.7589998,252,256,None,Move,browsing
1573195851.768,247,255,None,Move,browsing
1573195851.776,240,253,None,Move,browsing
1573195851.784,234,252,None,Move,browsing
1573195851.792,227,249,None,Move,browsing
1573195851.799,220,247,None,Move,browsing
1573195851.8079998,213,245,None,Move,browsing
1573195851.816,205,241,None,Move,browsing
1573195851.824,198,236,None,Move,browsing
1573195851.832,190,232,None,Move,browsing
1573195851.839,183,228,None,Move,browsing
1573195851.849,176,225,None,Move,browsing
1573195851.856,170,220,None,Move,browsing
1573195851.863,164,215,None,Move,browsing
1573195851.8720002,159,212,None,Move,browsing
1573195851.879,155,207,None,Move,browsing
1573195851.887,150,203,None,Move,browsing
1573195851.895,147,199,None,Move,browsing
1573195851.903,145,194,None,Move,browsing
1573195851.91,144,191,None,Move,browsing
1573195851.919,143,187,None,Move,browsing
1573195851.927,142,183,None,Move,browsing
1573195851.935,142,181,None,Move,browsing
1573195851.9429998,139,178,None,Move,browsing
1573195851.952,138,178,None,Move,browsing
1573195851.959,138,175,None,Move,browsing
1573195851.968,138,175,None,Move,browsing
1573195851.974,138,173,None,Move,browsing
1573195851.9829998,138,171,None,Move,browsing
1573195851.9910002,138,171,None,Move,browsing
1573195852.104,138,171,Left,Pressed,browsing
1573195852.215,138,171,Left,Released,browsing
1573195855.7270002,139,171,None,Move,browsing
1573195855.735,140,171,None,Move,browsing
1573195855.7429998,154,171,None,Move,browsing
1573195855.7510002,170,171,None,Move,browsing
1573195855.7589998,213,171,None,Move,browsing
1573195855.7670002,274,171,None,Move,browsing
1573195855.775,348,171,None,Move,browsing
1573195855.783,436,171,None,Move,browsing
1573195855.791,534,171,None,Move,browsing
1573195855.799,645,171,None,Move,browsing
1573195855.8070002,763,171,None,Move,browsing
1573195855.815,878,171,None,Move,browsing
1573195855.824,996,171,None,Move,browsing
1573195855.831,1104,171,None,Move,browsing
1573195855.839,1208,171,None,Move,browsing
1573195855.847,1306,171,None,Move,browsing
1573195855.856,1394,171,None,Move,browsing
1573195855.863,1461,171,None,Move,browsing
1573195855.871,1516,171,None,Move,browsing
1573195855.879,1556,171,None,Move,browsing
1573195855.887,1577,171,None,Move,browsing
1573195855.895,1589,171,None,Move,browsing
1573195856.111,1589,170,None,Move,browsing
1573195856.127,1588,170,None,Move,browsing
1573195856.137,1585,170,None,Move,browsing
1573195856.1479998,1583,170,None,Move,browsing
1573195856.157,1580,170,None,Move,browsing
1573195856.165,1575,170,None,Move,browsing
1573195856.1720002,1572,170,None,Move,browsing
1573195856.177,1568,170,None,Move,browsing
1573195856.1829998,1563,170,None,Move,browsing
1573195856.191,1558,170,None,Move,browsing
1573195856.199,1553,170,None,Move,browsing
1573195856.207,1548,170,None,Move,browsing
1573195856.215,1543,170,None,Move,browsing
1573195856.2229998,1539,170,None,Move,browsing
1573195856.232,1535,170,None,Move,browsing
1573195856.2389998,1534,170,None,Move,browsing
1573195856.2470002,1533,170,None,Move,browsing
1573195856.255,1531,170,None,Move,browsing
1573195856.2629998,1530,170,None,Move,browsing
1573195856.271,1526,170,None,Move,browsing
1573195856.279,1525,170,None,Move,browsing
1573195856.2870002,1525,170,None,Move,browsing
1573195856.295,1521,170,None,Move,browsing
1573195856.303,1521,170,None,Move,browsing
1573195856.319,1520,170,None,Move,browsing
1573195856.327,1519,170,None,Move,browsing
1573195856.335,1518,170,None,Move,browsing
1573195856.343,1517,170,None,Move,browsing
1573195856.615,1517,170,Left,Pressed,browsing
1573195856.695,1517,170,Left,Released,browsing
1573195856.7429998,1516,170,None,Move,office
1573195856.7510002,1515,170,None,Move,office
1573195856.775,1511,170,None,Move,office
1573195856.783,1510,170,None,Move,office
1573195856.799,1506,171,None,Move,office
1573195856.809,1496,173,None,Move,office
1573195856.815,1492,175,None,Move,office
1573195856.823,1488,176,None,Move,office
1573195856.832,1480,178,None,Move,office
1573195856.839,1464,183,None,Move,office
1573195856.847,1443,187,None,Move,office
1573195856.856,1412,195,None,Move,office
1573195856.863,1372,205,None,Move,office
1573195856.8720002,1328,216,None,Move,office
1573195856.879,1278,228,None,Move,office
1573195856.8879998,1221,240,None,Move,office
1573195856.896,1161,252,None,Move,office
1573195856.904,1099,261,None,Move,office
1573195856.9120002,1035,273,None,Move,office
1573195856.919,973,283,None,Move,office
1573195856.927,906,295,None,Move,office
1573195856.935,836,308,None,Move,office
1573195856.9429998,766,320,None,Move,office
1573195856.951,693,338,None,Move,office
1573195856.959,615,356,None,Move,office
1573195856.967,542,374,None,Move,office
1573195856.975,471,394,None,Move,office
1573195856.9829998,406,414,None,Move,office
1573195856.9910002,349,431,None,Move,office
1573195856.9989998,298,447,None,Move,office
1573195857.0070002,257,460,None,Move,office
1573195857.015,222,470,None,Move,office
1573195857.0229998,197,481,None,Move,office
1573195857.032,179,489,None,Move,office
1573195857.039,167,494,None,Move,office
1573195857.0470002,157,499,None,Move,office
1573195857.056,157,500,None,Move,office
1573195857.064,156,501,None,Move,office
1573195857.175,156,501,None,Move,office
1573195857.191,156,502,None,Move,office
1573195857.207,157,503,None,Move,office
1573195857.215,160,504,None,Move,office
1573195857.2229998,164,505,None,Move,office
1573195857.231,171,505,None,Move,office
1573195857.2389998,179,505,None,Move,office
1573195857.248,192,506,None,Move,office
1573195857.256,207,506,None,Move,office
1573195857.2629998,228,506,None,Move,office
1573195857.271,248,506,None,Move,office
1573195857.279,276,506,None,Move,office
1573195857.2870002,300,506,None,Move,office
1573195857.295,320,506,None,Move,office
1573195857.303,338,506,None,Move,office
1573195857.311,355,506,None,Move,office
1573195857.3179998,367,506,None,Move,office
1573195857.327,375,506,None,Move,office
1573195857.399,376,506,None,Move,office
1573195857.479,376,505,None,Move,office
1573195857.4870002,376,504,None,Move,office
1573195857.495,376,503,None,Move,office
1573195857.5029998,376,502,None,Move,office
1573195857.5110002,376,500,None,Move,office
1573195857.519,376,497,None,Move,office
1573195857.5270002,376,494,None,Move,office
1573195857.535,376,493,None,Move,office
1573195857.544,376,488,None,Move,office
1573195857.551,376,485,None,Move,office
1573195857.559,376,483,None,Move,office
1573195857.5670002,376,480,None,Move,office
1573195857.576,376,478,None,Move,office
1573195857.583,376,475,None,Move,office
1573195857.591,376,472,None,Move,office
1573195857.599,376,471,None,Move,office
1573195857.607,376,468,None,Move,office
1573195857.615,377,467,None,Move,office
1573195857.656,378,465,None,Move,office
1573195857.666,378,464,Left,Pressed,office
1573195857.666,378,464,None,Drag,office
1573195857.673,379,466,None,Drag,office
1573195857.679,380,470,None,Drag,office
1573195857.688,382,472,None,Drag,office
1573195857.695,384,474,None,Drag,office
1573195857.7029998,385,476,None,Drag,office
1573195857.711,385,477,None,Drag,office
1573195857.711,385,477,Left,Released,office
1573195857.783,385,477,None,Move,office
1573195857.791,385,478,None,Move,office
1573195857.799,383,478,None,Move,office
1573195857.8070002,383,478,None,Move,office
1573195857.815,379,480,None,Move,office
1573195857.823,377,482,None,Move,office
1573195857.831,376,482,None,Move,office
1573195857.839,375,482,None,Move,office
1573195857.863,374,482,None,Move,office
1573195857.879,373,482,None,Move,office
1573195857.887,372,482,None,Move,office
1573195858.039,369,482,None,Move,office
1573195858.0470002,368,482,None,Move,office
1573195858.059,367,482,None,Move,office
1573195858.075,365,482,None,Move,office
1573195858.083,364,482,None,Move,office
1573195858.091,363,482,None,Move,office
1573195858.099,360,482,None,Move,office
1573195858.107,359,482,None,Move,office
1573195858.115,355,482,None,Move,office
1573195858.123,353,482,None,Move,office
1573195858.1320002,350,485,None,Move,office
1573195858.146,349,488,None,Move,office
1573195858.157,346,495,None,Move,office
1573195858.165,342,501,None,Move,office
1573195858.173,337,510,None,Move,office
1573195858.179,332,519,None,Move,office
1573195858.187,327,529,None,Move,office
1573195858.196,320,540,None,Move,office
1573195858.2029998,313,552,None,Move,office
1573195858.212,306,565,None,Move,office
1573195858.22,299,575,None,Move,office
1573195858.229,294,586,None,Move,office
1573195858.235,289,598,None,Move,office
1573195858.2429998,282,611,None,Move,office
1573195858.252,276,623,None,Move,office
1573195858.2589998,271,638,None,Move,office
1573195858.268,265,653,None,Move,office
1573195858.275,259,673,None,Move,office
1573195858.284,253,694,None,Move,office
1573195858.291,248,717,None,Move,office
1573195858.299,241,738,None,Move,office
1573195858.3070002,235,759,None,Move,office
1573195858.315,229,780,None,Move,office
1573195858.3279998,223,797,None,Move,office
1573195858.333,215,816,None,Move,office
1573195858.339,209,831,None,Move,office
1573195858.347,205,846,None,Move,office
1573195858.355,201,860,None,Move,office
1573195858.363,197,874,None,Move,office
1573195858.371,193,886,None,Move,office
1573195858.379,189,896,None,Move,office
1573195858.387,185,907,None,Move,office
1573195858.395,181,917,None,Move,office
1573195858.403,176,928,None,Move,office
1573195858.4120002,172,938,None,Move,office
1573195858.419,168,947,None,Move,office
1573195858.427,164,956,None,Move,office
1573195858.435,163,958,None,Move,office
1573195858.4429998,162,959,None,Move,office
1573195858.492,161,960,None,Move,office
1573195858.4989998,158,962,None,Move,office
1573195858.508,157,964,None,Move,office
1573195858.515,155,967,None,Move,office
1573195858.5229998,153,972,None,Move,office
1573195858.531,151,975,None,Move,office
1573195858.539,148,979,None,Move,office
1573195858.5470002,145,982,None,Move,office
1573195858.556,143,985,None,Move,office
1573195858.563,142,986,None,Move,office
1573195858.572,141,988,None,Move,office
1573195858.579,141,989,None,Move,office
1573195858.6360002,140,989,None,Move,office
1573195858.651,138,989,None,Move,office
1573195858.659,136,989,None,Move,office
1573195858.667,133,989,None,Move,office
1573195858.676,129,989,None,Move,office
1573195858.684,125,989,None,Move,office
1573195858.691,123,989,None,Move,office
1573195858.699,118,989,None,Move,office
1573195858.708,115,989,None,Move,office
1573195858.715,111,989,None,Move,office
1573195858.7229998,107,989,None,Move,office
1573195858.732,106,989,None,Move,office
1573195858.7389998,102,989,None,Move,office
1573195858.7470002,100,989,None,Move,office
1573195858.755,99,989,None,Move,office
1573195858.7629998,97,989,None,Move,office
1573195858.772,97,989,None,Move,office
1573195858.811,96,989,None,Move,office
1573195858.819,94,989,None,Move,office
1573195858.939,94,989,Left,Pressed,office
1573195859.02,94,989,Left,Released,office
1573195860.2670002,94,989,None,Move,office
1573195860.283,94,989,None,Move,office
1573195860.291,94,988,None,Move,office
1573195860.299,94,988,None,Move,office
1573195860.3070002,95,986,None,Move,office
1573195860.315,95,985,None,Move,office
1573195860.7670002,96,985,None,Move,office
1573195861.0229998,98,986,None,Move,office
1573195861.031,98,990,None,Move,office
1573195861.039,98,993,None,Move,office
1573195861.0470002,98,995,None,Move,office
1573195861.055,98,1002,None,Move,office
1573195861.063,98,1012,None,Move,office
1573195861.071,99,1025,None,Move,office
1573195861.079,102,1040,None,Move,office
1573195861.087,104,1057,None,Move,office
1573195861.095,106,1074,None,Move,office
1573195861.103,108,1090,None,Move,office
1573195861.11,110,1094,None,Move,office
1573195861.119,112,1091,None,Move,office
1573195861.127,113,1089,None,Move,office
1573195861.135,114,1086,None,Move,office
1573195861.143,115,1086,None,Move,office
1573195861.151,116,1083,None,Move,office
1573195861.159,116,1080,None,Move,office
1573195861.167,116,1081,None,Move,office
1573195861.175,116,1080,None,Move,office
1573195861.215,116,1081,None,Move,office
1573195861.2229998,116,1080,None,Move,office
1573195861.231,116,1082,None,Move,office
1573195861.2389998,116,1080,None,Move,office
1573195861.2629998,116,1080,None,Move,office
1573195861.3579998,115,1078,None,Move,office
1573195861.3660002,115,1078,None,Move,office
1573195861.375,115,1077,None,Move,office
1573195861.391,115,1075,None,Move,office
1573195861.399,115,1073,None,Move,office
1573195861.407,115,1072,None,Move,office
1573195861.415,115,1070,None,Move,office
1573195861.423,114,1067,None,Move,office
1573195861.431,114,1066,None,Move,office
1573195861.504,114,1066,None,Move,office
1573195861.5110002,114,1065,None,Move,office
1573195861.519,113,1064,None,Move,office
1573195861.711,113,1064,Left,Pressed,office
1573195861.8079998,113,1064,Left,Released,office
1573195861.824,113,1064,None,Move,office
1573195861.903,112,1064,None,Move,file system
1573195861.911,112,1063,None,Move,file system
1573195861.92,112,1062,None,Move,file system
1573195861.935,112,1061,None,Move,file system
1573195861.9429998,112,1060,None,Move,file system
1573195861.951,113,1059,None,Move,file system
1573195861.959,114,1058,None,Move,file system
1573195861.967,115,1058,None,Move,file system
1573195861.975,116,1058,None,Move,file system
1573195861.9829998,117,1057,None,Move,file system
1573195861.9989998,118,1057,None,Move,file system
1573195862.0070002,119,1056,None,Move,file system
1573195862.079,120,1055,None,Move,file system
1573195862.095,121,1055,None,Move,file system
1573195862.111,122,1053,None,Move,file system
1573195862.119,123,1052,None,Move,file system
1573195862.1279998,124,1052,None,Move,file system
1573195862.1360002,127,1052,None,Move,file system
1573195862.144,132,1050,None,Move,file system
1573195862.1520002,135,1050,None,Move,file system
1573195862.159,139,1050,None,Move,file system
1573195862.168,144,1047,None,Move,file system
1573195862.175,149,1047,None,Move,file system
1573195862.1829998,154,1047,None,Move,file system
1573195862.191,160,1046,None,Move,file system
1573195862.199,164,1043,None,Move,file system
1573195862.207,170,1042,None,Move,file system
1573195862.216,173,1042,None,Move,file system
1573195862.2229998,175,1040,None,Move,file system
1573195862.231,177,1040,None,Move,file system
1573195862.2389998,178,1039,None,Move,file system
1573195862.248,180,1038,None,Move,file system
1573195862.256,183,1037,None,Move,file system
1573195862.2629998,184,1035,None,Move,file system
1573195862.272,186,1033,None,Move,file system
1573195862.279,186,1032,None,Move,file system
1573195862.288,187,1032,None,Move,file system
1573195862.367,189,1030,None,Move,file system
1573195862.38,189,1029,None,Move,file system
1573195862.39,190,1029,None,Move,file system
1573195862.4020002,191,1026,None,Move,file system
1573195862.426,192,1024,None,Move,file system
1573195862.4329998,193,1023,None,Move,file system
1573195862.439,194,1019,None,Move,file system
1573195862.448,195,1017,None,Move,file system
1573195862.456,197,1016,None,Move,file system
1573195862.543,197,1016,Left,Pressed,file system
1573195862.543,197,1016,None,Drag,file system
1573195862.543,197,1016,Left,Released,file system
1573195867.151,197,1015,None,Move,file system
1573195867.343,197,1012,None,Move,file system
1573195867.3639998,199,1011,None,Move,file system
1573195867.3760002,200,1011,None,Move,file system
1573195867.391,200,1011,None,Move,file system
1573195867.399,201,1010,None,Move,file system
1573195867.407,202,1009,None,Move,file system
1573195867.415,202,1009,None,Move,file system
1573195867.423,204,1008,None,Move,file system
1573195867.43,205,1007,None,Move,file system
1573195867.439,208,1005,None,Move,file system
1573195867.447,212,1004,None,Move,file system
1573195867.455,215,1003,None,Move,file system
1573195867.462,217,1001,None,Move,file system
1573195867.471,218,1000,None,Move,file system
1573195867.479,220,998,None,Move,file system
1573195867.4870002,221,997,None,Move,file system
1573195867.495,224,994,None,Move,file system
1573195867.504,225,992,None,Move,file system
1573195867.5110002,229,987,None,Move,file system
1573195867.519,230,981,None,Move,file system
1573195867.528,231,976,None,Move,file system
1573195867.535,232,970,None,Move,file system
1573195867.544,232,963,None,Move,file system
1573195867.552,234,958,None,Move,file system
1573195867.559,234,956,None,Move,file system
1573195867.5670002,234,954,None,Move,file system
1573195867.576,234,953,None,Move,file system
1573195872.595,234,952,None,Move,file system
1573195872.988,236,946,None,Move,file system
1573195872.998,237,946,None,Move,file system
1573195873.004,238,941,None,Move,file system
1573195873.012,239,941,None,Move,file system
1573195873.036,239,941,None,Move,file system
1573195873.052,240,941,None,Move,file system
1573195873.059,242,941,None,Move,file system
1573195873.099,244,939,None,Move,file system
1573195873.107,244,936,None,Move,file system
1573195873.115,246,930,None,Move,file system
1573195873.123,246,927,None,Move,file system
1573195873.1320002,246,919,None,Move,file system
1573195873.139,246,909,None,Move,file system
1573195873.1479998,247,907,None,Move,file system
1573195873.156,251,907,None,Move,file system
1573195873.164,262,903,None,Move,file system
1573195873.1720002,281,897,None,Move,file system
1573195873.179,297,894,None,Move,file system
1573195873.188,297,893,None,Move,file system
1573195873.3720002,309,891,None,Move,file system
1573195873.379,309,890,None,Move,file system
1573195873.3879998,323,883,None,Move,file system
1573195873.395,336,878,None,Move,file system
1573195873.404,348,870,None,Move,file system
1573195873.4120002,350,868,None,Move,file system
1573195873.419,350,865,None,Move,file system
1573195873.427,350,860,None,Move,file system
1573195873.436,349,858,None,Move,file system
1573195873.444,344,851,None,Move,file system
1573195873.452,341,843,None,Move,file system
1573195873.459,335,834,None,Move,file system
1573195873.467,333,822,None,Move,file system
1573195873.476,330,810,None,Move,file system
1573195873.4829998,327,795,None,Move,file system
1573195873.492,326,780,None,Move,file system
1573195873.4989998,325,762,None,Move,file system
1573195873.508,325,742,None,Move,file system
1573195873.516,325,721,None,Move,file system
1573195873.524,325,700,None,Move,file system
1573195873.532,323,679,None,Move,file system
1573195873.539,322,657,None,Move,file system
1573195873.548,319,641,None,Move,file system
1573195873.556,316,624,None,Move,file system
1573195873.564,313,607,None,Move,file system
1573195873.571,310,592,None,Move,file system
1573195873.579,309,577,None,Move,file system
1573195873.587,306,563,None,Move,file system
1573195873.596,305,552,None,Move,file system
1573195873.603,302,540,None,Move,file system
1573195873.6120002,301,528,None,Move,file system
1573195873.619,300,518,None,Move,file system
1573195873.6279998,299,509,None,Move,file system
1573195873.635,297,502,None,Move,file system
1573195873.643,296,495,None,Move,file system
1573195873.651,295,490,None,Move,file system
1573195873.659,294,486,None,Move,file system
1573195873.668,294,485,None,Move,file system
1573195873.676,292,483,None,Move,file system
1573195873.684,292,481,None,Move,file system
1573195873.691,292,480,None,Move,file system
1573195873.699,292,478,None,Move,file system
1573195873.724,292,474,None,Move,file system
1573195873.732,291,472,None,Move,file system
1573195873.74,291,471,None,Move,file system
1573195873.748,291,467,None,Move,file system
1573195873.756,290,466,None,Move,file system
1573195873.764,290,465,None,Move,file system
1573195873.772,290,462,None,Move,file system
1573195873.779,290,459,None,Move,file system
1573195873.788,288,455,None,Move,file system
1573195873.796,287,452,None,Move,file system
1573195873.804,287,450,None,Move,file system
1573195873.812,287,447,None,Move,file system
1573195873.819,287,444,None,Move,file system
1573195873.827,286,440,None,Move,file system
1573195873.835,286,437,None,Move,file system
1573195873.843,286,434,None,Move,file system
1573195873.851,286,432,None,Move,file system
1573195873.859,286,430,None,Move,file system
1573195873.8679998,286,429,None,Move,file system
1573195873.8760002,286,426,None,Move,file system
1573195873.8839998,284,421,None,Move,file system
1573195873.891,283,420,None,Move,file system
1573195873.899,283,419,None,Move,file system
1573195873.908,283,416,None,Move,file system
1573195873.916,283,414,None,Move,file system
1573195873.924,283,414,None,Move,file system
1573195873.9320002,283,413,None,Move,file system
1573195873.947,283,410,None,Move,file system
1573195873.956,283,409,None,Move,file system
1573195873.964,283,407,None,Move,file system
1573195873.972,283,406,None,Move,file system
1573195873.979,283,403,None,Move,file system
1573195873.988,283,403,None,Move,file system
1573195873.995,283,401,None,Move,file system
1573195874.004,283,400,None,Move,file system
1573195874.2510002,283,402,None,Move,file system
1573195874.2589998,283,403,None,Move,file system
1573195874.2670002,283,404,None,Move,file system
1573195874.275,283,406,None,Move,file system
1573195874.283,284,408,None,Move,file system
1573195874.291,285,412,None,Move,file system
1573195874.299,286,418,None,Move,file system
1573195874.3070002,287,422,None,Move,file system
1573195874.3179998,288,427,None,Move,file system
1573195874.327,289,436,None,Move,file system
1573195874.336,291,447,None,Move,file system
1573195874.344,292,459,None,Move,file system
1573195874.3520002,293,473,None,Move,file system
1573195874.359,295,486,None,Move,file system
1573195874.367,296,498,None,Move,file system
1573195874.375,297,508,None,Move,file system
1573195874.3839998,297,518,None,Move,file system
1573195874.391,297,527,None,Move,file system
1573195874.399,299,537,None,Move,file system
1573195874.408,300,550,None,Move,file system
1573195874.416,301,567,None,Move,file system
1573195874.424,303,588,None,Move,file system
1573195874.4320002,304,612,None,Move,file system
1573195874.439,306,637,None,Move,file system
1573195874.447,306,661,None,Move,file system
1573195874.455,306,682,None,Move,file system
1573195874.4629998,306,697,None,Move,file system
1573195874.472,306,705,None,Move,file system
1573195875.319,308,708,None,Move,file system
1573195875.327,309,709,None,Move,file system
1573195875.335,310,709,None,Move,file system
1573195875.343,312,706,None,Move,file system
1573195875.351,315,701,None,Move,file system
1573195875.359,320,693,None,Move,file system
1573195875.367,327,686,None,Move,file system
1573195875.3760002,333,679,None,Move,file system
1573195875.383,341,673,None,Move,file system
1573195875.391,348,667,None,Move,file system
1573195875.399,356,662,None,Move,file system
1573195875.408,363,657,None,Move,file system
1573195875.415,371,653,None,Move,file system
1573195875.424,378,651,None,Move,file system
1573195875.4320002,382,650,None,Move,file system
1573195875.439,382,650,None,Move,file system
1573195892.447,384,649,None,Move,file system
1573195892.455,385,649,None,Move,file system
1573195892.559,385,647,None,Move,file system
1573195892.5670002,386,645,None,Move,file system
1573195892.576,386,644,None,Move,file system
1573195892.583,386,642,None,Move,file system
1573195892.591,386,638,None,Move,file system
1573195892.599,383,634,None,Move,file system
1573195892.607,383,627,None,Move,file system
1573195892.615,383,625,None,Move,file system
1573195892.623,383,617,None,Move,file system
1573195892.6320002,383,607,None,Move,file system
1573195892.639,382,594,None,Move,file system
1573195892.647,378,577,None,Move,file system
1573195892.655,372,559,None,Move,file system
1573195892.664,365,536,None,Move,file system
1573195892.6720002,356,508,None,Move,file system
1573195892.679,352,497,None,Move,file system
1573195892.687,345,480,None,Move,file system
1573195892.696,334,454,None,Move,file system
1573195892.702,323,429,None,Move,file system
1573195892.711,315,410,None,Move,file system
1573195892.719,310,397,None,Move,file system
1573195892.728,307,390,None,Move,file system
1573195892.7389998,307,388,None,Move,file system
1573195892.7470002,307,387,None,Move,file system
1573195892.755,307,386,None,Move,file system
1573195892.899,307,389,None,Move,file system
1573195892.919,307,390,None,Move,file system
1573195892.93,307,394,None,Move,file system
1573195892.938,307,396,None,Move,file system
1573195892.944,306,399,None,Move,file system
1573195892.95,306,403,None,Move,file system
1573195892.955,305,407,None,Move,file system
1573195892.9629998,304,409,None,Move,file system
1573195892.972,304,411,None,Move,file system
1573195893.0270002,304,414,None,Move,file system
1573195893.041,304,414,Left,Pressed,file system
1573195893.041,304,414,None,Drag,file system
1573195893.048,304,417,None,Drag,file system
1573195893.055,304,419,None,Drag,file system
1573195893.061,304,423,None,Drag,file system
1573195893.0670002,305,426,None,Drag,file system
1573195893.155,305,428,None,Drag,file system
1573195893.166,305,428,None,Drag,file system
1573195893.166,305,428,Left,Released,file system
1573195895.415,306,430,None,Move,office
1573195895.426,307,431,None,Move,office
1573195895.436,309,433,None,Move,office
1573195895.446,314,436,None,Move,office
1573195895.454,324,442,None,Move,office
1573195895.4629998,358,456,None,Move,office
1573195895.471,387,468,None,Move,office
1573195895.479,419,482,None,Move,office
1573195895.4870002,454,496,None,Move,office
1573195895.495,489,508,None,Move,office
1573195895.5029998,520,520,None,Move,office
1573195895.5170002,546,531,None,Move,office
1573195895.5270002,578,544,None,Move,office
1573195895.5370002,587,549,None,Move,office
1573195895.549,594,553,None,Move,office
1573195895.559,600,557,None,Move,office
1573195895.566,605,561,None,Move,office
1573195895.574,609,566,None,Move,office
1573195895.582,614,572,None,Move,office
1573195895.589,619,578,None,Move,office
1573195895.6,624,588,None,Move,office
1573195895.611,625,590,None,Move,office
1573195895.619,626,593,None,Move,office
1573195895.639,626,596,None,Move,office
1573195895.647,626,597,None,Move,office
1573195895.655,627,599,None,Move,office
1573195895.663,627,600,None,Move,office
1573195895.671,628,602,None,Move,office
1573195895.679,628,605,None,Move,office
1573195895.687,628,607,None,Move,office
1573195895.696,628,610,None,Move,office
1573195895.7029998,628,614,None,Move,office
1573195895.711,628,617,None,Move,office
1573195895.719,628,619,None,Move,office
1573195895.7270002,628,624,None,Move,office
1573195895.735,628,628,None,Move,office
1573195895.7429998,628,633,None,Move,office
1573195895.7510002,628,641,None,Move,office
1573195895.7589998,628,653,None,Move,office
1573195895.768,628,666,None,Move,office
1573195895.776,628,680,None,Move,office
1573195895.784,628,693,None,Move,office
1573195895.792,628,706,None,Move,office
1573195895.801,628,716,None,Move,office
1573195895.809,628,725,None,Move,office
1573195895.8170002,629,732,None,Move,office
1573195895.826,630,737,None,Move,office
1573195895.837,632,740,None,Move,office
1573195895.851,637,742,None,Move,office
1573195895.867,646,742,None,Move,office
1573195895.8820002,663,733,None,Move,office
1573195895.904,710,708,None,Move,office
1573195895.911,733,695,None,Move,office
1573195895.919,756,683,None,Move,office
1573195895.927,782,670,None,Move,office
1573195895.935,811,654,None,Move,office
1573195895.952,873,622,None,Move,office
1573195895.966,906,606,None,Move,office
1573195895.98,969,572,None,Move,office
1573195895.994,1010,544,None,Move,office
1573195896.005,1021,533,None,Move,office
1573195896.0129998,1029,522,None,Move,office
1573195896.02,1034,513,None,Move,office
1573195896.025,1038,503,None,Move,office
1573195896.031,1039,494,None,Move,office
1573195896.039,1041,486,None,Move,office
1573195896.0470002,1041,477,None,Move,office
1573195896.055,1040,467,None,Move,office
1573195896.063,1039,457,None,Move,office
1573195896.071,1036,443,None,Move,office
1573195896.079,1034,431,None,Move,office
1573195896.087,1032,418,None,Move,office
1573195896.095,1031,404,None,Move,office
1573195896.103,1031,390,None,Move,office
1573195896.111,1031,373,None,Move,office
1573195896.119,1031,360,None,Move,office
1573195896.127,1037,347,None,Move,office
1573195896.135,1040,340,None,Move,office
1573195896.143,1044,333,None,Move,office
1573195896.151,1045,329,None,Move,office
1573195896.16,1047,326,None,Move,office
1573195896.167,1047,325,None,Move,office
1573195896.1820002,1049,323,None,Move,office
1573195896.191,1049,322,None,Move,office
1573195896.199,1051,321,None,Move,office
1573195896.207,1055,320,None,Move,office
1573195896.215,1059,317,None,Move,office
1573195896.2229998,1063,317,None,Move,office
1573195896.238,1068,314,None,Move,office
1573195896.248,1077,314,None,Move,office
1573195896.255,1081,312,None,Move,office
1573195896.2629998,1084,312,None,Move,office
1573195896.271,1089,312,None,Move,office
1573195896.279,1096,312,None,Move,office
1573195896.2870002,1106,312,None,Move,office
1573195896.295,1116,312,None,Move,office
1573195896.303,1127,312,None,Move,office
1573195896.311,1141,312,None,Move,office
1573195896.319,1156,313,None,Move,office
1573195896.327,1172,314,None,Move,office
1573195896.335,1189,317,None,Move,office
1573195896.342,1206,318,None,Move,office
1573195896.35,1223,321,None,Move,office
1573195896.3579998,1239,325,None,Move,office
1573195896.367,1253,327,None,Move,office
1573195896.375,1265,328,None,Move,office
1573195896.383,1273,328,None,Move,office
1573195896.391,1281,328,None,Move,office
1573195896.399,1287,328,None,Move,office
1573195896.407,1290,328,None,Move,office
1573195896.415,1292,328,None,Move,office
1573195896.423,1295,328,None,Move,office
1573195896.431,1300,328,None,Move,office
1573195896.439,1305,328,None,Move,office
1573195896.447,1310,327,None,Move,office
1573195896.455,1313,327,None,Move,office
1573195896.4629998,1317,326,None,Move,office
1573195896.471,1323,323,None,Move,office
1573195896.479,1326,322,None,Move,office
1573195896.4870002,1330,321,None,Move,office
1573195896.495,1334,319,None,Move,office
1573195896.502,1336,318,None,Move,office
1573195896.512,1338,316,None,Move,office
1573195896.519,1340,315,None,Move,office
1573195896.5270002,1341,313,None,Move,office
1573195896.535,1341,311,None,Move,office
1573195896.543,1344,308,None,Move,office
1573195896.551,1347,302,None,Move,office
1573195896.559,1347,299,None,Move,office
1573195896.5670002,1348,295,None,Move,office
1573195896.575,1350,288,None,Move,office
1573195896.583,1351,281,None,Move,office
1573195896.599,1352,264,None,Move,office
1573195896.607,1352,256,None,Move,office
1573195896.615,1352,248,None,Move,office
1573195896.623,1352,238,None,Move,office
1573195896.639,1352,224,None,Move,office
1573195896.6479998,1352,217,None,Move,office
1573195896.655,1352,210,None,Move,office
1573195896.663,1352,209,None,Move,office
1573195896.671,1351,204,None,Move,office
1573195896.678,1351,200,None,Move,office
1573195896.686,1351,197,None,Move,office
1573195896.695,1351,194,None,Move,office
1573195896.704,1351,194,None,Move,office
1573195896.716,1350,192,None,Move,office
1573195896.7270002,1350,190,None,Move,office
1573195896.735,1350,189,None,Move,office
1573195896.7429998,1350,187,None,Move,office
1573195896.756,1350,186,None,Move,office
1573195896.764,1350,184,None,Move,office
1573195896.772,1350,182,None,Move,office
1573195896.779,1350,179,None,Move,office
1573195896.784,1350,177,None,Move,office
1573195896.791,1350,175,None,Move,office
1573195896.799,1356,168,None,Move,office
1573195896.812,1362,163,None,Move,office
1573195896.821,1365,161,None,Move,office
1573195896.829,1371,156,None,Move,office
1573195896.835,1378,149,None,Move,office
1573195896.841,1386,143,None,Move,office
1573195896.847,1392,140,None,Move,office
1573195896.855,1398,135,None,Move,office
1573195896.8620002,1405,130,None,Move,office
1573195896.87,1406,130,None,Move,office
1573195896.879,1407,129,None,Move,office
1573195896.887,1408,128,None,Move,office
1573195896.895,1409,127,None,Move,office
1573195897.127,1411,125,None,Move,office
1573195897.135,1411,124,None,Move,office
1573195897.1420002,1413,124,None,Move,office
1573195897.15,1414,124,None,Move,office
1573195897.159,1414,124,None,Move,office
1573195897.167,1417,124,None,Move,office
1573195897.174,1422,121,None,Move,office
1573195897.1829998,1424,121,None,Move,office
1573195897.191,1425,120,None,Move,office
1573195897.201,1428,119,None,Move,office
1573195897.208,1432,119,None,Move,office
1573195897.216,1435,118,None,Move,office
1573195897.225,1437,115,None,Move,office
1573195897.232,1438,115,None,Move,office
1573195897.2389998,1440,115,None,Move,office
1573195897.2470002,1440,114,None,Move,office
1573195897.254,1443,114,None,Move,office
1573195897.262,1444,114,None,Move,office
1573195897.3839998,1444,114,Left,Pressed,office
1573195897.495,1444,114,Left,Released,office
1573195897.575,1444,114,None,Move,office
1573195897.587,1443,115,None,Move,office
1573195897.596,1440,117,None,Move,office
1573195897.606,1437,120,None,Move,office
1573195897.613,1436,121,None,Move,office
1573195897.625,1425,130,None,Move,office
1573195897.643,1416,142,None,Move,office
1573195897.656,1408,150,None,Move,office
1573195897.668,1404,154,None,Move,office
1573195897.675,1399,160,None,Move,office
1573195897.685,1394,168,None,Move,office
1573195897.691,1386,177,None,Move,office
1573195897.7029998,1366,204,None,Move,office
1573195897.711,1353,222,None,Move,office
1573195897.719,1338,243,None,Move,office
1573195897.728,1320,270,None,Move,office
1573195897.7370002,1300,300,None,Move,office
1573195897.746,1276,334,None,Move,office
1573195897.752,1254,365,None,Move,office
1573195897.7589998,1233,396,None,Move,office
1573195897.766,1211,424,None,Move,office
1573195897.775,1192,449,None,Move,office
1573195897.783,1174,470,None,Move,office
1573195897.791,1157,489,None,Move,office
1573195897.8,1143,505,None,Move,office
1573195897.8070002,1134,516,None,Move,office
1573195897.819,1133,516,None,Move,office
1573195898.291,1131,516,None,Move,office
1573195898.302,1131,516,None,Move,office
1573195898.3079998,1128,516,None,Move,office
1573195898.316,1123,516,None,Move,office
1573195898.324,1115,516,None,Move,office
1573195898.33,1102,516,None,Move,office
1573195898.339,1083,516,None,Move,office
1573195898.3479998,1056,516,None,Move,office
1573195898.356,1018,516,None,Move,office
1573195898.3639998,972,521,None,Move,office
1573195898.3720002,923,530,None,Move,office
1573195898.379,872,547,None,Move,office
1573195898.387,823,565,None,Move,office
1573195898.395,778,583,None,Move,office
1573195898.404,736,603,None,Move,office
1573195898.4120002,696,623,None,Move,office
1573195898.419,660,640,None,Move,office
1573195898.428,627,658,None,Move,office
1573195898.435,598,674,None,Move,office
1573195898.444,571,692,None,Move,office
1573195898.452,547,708,None,Move,office
1573195898.46,525,726,None,Move,office
1573195898.468,508,745,None,Move,office
1573195898.476,491,769,None,Move,office
1573195898.4829998,477,793,None,Move,office
1573195898.4910002,464,819,None,Move,office
1573195898.4989998,453,847,None,Move,office
1573195898.508,444,872,None,Move,office
1573195898.516,439,895,None,Move,office
1573195898.524,435,912,None,Move,office
1573195898.532,430,925,None,Move,office
1573195898.539,428,937,None,Move,office
1573195898.548,427,946,None,Move,office
1573195898.555,425,953,None,Move,office
1573195898.564,425,957,None,Move,office
1573195898.572,425,957,None,Move,office
1573195898.579,425,959,None,Move,office
1573195898.587,425,959,None,Move,office
1573195898.596,425,960,None,Move,office
1573195898.604,425,963,None,Move,office
1573195898.611,425,965,None,Move,office
1573195898.619,425,966,None,Move,office
1573195898.627,425,966,None,Move,office
1573195898.635,422,970,None,Move,office
1573195898.643,420,972,None,Move,office
1573195898.651,419,973,None,Move,office
1573195898.659,418,975,None,Move,office
1573195898.668,417,975,None,Move,office
1573195898.675,414,976,None,Move,office
1573195898.684,410,977,None,Move,office
1573195898.6920002,404,979,None,Move,office
1573195898.699,399,981,None,Move,office
1573195898.707,395,982,None,Move,office
1573195898.716,392,982,None,Move,office
1573195898.724,391,983,None,Move,office
1573195898.7389998,388,983,None,Move,office
1573195898.748,387,983,None,Move,office
1573195898.756,387,983,None,Move,office
1573195898.764,385,983,None,Move,office
1573195898.899,382,985,None,Move,office
1573195898.921,377,989,None,Move,office
1573195898.931,374,990,None,Move,office
1573195898.936,371,993,None,Move,office
1573195898.945,368,996,None,Move,office
1573195898.951,365,997,None,Move,office
1573195898.957,361,1002,None,Move,office
1573195898.9629998,358,1006,None,Move,office
1573195898.972,353,1009,None,Move,office
1573195898.979,349,1014,None,Move,office
1573195898.988,346,1017,None,Move,office
1573195898.996,344,1018,None,Move,office
1573195899.004,343,1019,None,Move,office
1573195899.012,343,1021,None,Move,office
1573195899.019,342,1021,None,Move,office
1573195899.028,341,1023,None,Move,office
1573195899.036,340,1024,None,Move,office
1573195899.044,340,1024,None,Move,office
1573195899.052,339,1025,None,Move,office
1573195899.059,338,1028,None,Move,office
1573195899.0670002,338,1028,None,Move,office
1573195899.076,337,1029,None,Move,office
1573195899.084,334,1031,None,Move,office
1573195899.092,334,1032,None,Move,office
1573195899.099,332,1032,None,Move,office
1573195899.107,330,1035,None,Move,office
1573195899.1160002,327,1038,None,Move,office
1573195899.1239998,327,1039,None,Move,office
1573195899.1320002,325,1040,None,Move,office
1573195899.139,323,1043,None,Move,office
1573195899.1479998,321,1045,None,Move,office
1573195899.187,317,1048,None,Move,office
1573195899.195,317,1049,None,Move,office
1573195899.2029998,315,1051,None,Move,office
1573195899.211,314,1052,None,Move,office
1573195899.218,312,1053,None,Move,office
1573195899.2270002,311,1053,None,Move,office
1573195899.236,309,1053,None,Move,office
1573195899.2429998,306,1053,None,Move,office
1573195899.252,301,1055,None,Move,office
1573195899.2589998,295,1056,None,Move,office
1573195899.268,291,1057,None,Move,office
1573195899.275,288,1057,None,Move,office
1573195899.284,284,1058,None,Move,office
1573195899.292,279,1058,None,Move,office
1573195899.299,274,1058,None,Move,office
1573195899.3070002,270,1058,None,Move,office
1573195899.315,266,1059,None,Move,office
1573195899.323,264,1059,None,Move,office
1573195899.332,263,1059,None,Move,office
1573195899.339,259,1060,None,Move,office
1573195899.347,258,1061,None,Move,office
1573195899.355,257,1061,None,Move,office
1573195899.3639998,257,1061,None,Move,office
1573195899.371,255,1061,None,Move,office
1573195899.7389998,252,1061,None,Move,office
1573195899.7470002,252,1061,None,Move,office
1573195899.755,251,1058,None,Move,office
1573195899.7629998,249,1056,None,Move,office
1573195899.771,247,1052,None,Move,office
1573195899.779,245,1045,None,Move,office
1573195899.7870002,242,1031,None,Move,office
1573195899.795,238,1014,None,Move,office
1573195899.803,235,996,None,Move,office
1573195899.811,232,977,None,Move,office
1573195899.827,229,960,None,Move,office
1573195899.835,226,945,None,Move,office
1573195899.843,225,933,None,Move,office
1573195899.851,224,923,None,Move,office
1573195899.859,223,916,None,Move,office
1573195899.867,223,914,None,Move,office
1573195899.8760002,223,910,None,Move,office
1573195899.883,222,909,None,Move,office
1573195899.891,222,907,None,Move,office
1573195899.899,222,906,None,Move,office
1573195900.059,221,906,None,Move,office
1573195900.083,220,907,None,Move,office
1573195900.094,220,912,None,Move,office
1573195900.1120002,218,929,None,Move,office
1573195900.12,217,941,None,Move,office
1573195900.1260002,216,954,None,Move,office
1573195900.1339998,214,966,None,Move,office
1573195900.139,213,976,None,Move,office
1573195900.147,212,986,None,Move,office
1573195900.155,212,995,None,Move,office
1573195900.163,212,1001,None,Move,office
1573195900.171,212,1005,None,Move,office
1573195900.179,210,1009,None,Move,office
1573195900.187,209,1012,None,Move,office
1573195900.195,208,1015,None,Move,office
1573195900.219,208,1016,None,Move,office
1573195900.2270002,207,1019,None,Move,office
1573195900.235,206,1022,None,Move,office
1573195900.2429998,204,1024,None,Move,office
1573195900.2510002,203,1027,None,Move,office
1573195900.2589998,203,1030,None,Move,office
1573195900.2670002,202,1031,None,Move,office
1573195900.275,201,1033,None,Move,office
1573195900.283,199,1036,None,Move,office
1573195900.291,199,1037,None,Move,office
1573195900.299,198,1038,None,Move,office
1573195900.3070002,198,1039,None,Move,office
1573195900.315,197,1040,None,Move,office
1573195900.323,197,1041,None,Move,office
1573195900.331,194,1044,None,Move,office
1573195900.339,194,1044,None,Move,office
1573195900.347,193,1046,None,Move,office
1573195900.355,192,1047,None,Move,office
1573195900.363,192,1049,None,Move,office
1573195900.371,190,1052,None,Move,office
1573195900.379,190,1053,None,Move,office
1573195900.427,190,1053,None,Move,office
1573195900.444,190,1054,None,Move,office
1573195900.459,190,1056,None,Move,office
1573195900.467,189,1056,None,Move,office
1573195900.475,189,1059,None,Move,office
1573195900.4829998,189,1059,None,Move,office
1573195900.555,189,1060,None,Move,office
1573195900.563,189,1060,None,Move,office
1573195900.571,189,1060,None,Move,office
1573195900.579,190,1059,None,Move,office
1573195900.587,193,1059,None,Move,office
1573195900.595,196,1057,None,Move,office
1573195900.603,200,1052,None,Move,office
1573195900.611,205,1046,None,Move,office
1573195900.619,208,1044,None,Move,office
1573195900.627,212,1038,None,Move,office
1573195900.635,223,1027,None,Move,office
1573195900.643,236,1005,None,Move,office
1573195900.651,256,978,None,Move,office
1573195900.659,281,938,None,Move,office
1573195900.667,302,904,None,Move,office
1573195900.675,317,874,None,Move,office
1573195900.6829998,329,855,None,Move,office
1573195900.6920002,335,841,None,Move,office
1573195900.699,337,834,None,Move,office
1573195900.708,338,827,None,Move,office
1573195900.715,338,825,None,Move,office
1573195900.7229998,338,821,None,Move,office
1573195900.731,338,820,None,Move,office
1573195900.7389998,337,819,None,Move,office
1573195900.748,336,817,None,Move,office
1573195900.755,334,816,None,Move,office
1573195900.7629998,332,816,None,Move,office
1573195900.771,332,816,None,Move,office
1573195900.779,329,816,None,Move,office
1573195900.7870002,329,816,None,Move,office
1573195900.795,327,816,None,Move,office
1573195900.803,326,816,None,Move,office
1573195900.811,324,816,None,Move,office
1573195900.819,320,816,None,Move,office
1573195900.832,317,816,None,Move,office
1573195900.839,316,817,None,Move,office
1573195900.847,310,819,None,Move,office
1573195900.855,308,820,None,Move,office
1573195900.863,304,821,None,Move,office
1573195900.8720002,300,823,None,Move,office
1573195900.879,296,825,None,Move,office
1573195900.887,293,826,None,Move,office
1573195900.896,289,828,None,Move,office
1573195900.904,284,829,None,Move,office
1573195900.911,278,830,None,Move,office
1573195900.919,271,832,None,Move,office
1573195900.928,264,834,None,Move,office
1573195900.935,257,836,None,Move,office
1573195900.9429998,250,837,None,Move,office
1573195900.951,243,838,None,Move,office
1573195900.959,237,839,None,Move,office
1573195900.967,236,839,None,Move,office
1573195900.976,233,841,None,Move,office
1573195900.9829998,232,842,None,Move,office
1573195900.9910002,230,844,None,Move,office
1573195900.9989998,230,845,None,Move,office
1573195901.087,230,845,None,Move,office
1573195901.135,230,847,None,Move,office
1573195901.143,230,851,None,Move,office
1573195901.151,231,855,None,Move,office
1573195901.159,233,862,None,Move,office
1573195901.167,236,874,None,Move,office
1573195901.175,240,887,None,Move,office
1573195901.1829998,243,903,None,Move,office
1573195901.191,245,919,None,Move,office
1573195901.199,248,934,None,Move,office
1573195901.207,249,946,None,Move,office
1573195901.215,251,956,None,Move,office
1573195901.2229998,252,964,None,Move,office
1573195901.231,253,971,None,Move,office
1573195901.2389998,253,977,None,Move,office
1573195901.2470002,253,986,None,Move,office
1573195901.255,253,994,None,Move,office
1573195901.2629998,253,1001,None,Move,office
1573195901.271,253,1006,None,Move,office
1573195901.279,253,1011,None,Move,office
1573195901.2870002,253,1013,None,Move,office
1573195901.295,253,1015,None,Move,office
1573195901.303,252,1016,None,Move,office
1573195901.7029998,252,1016,None,Move,office
1573195901.719,252,1011,None,Move,office
1573195901.728,252,1008,None,Move,office
1573195901.736,252,1006,None,Move,office
1573195901.7429998,252,1001,None,Move,office
1573195901.7510002,252,992,None,Move,office
1573195901.7589998,252,982,None,Move,office
1573195901.768,252,967,None,Move,office
1573195901.775,252,951,None,Move,office
1573195901.784,252,933,None,Move,office
1573195901.791,252,914,None,Move,office
1573195901.799,252,896,None,Move,office
1573195901.8070002,252,878,None,Move,office
1573195901.815,252,862,None,Move,office
1573195901.823,253,845,None,Move,office
1573195901.832,254,835,None,Move,office
1573195901.839,254,833,None,Move,office
1573195901.8479998,255,830,None,Move,office
1573195901.856,255,830,None,Move,office
1573195902.024,255,830,None,Move,office
1573195902.044,255,833,None,Move,office
1573195902.059,255,838,None,Move,office
1573195902.0679998,255,843,None,Move,office
1573195902.074,256,850,None,Move,office
1573195902.08,257,859,None,Move,office
1573195902.087,259,867,None,Move,office
1573195902.096,260,876,None,Move,office
1573195902.104,261,883,None,Move,office
1573195902.111,262,888,None,Move,office
1573195902.1520002,263,891,None,Move,office
1573195902.159,263,893,None,Move,office
1573195902.312,263,893,Left,Pressed,office
1573195902.439,263,893,Left,Released,office
1573195904.051,263,895,None,Move,office
1573195904.059,263,896,None,Move,office
1573195904.0670002,263,902,None,Move,office
1573195904.075,261,909,None,Move,office
1573195904.083,259,917,None,Move,office
1573195904.091,257,925,None,Move,office
1573195904.099,256,932,None,Move,office
1573195904.107,255,939,None,Move,office
1573195904.1160002,253,946,None,Move,office
1573195904.123,252,953,None,Move,office
1573195904.1320002,252,960,None,Move,office
1573195904.139,252,966,None,Move,office
1573195904.1479998,252,973,None,Move,office
1573195904.155,252,981,None,Move,office
1573195904.164,252,985,None,Move,office
1573195904.1720002,252,989,None,Move,office
1573195904.179,252,992,None,Move,office
1573195904.188,252,992,None,Move,office
1573195904.212,252,995,None,Move,office
1573195904.219,252,995,None,Move,office
1573195904.244,252,998,None,Move,office
1573195904.252,252,999,None,Move,office
1573195904.324,252,1001,None,Move,office
1573195904.342,252,1002,None,Move,office
1573195904.354,251,1003,None,Move,office
1573195904.435,251,1003,None,Move,office
1573195904.444,251,999,None,Move,office
1573195904.451,251,993,None,Move,office
1573195904.459,251,989,None,Move,office
1573195904.468,252,981,None,Move,office
1573195904.476,255,967,None,Move,office
1573195904.484,259,946,None,Move,office
1573195904.4910002,267,912,None,Move,office
1573195904.498,279,865,None,Move,office
1573195904.508,295,814,None,Move,office
1573195904.515,311,763,None,Move,office
1573195904.522,328,705,None,Move,office
1573195904.532,342,645,None,Move,office
1573195904.539,357,585,None,Move,office
1573195904.548,368,531,None,Move,office
1573195904.556,380,478,None,Move,office
1573195904.564,387,432,None,Move,office
1573195904.572,395,398,None,Move,office
1573195904.579,398,363,None,Move,office
1573195904.587,400,338,None,Move,office
1573195904.596,402,317,None,Move,office
1573195904.603,402,298,None,Move,office
1573195904.617,402,282,None,Move,office
1573195904.6220002,402,265,None,Move,office
1573195904.627,400,250,None,Move,office
1573195904.635,396,237,None,Move,office
1573195904.643,390,223,None,Move,office
1573195904.651,385,211,None,Move,office
1573195904.659,381,200,None,Move,office
1573195904.673,377,190,None,Move,office
1573195904.679,372,181,None,Move,office
1573195904.684,368,173,None,Move,office
1573195904.691,363,166,None,Move,office
1573195904.699,360,160,None,Move,office
1573195904.707,355,152,None,Move,office
1573195904.715,350,146,None,Move,office
1573195904.7229998,347,142,None,Move,office
1573195904.731,343,136,None,Move,office
1573195904.7389998,341,132,None,Move,office
1573195904.748,337,126,None,Move,office
1573195904.755,335,120,None,Move,office
1573195904.7629998,333,113,None,Move,office
1573195904.771,329,106,None,Move,office
1573195904.779,328,97,None,Move,office
1573195904.788,325,88,None,Move,office
1573195904.795,324,81,None,Move,office
1573195904.804,323,80,None,Move,office
1573195904.812,323,77,None,Move,office
1573195904.819,322,73,None,Move,office
1573195904.8279998,322,72,None,Move,office
1573195904.836,322,70,None,Move,office
1573195904.843,322,68,None,Move,office
1573195904.8520002,320,66,None,Move,office
1573195904.86,319,65,None,Move,office
1573195904.867,317,62,None,Move,office
1573195904.8760002,315,61,None,Move,office
1573195904.883,312,61,None,Move,office
1573195904.891,308,59,None,Move,office
1573195904.899,304,58,None,Move,office
1573195904.907,299,57,None,Move,office
1573195904.915,292,57,None,Move,office
1573195904.924,283,55,None,Move,office
1573195904.9320002,271,55,None,Move,office
1573195904.939,260,55,None,Move,office
1573195904.948,250,55,None,Move,office
1573195904.956,241,55,None,Move,office
1573195904.964,233,55,None,Move,office
1573195904.972,231,55,None,Move,office
1573195904.979,231,55,None,Move,office
1573195905.059,228,55,None,Move,office
1573195905.072,228,55,None,Move,office
1573195905.107,225,53,None,Move,office
1573195905.117,224,52,None,Move,office
1573195905.1239998,224,50,None,Move,office
1573195905.1320002,224,50,None,Move,office
1573195905.139,223,49,None,Move,office
1573195905.1479998,222,48,None,Move,office
1573195905.156,221,47,None,Move,office
1573195905.164,220,46,None,Move,office
1573195905.1720002,219,45,None,Move,office
1573195905.179,219,45,None,Move,office
1573195905.187,217,42,None,Move,office
1573195905.195,217,41,None,Move,office
1573195905.2029998,216,40,None,Move,office
1573195905.211,213,38,None,Move,office
1573195905.219,213,34,None,Move,office
1573195905.2270002,211,32,None,Move,office
1573195905.235,211,32,None,Move,office
1573195905.2429998,211,30,None,Move,office
1573195905.315,211,30,None,Move,office
1573195905.331,211,28,None,Move,office
1573195905.339,211,27,None,Move,office
1573195905.379,211,26,None,Move,office
1573195905.387,212,24,None,Move,office
1573195905.411,214,24,None,Move,office
1573195905.419,215,24,None,Move,office
1573195905.428,216,24,None,Move,office
1573195905.435,217,24,None,Move,office
1573195905.444,218,24,None,Move,office
1573195905.451,220,24,None,Move,office
1573195905.476,221,24,None,Move,office
1573195905.702,221,23,Left,Pressed,office
1573195905.702,221,23,None,Drag,office
1573195905.7029998,221,23,Left,Released,office
1573195906.879,221,24,None,Move,office
1573195906.887,221,24,None,Move,office
1573195906.895,221,29,None,Move,office
1573195906.903,221,36,None,Move,office
1573195906.911,223,47,None,Move,office
1573195906.919,225,61,None,Move,office
1573195906.927,230,78,None,Move,office
1573195906.935,234,99,None,Move,office
1573195906.9429998,240,129,None,Move,office
1573195906.951,250,166,None,Move,office
1573195906.959,261,207,None,Move,office
1573195906.967,274,248,None,Move,office
1573195906.975,287,289,None,Move,office
1573195906.984,297,326,None,Move,office
1573195906.9910002,305,360,None,Move,office
1573195906.9989998,310,386,None,Move,office
1573195907.0070002,313,405,None,Move,office
1573195907.016,317,420,None,Move,office
1573195907.024,320,432,None,Move,office
1573195907.032,323,444,None,Move,office
1573195907.039,325,453,None,Move,office
1573195907.0470002,326,462,None,Move,office
1573195907.056,327,469,None,Move,office
1573195907.064,329,474,None,Move,office
1573195907.072,330,480,None,Move,office
1573195907.079,330,485,None,Move,office
1573195907.087,330,489,None,Move,office
1573195907.096,330,490,None,Move,office
1573195907.103,328,493,None,Move,office
1573195907.111,327,494,None,Move,office
1573195907.119,327,494,None,Move,office
1573195907.1360002,325,496,None,Move,office
1573195907.144,323,498,None,Move,office
1573195907.1520002,321,502,None,Move,office
1573195907.159,319,505,None,Move,office
1573195907.167,316,508,None,Move,office
1573195907.176,313,512,None,Move,office
1573195907.184,307,514,None,Move,office
1573195907.1920002,304,520,None,Move,office
1573195907.199,302,521,None,Move,office
1573195907.208,298,524,None,Move,office
1573195907.216,295,527,None,Move,office
1573195907.224,289,533,None,Move,office
1573195907.232,287,535,None,Move,office
1573195907.2389998,285,537,None,Move,office
1573195907.248,285,538,None,Move,office
1573195907.256,283,541,None,Move,office
1573195907.264,281,542,None,Move,office
1573195907.272,280,544,None,Move,office
1573195907.279,279,546,None,Move,office
1573195907.2870002,278,549,None,Move,office
1573195907.296,277,551,None,Move,office
1573195907.304,276,552,None,Move,office
1573195907.312,274,554,None,Move,office
1573195907.319,273,555,None,Move,office
1573195907.3279998,273,556,None,Move,office
1573195907.335,273,559,None,Move,office
1573195907.344,272,560,None,Move,office
1573195907.351,271,560,None,Move,office
1573195907.36,271,562,None,Move,office
1573195907.367,271,563,None,Move,office
1573195907.391,271,565,None,Move,office
1573195907.4020002,271,566,None,Move,office
1573195914.2510002,271,567,None,Move,office
1573195914.2589998,271,568,None,Move,office
1573195914.2670002,280,572,None,Move,office
1573195914.275,289,576,None,Move,office
1573195914.284,303,580,None,Move,office
1573195914.291,321,587,None,Move,office
1573195914.299,328,591,None,Move,office
1573195914.3079998,343,597,None,Move,office
1573195914.316,364,606,None,Move,office
1573195914.324,390,619,None,Move,office
1573195914.332,416,632,None,Move,office
1573195914.339,442,647,None,Move,office
1573195914.3479998,472,665,None,Move,office
1573195914.356,503,686,None,Move,office
1573195914.363,530,703,None,Move,office
1573195914.3720002,557,720,None,Move,office
1573195914.379,577,734,None,Move,office
1573195914.3879998,594,745,None,Move,office
1573195914.396,608,753,None,Move,office
1573195914.404,622,763,None,Move,office
1573195914.4120002,637,775,None,Move,office
1573195914.419,652,786,None,Move,office
1573195914.428,669,799,None,Move,office
1573195914.436,687,814,None,Move,office
1573195914.444,706,829,None,Move,office
1573195914.452,724,844,None,Move,office
1573195914.459,739,856,None,Move,office
1573195914.468,749,865,None,Move,office
1573195914.476,759,875,None,Move,office
1573195914.484,765,882,None,Move,office
1573195914.4910002,770,888,None,Move,office
1573195914.4989998,773,891,None,Move,office
1573195914.539,774,894,None,Move,office
1573195914.5470002,774,895,None,Move,office
1573195914.587,775,897,None,Move,office
1573195914.595,776,900,None,Move,office
1573195914.604,776,901,None,Move,office
1573195914.6120002,776,902,None,Move,office
1573195914.619,776,903,None,Move,office
1573195914.719,776,904,None,Move,office
1573195914.73,776,906,None,Move,office
1573195914.736,776,908,None,Move,office
1573195914.7429998,776,908,None,Move,office
1573195914.752,774,910,None,Move,office
1573195914.7589998,772,912,None,Move,office
1573195914.768,769,915,None,Move,office
1573195914.776,765,918,None,Move,office
1573195914.784,762,919,None,Move,office
1573195914.792,760,921,None,Move,office
1573195914.799,756,923,None,Move,office
1573195914.8070002,750,925,None,Move,office
1573195914.816,743,927,None,Move,office
1573195914.824,734,930,None,Move,office
1573195914.832,724,932,None,Move,office
1573195914.839,712,935,None,Move,office
1573195914.847,698,936,None,Move,office
1573195914.856,683,939,None,Move,office
1573195914.8639998,668,942,None,Move,office
1573195914.8720002,651,945,None,Move,office
1573195914.879,632,948,None,Move,office
1573195914.887,613,951,None,Move,office
1573195914.896,590,956,None,Move,office
1573195914.904,571,959,None,Move,office
1573195914.9120002,554,963,None,Move,office
1573195914.919,537,967,None,Move,office
1573195914.928,522,973,None,Move,office
1573195914.935,506,978,None,Move,office
1573195914.9429998,493,984,None,Move,office
1573195914.951,482,989,None,Move,office
1573195914.959,473,994,None,Move,office
1573195914.967,467,999,None,Move,office
1573195914.975,466,1001,None,Move,office
1573195914.9829998,464,1003,None,Move,office
1573195914.9910002,463,1006,None,Move,office
1573195914.9989998,463,1009,None,Move,office
1573195915.008,463,1010,None,Move,office
1573195915.015,463,1014,None,Move,office
1573195915.024,463,1018,None,Move,office
1573195915.032,463,1020,None,Move,office
1573195915.039,463,1022,None,Move,office
1573195915.0470002,463,1025,None,Move,office
1573195915.056,467,1029,None,Move,office
1573195915.064,472,1031,None,Move,office
1573195915.072,477,1032,None,Move,office
1573195915.079,481,1034,None,Move,office
1573195915.087,488,1036,None,Move,office
1573195915.096,497,1037,None,Move,office
1573195915.103,507,1038,None,Move,office
1573195915.1120002,522,1039,None,Move,office
1573195915.119,543,1041,None,Move,office
1573195915.127,570,1041,None,Move,office
1573195915.135,597,1041,None,Move,office
1573195915.144,635,1041,None,Move,office
1573195915.151,672,1041,None,Move,office
1573195915.159,716,1041,None,Move,office
1573195915.168,757,1041,None,Move,office
1573195915.176,801,1041,None,Move,office
1573195915.184,845,1041,None,Move,office
1573195915.191,893,1041,None,Move,office
1573195915.199,934,1041,None,Move,office
1573195915.208,978,1041,None,Move,office
1573195915.216,1019,1041,None,Move,office
1573195915.224,1056,1041,None,Move,office
1573195915.232,1093,1041,None,Move,office
1573195915.2389998,1131,1041,None,Move,office
1573195915.248,1168,1041,None,Move,office
1573195915.256,1199,1041,None,Move,office
1573195915.2629998,1230,1041,None,Move,office
1573195915.272,1254,1041,None,Move,office
1573195915.279,1278,1041,None,Move,office
1573195915.2870002,1298,1041,None,Move,office
1573195915.296,1319,1041,None,Move,office
1573195915.304,1334,1041,None,Move,office
1573195915.311,1349,1041,None,Move,office
1573195915.319,1364,1041,None,Move,office
1573195915.3279998,1374,1041,None,Move,office
1573195915.336,1384,1041,None,Move,office
1573195915.345,1392,1041,None,Move,office
1573195915.3520002,1401,1041,None,Move,office
1573195915.359,1407,1041,None,Move,office
1573195915.3679998,1412,1041,None,Move,office
1573195915.3760002,1418,1041,None,Move,office
1573195915.3839998,1422,1041,None,Move,office
1573195915.3920002,1426,1039,None,Move,office
1573195915.399,1427,1038,None,Move,office
1573195915.408,1432,1038,None,Move,office
1573195915.416,1433,1037,None,Move,office
1573195915.424,1437,1036,None,Move,office
1573195915.4320002,1437,1035,None,Move,office
1573195915.439,1439,1035,None,Move,office
1573195915.448,1439,1034,None,Move,office
1573195915.456,1442,1033,None,Move,office
1573195915.464,1443,1033,None,Move,office
1573195915.472,1444,1033,None,Move,office
1573195915.479,1445,1033,None,Move,office
1573195915.488,1446,1031,None,Move,office
1573195915.496,1447,1030,None,Move,office
1573195915.504,1449,1029,None,Move,office
1573195915.512,1449,1029,None,Move,office
1573195915.52,1451,1029,None,Move,office
1573195915.528,1452,1029,None,Move,office
1573195915.536,1452,1028,None,Move,office
1573195915.552,1452,1027,None,Move,office
1573195915.559,1452,1026,None,Move,office
1573195915.5679998,1453,1021,None,Move,office
1573195915.576,1453,1020,None,Move,office
1573195915.584,1453,1019,None,Move,office
1573195915.599,1453,1016,None,Move,office
1573195915.6079998,1453,1015,None,Move,office
1573195915.6160002,1453,1014,None,Move,office
1573195915.6239998,1453,1013,None,Move,office
1573195915.6320002,1453,1010,None,Move,office
1573195915.639,1453,1010,None,Move,office
1573195915.6479998,1453,1006,None,Move,office
1573195915.656,1453,1005,None,Move,office
1573195915.664,1453,1002,None,Move,office
1573195915.671,1453,1000,None,Move,office
1573195915.679,1453,999,None,Move,office
1573195915.687,1453,997,None,Move,office
1573195915.695,1453,996,None,Move,office
1573195915.704,1453,995,None,Move,office
1573195915.711,1453,993,None,Move,office
1573195915.719,1453,992,None,Move,office
1573195915.7270002,1452,991,None,Move,office
1573195916.096,1452,990,Left,Pressed,office
1573195916.096,1452,990,None,Drag,office
1573195916.111,1450,990,None,Drag,office
1573195916.119,1446,989,None,Drag,office
1573195916.127,1445,989,None,Drag,office
1573195916.135,1440,989,None,Drag,office
1573195916.143,1434,988,None,Drag,office
1573195916.151,1431,987,None,Drag,office
1573195916.159,1426,987,None,Drag,office
1573195916.167,1423,987,None,Drag,office
1573195916.175,1419,987,None,Drag,office
1573195916.1829998,1415,987,None,Drag,office
1573195916.191,1410,987,None,Drag,office
1573195916.199,1407,987,None,Drag,office
1573195916.207,1403,987,None,Drag,office
1573195916.215,1400,987,None,Drag,office
1573195916.2229998,1396,987,None,Drag,office
1573195916.231,1393,987,None,Drag,office
1573195916.2389998,1389,987,None,Drag,office
1573195916.2470002,1384,987,None,Drag,office
1573195916.255,1380,987,None,Drag,office
1573195916.262,1375,985,None,Drag,office
1573195916.271,1371,985,None,Drag,office
1573195916.279,1366,985,None,Drag,office
1573195916.2870002,1361,985,None,Drag,office
1573195916.296,1354,985,None,Drag,office
1573195916.303,1345,985,None,Drag,office
1573195916.311,1337,985,None,Drag,office
1573195916.3179998,1330,985,None,Drag,office
1573195916.327,1323,985,None,Drag,office
1573195916.335,1317,985,None,Drag,office
1573195916.343,1312,985,None,Drag,office
1573195916.351,1306,985,None,Drag,office
1573195916.359,1301,985,None,Drag,office
1573195916.367,1297,985,None,Drag,office
1573195916.375,1296,985,None,Drag,office
1573195916.383,1292,985,None,Drag,office
1573195916.391,1291,985,None,Drag,office
1573195916.399,1290,985,None,Drag,office
1573195916.407,1286,985,None,Drag,office
1573195916.415,1283,985,None,Drag,office
1573195916.4220002,1280,985,None,Drag,office
1573195916.431,1278,985,None,Drag,office
1573195916.439,1274,985,None,Drag,office
1573195916.447,1271,985,None,Drag,office
1573195916.455,1269,985,None,Drag,office
1573195916.4629998,1268,985,None,Drag,office
1573195916.471,1266,985,None,Drag,office
1573195916.471,1266,985,Left,Released,office
1573195916.535,1264,985,None,Move,office
1573195916.543,1264,985,None,Move,office
1573195916.551,1261,985,None,Move,office
1573195916.559,1261,985,None,Move,office
1573195916.5670002,1260,985,None,Move,office
1573195916.575,1257,985,None,Move,office
1573195916.583,1256,985,None,Move,office
1573195916.591,1255,985,None,Move,office
1573195916.599,1254,985,None,Move,office
1573195916.607,1253,985,None,Move,office
1573195916.615,1252,985,None,Move,office
1573195916.671,1251,984,None,Move,office
1573195916.687,1251,983,None,Move,office
1573195916.696,1249,982,None,Move,office
1573195916.704,1248,982,None,Move,office
1573195916.719,1248,982,None,Move,office
1573195916.728,1243,981,None,Move,office
1573195916.735,1243,981,None,Move,office
1573195916.7510002,1240,980,None,Move,office
1573195916.7589998,1239,980,None,Move,office
1573195916.7670002,1237,980,None,Move,office
1573195916.775,1234,979,None,Move,office
1573195916.783,1233,977,None,Move,office
1573195916.791,1232,977,None,Move,office
1573195916.799,1231,977,None,Move,office
1573195916.8070002,1230,977,None,Move,office
1573195916.815,1227,976,None,Move,office
1573195916.824,1225,976,None,Move,office
1573195916.831,1223,976,None,Move,office
1573195916.839,1221,975,None,Move,office
1573195916.847,1216,975,None,Move,office
1573195916.855,1210,973,None,Move,office
1573195916.863,1208,973,None,Move,office
1573195916.871,1204,973,None,Move,office
1573195916.879,1200,973,None,Move,office
1573195916.887,1195,971,None,Move,office
1573195916.895,1186,970,None,Move,office
1573195916.903,1174,968,None,Move,office
1573195916.911,1159,965,None,Move,office
1573195916.919,1140,962,None,Move,office
1573195916.927,1114,957,None,Move,office
1573195916.936,1078,951,None,Move,office
1573195916.9429998,1032,942,None,Move,office
1573195916.951,982,935,None,Move,office
1573195916.959,929,926,None,Move,office
1573195916.967,876,917,None,Move,office
1573195916.975,827,908,None,Move,office
1573195916.9829998,778,901,None,Move,office
1573195916.9910002,732,894,None,Move,office
1573195916.9989998,690,890,None,Move,office
1573195917.0070002,651,886,None,Move,office
1573195917.016,615,880,None,Move,office
1573195917.024,586,876,None,Move,office
1573195917.031,564,875,None,Move,office
1573195917.039,548,874,None,Move,office
1573195917.0470002,533,872,None,Move,office
1573195917.056,519,871,None,Move,office
1573195917.064,506,868,None,Move,office
1573195917.072,492,867,None,Move,office
1573195917.079,480,865,None,Move,office
1573195917.087,470,864,None,Move,office
1573195917.095,462,863,None,Move,office
1573195917.103,453,862,None,Move,office
1573195917.111,446,861,None,Move,office
1573195917.119,441,860,None,Move,office
1573195917.127,434,858,None,Move,office
1573195917.135,428,857,None,Move,office
1573195917.143,423,856,None,Move,office
1573195917.151,417,854,None,Move,office
1573195917.159,416,854,None,Move,office
1573195917.167,413,854,None,Move,office
1573195917.175,411,854,None,Move,office
1573195917.1829998,410,854,None,Move,office
1573195917.191,409,854,None,Move,office
1573195917.199,407,853,None,Move,office
1573195917.207,405,853,None,Move,office
1573195917.215,403,852,None,Move,office
1573195917.224,402,852,None,Move,office
1573195917.232,402,852,None,Move,office
1573195917.679,401,852,None,Move,office
1573195917.695,402,852,None,Move,office
1573195917.7029998,403,852,None,Move,office
1573195917.711,408,852,None,Move,office
1573195917.719,412,852,None,Move,office
1573195917.731,415,852,None,Move,office
1573195917.7389998,418,852,None,Move,office
1573195917.7470002,423,852,None,Move,office
1573195917.756,430,852,None,Move,office
1573195917.764,435,852,None,Move,office
1573195917.772,439,852,None,Move,office
1573195917.779,444,852,None,Move,office
1573195917.7870002,449,852,None,Move,office
1573195917.796,454,852,None,Move,office
1573195917.804,459,852,None,Move,office
1573195917.811,465,852,None,Move,office
1573195917.819,468,852,None,Move,office
1573195917.8279998,470,852,None,Move,office
1573195917.836,473,852,None,Move,office
1573195917.843,474,852,None,Move,office
1573195917.8520002,475,852,None,Move,office
1573195917.859,477,852,None,Move,office
1573195917.8679998,478,852,None,Move,office
1573195923.883,479,852,None,Move,office
1573195923.891,479,853,None,Move,office
1573195923.899,479,856,None,Move,office
1573195923.907,479,861,None,Move,office
1573195923.919,479,871,None,Move,office
1573195923.927,479,883,None,Move,office
1573195923.935,479,898,None,Move,office
1573195923.9429998,479,914,None,Move,office
1573195923.951,479,932,None,Move,office
1573195923.959,479,949,None,Move,office
1573195923.967,479,965,None,Move,office
1573195923.975,479,979,None,Move,office
1573195923.9829998,479,990,None,Move,office
1573195923.9910002,479,999,None,Move,office
1573195923.9989998,479,1006,None,Move,office
1573195924.0070002,479,1011,None,Move,office
1573195924.016,479,1013,None,Move,office
1573195924.024,479,1016,None,Move,office
1573195924.032,479,1018,None,Move,office
1573195924.039,479,1019,None,Move,office
1573195924.048,479,1023,None,Move,office
1573195924.056,479,1028,None,Move,office
1573195924.064,479,1032,None,Move,office
1573195924.071,479,1035,None,Move,office
1573195924.079,479,1040,None,Move,office
1573195924.087,479,1046,None,Move,office
1573195924.095,479,1049,None,Move,office
1573195924.103,480,1052,None,Move,office
1573195924.111,481,1054,None,Move,office
1573195924.119,481,1055,None,Move,office
1573195924.1920002,482,1056,None,Move,office
1573195924.208,484,1057,None,Move,office
1573195924.219,486,1057,None,Move,office
1573195924.225,489,1057,None,Move,office
1573195924.232,493,1057,None,Move,office
1573195924.2389998,497,1057,None,Move,office
1573195924.2470002,500,1057,None,Move,office
1573195924.256,505,1057,None,Move,office
1573195924.264,510,1057,None,Move,office
1573195924.272,516,1057,None,Move,office
1573195924.279,521,1057,None,Move,office
1573195924.288,525,1057,None,Move,office
1573195924.295,527,1057,None,Move,office
1573195924.304,529,1056,None,Move,office
1573195924.312,530,1056,None,Move,office
1573195924.895,531,1056,None,Move,office
1573195924.916,532,1056,None,Move,office
1573195925.4629998,532,1056,Left,Pressed,office
1573195925.607,532,1056,Left,Released,office
1573195926.159,533,1054,None,Move,office
1573195926.167,533,1054,None,Move,office
1573195926.175,533,1052,None,Move,office
1573195926.1829998,533,1052,None,Move,office
1573195926.191,533,1050,None,Move,office
1573195926.199,533,1049,None,Move,office
1573195926.207,533,1049,None,Move,office
1573195926.215,533,1048,None,Move,office
1573195926.2229998,533,1046,None,Move,office
1573195926.231,533,1045,None,Move,office
1573195926.2389998,533,1043,None,Move,office
1573195926.2470002,533,1039,None,Move,office
1573195926.255,533,1036,None,Move,office
1573195926.2629998,533,1031,None,Move,office
1573195926.271,533,1028,None,Move,office
1573195926.279,533,1023,None,Move,office
1573195926.2870002,533,1018,None,Move,office
1573195926.295,533,1014,None,Move,office
1573195926.303,533,1009,None,Move,office
1573195926.311,533,1001,None,Move,office
1573195926.319,533,991,None,Move,office
1573195926.327,533,979,None,Move,office
1573195926.335,532,964,None,Move,office
1573195926.343,531,949,None,Move,office
1573195926.351,530,932,None,Move,office
1573195926.359,528,917,None,Move,office
1573195926.367,527,902,None,Move,office
1573195926.375,524,889,None,Move,office
1573195926.383,522,875,None,Move,office
1573195926.391,519,863,None,Move,office
1573195926.399,518,851,None,Move,office
1573195926.407,515,839,None,Move,office
1573195926.415,514,826,None,Move,office
1573195926.423,510,814,None,Move,office
1573195926.438,508,802,None,Move,office
1573195926.444,506,792,None,Move,office
1573195926.449,504,782,None,Move,office
1573195926.455,503,771,None,Move,office
1573195926.4629998,501,764,None,Move,office
1573195926.471,500,757,None,Move,office
1573195926.479,500,753,None,Move,office
1573195926.488,498,748,None,Move,office
1573195926.495,498,748,None,Move,office
1573195926.5110002,498,745,None,Move,office
1573195926.518,498,744,None,Move,office
1573195926.687,498,743,None,Move,office
1573195926.695,498,742,None,Move,office
1573195926.7029998,498,742,None,Move,office
1573195926.711,498,739,None,Move,office
1573195926.7870002,498,738,None,Move,office
1573195926.795,498,737,None,Move,office
1573195926.9629998,498,737,None,Move,office
1573195926.981,497,741,None,Move,office
1573195926.992,497,744,None,Move,office
1573195926.9970002,497,747,None,Move,office
1573195927.004,496,750,None,Move,office
1573195927.0110002,495,755,None,Move,office
1573195927.019,494,762,None,Move,office
1573195927.0270002,492,769,None,Move,office
1573195927.035,492,770,None,Move,office
1573195927.043,491,772,None,Move,office
1573195927.052,491,772,None,Move,office
1573195927.299,489,772,None,Move,office
1573195927.3070002,489,772,None,Move,office
1573195927.315,487,772,None,Move,office
1573195927.323,486,772,None,Move,office
1573195927.331,484,772,None,Move,office
1573195927.339,483,772,None,Move,office
1573195927.347,483,772,None,Move,office
1573195927.3620002,482,771,None,Move,office
1573195927.803,479,771,None,Move,office
1573195927.812,478,771,None,Move,office
1573195927.82,473,775,None,Move,office
1573195927.8279998,470,777,None,Move,office
1573195927.836,460,781,None,Move,office
1573195927.843,442,789,None,Move,office
1573195927.8520002,413,800,None,Move,office
1573195927.859,378,815,None,Move,office
1573195927.8679998,343,829,None,Move,office
1573195927.8760002,308,844,None,Move,office
1573195927.8839998,273,858,None,Move,office
1573195927.891,241,870,None,Move,office
1573195927.899,216,881,None,Move,office
1573195927.907,194,891,None,Move,office
1573195927.915,175,899,None,Move,office
1573195927.923,161,906,None,Move,office
1573195927.9320002,147,913,None,Move,office
1573195927.938,135,918,None,Move,office
1573195927.951,125,923,None,Move,office
1573195927.957,115,929,None,Move,office
1573195927.9629998,108,932,None,Move,office
1573195927.971,102,934,None,Move,office
1573195927.979,97,938,None,Move,office
1573195927.988,92,940,None,Move,office
1573195927.996,92,941,None,Move,office
1573195928.0029998,90,941,None,Move,office
1573195928.0110002,87,942,None,Move,office
1573195928.019,84,943,None,Move,office
1573195928.0270002,81,943,None,Move,office
1573195928.035,77,944,None,Move,office
1573195928.043,74,946,None,Move,office
1573195928.051,69,948,None,Move,office
1573195928.059,65,949,None,Move,office
1573195928.0670002,61,949,None,Move,office
1573195928.075,56,950,None,Move,office
1573195928.083,52,952,None,Move,office
1573195928.091,47,953,None,Move,office
1573195928.099,45,953,None,Move,office
1573195928.107,43,953,None,Move,office
1573195928.115,42,954,None,Move,office
1573195928.4420002,41,956,None,Move,office
1573195928.451,41,957,None,Move,office
1573195928.46,41,958,None,Move,office
1573195928.467,41,958,None,Move,office
1573195928.4910002,40,960,None,Move,office
1573195928.4989998,40,961,None,Move,office
1573195928.5070002,39,961,None,Move,office
1573195928.516,39,963,None,Move,office
1573195928.619,36,966,None,Move,office
1573195928.64,36,967,None,Move,office
1573195928.6520002,36,967,Left,Pressed,office
1573195928.732,36,967,Left,Released,office
1573195928.748,36,967,None,Move,office
1573195928.758,36,967,None,Move,office
1573195928.765,38,967,None,Move,office
1573195928.772,38,967,None,Move,office
1573195929.476,39,967,None,Move,office
1573195929.492,41,967,None,Move,office
1573195929.5010002,42,967,None,Move,office
1573195929.508,44,964,None,Move,office
1573195929.519,45,963,None,Move,office
1573195929.5270002,47,962,None,Move,office
1573195929.534,47,962,None,Move,office
1573195929.587,49,961,None,Move,office
1573195929.595,50,960,None,Move,office
1573195929.72,52,957,None,Move,office
1573195929.732,53,957,None,Move,office
1573195929.895,54,957,None,Move,office
1573195929.903,55,957,None,Move,office
1573195930.151,56,955,None,Move,office
1573195930.159,57,955,None,Move,office
1573195930.166,60,954,None,Move,office
1573195930.174,61,954,None,Move,office
1573195930.1829998,66,953,None,Move,office
1573195930.191,68,953,None,Move,office
1573195930.199,71,953,None,Move,office
1573195930.207,77,953,None,Move,office
1573195930.215,85,953,None,Move,office
1573195930.224,96,951,None,Move,office
1573195930.232,106,951,None,Move,office
1573195930.2389998,119,950,None,Move,office
1573195930.248,134,950,None,Move,office
1573195930.256,149,950,None,Move,office
1573195930.264,164,950,None,Move,office
1573195930.272,180,950,None,Move,office
1573195930.279,197,950,None,Move,office
1573195930.2870002,213,950,None,Move,office
1573195930.295,230,950,None,Move,office
1573195930.303,245,950,None,Move,office
1573195930.311,260,950,None,Move,office
1573195930.319,273,950,None,Move,office
1573195930.327,285,950,None,Move,office
1573195930.335,295,950,None,Move,office
1573195930.343,305,950,None,Move,office
1573195930.351,313,950,None,Move,office
1573195930.359,320,950,None,Move,office
1573195930.367,326,951,None,Move,office
1573195930.3760002,331,952,None,Move,office
1573195930.383,335,953,None,Move,office
1573195930.391,340,956,None,Move,office
1573195930.399,342,956,None,Move,office
1573195930.414,343,957,None,Move,office
1573195930.4220002,344,958,None,Move,office
1573195930.429,345,959,None,Move,office
1573195930.439,346,960,None,Move,office
1573195930.4529998,347,960,None,Move,office
1573195930.462,347,961,None,Move,office
1573195930.468,348,962,None,Move,office
1573195930.474,349,963,None,Move,office
1573195930.48,351,965,None,Move,office
1573195930.4870002,352,969,None,Move,office
1573195930.495,352,969,None,Move,office
1573195930.5029998,352,971,None,Move,office
1573195930.5170002,352,972,None,Move,office
1573195930.525,352,974,None,Move,office
1573195930.532,352,975,None,Move,office
1573195930.538,352,977,None,Move,office
1573195930.544,352,979,None,Move,office
1573195930.551,352,979,None,Move,office
1573195930.559,352,982,None,Move,office
1573195930.5670002,352,986,None,Move,office
1573195930.575,351,986,None,Move,office
1573195930.583,346,990,None,Move,office
1573195930.5979998,340,995,None,Move,office
1573195930.606,335,996,None,Move,office
1573195930.613,332,997,None,Move,office
1573195930.619,328,1000,None,Move,office
1573195930.6239998,324,1002,None,Move,office
1573195930.631,320,1003,None,Move,office
1573195930.639,316,1004,None,Move,office
1573195930.653,310,1006,None,Move,office
1573195930.661,303,1009,None,Move,office
1573195930.669,296,1011,None,Move,office
1573195930.676,287,1014,None,Move,office
1573195930.6820002,278,1016,None,Move,office
1573195930.688,270,1019,None,Move,office
1573195930.695,262,1021,None,Move,office
1573195930.7029998,257,1022,None,Move,office
1573195930.72,253,1024,None,Move,office
1573195930.729,252,1025,None,Move,office
1573195930.775,251,1025,None,Move,office
1573195930.793,250,1026,None,Move,office
1573195930.839,250,1028,None,Move,office
1573195930.8579998,249,1030,None,Move,office
1573195930.8679998,248,1031,None,Move,office
1573195930.8739998,246,1033,None,Move,office
1573195930.879,239,1039,None,Move,office
1573195930.887,237,1041,None,Move,office
1573195930.895,233,1044,None,Move,office
1573195930.903,228,1046,None,Move,office
1573195930.911,223,1050,None,Move,office
1573195930.919,215,1055,None,Move,office
1573195930.927,208,1059,None,Move,office
1573195930.935,200,1062,None,Move,office
1573195930.9429998,194,1066,None,Move,office
1573195930.951,193,1067,None,Move,office
1573195930.959,192,1067,None,Move,office
1573195931.144,193,1067,None,Move,office
1573195931.164,198,1067,None,Move,office
1573195931.174,200,1067,None,Move,office
1573195931.18,205,1067,None,Move,office
1573195931.186,209,1066,None,Move,office
1573195931.1920002,211,1066,None,Move,office
1573195931.199,212,1066,None,Move,office
1573195931.336,212,1066,Left,Pressed,office
1573195931.4320002,212,1066,Left,Released,office
1573195931.856,212,1066,None,Move,browsing
1573195931.984,212,1062,None,Move,browsing
1573195932.0029998,213,1062,None,Move,browsing
1573195932.127,214,1061,None,Move,browsing
1573195934.299,215,1059,None,Move,browsing
1573195934.3070002,216,1059,None,Move,browsing
1573195934.315,219,1056,None,Move,browsing
1573195934.323,221,1054,None,Move,browsing
1573195934.331,232,1050,None,Move,browsing
1573195934.339,246,1045,None,Move,browsing
1573195934.347,263,1041,None,Move,browsing
1573195934.355,285,1033,None,Move,browsing
1573195934.363,318,1025,None,Move,browsing
1573195934.371,358,1017,None,Move,browsing
1573195934.379,405,1008,None,Move,browsing
1573195934.387,458,999,None,Move,browsing
1573195934.395,503,995,None,Move,browsing
1573195934.403,551,992,None,Move,browsing
1573195934.411,593,990,None,Move,browsing
1573195934.419,631,988,None,Move,browsing
1573195934.427,665,988,None,Move,browsing
1573195934.435,692,988,None,Move,browsing
1573195934.4429998,720,987,None,Move,browsing
1573195934.452,742,985,None,Move,browsing
1573195934.46,760,985,None,Move,browsing
1573195934.468,775,984,None,Move,browsing
1573195934.476,788,982,None,Move,browsing
1573195934.484,802,981,None,Move,browsing
1573195934.4910002,815,980,None,Move,browsing
1573195934.4989998,827,980,None,Move,browsing
1573195934.5070002,840,978,None,Move,browsing
1573195934.515,854,977,None,Move,browsing
1573195934.5229998,870,977,None,Move,browsing
1573195934.531,887,977,None,Move,browsing
1573195934.539,907,977,None,Move,browsing
1573195934.5470002,931,977,None,Move,browsing
1573195934.556,958,977,None,Move,browsing
1573195934.563,989,977,None,Move,browsing
1573195934.571,1021,975,None,Move,browsing
1573195934.579,1052,973,None,Move,browsing
1573195934.587,1087,971,None,Move,browsing
1573195934.595,1119,968,None,Move,browsing
1573195934.606,1150,966,None,Move,browsing
1573195934.6160002,1179,964,None,Move,browsing
1573195934.621,1200,962,None,Move,browsing
1573195934.6279998,1217,961,None,Move,browsing
1573195934.635,1234,958,None,Move,browsing
1573195934.643,1249,955,None,Move,browsing
1573195934.654,1262,953,None,Move,browsing
1573195934.66,1274,950,None,Move,browsing
1573195934.673,1285,945,None,Move,browsing
1573195934.679,1295,939,None,Move,browsing
1573195934.685,1305,933,None,Move,browsing
1573195934.695,1311,925,None,Move,browsing
1573195934.704,1318,914,None,Move,browsing
1573195934.709,1323,905,None,Move,browsing
1573195934.714,1328,896,None,Move,browsing
1573195934.7229998,1331,883,None,Move,browsing
1573195934.736,1332,869,None,Move,browsing
1573195934.744,1333,856,None,Move,browsing
1573195934.7510002,1333,846,None,Move,browsing
1573195934.7570002,1333,838,None,Move,browsing
1573195934.762,1333,829,None,Move,browsing
1573195934.77,1333,819,None,Move,browsing
1573195934.783,1333,811,None,Move,browsing
1573195934.798,1333,801,None,Move,browsing
1573195934.8079998,1333,787,None,Move,browsing
1573195934.815,1333,782,None,Move,browsing
1573195934.823,1333,778,None,Move,browsing
1573195934.831,1333,777,None,Move,browsing
1573195934.839,1333,775,None,Move,browsing
1573195934.847,1334,774,None,Move,browsing
1573195934.928,1335,773,None,Move,browsing
1573195934.94,1335,772,None,Move,browsing
1573195934.952,1335,769,None,Move,browsing
1573195934.9629998,1335,768,None,Move,browsing
1573195934.971,1335,768,None,Move,browsing
1573195934.9770002,1337,765,None,Move,browsing
1573195934.9829998,1337,763,None,Move,browsing
1573195937.771,1337,763,None,Move,browsing
1573195937.7870002,1334,763,None,Move,browsing
1573195937.795,1330,763,None,Move,browsing
1573195937.803,1327,763,None,Move,browsing
1573195937.811,1320,763,None,Move,browsing
1573195937.819,1310,763,None,Move,browsing
1573195937.827,1297,763,None,Move,browsing
1573195937.834,1284,763,None,Move,browsing
1573195937.843,1269,763,None,Move,browsing
1573195937.8579998,1254,763,None,Move,browsing
1573195937.8679998,1218,763,None,Move,browsing
1573195937.875,1197,763,None,Move,browsing
1573195937.883,1170,763,None,Move,browsing
1573195937.891,1139,764,None,Move,browsing
1573195937.899,1107,765,None,Move,browsing
1573195937.907,1076,767,None,Move,browsing
1573195937.915,1041,769,None,Move,browsing
1573195937.923,1009,771,None,Move,browsing
1573195937.931,977,775,None,Move,browsing
1573195937.939,952,778,None,Move,browsing
1573195937.947,929,781,None,Move,browsing
1573195937.955,910,784,None,Move,browsing
1573195937.9629998,893,789,None,Move,browsing
1573195937.978,878,791,None,Move,browsing
1573195937.986,866,795,None,Move,browsing
1573195937.992,854,799,None,Move,browsing
1573195937.9989998,842,805,None,Move,browsing
1573195938.005,831,810,None,Move,browsing
1573195938.014,820,817,None,Move,browsing
1573195938.02,811,825,None,Move,browsing
1573195938.0270002,802,833,None,Move,browsing
1573195938.041,792,842,None,Move,browsing
1573195938.05,783,852,None,Move,browsing
1573195938.056,773,862,None,Move,browsing
1573195938.062,762,873,None,Move,browsing
1573195938.0679998,751,885,None,Move,browsing
1573195938.075,740,896,None,Move,browsing
1573195938.083,728,905,None,Move,browsing
1573195938.097,717,915,None,Move,browsing
1573195938.106,706,923,None,Move,browsing
1573195938.1120002,694,933,None,Move,browsing
1573195938.119,683,941,None,Move,browsing
1573195938.125,673,949,None,Move,browsing
1573195938.131,664,957,None,Move,browsing
1573195938.139,656,963,None,Move,browsing
1573195938.147,649,969,None,Move,browsing
1573195938.161,640,976,None,Move,browsing
1573195938.17,632,982,None,Move,browsing
1573195938.176,623,989,None,Move,browsing
1573195938.1829998,615,994,None,Move,browsing
1573195938.189,608,999,None,Move,browsing
1573195938.195,600,1004,None,Move,browsing
1573195938.2029998,593,1009,None,Move,browsing
1573195938.211,587,1013,None,Move,browsing
1573195938.219,581,1016,None,Move,browsing
1573195938.2270002,575,1020,None,Move,browsing
1573195938.244,569,1024,None,Move,browsing
1573195938.254,563,1026,None,Move,browsing
1573195938.2610002,559,1029,None,Move,browsing
1573195938.2670002,556,1031,None,Move,browsing
1573195938.275,554,1033,None,Move,browsing
1573195938.283,552,1034,None,Move,browsing
1573195938.291,551,1035,None,Move,browsing
1573195938.299,548,1038,None,Move,browsing
1573195938.3070002,547,1040,None,Move,browsing
1573195938.326,542,1045,None,Move,browsing
1573195938.3379998,541,1046,None,Move,browsing
1573195938.343,538,1049,None,Move,browsing
1573195938.349,538,1051,None,Move,browsing
1573195938.355,537,1055,None,Move,browsing
1573195938.363,536,1058,None,Move,browsing
1573195938.371,536,1060,None,Move,browsing
1573195938.379,536,1064,None,Move,browsing
1573195938.387,536,1068,None,Move,browsing
1573195938.396,536,1073,None,Move,browsing
1573195938.404,536,1077,None,Move,browsing
1573195938.4120002,536,1080,None,Move,browsing
1573195938.419,536,1083,None,Move,browsing
1573195938.427,536,1083,None,Move,browsing
1573195938.436,536,1082,None,Move,browsing
1573195938.444,536,1083,None,Move,browsing
1573195938.451,536,1082,None,Move,browsing
1573195938.459,537,1082,None,Move,browsing
1573195938.467,539,1081,None,Move,browsing
1573195938.475,542,1079,None,Move,browsing
1573195938.4829998,545,1081,None,Move,browsing
1573195938.492,547,1080,None,Move,browsing
1573195938.4989998,550,1080,None,Move,browsing
1573195938.508,553,1079,None,Move,browsing
1573195938.516,555,1079,None,Move,browsing
1573195938.524,559,1079,None,Move,browsing
1573195938.531,562,1079,None,Move,browsing
1573195938.539,565,1079,None,Move,browsing
1573195938.546,566,1079,None,Move,browsing
1573195938.555,567,1078,None,Move,browsing
1573195938.635,568,1078,None,Move,browsing
1573195938.646,569,1078,None,Move,browsing
1573195938.657,570,1077,None,Move,browsing
1573195938.748,571,1076,None,Move,browsing
1573195938.758,572,1076,None,Move,browsing
1573195938.764,574,1075,None,Move,browsing
1573195938.771,575,1073,None,Move,browsing
1573195938.779,578,1072,None,Move,browsing
1573195938.7870002,581,1071,None,Move,browsing
1573195938.796,584,1070,None,Move,browsing
1573195938.803,588,1068,None,Move,browsing
1573195938.811,591,1066,None,Move,browsing
1573195938.819,593,1065,None,Move,browsing
1573195938.827,595,1064,None,Move,browsing
1573195938.835,596,1064,None,Move,browsing
1573195938.939,596,1064,Left,Pressed,browsing
1573195939.035,596,1064,Left,Released,browsing
1573195939.2429998,597,1064,None,Move,office
1573195939.252,598,1064,None,Move,office
1573195940.055,599,1063,None,Move,office
1573195940.262,599,1061,None,Move,office
1573195940.271,599,1060,None,Move,office
1573195940.278,599,1058,None,Move,office
1573195940.2870002,599,1057,None,Move,office
1573195940.294,599,1055,None,Move,office
1573195940.303,599,1053,None,Move,office
1573195940.311,599,1052,None,Move,office
1573195940.319,599,1050,None,Move,office
1573195940.343,599,1049,None,Move,office
1573195940.351,599,1048,None,Move,office
1573195940.359,599,1045,None,Move,office
1573195940.367,599,1044,None,Move,office
1573195940.375,599,1040,None,Move,office
1573195940.383,599,1034,None,Move,office
1573195940.3920002,599,1031,None,Move,office
1573195940.399,599,1026,None,Move,office
1573195940.407,599,1017,None,Move,office
1573195940.416,599,1006,None,Move,office
1573195940.423,600,991,None,Move,office
1573195940.431,600,974,None,Move,office
1573195940.439,600,956,None,Move,office
1573195940.447,600,938,None,Move,office
1573195940.456,600,920,None,Move,office
1573195940.464,600,903,None,Move,office
1573195940.471,600,890,None,Move,office
1573195940.479,600,878,None,Move,office
1573195940.4870002,600,870,None,Move,office
1573195940.495,600,863,None,Move,office
1573195940.5029998,600,858,None,Move,office
1573195940.5110002,600,857,None,Move,office
1573195940.6160002,600,857,Left,Pressed,office
1573195940.7429998,600,857,Left,Released,office
1573195940.951,600,855,None,Move,office
1573195940.972,601,854,None,Move,office
1573195940.9829998,604,855,None,Move,office
1573195940.9910002,609,858,None,Move,office
1573195940.998,614,861,None,Move,office
1573195941.004,625,868,None,Move,office
1573195941.0110002,641,875,None,Move,office
1573195941.018,661,885,None,Move,office
1573195941.024,693,899,None,Move,office
1573195941.031,731,911,None,Move,office
1573195941.039,778,922,None,Move,office
1573195941.048,828,934,None,Move,office
1573195941.055,881,943,None,Move,office
1573195941.063,941,953,None,Move,office
1573195941.071,1003,962,None,Move,office
1573195941.079,1072,970,None,Move,office
1573195941.087,1138,975,None,Move,office
1573195941.104,1203,979,None,Move,office
1573195941.109,1265,984,None,Move,office
1573195941.119,1370,986,None,Move,office
1573195941.127,1418,986,None,Move,office
1573195941.135,1459,986,None,Move,office
1573195941.1420002,1489,986,None,Move,office
1573195941.151,1513,986,None,Move,office
1573195941.159,1531,986,None,Move,office
1573195941.167,1546,986,None,Move,office
1573195941.175,1560,986,None,Move,office
1573195941.1829998,1570,986,None,Move,office
1573195941.191,1578,986,None,Move,office
1573195941.199,1585,986,None,Move,office
1573195941.207,1590,986,None,Move,office
1573195941.215,1594,986,None,Move,office
1573195941.2229998,1598,986,None,Move,office
1573195941.231,1599,986,None,Move,office
1573195941.2389998,1602,986,None,Move,office
1573195941.2470002,1606,986,None,Move,office
1573195941.255,1611,986,None,Move,office
1573195941.2629998,1614,986,None,Move,office
1573195941.271,1618,986,None,Move,office
1573195941.279,1623,986,None,Move,office
1573195941.2870002,1630,986,None,Move,office
1573195941.295,1638,986,None,Move,office
1573195941.303,1648,986,None,Move,office
1573195941.311,1660,986,None,Move,office
1573195941.319,1672,986,None,Move,office
1573195941.327,1683,986,None,Move,office
1573195941.335,1695,986,None,Move,office
1573195941.343,1706,986,None,Move,office
1573195941.351,1717,986,None,Move,office
1573195941.359,1725,986,None,Move,office
1573195941.367,1733,986,None,Move,office
1573195941.375,1742,986,None,Move,office
1573195941.383,1749,986,None,Move,office
1573195941.391,1755,986,None,Move,office
1573195941.399,1762,986,None,Move,office
1573195941.407,1769,986,None,Move,office
1573195941.415,1776,986,None,Move,office
1573195941.423,1781,986,None,Move,office
1573195941.431,1788,986,None,Move,office
1573195941.439,1796,986,None,Move,office
1573195941.447,1804,986,None,Move,office
1573195941.455,1813,986,None,Move,office
1573195941.4629998,1821,986,None,Move,office
1573195941.472,1830,986,None,Move,office
1573195941.479,1838,986,None,Move,office
1573195941.4870002,1845,986,None,Move,office
1573195941.495,1852,986,None,Move,office
1573195941.5029998,1857,986,None,Move,office
1573195941.5110002,1862,986,None,Move,office
1573195941.519,1865,986,None,Move,office
1573195941.5270002,1866,986,None,Move,office
1573195941.535,1869,986,None,Move,office
1573195941.543,1870,986,None,Move,office
1573195941.551,1871,986,None,Move,office
1573195941.559,1873,986,None,Move,office
1573195941.5670002,1874,986,None,Move,office
1573195941.575,1877,986,None,Move,office
1573195941.584,1879,986,None,Move,office
1573195941.592,1881,986,None,Move,office
1573195941.599,1883,986,None,Move,office
1573195941.6079998,1883,986,None,Move,office
1573195943.61,1883,986,Left,Pressed,office
1573195943.7389998,1883,986,Left,Released,office
1573195944.051,1883,986,Left,Pressed,office
1573195944.147,1883,986,Left,Released,office
1573195944.2589998,1883,986,Left,Pressed,office
1573195944.403,1883,986,Left,Released,office
1573195944.515,1883,986,Left,Pressed,office
1573195944.611,1883,986,Left,Released,office
1573195944.744,1883,986,Left,Pressed,office
1573195944.84,1883,986,Left,Released,office
1573195944.952,1883,986,Left,Pressed,office
1573195945.0470002,1883,986,Left,Released,office
1573195945.208,1883,986,Left,Pressed,office
1573195945.319,1883,986,Left,Released,office
1573195948.219,1884,986,None,Move,office
1573195948.235,1885,984,None,Move,office
1573195948.2429998,1886,979,None,Move,office
1573195948.2510002,1889,967,None,Move,office
1573195948.2589998,1893,951,None,Move,office
1573195948.2670002,1897,932,None,Move,office
1573195948.2770002,1905,905,None,Move,office
1573195948.29,1916,874,None,Move,office
1573195948.298,1928,842,None,Move,office
1573195948.304,1936,809,None,Move,office
1573195948.309,1935,777,None,Move,office
1573195948.315,1936,741,None,Move,office
1573195948.323,1935,708,None,Move,office
1573195948.331,1935,679,None,Move,office
1573195948.339,1931,656,None,Move,office
1573195948.347,1928,640,None,Move,office
1573195948.355,1926,626,None,Move,office
1573195948.363,1924,614,None,Move,office
1573195948.371,1922,603,None,Move,office
1573195948.379,1921,596,None,Move,office
1573195948.387,1922,589,None,Move,office
1573195948.395,1920,585,None,Move,office
1573195948.403,1920,581,None,Move,office
1573195948.411,1919,579,None,Move,office
1573195948.419,1920,573,None,Move,office
1573195948.427,1919,571,None,Move,office
1573195948.435,1920,568,None,Move,office
1573195948.4429998,1919,564,None,Move,office
1573195948.451,1920,560,None,Move,office
1573195948.459,1919,558,None,Move,office
1573195948.467,1919,554,None,Move,office
1573195948.475,1920,549,None,Move,office
1573195948.4829998,1919,546,None,Move,office
1573195948.4910002,1919,543,None,Move,office
1573195948.4989998,1920,541,None,Move,office
1573195948.5070002,1919,537,None,Move,office
1573195948.515,1919,533,None,Move,office
1573195948.5229998,1919,531,None,Move,office
1573195948.531,1919,527,None,Move,office
1573195948.539,1920,523,None,Move,office
1573195948.5470002,1920,518,None,Move,office
1573195948.555,1919,512,None,Move,office
1573195948.563,1919,507,None,Move,office
1573195948.571,1919,502,None,Move,office
1573195948.579,1919,497,None,Move,office
1573195948.587,1919,493,None,Move,office
1573195948.595,1919,488,None,Move,office
1573195948.603,1919,483,None,Move,office
1573195948.611,1919,478,None,Move,office
1573195948.619,1919,473,None,Move,office
1573195948.627,1919,466,None,Move,office
1573195948.635,1919,459,None,Move,office
1573195948.643,1919,452,None,Move,office
1573195948.651,1919,447,None,Move,office
1573195948.659,1919,445,None,Move,office
1573195948.667,1919,441,None,Move,office
1573195948.675,1919,440,None,Move,office
1573195948.6829998,1919,439,None,Move,office
1573195948.691,1919,437,None,Move,office
1573195948.699,1919,432,None,Move,office
1573195948.707,1919,429,None,Move,office
1573195948.715,1918,426,None,Move,office
1573195948.7229998,1917,422,None,Move,office
1573195948.731,1917,421,None,Move,office
1573195948.7389998,1916,418,None,Move,office
1573195948.7470002,1915,416,None,Move,office
1573195948.755,1914,416,None,Move,office
1573195948.7629998,1914,414,None,Move,office
1573195948.771,1914,413,None,Move,office
1573195948.779,1912,412,None,Move,office
1573195948.7870002,1912,408,None,Move,office
1573195948.796,1912,405,None,Move,office
1573195948.803,1912,403,None,Move,office
1573195948.811,1912,400,None,Move,office
1573195948.819,1909,396,None,Move,office
1573195948.827,1908,391,None,Move,office
1573195948.835,1908,390,None,Move,office
1573195948.843,1908,388,None,Move,office
1573195948.851,1908,386,None,Move,office
1573195948.859,1908,383,None,Move,office
1573195948.867,1907,378,None,Move,office
1573195948.875,1906,374,None,Move,office
1573195948.883,1905,371,None,Move,office
1573195948.891,1904,366,None,Move,office
1573195948.899,1903,359,None,Move,office
1573195948.907,1901,353,None,Move,office
1573195948.915,1900,345,None,Move,office
1573195948.923,1897,336,None,Move,office
1573195948.931,1896,326,None,Move,office
1573195948.939,1893,317,None,Move,office
1573195948.947,1891,311,None,Move,office
1573195948.959,1890,308,None,Move,office
1573195948.966,1889,302,None,Move,office
1573195948.972,1889,297,None,Move,office
1573195948.98,1889,292,None,Move,office
1573195948.9870002,1889,288,None,Move,office
1573195948.995,1889,283,None,Move,office
1573195949.0029998,1889,279,None,Move,office
1573195949.0110002,1889,274,None,Move,office
1573195949.019,1889,269,None,Move,office
1573195949.0270002,1889,268,None,Move,office
1573195949.035,1889,265,None,Move,office
1573195949.048,1889,264,None,Move,office
1573195949.053,1889,262,None,Move,office
1573195949.059,1889,261,None,Move,office
1573195949.083,1889,259,None,Move,office
1573195949.092,1889,258,None,Move,office
1573195949.099,1889,255,None,Move,office
1573195949.107,1889,255,None,Move,office
1573195949.115,1889,253,None,Move,office
1573195949.123,1889,252,None,Move,office
1573195949.147,1889,252,None,Move,office
1573195949.179,1889,251,None,Move,office
1573195949.2429998,1891,250,None,Move,office
1573195949.2510002,1891,250,None,Move,office
1573195949.3070002,1894,248,None,Move,office
1573195949.315,1895,247,None,Move,office
1573195949.339,1895,244,None,Move,office
1573195949.347,1896,244,None,Move,office
1573195949.355,1896,243,None,Move,office
1573195949.371,1896,242,None,Move,office
1573195949.387,1896,242,None,Move,office
1573195949.395,1896,240,None,Move,office
1573195949.403,1896,237,None,Move,office
1573195949.411,1896,235,None,Move,office
1573195949.419,1896,234,None,Move,office
1573195949.435,1896,233,None,Move,office
1573195949.4429998,1896,232,None,Move,office
1573195949.471,1896,229,None,Move,office
1573195949.48,1896,229,None,Move,office
1573195949.4989998,1896,228,None,Move,office
1573195949.519,1896,227,None,Move,office
1573195949.7270002,1896,226,None,Move,office
1573195949.745,1896,225,None,Move,office
1573195949.8720002,1896,224,None,Move,office
1573195949.893,1896,224,None,Move,office
1573195949.904,1898,220,None,Move,office
1573195949.984,1898,220,Left,Pressed,office
1573195950.127,1898,220,Left,Released,office
