client_timestamp,x,y,button,state,window
1569326648.231,581,1031,None,Move,browsing
1569326648.2470002,579,1025,None,Move,browsing
1569326648.255,579,1024,None,Move,browsing
1569326648.2629998,579,1021,None,Move,browsing
1569326648.271,579,1019,None,Move,browsing
1569326648.279,579,1018,None,Move,browsing
1569326648.2870002,579,1015,None,Move,browsing
1569326648.295,579,1010,None,Move,browsing
1569326648.303,579,1007,None,Move,browsing
1569326648.311,579,1001,None,Move,browsing
1569326648.325,578,997,None,Move,browsing
1569326648.333,578,995,None,Move,browsing
1569326648.351,577,992,None,Move,browsing
1569326648.359,577,991,None,Move,browsing
1569326648.3660002,577,990,None,Move,browsing
1569326648.379,577,990,None,Move,browsing
1569326648.389,577,988,None,Move,browsing
1569326648.421,578,987,None,Move,browsing
1569326648.428,579,986,None,Move,browsing
1569326648.435,580,986,None,Move,browsing
1569326648.472,580,986,None,Move,file system
1569326686.555,581,964,None,Move,development
1569326686.563,581,942,None,Move,development
1569326686.571,581,926,None,Move,development
1569326686.579,581,916,None,Move,development
1569326686.585,581,913,None,Move,development
1569326686.595,581,910,None,Move,development
1569326686.601,581,910,None,Move,development
1569326686.7029998,581,910,None,Move,development
1569326686.7370002,581,910,None,Move,development
1569326686.819,581,910,None,Move,development
1569326686.859,582,910,None,Move,development
1569326686.867,584,911,None,Move,development
1569326686.875,588,913,None,Move,development
1569326686.883,593,915,None,Move,development
1569326686.891,605,920,None,Move,development
1569326686.897,610,926,None,Move,development
1569326686.905,618,936,None,Move,development
1569326686.913,640,971,None,Move,development
1569326686.921,657,1001,None,Move,development
1569326686.929,677,1035,None,Move,development
1569326686.937,701,1080,None,Move,development
1569326686.945,708,1092,None,Move,development
1569326686.952,718,1100,None,Move,development
1569326686.961,722,1086,None,Move,development
1569326686.968,728,1090,None,Move,development
1569326686.9770002,732,1084,None,Move,development
1569326686.9829998,737,1085,None,Move,development
1569326686.9910002,740,1082,None,Move,development
1569326686.998,748,1083,None,Move,development
1569326687.006,754,1083,None,Move,development
1569326687.014,757,1082,None,Move,development
1569326687.0229998,762,1082,None,Move,development
1569326687.03,764,1080,None,Move,development
1569326687.038,765,1080,None,Move,development
1569326687.0470002,767,1081,None,Move,development
1569326687.054,767,1079,None,Move,development
1569326687.061,767,1079,None,Move,development
1569326687.069,768,1081,None,Move,development
1569326687.077,769,1079,None,Move,development
1569326687.085,769,1080,None,Move,development
1569326687.093,769,1082,None,Move,development
1569326687.101,769,1081,None,Move,development
1569326687.11,770,1082,None,Move,development
1569326687.117,770,1081,None,Move,development
1569326687.125,771,1081,None,Move,development
1569326687.133,771,1081,None,Move,development
1569326687.14,771,1080,None,Move,development
1569326687.147,771,1079,None,Move,development
1569326687.225,771,1079,None,Move,development
1569326687.2489998,771,1079,None,Move,development
1569326687.2570002,771,1078,None,Move,development
1569326687.265,771,1077,None,Move,development
1569326687.2729998,771,1076,None,Move,development
1569326687.281,771,1074,None,Move,development
1569326687.289,771,1072,None,Move,development
1569326687.2970002,771,1069,None,Move,development
1569326687.304,771,1064,None,Move,development
1569326687.311,770,1059,None,Move,development
1569326687.319,769,1054,None,Move,development
1569326687.327,769,1051,None,Move,development
1569326687.335,768,1045,None,Move,development
1569326687.343,766,1038,None,Move,development
1569326687.351,764,1033,None,Move,development
1569326687.3579998,762,1028,None,Move,development
1569326687.3660002,760,1024,None,Move,development
1569326687.3739998,759,1019,None,Move,development
1569326687.381,757,1015,None,Move,development
1569326687.389,757,1013,None,Move,development
1569326687.396,756,1010,None,Move,development
1569326687.404,756,1008,None,Move,development
1569326687.4120002,755,1006,None,Move,development
1569326687.42,754,1005,None,Move,development
1569326687.429,753,1003,None,Move,development
1569326687.436,752,1002,None,Move,development
1569326687.444,752,1000,None,Move,development
1569326687.4529998,750,999,None,Move,development
1569326687.459,750,998,None,Move,development
1569326687.469,748,996,None,Move,development
1569326687.476,747,996,None,Move,development
1569326687.4829998,746,993,None,Move,development
1569326687.4910002,745,993,None,Move,development
1569326687.4989998,745,992,None,Move,development
1569326687.5070002,743,988,None,Move,development
1569326687.515,743,986,None,Move,development
1569326687.5229998,742,983,None,Move,development
1569326687.531,741,981,None,Move,development
1569326687.539,740,977,None,Move,development
1569326687.545,739,974,None,Move,development
1569326687.553,739,972,None,Move,development
1569326687.561,738,968,None,Move,development
1569326687.569,737,965,None,Move,development
1569326687.577,737,963,None,Move,development
1569326687.585,736,962,None,Move,development
1569326687.593,736,961,None,Move,development
1569326687.601,736,961,None,Move,development
1569326687.609,736,961,None,Move,development
1569326687.617,736,960,None,Move,development
1569326687.695,736,960,None,Move,development
1569326687.702,735,960,None,Move,development
1569326687.71,735,962,None,Move,development
1569326687.717,733,964,None,Move,development
1569326687.725,727,974,None,Move,development
1569326687.732,724,978,None,Move,development
1569326687.74,716,989,None,Move,development
1569326687.748,708,1002,None,Move,development
1569326687.756,698,1014,None,Move,development
1569326687.764,691,1023,None,Move,development
1569326687.772,684,1030,None,Move,development
1569326687.78,674,1040,None,Move,development
1569326687.7870002,669,1045,None,Move,development
1569326687.795,660,1052,None,Move,development
1569326687.803,653,1057,None,Move,development
1569326687.811,651,1058,None,Move,development
1569326687.819,649,1060,None,Move,development
1569326687.827,647,1060,None,Move,development
1569326687.865,647,1060,None,Move,development
1569326687.9829998,645,1060,None,Move,development
1569326687.9910002,644,1060,None,Move,development
1569326687.9989998,642,1060,None,Move,development
1569326688.0070002,641,1060,None,Move,development
1569326688.015,637,1061,None,Move,development
1569326688.0229998,635,1061,None,Move,development
1569326688.03,632,1061,None,Move,development
1569326688.0370002,629,1061,None,Move,development
1569326688.045,628,1061,None,Move,development
1569326688.053,627,1061,None,Move,development
1569326688.062,625,1061,None,Move,development
1569326688.07,623,1061,None,Move,development
1569326688.0779998,621,1061,None,Move,development
1569326688.086,620,1061,None,Move,development
1569326688.093,619,1061,None,Move,development
1569326688.101,618,1061,None,Move,development
1569326688.109,617,1061,None,Move,development
1569326688.1160002,617,1061,None,Move,development
1569326688.123,616,1061,None,Move,development
1569326688.133,614,1061,None,Move,development
1569326688.14,613,1061,None,Move,development
1569326688.149,612,1061,None,Move,development
1569326688.156,611,1061,None,Move,development
1569326688.169,611,1061,None,Move,development
1569326688.175,610,1061,None,Move,development
1569326688.1829998,609,1061,None,Move,development
1569326688.19,608,1061,None,Move,development
1569326688.198,608,1061,None,Move,development
1569326688.204,607,1061,None,Move,development
1569326688.212,607,1061,None,Move,development
1569326688.219,606,1061,None,Move,development
1569326688.2329998,606,1061,None,Move,development
1569326688.2489998,605,1061,None,Move,development
1569326688.256,605,1061,None,Move,development
1569326688.265,604,1061,None,Move,development
1569326688.271,603,1061,None,Move,development
1569326688.279,602,1062,None,Move,development
1569326688.2870002,601,1062,None,Move,development
1569326688.295,600,1062,None,Move,development
1569326688.303,599,1062,None,Move,development
1569326688.311,598,1062,None,Move,development
1569326688.319,598,1062,None,Move,development
1569326688.327,597,1062,None,Move,development
1569326688.335,596,1062,None,Move,development
1569326688.343,595,1062,None,Move,development
1569326688.35,592,1063,None,Move,development
1569326688.363,590,1064,None,Move,development
1569326688.37,590,1064,None,Move,development
1569326688.379,588,1064,None,Move,development
1569326688.3860002,588,1064,None,Move,development
1569326688.397,587,1064,None,Move,development
1569326688.405,587,1064,None,Move,development
1569326688.435,586,1064,None,Move,development
1569326688.521,586,1064,None,Move,development
1569326688.529,587,1064,None,Move,development
1569326688.5370002,588,1064,None,Move,development
1569326688.545,590,1064,None,Move,development
1569326688.553,591,1064,None,Move,development
1569326688.561,593,1064,None,Move,development
1569326688.569,594,1064,None,Move,development
1569326688.577,596,1064,None,Move,development
1569326688.584,597,1064,None,Move,development
1569326688.591,599,1063,None,Move,development
1569326688.599,601,1063,None,Move,development
1569326688.606,603,1063,None,Move,development
1569326688.6139998,605,1063,None,Move,development
1569326688.6220002,607,1063,None,Move,development
1569326688.63,609,1063,None,Move,development
1569326688.6379998,610,1062,None,Move,development
1569326688.646,612,1062,None,Move,development
1569326688.655,615,1061,None,Move,development
1569326688.663,617,1061,None,Move,development
1569326688.671,619,1061,None,Move,development
1569326688.677,621,1060,None,Move,development
1569326688.685,623,1060,None,Move,development
1569326688.6929998,625,1060,None,Move,development
1569326688.705,626,1060,None,Move,development
1569326688.712,626,1060,None,Move,development
1569326688.718,627,1060,None,Move,development
1569326688.725,628,1059,None,Move,development
1569326688.7329998,628,1059,None,Move,development
1569326688.7410002,629,1059,None,Move,development
1569326688.755,629,1059,None,Move,development
1569326688.7629998,630,1059,None,Move,development
1569326688.771,630,1059,None,Move,development
1569326688.779,631,1059,None,Move,development
1569326688.7870002,632,1059,None,Move,development
1569326688.795,633,1058,None,Move,development
1569326688.803,634,1057,None,Move,development
1569326688.811,635,1057,None,Move,development
1569326688.819,637,1057,None,Move,development
1569326688.827,640,1056,None,Move,development
1569326688.834,641,1055,None,Move,development
1569326688.841,644,1054,None,Move,development
1569326688.85,650,1054,None,Move,development
1569326688.857,656,1053,None,Move,development
1569326688.865,661,1052,None,Move,development
1569326688.873,665,1052,None,Move,development
1569326688.881,668,1051,None,Move,development
1569326688.889,674,1050,None,Move,development
1569326688.897,679,1050,None,Move,development
1569326688.905,685,1049,None,Move,development
1569326688.913,691,1048,None,Move,development
1569326688.92,695,1047,None,Move,development
1569326688.927,703,1047,None,Move,development
1569326688.935,718,1045,None,Move,development
1569326688.9429998,729,1043,None,Move,development
1569326688.9529998,758,1038,None,Move,development
1569326688.96,808,1031,None,Move,development
1569326688.967,847,1025,None,Move,development
1569326688.975,887,1020,None,Move,development
1569326688.982,942,1012,None,Move,development
1569326688.99,974,1007,None,Move,development
1569326688.9970002,1005,1004,None,Move,development
1569326689.004,1039,999,None,Move,development
1569326689.012,1059,996,None,Move,development
1569326689.02,1073,994,None,Move,development
1569326689.028,1089,993,None,Move,development
1569326689.036,1098,990,None,Move,development
1569326689.044,1104,990,None,Move,development
1569326689.052,1107,990,None,Move,development
1569326689.06,1109,990,None,Move,development
1569326689.0679998,1109,990,None,Move,development
1569326689.083,1109,989,None,Move,development
1569326689.099,1109,989,None,Move,development
1569326689.115,1109,988,None,Move,development
1569326689.131,1108,988,None,Move,development
1569326689.139,1107,988,None,Move,development
1569326689.147,1105,989,None,Move,development
1569326689.155,1102,991,None,Move,development
1569326689.1620002,1098,992,None,Move,development
1569326689.169,1095,995,None,Move,development
1569326689.177,1090,997,None,Move,development
1569326689.185,1087,998,None,Move,development
1569326689.1929998,1082,1001,None,Move,development
1569326689.201,1076,1004,None,Move,development
1569326689.209,1069,1007,None,Move,development
1569326689.217,1062,1011,None,Move,development
1569326689.225,1051,1017,None,Move,development
1569326689.2329998,1044,1020,None,Move,development
1569326689.2389998,1033,1023,None,Move,development
1569326689.2470002,1026,1025,None,Move,development
1569326689.255,1012,1028,None,Move,development
1569326689.2629998,996,1028,None,Move,development
1569326689.271,972,1028,None,Move,development
1569326689.279,959,1028,None,Move,development
1569326689.2870002,932,1027,None,Move,development
1569326689.295,917,1025,None,Move,development
1569326689.303,888,1022,None,Move,development
1569326689.311,857,1018,None,Move,development
1569326689.3179998,844,1017,None,Move,development
1569326689.325,817,1013,None,Move,development
1569326689.333,804,1011,None,Move,development
1569326689.343,779,1007,None,Move,development
1569326689.35,765,1004,None,Move,development
1569326689.357,756,1002,None,Move,development
1569326689.365,736,997,None,Move,development
1569326689.373,722,992,None,Move,development
1569326689.381,715,988,None,Move,development
1569326689.389,711,986,None,Move,development
1569326689.395,710,984,None,Move,development
1569326689.405,709,983,None,Move,development
1569326689.418,709,982,None,Move,development
1569326689.466,710,982,None,Move,development
1569326689.475,712,981,None,Move,development
1569326689.481,716,980,None,Move,development
1569326689.4910002,721,980,None,Move,development
1569326689.4970002,726,979,None,Move,development
1569326689.505,729,979,None,Move,development
1569326689.5129998,733,979,None,Move,development
1569326689.521,736,979,None,Move,development
1569326689.529,737,979,None,Move,development
1569326689.5370002,738,979,None,Move,development
1569326689.545,738,980,None,Move,development
1569326689.553,739,981,None,Move,development
1569326689.56,739,983,None,Move,development
1569326689.5670002,740,984,None,Move,development
1569326689.575,740,986,None,Move,development
1569326689.583,740,988,None,Move,development
1569326689.591,740,990,None,Move,development
1569326689.599,739,994,None,Move,development
1569326689.607,737,996,None,Move,development
1569326689.615,734,999,None,Move,development
1569326689.625,729,1003,None,Move,development
1569326689.6320002,726,1006,None,Move,development
1569326689.639,723,1008,None,Move,development
1569326689.647,722,1010,None,Move,development
1569326689.654,718,1012,None,Move,development
1569326689.661,716,1014,None,Move,development
1569326689.669,714,1016,None,Move,development
1569326689.677,712,1017,None,Move,development
1569326689.685,711,1019,None,Move,development
1569326689.6929998,709,1020,None,Move,development
1569326689.701,707,1022,None,Move,development
1569326689.709,702,1025,None,Move,development
1569326689.717,698,1028,None,Move,development
1569326689.724,692,1031,None,Move,development
1569326689.731,686,1033,None,Move,development
1569326689.7389998,678,1037,None,Move,development
1569326689.7470002,676,1038,None,Move,development
1569326689.755,673,1039,None,Move,development
1569326689.7629998,672,1039,None,Move,development
1569326689.771,671,1039,None,Move,development
1569326689.779,671,1040,None,Move,development
1569326689.7870002,670,1040,None,Move,development
1569326689.795,670,1040,None,Move,development
1569326689.801,670,1040,None,Move,development
1569326689.8079998,669,1041,None,Move,development
1569326689.816,668,1042,None,Move,development
1569326689.824,667,1042,None,Move,development
1569326689.834,666,1043,None,Move,development
1569326689.841,665,1044,None,Move,development
1569326689.8479998,662,1045,None,Move,development
1569326689.856,662,1046,None,Move,development
1569326689.8639998,661,1046,None,Move,development
1569326689.873,661,1047,None,Move,development
1569326689.88,659,1047,None,Move,development
1569326689.887,659,1049,None,Move,development
1569326689.895,658,1049,None,Move,development
1569326689.903,658,1050,None,Move,development
1569326689.911,657,1050,None,Move,development
1569326689.919,656,1052,None,Move,development
1569326689.927,656,1053,None,Move,development
1569326689.935,656,1054,None,Move,development
1569326689.9429998,656,1055,None,Move,development
1569326689.951,656,1055,None,Move,development
1569326689.957,656,1056,None,Move,development
1569326689.965,656,1057,None,Move,development
1569326689.9729998,656,1057,None,Move,development
1569326689.981,657,1057,None,Move,development
1569326689.9889998,659,1057,None,Move,development
1569326689.9970002,661,1057,None,Move,development
1569326690.005,662,1057,None,Move,development
1569326690.0129998,664,1057,None,Move,development
1569326690.021,666,1057,None,Move,development
1569326690.029,668,1057,None,Move,development
1569326690.0370002,669,1057,None,Move,development
1569326690.044,670,1057,None,Move,development
1569326690.051,671,1057,None,Move,development
1569326690.059,672,1057,None,Move,development
1569326690.075,672,1057,None,Move,development
1569326690.137,672,1057,None,Move,development
1569326690.1929998,672,1056,None,Move,development
1569326690.209,672,1056,None,Move,development
1569326690.2229998,672,1055,None,Move,development
1569326690.231,673,1055,None,Move,development
1569326690.2470002,673,1054,Left,Pressed,development
1569326690.2470002,673,1054,None,Drag,development
1569326690.2470002,673,1054,Left,Released,development
1569326690.394,673,1054,None,Move,office
1569326690.561,673,1054,None,Move,office
1569326690.5670002,672,1053,None,Move,office
1569326690.575,672,1050,None,Move,office
1569326690.583,671,1048,None,Move,office
1569326690.591,671,1045,None,Move,office
1569326690.599,669,1041,None,Move,office
1569326690.607,668,1036,None,Move,office
1569326690.6139998,667,1031,None,Move,office
1569326690.621,664,1025,None,Move,office
1569326690.629,660,1018,None,Move,office
1569326690.637,656,1013,None,Move,office
1569326690.645,652,1011,None,Move,office
1569326690.653,646,1006,None,Move,office
1569326690.661,640,1003,None,Move,office
1569326690.669,637,1001,None,Move,office
1569326690.677,630,997,None,Move,office
1569326690.684,620,993,None,Move,office
1569326690.691,615,990,None,Move,office
1569326690.699,604,983,None,Move,office
1569326690.707,594,976,None,Move,office
1569326690.715,587,971,None,Move,office
1569326690.722,582,967,None,Move,office
1569326690.73,577,962,None,Move,office
1569326690.738,572,958,None,Move,office
1569326690.746,570,954,None,Move,office
1569326690.754,568,951,None,Move,office
1569326690.762,566,948,None,Move,office
1569326690.77,564,945,None,Move,office
1569326690.7770002,564,945,None,Move,office
1569326690.784,563,943,None,Move,office
1569326690.792,563,941,None,Move,office
1569326690.8,561,939,None,Move,office
1569326690.8079998,560,938,None,Move,office
1569326690.816,560,936,None,Move,office
1569326690.825,560,934,None,Move,office
1569326690.832,559,932,None,Move,office
1569326690.84,558,929,None,Move,office
1569326690.849,558,926,None,Move,office
1569326690.856,556,923,None,Move,office
1569326690.8639998,555,918,None,Move,office
1569326690.8720002,553,915,None,Move,office
1569326690.879,552,911,None,Move,office
1569326690.887,551,907,None,Move,office
1569326690.895,549,902,None,Move,office
1569326690.903,548,896,None,Move,office
1569326690.911,546,890,None,Move,office
1569326690.919,545,883,None,Move,office
1569326690.925,545,879,None,Move,office
1569326690.9329998,544,876,None,Move,office
1569326690.941,544,872,None,Move,office
1569326690.949,544,868,None,Move,office
1569326690.957,544,865,None,Move,office
1569326690.965,544,861,None,Move,office
1569326690.9729998,544,858,None,Move,office
1569326690.981,544,855,None,Move,office
1569326690.9889998,545,852,None,Move,office
1569326690.9970002,546,849,None,Move,office
1569326691.005,546,848,None,Move,office
1569326691.012,546,847,None,Move,office
1569326691.043,546,846,None,Move,office
1569326691.0670002,546,846,None,Move,office
1569326691.269,546,845,None,Move,office
1569326691.293,547,845,None,Move,office
1569326691.417,547,845,None,Move,office
1569326691.457,547,844,None,Move,office
1569326691.575,547,843,None,Move,office
1569326691.823,547,843,None,Move,office
1569326691.831,547,842,None,Move,office
1569326691.839,546,840,None,Move,office
1569326691.847,546,839,None,Move,office
1569326691.855,546,837,None,Move,office
1569326691.863,545,835,None,Move,office
1569326691.879,543,828,None,Move,office
1569326691.887,541,824,None,Move,office
1569326691.895,540,817,None,Move,office
1569326691.903,540,814,None,Move,office
1569326691.909,538,804,None,Move,office
1569326691.917,535,796,None,Move,office
1569326691.925,533,786,None,Move,office
1569326691.9329998,527,770,None,Move,office
1569326691.941,524,761,None,Move,office
1569326691.949,520,750,None,Move,office
1569326691.957,515,737,None,Move,office
1569326691.965,500,711,None,Move,office
1569326691.9729998,496,701,None,Move,office
1569326691.981,481,676,None,Move,office
1569326691.9870002,476,666,None,Move,office
1569326691.995,460,643,None,Move,office
1569326692.0029998,450,631,None,Move,office
1569326692.0110002,438,614,None,Move,office
1569326692.02,428,604,None,Move,office
1569326692.0270002,423,598,None,Move,office
1569326692.035,414,590,None,Move,office
1569326692.043,404,583,None,Move,office
1569326692.051,399,580,None,Move,office
1569326692.059,392,576,None,Move,office
1569326692.0670002,386,573,None,Move,office
1569326692.074,380,570,None,Move,office
1569326692.081,374,568,None,Move,office
1569326692.089,371,567,None,Move,office
1569326692.097,368,567,None,Move,office
1569326692.105,366,567,None,Move,office
1569326692.113,363,567,None,Move,office
1569326692.1220002,358,567,None,Move,office
1569326692.13,354,567,None,Move,office
1569326692.137,351,567,None,Move,office
1569326692.146,345,567,None,Move,office
1569326692.1520002,334,567,None,Move,office
1569326692.16,329,567,None,Move,office
1569326692.166,317,567,None,Move,office
1569326692.174,307,566,None,Move,office
1569326692.1820002,302,564,None,Move,office
1569326692.19,295,562,None,Move,office
1569326692.199,289,561,None,Move,office
1569326692.206,285,560,None,Move,office
1569326692.214,282,560,None,Move,office
1569326692.222,279,559,None,Move,office
1569326692.23,275,558,None,Move,office
1569326692.2370002,273,557,None,Move,office
1569326692.244,271,557,None,Move,office
1569326692.252,270,556,None,Move,office
1569326692.2610002,268,556,None,Move,office
1569326692.268,267,555,None,Move,office
1569326692.276,266,555,None,Move,office
1569326692.285,264,555,None,Move,office
1569326692.293,263,555,None,Move,office
1569326692.301,263,555,None,Move,office
1569326692.309,261,555,None,Move,office
1569326692.315,261,555,None,Move,office
1569326692.323,260,555,None,Move,office
1569326692.331,258,555,None,Move,office
1569326692.339,256,555,None,Move,office
1569326692.347,254,555,None,Move,office
1569326692.355,253,555,None,Move,office
1569326692.363,252,555,None,Move,office
1569326692.371,249,555,None,Move,office
1569326692.379,249,555,None,Move,office
1569326692.387,248,555,None,Move,office
1569326692.393,247,555,None,Move,office
1569326692.409,247,555,None,Move,office
1569326692.4729998,246,555,None,Move,office
1569326692.48,246,555,None,Move,office
1569326692.4870002,245,554,None,Move,office
1569326692.495,244,554,None,Move,office
1569326692.5029998,243,553,None,Move,office
1569326692.5110002,241,553,None,Move,office
1569326692.519,241,553,None,Move,office
1569326692.5270002,239,552,None,Move,office
1569326692.535,237,552,None,Move,office
1569326692.543,235,552,None,Move,office
1569326692.551,235,552,None,Move,office
1569326692.559,234,551,None,Move,office
1569326692.566,232,551,None,Move,office
1569326692.574,232,551,None,Move,office
1569326692.581,230,551,None,Move,office
1569326692.589,229,551,None,Move,office
1569326692.597,227,551,None,Move,office
1569326692.605,226,551,None,Move,office
1569326692.613,225,551,None,Move,office
1569326692.621,224,551,None,Move,office
1569326692.629,224,551,None,Move,office
1569326692.637,223,551,None,Move,office
1569326692.667,223,550,None,Move,office
1569326692.675,223,550,None,Move,office
1569326692.6820002,223,548,None,Move,office
1569326692.699,223,548,None,Move,office
1569326692.714,223,547,Left,Pressed,office
1569326692.714,223,547,None,Drag,office
1569326692.715,223,547,Left,Released,office
1569326692.855,223,547,None,Move,office
1569326693.019,223,547,None,Move,office
1569326700.968,223,547,None,Move,office
1569326700.982,223,547,None,Move,office
1569326700.99,227,548,None,Move,office
1569326700.998,231,548,None,Move,office
1569326701.006,237,550,None,Move,office
1569326701.02,245,553,None,Move,office
1569326701.0270002,249,555,None,Move,office
1569326701.033,252,556,None,Move,office
1569326701.04,253,556,None,Move,office
1569326701.0470002,255,556,None,Move,office
1569326701.063,256,557,None,Move,office
1569326701.071,256,558,None,Move,office
1569326701.077,257,558,None,Move,office
1569326701.085,259,560,None,Move,office
1569326701.093,260,560,None,Move,office
1569326701.101,261,561,None,Move,office
1569326701.109,262,562,None,Move,office
1569326701.117,262,562,None,Move,office
1569326701.147,262,562,None,Move,office
1569326701.171,262,563,None,Move,office
1569326701.211,262,563,None,Move,office
1569326701.218,260,563,None,Move,office
1569326701.225,258,563,None,Move,office
1569326701.2329998,256,564,None,Move,office
1569326701.2410002,253,564,None,Move,office
1569326701.2489998,251,564,None,Move,office
1569326701.2570002,248,564,None,Move,office
1569326701.265,245,564,None,Move,office
1569326701.2729998,241,564,None,Move,office
1569326701.289,225,564,None,Move,office
1569326701.296,217,564,None,Move,office
1569326701.303,213,564,None,Move,office
1569326701.311,206,564,None,Move,office
1569326701.319,196,564,None,Move,office
1569326701.327,190,564,None,Move,office
1569326701.335,185,564,None,Move,office
1569326701.344,181,564,None,Move,office
1569326701.351,178,564,None,Move,office
1569326701.359,174,564,None,Move,office
1569326701.367,167,565,None,Move,office
1569326701.373,163,566,None,Move,office
1569326701.381,160,566,None,Move,office
1569326701.3879998,156,566,None,Move,office
1569326701.396,152,566,None,Move,office
1569326701.404,149,567,None,Move,office
1569326701.4120002,146,567,None,Move,office
1569326701.42,143,567,None,Move,office
1569326701.428,140,567,None,Move,office
1569326701.436,138,568,None,Move,office
1569326701.445,136,569,None,Move,office
1569326701.452,134,570,None,Move,office
1569326701.459,132,571,None,Move,office
1569326701.466,132,572,None,Move,office
1569326701.475,131,573,None,Move,office
1569326701.4829998,131,574,None,Move,office
1569326701.4910002,131,575,None,Move,office
1569326701.4989998,131,578,None,Move,office
1569326701.5070002,131,582,None,Move,office
1569326701.515,132,584,None,Move,office
1569326701.5229998,134,589,None,Move,office
1569326701.531,138,599,None,Move,office
1569326701.5370002,142,605,None,Move,office
1569326701.545,145,611,None,Move,office
1569326701.553,148,616,None,Move,office
1569326701.561,152,619,None,Move,office
1569326701.569,154,623,None,Move,office
1569326701.577,158,626,None,Move,office
1569326701.585,161,628,None,Move,office
1569326701.593,166,630,None,Move,office
1569326701.601,169,631,None,Move,office
1569326701.609,171,631,None,Move,office
1569326701.615,173,631,None,Move,office
1569326701.623,175,631,None,Move,office
1569326701.631,178,631,None,Move,office
1569326701.639,181,630,None,Move,office
1569326701.647,183,629,None,Move,office
1569326701.655,184,629,None,Move,office
1569326701.663,186,629,None,Move,office
1569326701.671,188,628,None,Move,office
1569326701.679,189,628,None,Move,office
1569326701.687,190,627,None,Move,office
1569326701.695,192,627,None,Move,office
1569326701.7029998,195,626,None,Move,office
1569326701.71,197,626,None,Move,office
1569326701.717,200,626,None,Move,office
1569326701.725,203,626,None,Move,office
1569326701.7329998,206,626,None,Move,office
1569326701.7410002,208,626,None,Move,office
1569326701.748,211,626,None,Move,office
1569326701.7570002,214,626,None,Move,office
1569326701.765,221,626,None,Move,office
1569326701.771,222,625,None,Move,office
1569326701.778,227,624,None,Move,office
1569326701.786,231,623,None,Move,office
1569326701.794,239,621,None,Move,office
1569326701.802,242,620,None,Move,office
1569326701.81,249,618,None,Move,office
1569326701.8179998,257,615,None,Move,office
1569326701.826,265,613,None,Move,office
1569326701.85,272,611,None,Move,office
1569326701.857,294,607,None,Move,office
1569326701.865,297,606,None,Move,office
1569326701.873,300,606,None,Move,office
1569326701.881,304,606,None,Move,office
1569326701.889,307,606,None,Move,office
1569326701.897,308,606,None,Move,office
1569326701.905,310,605,None,Move,office
1569326701.913,312,605,None,Move,office
1569326701.921,314,604,None,Move,office
1569326701.929,316,604,None,Move,office
1569326701.935,318,604,None,Move,office
1569326701.9429998,319,604,None,Move,office
1569326701.951,320,603,None,Move,office
1569326701.959,323,603,None,Move,office
1569326701.967,324,603,None,Move,office
1569326701.975,326,602,None,Move,office
1569326701.9829998,328,602,None,Move,office
1569326701.9910002,333,601,None,Move,office
1569326701.9989998,336,601,None,Move,office
1569326702.0070002,342,600,None,Move,office
1569326702.014,346,600,None,Move,office
1569326702.021,353,599,None,Move,office
1569326702.029,355,599,None,Move,office
1569326702.0370002,359,599,None,Move,office
1569326702.045,366,598,None,Move,office
1569326702.053,369,598,None,Move,office
1569326702.061,371,597,None,Move,office
1569326702.069,372,596,None,Move,office
1569326702.077,374,596,None,Move,office
1569326702.085,374,596,None,Move,office
1569326702.092,375,596,None,Move,office
1569326702.099,376,596,None,Move,office
1569326702.107,376,595,None,Move,office
1569326702.115,377,595,None,Move,office
1569326702.123,378,594,None,Move,office
1569326702.131,379,594,None,Move,office
1569326702.1379998,380,594,None,Move,office
1569326702.146,382,593,None,Move,office
1569326702.154,384,592,None,Move,office
1569326702.1620002,386,590,None,Move,office
1569326702.17,390,588,None,Move,office
1569326702.177,395,586,None,Move,office
1569326702.184,398,583,None,Move,office
1569326702.1920002,406,580,None,Move,office
1569326702.2,410,577,None,Move,office
1569326702.208,416,574,None,Move,office
1569326702.217,421,571,None,Move,office
1569326702.225,424,570,None,Move,office
1569326702.2329998,426,568,None,Move,office
1569326702.2410002,429,568,None,Move,office
1569326702.2489998,430,566,None,Move,office
1569326702.255,431,566,None,Move,office
1569326702.2629998,431,566,None,Move,office
1569326702.271,431,565,None,Move,office
1569326702.381,431,564,None,Move,office
1569326702.389,431,564,None,Move,office
1569326702.397,431,563,None,Move,office
1569326702.413,432,563,None,Move,office
1569326702.419,432,562,None,Move,office
1569326702.4329998,432,562,Left,Pressed,office
1569326702.4329998,432,562,None,Drag,office
1569326702.4429998,433,561,None,Drag,office
1569326702.521,433,561,None,Drag,office
1569326702.521,433,561,Left,Released,office
1569326702.5370002,433,561,None,Move,office
1569326702.553,433,562,None,Move,office
1569326702.569,433,562,None,Move,office
1569326702.606,433,563,None,Move,office
1569326702.779,433,563,None,Move,office
1569326702.7870002,433,564,None,Move,office
1569326702.795,433,566,None,Move,office
1569326702.803,432,567,None,Move,office
1569326702.811,431,570,None,Move,office
1569326702.819,430,573,None,Move,office
1569326702.826,429,575,None,Move,office
1569326702.834,427,578,None,Move,office
1569326702.841,427,579,None,Move,office
1569326702.849,426,582,None,Move,office
1569326702.857,426,583,None,Move,office
1569326702.865,425,583,None,Move,office
1569326702.873,425,584,None,Move,office
1569326702.881,425,585,None,Move,office
1569326702.911,425,585,None,Move,office
1569326702.927,425,586,None,Move,office
1569326702.975,425,587,None,Move,office
1569326703.209,425,587,None,Move,office
1569326703.217,423,587,None,Move,office
1569326703.224,421,587,None,Move,office
1569326703.231,417,587,None,Move,office
1569326703.2389998,410,587,None,Move,office
1569326703.2470002,403,587,None,Move,office
1569326703.255,400,587,None,Move,office
1569326703.2629998,393,588,None,Move,office
1569326703.271,386,588,None,Move,office
1569326703.279,382,588,None,Move,office
1569326703.2870002,379,588,None,Move,office
1569326703.295,376,586,None,Move,office
1569326703.303,373,585,None,Move,office
1569326703.31,371,583,None,Move,office
1569326703.3170002,369,579,None,Move,office
1569326703.325,367,578,None,Move,office
1569326703.333,365,575,None,Move,office
1569326703.341,364,574,None,Move,office
1569326703.349,364,573,None,Move,office
1569326703.357,364,573,None,Move,office
1569326703.365,363,572,None,Move,office
1569326703.381,362,571,None,Move,office
1569326703.394,362,571,None,Move,office
1569326703.4,361,570,None,Move,office
1569326703.407,360,568,None,Move,office
1569326703.413,358,566,None,Move,office
1569326703.42,357,564,None,Move,office
1569326703.427,353,561,None,Move,office
1569326703.434,350,557,None,Move,office
1569326703.4420002,348,555,None,Move,office
1569326703.45,346,552,None,Move,office
1569326703.458,344,550,None,Move,office
1569326703.466,342,548,None,Move,office
1569326703.4729998,341,546,None,Move,office
1569326703.48,341,546,None,Move,office
1569326703.4889998,340,545,None,Move,office
1569326703.4989998,340,545,None,Move,office
1569326703.506,340,544,None,Move,office
1569326703.5129998,340,543,None,Move,office
1569326703.521,340,543,None,Move,office
1569326703.529,340,542,None,Move,office
1569326703.5370002,340,540,None,Move,office
1569326703.545,340,540,None,Move,office
1569326703.5670002,340,539,None,Move,office
1569326703.583,340,538,None,Move,office
1569326703.591,340,537,None,Move,office
1569326703.599,340,537,None,Move,office
1569326703.607,340,536,None,Move,office
1569326703.615,340,535,None,Move,office
1569326703.6279998,340,535,Left,Pressed,office
1569326703.6279998,340,535,None,Drag,office
1569326703.6360002,340,534,None,Drag,office
1569326703.6360002,340,534,Left,Released,office
1569326703.7229998,340,534,None,Move,office
1569326703.7470002,340,534,None,Move,office
1569326703.779,340,535,None,Move,office
1569326703.809,340,535,None,Move,office
1569326703.926,340,535,None,Move,office
1569326703.934,340,534,None,Move,office
1569326703.9420002,341,532,None,Move,office
1569326703.95,343,530,None,Move,office
1569326703.959,344,528,None,Move,office
1569326703.965,345,525,None,Move,office
1569326703.9729998,347,523,None,Move,office
1569326703.981,348,521,None,Move,office
1569326703.9889998,349,520,None,Move,office
1569326703.9970002,350,518,None,Move,office
1569326704.005,351,517,None,Move,office
1569326704.0129998,352,515,None,Move,office
1569326704.021,352,514,None,Move,office
1569326704.029,353,514,None,Move,office
1569326704.036,353,513,None,Move,office
1569326704.043,353,512,None,Move,office
1569326704.051,353,512,None,Move,office
1569326704.059,353,511,None,Move,office
1569326704.357,353,511,None,Move,office
1569326704.363,352,512,None,Move,office
1569326704.371,350,513,None,Move,office
1569326704.379,348,514,None,Move,office
1569326704.387,345,518,None,Move,office
1569326704.395,343,520,None,Move,office
1569326704.403,340,522,None,Move,office
1569326704.411,339,524,None,Move,office
1569326704.419,337,525,None,Move,office
1569326704.427,336,526,None,Move,office
1569326704.435,335,527,None,Move,office
1569326704.4429998,335,527,None,Move,office
1569326704.449,335,527,None,Move,office
1569326704.457,335,528,None,Move,office
1569326705.1820002,335,528,None,Move,office
1569326705.981,335,528,None,Move,office
1569326706.301,335,528,None,Move,office
1569326706.573,335,528,None,Move,office
1569326706.675,335,528,None,Move,office
1569326706.793,335,528,None,Move,office
1569326706.801,336,528,None,Move,office
1569326706.8070002,337,529,None,Move,office
1569326706.815,338,529,None,Move,office
1569326706.823,339,530,None,Move,office
1569326706.831,340,532,None,Move,office
1569326706.839,342,533,None,Move,office
1569326706.847,343,535,None,Move,office
1569326706.855,345,537,None,Move,office
1569326706.863,346,538,None,Move,office
1569326706.871,347,540,None,Move,office
1569326706.879,350,541,None,Move,office
1569326706.8860002,351,543,None,Move,office
1569326706.893,353,544,None,Move,office
1569326706.904,357,546,None,Move,office
1569326706.911,361,548,None,Move,office
1569326706.919,364,549,None,Move,office
1569326706.925,370,551,None,Move,office
1569326706.9320002,375,553,None,Move,office
1569326706.941,383,555,None,Move,office
1569326706.949,391,556,None,Move,office
1569326706.957,398,558,None,Move,office
1569326706.965,405,559,None,Move,office
1569326706.972,408,559,None,Move,office
1569326706.978,412,560,None,Move,office
1569326706.986,416,561,None,Move,office
1569326706.994,419,561,None,Move,office
1569326707.002,420,561,None,Move,office
1569326707.01,421,561,None,Move,office
1569326707.049,421,561,None,Move,office
1569326707.113,421,562,None,Move,office
1569326707.121,421,563,None,Move,office
1569326707.1279998,421,563,None,Move,office
1569326707.135,421,564,None,Move,office
1569326707.147,421,566,None,Move,office
1569326707.154,420,566,None,Move,office
1569326707.161,420,567,None,Move,office
1569326707.173,418,567,None,Move,office
1569326707.18,417,568,None,Move,office
1569326707.186,415,569,None,Move,office
1569326707.194,412,570,None,Move,office
1569326707.2,409,570,None,Move,office
1569326707.208,406,571,None,Move,office
1569326707.215,401,572,None,Move,office
1569326707.222,396,573,None,Move,office
1569326707.229,391,574,None,Move,office
1569326707.2389998,388,575,None,Move,office
1569326707.248,384,575,None,Move,office
1569326707.256,378,576,None,Move,office
1569326707.262,373,577,None,Move,office
1569326707.27,367,577,None,Move,office
1569326707.279,362,577,None,Move,office
1569326707.288,356,577,None,Move,office
1569326707.296,353,577,None,Move,office
1569326707.305,348,577,None,Move,office
1569326707.314,344,577,None,Move,office
1569326707.324,336,577,None,Move,office
1569326707.333,335,577,None,Move,office
1569326707.341,332,577,None,Move,office
1569326707.351,330,577,None,Move,office
1569326707.361,327,577,None,Move,office
1569326707.37,324,577,None,Move,office
1569326707.3779998,313,577,None,Move,office
1569326707.387,309,577,None,Move,office
1569326707.396,303,577,None,Move,office
1569326707.403,295,577,None,Move,office
1569326707.4120002,293,577,None,Move,office
1569326707.42,286,578,None,Move,office
1569326707.428,282,578,None,Move,office
1569326707.437,278,578,None,Move,office
1569326707.446,275,578,None,Move,office
1569326707.455,269,578,None,Move,office
1569326707.464,267,578,None,Move,office
1569326707.4729998,264,578,None,Move,office
1569326707.481,262,578,None,Move,office
1569326707.4889998,262,578,None,Move,office
1569326707.4970002,260,578,None,Move,office
1569326707.505,258,578,None,Move,office
1569326707.515,256,578,None,Move,office
1569326707.522,254,578,None,Move,office
1569326707.529,251,578,None,Move,office
1569326707.5370002,248,578,None,Move,office
1569326707.544,244,578,None,Move,office
1569326707.551,240,578,None,Move,office
1569326707.5579998,236,578,None,Move,office
1569326707.565,234,578,None,Move,office
1569326707.573,231,578,None,Move,office
1569326707.581,225,577,None,Move,office
1569326707.589,223,576,None,Move,office
1569326707.597,221,575,None,Move,office
1569326707.605,219,575,None,Move,office
1569326707.6120002,219,574,None,Move,office
1569326707.619,218,574,None,Move,office
1569326707.635,218,574,None,Move,office
1569326707.667,218,574,None,Move,office
1569326707.712,217,574,None,Move,office
1569326707.72,216,574,None,Move,office
1569326707.728,215,574,None,Move,office
1569326707.736,215,574,None,Move,office
1569326707.744,213,574,None,Move,office
1569326707.7529998,213,574,None,Move,office
1569326707.7610002,212,574,None,Move,office
1569326707.7670002,211,574,None,Move,office
1569326707.774,210,574,None,Move,office
1569326707.791,210,574,None,Move,office
1569326707.853,210,574,None,Move,office
1569326707.861,210,574,None,Move,office
1569326707.869,209,577,None,Move,office
1569326707.877,208,583,None,Move,office
1569326707.885,208,588,None,Move,office
1569326707.893,207,591,None,Move,office
1569326707.901,207,596,None,Move,office
1569326707.909,207,603,None,Move,office
1569326708.377,207,603,None,Move,office
1569326708.385,207,602,None,Move,office
1569326708.393,207,602,None,Move,office
1569326708.409,207,602,None,Move,office
1569326708.441,207,601,None,Move,office
1569326708.462,208,601,None,Move,office
1569326708.486,208,601,None,Move,office
1569326708.5,209,601,None,Move,office
1569326708.508,210,601,None,Move,office
1569326708.5170002,211,601,None,Move,office
1569326708.524,212,601,None,Move,office
1569326708.532,213,601,None,Move,office
1569326708.54,215,601,None,Move,office
1569326708.549,217,601,None,Move,office
1569326708.556,219,601,None,Move,office
1569326708.564,220,601,None,Move,office
1569326708.573,222,601,None,Move,office
1569326708.579,224,601,None,Move,office
1569326708.587,226,601,None,Move,office
1569326708.595,232,601,None,Move,office
1569326708.603,236,601,None,Move,office
1569326708.611,239,600,None,Move,office
1569326708.619,247,600,None,Move,office
1569326708.627,260,598,None,Move,office
1569326708.635,270,598,None,Move,office
1569326708.643,279,597,None,Move,office
1569326708.651,299,597,None,Move,office
1569326708.658,312,597,None,Move,office
1569326708.665,322,597,None,Move,office
1569326708.673,340,597,None,Move,office
1569326708.681,353,597,None,Move,office
1569326708.689,361,598,None,Move,office
1569326708.697,369,599,None,Move,office
1569326708.705,379,603,None,Move,office
1569326708.7129998,385,607,None,Move,office
1569326708.721,387,609,None,Move,office
1569326708.729,387,610,None,Move,office
1569326709.0170002,387,610,None,Move,office
1569326709.025,389,609,None,Move,office
1569326709.033,390,605,None,Move,office
1569326709.041,391,604,None,Move,office
1569326709.049,393,603,None,Move,office
1569326709.0570002,395,601,None,Move,office
1569326709.064,397,600,None,Move,office
1569326709.071,399,600,None,Move,office
1569326709.079,402,598,None,Move,office
1569326709.087,407,597,None,Move,office
1569326709.095,411,596,None,Move,office
1569326709.103,419,595,None,Move,office
1569326709.111,425,594,None,Move,office
1569326709.119,429,593,None,Move,office
1569326709.127,441,593,None,Move,office
1569326709.135,451,592,None,Move,office
1569326709.143,459,592,None,Move,office
1569326709.15,468,592,None,Move,office
1569326709.157,477,591,None,Move,office
1569326709.165,491,591,None,Move,office
1569326709.173,500,591,None,Move,office
1569326709.181,509,591,None,Move,office
1569326709.189,518,591,None,Move,office
1569326709.197,535,591,None,Move,office
1569326709.205,549,590,None,Move,office
1569326709.212,560,590,None,Move,office
1569326709.221,578,590,None,Move,office
1569326709.228,591,590,None,Move,office
1569326709.235,603,589,None,Move,office
1569326709.2470002,627,589,None,Move,office
1569326709.2529998,647,589,None,Move,office
1569326709.26,660,589,None,Move,office
1569326709.2670002,672,589,None,Move,office
1569326709.275,688,589,None,Move,office
1569326709.283,703,588,None,Move,office
1569326709.291,714,588,None,Move,office
1569326709.298,731,588,None,Move,office
1569326709.306,740,588,None,Move,office
1569326709.314,748,588,None,Move,office
1569326709.323,759,588,None,Move,office
1569326709.33,768,588,None,Move,office
1569326709.337,780,588,None,Move,office
1569326709.345,788,588,None,Move,office
1569326709.353,795,588,None,Move,office
1569326709.361,803,588,None,Move,office
1569326709.369,806,588,None,Move,office
1569326709.377,810,588,None,Move,office
1569326709.385,814,588,None,Move,office
1569326709.3920002,815,588,None,Move,office
1569326709.399,816,588,None,Move,office
1569326709.439,816,588,None,Move,office
1569326709.447,815,588,None,Move,office
1569326709.455,813,588,None,Move,office
1569326709.462,808,588,None,Move,office
1569326709.469,798,588,None,Move,office
1569326709.4770002,785,590,None,Move,office
1569326709.485,770,591,None,Move,office
1569326709.4929998,757,591,None,Move,office
1569326709.502,744,593,None,Move,office
1569326709.5089998,715,594,None,Move,office
1569326709.5170002,677,596,None,Move,office
1569326709.525,647,596,None,Move,office
1569326709.533,620,596,None,Move,office
1569326709.541,574,596,None,Move,office
1569326709.549,533,598,None,Move,office
1569326709.5570002,500,598,None,Move,office
1569326709.564,470,598,None,Move,office
1569326709.571,424,598,None,Move,office
1569326709.579,396,597,None,Move,office
1569326709.586,366,597,None,Move,office
1569326709.594,338,595,None,Move,office
1569326709.603,308,595,None,Move,office
1569326709.61,295,595,None,Move,office
1569326709.619,277,595,None,Move,office
1569326709.6260002,262,595,None,Move,office
1569326709.633,244,595,None,Move,office
1569326709.64,235,595,None,Move,office
1569326709.649,223,595,None,Move,office
1569326709.657,218,595,None,Move,office
1569326709.665,206,595,None,Move,office
1569326709.673,200,595,None,Move,office
1569326709.681,190,595,None,Move,office
1569326709.689,184,595,None,Move,office
1569326709.697,178,595,None,Move,office
1569326709.705,169,595,None,Move,office
1569326709.712,164,595,None,Move,office
1569326709.719,160,595,None,Move,office
1569326709.7270002,152,595,None,Move,office
1569326709.735,145,595,None,Move,office
1569326709.7429998,142,595,None,Move,office
1569326709.7510002,136,595,None,Move,office
1569326709.7589998,129,595,None,Move,office
1569326709.7670002,125,595,None,Move,office
1569326709.775,122,595,None,Move,office
1569326709.783,121,595,None,Move,office
1569326709.79,119,595,None,Move,office
1569326709.7970002,118,595,None,Move,office
1569326709.805,117,595,None,Move,office
1569326710.0010002,117,595,None,Move,office
1569326710.063,116,595,None,Move,office
1569326710.071,114,595,None,Move,office
1569326710.079,113,595,None,Move,office
1569326710.087,111,595,None,Move,office
1569326710.095,108,595,None,Move,office
1569326710.103,106,595,None,Move,office
1569326710.11,104,595,None,Move,office
1569326710.117,101,594,None,Move,office
1569326710.125,98,593,None,Move,office
1569326710.133,97,593,None,Move,office
1569326710.141,96,593,None,Move,office
1569326710.149,94,592,None,Move,office
1569326710.157,92,592,None,Move,office
1569326710.165,91,592,None,Move,office
1569326710.173,90,591,None,Move,office
1569326710.181,89,591,None,Move,office
1569326710.188,88,591,None,Move,office
1569326710.195,88,590,None,Move,office
1569326710.235,88,590,None,Move,office
1569326710.321,87,590,None,Move,office
1569326710.329,87,589,None,Move,office
1569326710.345,87,589,None,Move,office
1569326710.351,87,589,None,Move,office
1569326710.3579998,87,588,None,Move,office
1569326710.367,87,588,None,Move,office
1569326710.383,87,587,None,Move,office
1569326710.423,86,586,None,Move,office
1569326710.437,86,586,None,Move,office
1569326710.445,86,585,None,Move,office
1569326710.469,86,585,None,Move,office
1569326710.4770002,85,585,None,Move,office
1569326710.4929998,84,584,None,Move,office
1569326710.5010002,84,584,None,Move,office
1569326710.5089998,83,584,None,Move,office
1569326710.516,83,584,None,Move,office
1569326710.5229998,82,584,None,Move,office
1569326710.539,81,583,None,Move,office
1569326710.5470002,80,583,None,Move,office
1569326710.563,80,582,None,Move,office
1569326710.571,80,582,None,Move,office
1569326710.593,79,582,None,Move,office
1569326710.601,79,582,None,Move,office
1569326710.609,78,582,None,Move,office
1569326710.617,78,582,None,Move,office
1569326710.625,77,582,None,Move,office
1569326710.633,76,582,None,Move,office
1569326710.679,76,581,None,Move,office
1569326710.7570002,76,581,None,Move,office
1569326710.789,76,580,None,Move,office
1569326710.821,76,580,None,Move,office
1569326710.859,76,579,None,Move,office
1569326710.883,76,578,None,Move,office
1569326710.899,76,578,None,Move,office
1569326710.921,76,577,None,Move,office
1569326710.938,76,577,None,Move,office
1569326710.969,76,576,Left,Pressed,office
1569326710.969,76,576,None,Drag,office
1569326710.985,76,576,None,Drag,office
1569326711.0470002,77,576,None,Drag,office
1569326711.093,79,576,None,Drag,office
1569326711.101,81,576,None,Drag,office
1569326711.11,83,576,None,Drag,office
1569326711.117,91,576,None,Drag,office
1569326711.13,99,576,None,Drag,office
1569326711.137,108,576,None,Drag,office
1569326711.147,118,576,None,Drag,office
1569326711.155,125,576,None,Drag,office
1569326711.165,146,577,None,Drag,office
1569326711.176,153,577,None,Drag,office
1569326711.184,165,577,None,Drag,office
1569326711.194,188,577,None,Drag,office
1569326711.202,196,577,None,Drag,office
1569326711.214,210,577,None,Drag,office
1569326711.225,219,577,None,Drag,office
1569326711.235,247,577,None,Drag,office
1569326711.244,261,577,None,Drag,office
1569326711.2529998,270,577,None,Drag,office
1569326711.2629998,291,577,None,Drag,office
1569326711.27,304,577,None,Drag,office
1569326711.28,317,578,None,Drag,office
1569326711.289,354,578,None,Drag,office
1569326711.3,365,579,None,Drag,office
1569326711.309,377,581,None,Drag,office
1569326711.316,404,583,None,Drag,office
1569326711.326,417,586,None,Drag,office
1569326711.333,432,588,None,Drag,office
1569326711.344,477,595,None,Drag,office
1569326711.3520002,492,597,None,Drag,office
1569326711.361,503,598,None,Drag,office
1569326711.369,529,600,None,Drag,office
1569326711.3779998,541,601,None,Drag,office
1569326711.385,556,601,None,Drag,office
1569326711.397,570,601,None,Drag,office
1569326711.404,585,601,None,Drag,office
1569326711.415,603,601,None,Drag,office
1569326711.4220002,614,601,None,Drag,office
1569326711.4320002,622,601,None,Drag,office
1569326711.439,630,601,None,Drag,office
1569326711.449,636,600,None,Drag,office
1569326711.456,638,600,None,Drag,office
1569326711.468,640,599,None,Drag,office
1569326711.4770002,641,599,None,Drag,office
1569326711.5070002,641,599,None,Drag,office
1569326711.515,642,599,None,Drag,office
1569326711.522,644,598,None,Drag,office
1569326711.53,645,597,None,Drag,office
1569326711.538,647,597,None,Drag,office
1569326711.5470002,649,597,None,Drag,office
1569326711.559,651,596,None,Drag,office
1569326711.5670002,653,596,None,Drag,office
1569326711.579,656,595,None,Drag,office
1569326711.586,658,595,None,Drag,office
1569326711.597,658,595,None,Drag,office
1569326711.604,659,595,None,Drag,office
1569326711.617,660,595,None,Drag,office
1569326711.6260002,661,595,None,Drag,office
1569326712.225,662,594,None,Drag,office
1569326712.232,664,593,None,Drag,office
1569326712.24,667,592,None,Drag,office
1569326712.248,669,592,None,Drag,office
1569326712.256,673,591,None,Drag,office
1569326712.265,679,589,None,Drag,office
1569326712.276,686,588,None,Drag,office
1569326712.283,695,585,None,Drag,office
1569326712.293,703,584,None,Drag,office
1569326712.302,710,582,None,Drag,office
1569326712.311,722,579,None,Drag,office
1569326712.3179998,729,577,None,Drag,office
1569326712.3279998,740,575,None,Drag,office
1569326712.335,746,573,None,Drag,office
1569326712.346,757,571,None,Drag,office
1569326712.354,765,568,None,Drag,office
1569326712.363,771,568,None,Drag,office
1569326712.373,783,565,None,Drag,office
1569326712.3820002,791,564,None,Drag,office
1569326712.3920002,797,562,None,Drag,office
1569326712.399,804,561,None,Drag,office
1569326712.411,810,560,None,Drag,office
1569326712.418,815,560,None,Drag,office
1569326712.427,817,559,None,Drag,office
1569326712.434,821,558,None,Drag,office
1569326712.444,828,558,None,Drag,office
1569326712.451,833,556,None,Drag,office
1569326712.461,839,556,None,Drag,office
1569326712.468,846,555,None,Drag,office
1569326712.48,849,555,None,Drag,office
1569326712.492,856,554,None,Drag,office
1569326712.4989998,859,554,None,Drag,office
1569326712.5110002,863,553,None,Drag,office
1569326712.5170002,866,553,None,Drag,office
1569326712.5270002,871,553,None,Drag,office
1569326712.534,875,553,None,Drag,office
1569326712.544,881,553,None,Drag,office
1569326712.55,884,553,None,Drag,office
1569326712.56,889,553,None,Drag,office
1569326712.5670002,894,553,None,Drag,office
1569326712.5779998,906,553,None,Drag,office
1569326712.586,911,553,None,Drag,office
1569326712.597,916,553,None,Drag,office
1569326712.605,920,553,None,Drag,office
1569326712.613,926,553,None,Drag,office
1569326712.621,934,553,None,Drag,office
1569326712.629,938,554,None,Drag,office
1569326712.639,950,555,None,Drag,office
1569326712.647,955,555,None,Drag,office
1569326712.654,961,556,None,Drag,office
1569326712.664,963,556,None,Drag,office
1569326712.673,969,557,None,Drag,office
1569326712.681,976,558,None,Drag,office
1569326712.689,982,558,None,Drag,office
1569326712.698,985,559,None,Drag,office
1569326712.705,992,559,None,Drag,office
1569326712.715,997,559,None,Drag,office
1569326712.7229998,1003,559,None,Drag,office
1569326712.732,1013,561,None,Drag,office
1569326712.74,1015,561,None,Drag,office
1569326712.75,1031,562,None,Drag,office
1569326712.7589998,1036,562,None,Drag,office
1569326712.7670002,1042,562,None,Drag,office
1569326712.778,1048,562,None,Drag,office
1569326712.788,1054,562,None,Drag,office
1569326712.7970002,1066,563,None,Drag,office
1569326712.805,1073,563,None,Drag,office
1569326712.816,1077,563,None,Drag,office
1569326712.825,1084,563,None,Drag,office
1569326712.835,1098,565,None,Drag,office
1569326712.843,1102,565,None,Drag,office
1569326712.8520002,1109,566,None,Drag,office
1569326712.86,1116,567,None,Drag,office
1569326712.8679998,1121,567,None,Drag,office
1569326712.8760002,1124,567,None,Drag,office
1569326712.885,1131,568,None,Drag,office
1569326712.893,1134,568,None,Drag,office
1569326712.901,1139,568,None,Drag,office
1569326712.911,1145,569,None,Drag,office
1569326712.919,1151,569,None,Drag,office
1569326712.931,1162,569,None,Drag,office
1569326712.9429998,1169,569,None,Drag,office
1569326712.952,1176,570,None,Drag,office
1569326712.961,1180,570,None,Drag,office
1569326712.97,1186,570,None,Drag,office
1569326712.978,1191,570,None,Drag,office
1569326712.9870002,1194,570,None,Drag,office
1569326712.995,1201,570,None,Drag,office
1569326713.0029998,1204,570,None,Drag,office
1569326713.0110002,1209,571,None,Drag,office
1569326713.019,1215,571,None,Drag,office
1569326713.029,1226,571,None,Drag,office
1569326713.036,1233,572,None,Drag,office
1569326713.046,1237,572,None,Drag,office
1569326713.054,1244,572,None,Drag,office
1569326713.063,1245,572,None,Drag,office
1569326713.07,1248,572,None,Drag,office
1569326713.08,1252,572,None,Drag,office
1569326713.0879998,1254,572,None,Drag,office
1569326713.097,1256,573,None,Drag,office
1569326713.104,1258,573,None,Drag,office
1569326713.1160002,1260,573,None,Drag,office
1569326713.1239998,1266,573,None,Drag,office
1569326713.1339998,1271,573,None,Drag,office
1569326713.145,1274,573,None,Drag,office
1569326713.1520002,1277,573,None,Drag,office
1569326713.1620002,1282,574,None,Drag,office
1569326713.169,1288,575,None,Drag,office
1569326713.179,1295,575,None,Drag,office
1569326713.188,1299,575,None,Drag,office
1569326713.2,1304,576,None,Drag,office
1569326713.21,1311,577,None,Drag,office
1569326713.22,1314,577,None,Drag,office
1569326713.23,1317,578,None,Drag,office
1569326713.238,1320,578,None,Drag,office
1569326713.248,1322,578,None,Drag,office
1569326713.256,1324,578,None,Drag,office
1569326713.2670002,1326,578,None,Drag,office
1569326713.276,1328,578,None,Drag,office
1569326713.2870002,1331,578,None,Drag,office
1569326713.296,1331,578,None,Drag,office
1569326713.305,1332,578,None,Drag,office
1569326713.314,1334,578,None,Drag,office
1569326713.321,1336,578,None,Drag,office
1569326713.33,1338,578,None,Drag,office
1569326713.337,1339,578,None,Drag,office
1569326713.36,1345,578,None,Drag,office
1569326713.3679998,1347,578,None,Drag,office
1569326713.3760002,1349,578,None,Drag,office
1569326713.385,1351,578,None,Drag,office
1569326713.394,1353,578,None,Drag,office
1569326713.4020002,1355,578,None,Drag,office
1569326713.4120002,1356,578,None,Drag,office
1569326713.42,1358,578,None,Drag,office
1569326713.429,1358,578,None,Drag,office
1569326713.521,1358,578,None,Drag,office
1569326713.521,1358,578,Left,Released,office
1569326713.9989998,1358,578,None,Move,office
1569326714.006,1358,578,None,Move,office
1569326714.0129998,1357,579,None,Move,office
1569326714.021,1355,579,None,Move,office
1569326714.029,1353,580,None,Move,office
1569326714.051,1351,582,None,Move,office
1569326714.059,1345,585,None,Move,office
1569326714.0670002,1340,587,None,Move,office
1569326714.115,1284,616,None,Move,office
1569326714.123,1252,631,None,Move,office
1569326714.1320002,1248,633,None,Move,office
1569326714.14,1245,634,None,Move,office
1569326714.147,1241,637,None,Move,office
1569326714.154,1238,638,None,Move,office
1569326714.164,1233,641,None,Move,office
1569326714.1720002,1229,644,None,Move,office
1569326714.18,1224,647,None,Move,office
1569326714.187,1219,649,None,Move,office
1569326714.194,1213,653,None,Move,office
1569326714.212,1204,660,None,Move,office
1569326714.219,1198,665,None,Move,office
1569326714.265,1168,685,None,Move,office
1569326714.272,1162,689,None,Move,office
1569326714.293,1162,690,None,Move,office
1569326714.301,1158,693,None,Move,office
1569326714.329,1156,694,None,Move,office
1569326714.341,1152,698,None,Move,office
1569326714.349,1151,699,None,Move,office
1569326714.357,1150,700,None,Move,office
1569326714.365,1149,700,None,Move,office
1569326714.373,1148,702,None,Move,office
1569326714.38,1147,702,None,Move,office
1569326714.3879998,1147,702,None,Move,office
1569326715.161,1147,702,None,Move,office
1569326715.355,1147,700,None,Move,office
1569326715.37,1147,700,None,Move,office
1569326715.519,1148,700,None,Move,office
1569326715.917,1148,699,None,Move,file system
1569326715.926,1148,699,None,Move,file system
1569326715.938,1147,699,None,Move,file system
1569326715.951,1146,698,None,Move,file system
1569326716.005,1134,698,None,Move,development
1569326716.0170002,1127,698,None,Move,development
1569326716.024,1123,699,None,Move,development
1569326716.033,1116,701,None,Move,development
1569326716.039,1109,702,None,Move,development
1569326716.046,1100,705,None,Move,development
1569326716.053,1093,706,None,Move,development
1569326716.06,1082,709,None,Move,development
1569326716.069,1066,713,None,Move,development
1569326716.076,1055,716,None,Move,development
1569326716.083,1042,720,None,Move,development
1569326716.091,1035,722,None,Move,development
1569326716.099,1024,725,None,Move,development
1569326716.106,1017,727,None,Move,development
1569326716.113,1007,730,None,Move,development
1569326716.121,993,736,None,Move,development
1569326716.1279998,987,738,None,Move,development
1569326716.1360002,975,741,None,Move,development
1569326716.143,964,746,None,Move,development
1569326716.15,956,748,None,Move,development
1569326716.158,950,750,None,Move,development
1569326716.166,944,752,None,Move,development
1569326716.174,938,755,None,Move,development
1569326716.1820002,933,756,None,Move,development
1569326716.19,927,758,None,Move,development
1569326716.198,917,763,None,Move,development
1569326716.206,911,766,None,Move,development
1569326716.214,905,769,None,Move,development
1569326716.221,899,772,None,Move,development
1569326716.229,891,776,None,Move,development
1569326716.2370002,885,779,None,Move,development
1569326716.245,878,784,None,Move,development
1569326716.2529998,872,787,None,Move,development
1569326716.2610002,867,790,None,Move,development
1569326716.269,861,794,None,Move,development
1569326716.2770002,855,798,None,Move,development
1569326716.285,852,800,None,Move,development
1569326716.293,846,804,None,Move,development
1569326716.301,841,808,None,Move,development
1569326716.3079998,832,815,None,Move,development
1569326716.315,826,821,None,Move,development
1569326716.323,821,826,None,Move,development
1569326716.331,815,832,None,Move,development
1569326716.339,804,846,None,Move,development
1569326716.347,797,853,None,Move,development
1569326716.355,790,860,None,Move,development
1569326716.363,785,866,None,Move,development
1569326716.371,779,873,None,Move,development
1569326716.379,776,877,None,Move,development
1569326716.387,771,883,None,Move,development
1569326716.394,768,887,None,Move,development
1569326716.401,765,891,None,Move,development
1569326716.409,763,894,None,Move,development
1569326716.417,761,897,None,Move,development
1569326716.425,759,900,None,Move,development
1569326716.4329998,757,901,None,Move,development
1569326716.441,756,904,None,Move,development
1569326716.449,755,905,None,Move,development
1569326716.457,754,906,None,Move,development
1569326716.465,753,907,None,Move,development
1569326716.472,753,907,None,Move,development
1569326716.478,753,908,None,Move,development
1569326716.519,753,909,None,Move,development
1569326716.526,752,909,None,Move,development
1569326716.535,752,909,None,Move,development
1569326716.543,751,910,None,Move,development
1569326716.549,751,911,None,Move,development
1569326716.556,751,912,None,Move,development
1569326716.565,750,914,None,Move,development
1569326716.572,750,915,None,Move,development
1569326716.581,750,916,None,Move,development
1569326716.589,749,918,None,Move,development
1569326716.597,749,919,None,Move,development
1569326716.605,748,920,None,Move,development
1569326716.613,747,922,None,Move,development
1569326716.621,747,923,None,Move,development
1569326716.627,745,925,None,Move,development
1569326716.635,744,928,None,Move,development
1569326716.643,742,932,None,Move,development
1569326716.651,740,936,None,Move,development
1569326716.6620002,739,941,None,Move,development
1569326716.669,736,946,None,Move,development
1569326716.676,731,954,None,Move,development
1569326716.6829998,727,963,None,Move,development
1569326716.691,724,971,None,Move,development
1569326716.699,720,977,None,Move,development
1569326716.707,716,983,None,Move,development
1569326716.7129998,712,990,None,Move,development
1569326716.721,710,992,None,Move,development
1569326716.729,707,997,None,Move,development
1569326716.7370002,704,1001,None,Move,development
1569326716.745,701,1005,None,Move,development
1569326716.7529998,699,1008,None,Move,development
1569326716.7610002,696,1012,None,Move,development
1569326716.769,694,1016,None,Move,development
1569326716.7770002,693,1018,None,Move,development
1569326716.785,689,1023,None,Move,development
1569326716.793,689,1024,None,Move,development
1569326716.8,687,1026,None,Move,development
1569326716.8070002,687,1029,None,Move,development
1569326716.815,685,1030,None,Move,development
1569326716.823,684,1032,None,Move,development
1569326716.831,683,1034,None,Move,development
1569326716.839,682,1035,None,Move,development
1569326716.847,682,1036,None,Move,development
1569326716.855,680,1037,None,Move,development
1569326716.863,680,1038,None,Move,development
1569326716.87,679,1040,None,Move,development
1569326716.8760002,678,1040,None,Move,development
1569326716.8839998,678,1042,None,Move,development
1569326716.8920002,678,1042,None,Move,development
1569326716.9020002,678,1042,None,Move,development
1569326716.91,677,1043,None,Move,development
1569326716.924,677,1043,None,Move,development
1569326716.9420002,677,1044,None,Move,development
1569326720.61,676,1042,None,Move,office
1569326720.6179998,662,1028,None,Move,office
1569326720.6279998,639,1007,None,Move,office
1569326720.644,601,973,None,Move,office
1569326720.651,594,967,None,Move,office
1569326720.658,593,967,None,Move,office
1569326720.673,593,967,None,Move,office
1569326720.829,593,967,None,Move,office
1569326720.837,591,967,None,Move,office
1569326720.845,589,967,None,Move,office
1569326720.853,586,965,None,Move,office
1569326720.861,582,963,None,Move,office
1569326720.87,579,961,None,Move,office
1569326720.875,574,958,None,Move,office
1569326720.883,568,954,None,Move,office
1569326720.8920002,561,951,None,Move,office
1569326720.9,553,948,None,Move,office
1569326720.907,543,946,None,Move,office
1569326720.914,529,942,None,Move,office
1569326720.924,520,940,None,Move,office
1569326720.931,500,935,None,Move,office
1569326720.941,491,932,None,Move,office
1569326720.948,477,927,None,Move,office
1569326720.957,468,924,None,Move,office
1569326720.964,449,917,None,Move,office
1569326720.974,434,911,None,Move,office
1569326720.98,423,907,None,Move,office
1569326720.9870002,406,899,None,Move,office
1569326720.994,378,886,None,Move,office
1569326721.002,354,873,None,Move,office
1569326721.0089998,344,866,None,Move,office
1569326721.018,333,860,None,Move,office
1569326721.026,326,857,None,Move,office
1569326721.033,315,850,None,Move,office
1569326721.041,305,846,None,Move,office
1569326721.048,297,842,None,Move,office
1569326721.055,290,840,None,Move,office
1569326721.063,281,837,None,Move,office
1569326721.071,265,830,None,Move,office
1569326721.079,256,825,None,Move,office
1569326721.087,248,820,None,Move,office
1569326721.095,238,814,None,Move,office
1569326721.103,225,804,None,Move,office
1569326721.11,219,800,None,Move,office
1569326721.117,209,792,None,Move,office
1569326721.125,202,786,None,Move,office
1569326721.133,199,782,None,Move,office
1569326721.141,195,779,None,Move,office
1569326721.149,192,775,None,Move,office
1569326721.157,190,772,None,Move,office
1569326721.165,188,766,None,Move,office
1569326721.174,185,760,None,Move,office
1569326721.18,184,753,None,Move,office
1569326721.187,182,742,None,Move,office
1569326721.195,181,733,None,Move,office
1569326721.2029998,180,725,None,Move,office
1569326721.211,179,718,None,Move,office
1569326721.22,178,710,None,Move,office
1569326721.2270002,177,701,None,Move,office
1569326721.235,176,692,None,Move,office
1569326721.242,175,685,None,Move,office
1569326721.25,175,682,None,Move,office
1569326721.258,174,677,None,Move,office
1569326721.265,174,672,None,Move,office
1569326721.272,174,666,None,Move,office
1569326721.281,174,662,None,Move,office
1569326721.289,174,659,None,Move,office
1569326721.2970002,174,658,None,Move,office
1569326721.305,174,655,None,Move,office
1569326721.313,174,654,None,Move,office
1569326721.321,174,654,None,Move,office
1569326721.329,174,652,None,Move,office
1569326721.336,175,652,None,Move,office
1569326721.407,175,652,None,Move,office
1569326721.421,175,651,None,Move,office
1569326721.539,175,651,None,Move,office
1569326721.555,176,650,None,Move,office
1569326721.563,177,649,None,Move,office
1569326721.571,179,647,None,Move,office
1569326721.58,181,646,None,Move,office
1569326721.587,183,644,None,Move,office
1569326721.593,185,642,None,Move,office
1569326721.601,187,640,None,Move,office
1569326721.609,189,639,None,Move,office
1569326721.6160002,191,638,None,Move,office
1569326721.6239998,192,636,None,Move,office
1569326721.6320002,194,635,None,Move,office
1569326721.64,194,635,None,Move,office
1569326721.6479998,195,634,None,Move,office
1569326721.656,196,633,None,Move,office
1569326721.663,197,632,None,Move,office
1569326721.67,198,632,None,Move,office
1569326721.678,198,631,None,Move,office
1569326721.686,199,631,None,Move,office
1569326721.694,200,630,None,Move,office
1569326721.702,201,629,None,Move,office
1569326721.718,201,629,None,Move,office
1569326721.7570002,202,629,None,Move,office
1569326721.7970002,202,629,None,Move,office
1569326721.813,203,629,None,Move,office
1569326721.821,204,629,None,Move,office
1569326721.827,205,628,None,Move,office
1569326721.835,206,628,None,Move,office
1569326721.843,208,628,None,Move,office
1569326721.851,210,628,None,Move,office
1569326721.859,213,627,None,Move,office
1569326721.867,215,627,None,Move,office
1569326721.875,217,626,None,Move,office
1569326721.883,219,626,None,Move,office
1569326721.891,222,626,None,Move,office
1569326721.899,223,625,None,Move,office
1569326721.907,226,625,None,Move,office
1569326721.914,229,625,None,Move,office
1569326721.921,231,625,None,Move,office
1569326721.929,234,625,None,Move,office
1569326721.937,235,625,None,Move,office
1569326721.945,237,624,None,Move,office
1569326721.9529998,239,624,None,Move,office
1569326721.961,241,623,None,Move,office
1569326721.968,243,623,None,Move,office
1569326721.9770002,245,623,None,Move,office
1569326721.985,247,623,None,Move,office
1569326721.9910002,249,623,None,Move,office
1569326721.998,252,623,None,Move,office
1569326722.0070002,254,623,None,Move,office
1569326722.02,256,623,None,Move,office
1569326722.0270002,258,622,None,Move,office
1569326722.034,261,622,None,Move,office
1569326722.041,263,622,None,Move,office
1569326722.048,265,621,None,Move,office
1569326722.054,267,621,None,Move,office
1569326722.063,270,621,None,Move,office
1569326722.069,271,620,None,Move,office
1569326722.083,273,620,None,Move,office
1569326722.09,275,620,None,Move,office
1569326722.097,277,620,None,Move,office
1569326722.104,279,620,None,Move,office
1569326722.111,282,620,None,Move,office
1569326722.1179998,285,620,None,Move,office
1569326722.125,289,620,None,Move,office
1569326722.133,293,620,None,Move,office
1569326722.141,295,620,None,Move,office
1569326722.149,301,620,None,Move,office
1569326722.155,302,620,None,Move,office
1569326722.163,306,620,None,Move,office
1569326722.171,312,620,None,Move,office
1569326722.179,315,620,None,Move,office
1569326722.187,318,620,None,Move,office
1569326722.195,321,620,None,Move,office
1569326722.2029998,324,620,None,Move,office
1569326722.211,327,620,None,Move,office
1569326722.219,332,620,None,Move,office
1569326722.2270002,335,620,None,Move,office
1569326722.234,338,621,None,Move,office
1569326722.2410002,340,621,None,Move,office
1569326722.2489998,343,622,None,Move,office
1569326722.2570002,345,622,None,Move,office
1569326722.265,348,622,None,Move,office
1569326722.2729998,350,622,None,Move,office
1569326722.281,351,623,None,Move,office
1569326722.289,353,623,None,Move,office
1569326722.2970002,355,624,None,Move,office
1569326722.305,356,624,None,Move,office
1569326722.312,358,624,None,Move,office
1569326722.319,360,625,None,Move,office
1569326722.327,363,625,None,Move,office
1569326722.335,366,625,None,Move,office
1569326722.343,369,626,None,Move,office
1569326722.351,375,627,None,Move,office
1569326722.359,379,627,None,Move,office
1569326722.367,385,628,None,Move,office
1569326722.3739998,389,628,None,Move,office
1569326722.383,391,629,None,Move,office
1569326722.389,399,629,None,Move,office
1569326722.396,406,630,None,Move,office
1569326722.404,413,631,None,Move,office
1569326722.4120002,419,632,None,Move,office
1569326722.421,426,633,None,Move,office
1569326722.429,436,634,None,Move,office
1569326722.437,449,636,None,Move,office
1569326722.445,459,638,None,Move,office
1569326722.4529998,474,640,None,Move,office
1569326722.461,487,644,None,Move,office
1569326722.469,494,646,None,Move,office
1569326722.4770002,507,649,None,Move,office
1569326722.484,521,652,None,Move,office
1569326722.4910002,530,656,None,Move,office
1569326722.4989998,536,657,None,Move,office
1569326722.5070002,548,660,None,Move,office
1569326722.515,552,661,None,Move,office
1569326722.5229998,565,663,None,Move,office
1569326722.531,573,664,None,Move,office
1569326722.539,577,665,None,Move,office
1569326722.5470002,584,666,None,Move,office
1569326722.553,593,668,None,Move,office
1569326722.561,600,669,None,Move,office
1569326722.569,603,670,None,Move,office
1569326722.577,610,671,None,Move,office
1569326722.585,619,673,None,Move,office
1569326722.593,625,674,None,Move,office
1569326722.601,628,674,None,Move,office
1569326722.609,636,675,None,Move,office
1569326722.617,641,676,None,Move,office
1569326722.625,648,677,None,Move,office
1569326722.6320002,652,677,None,Move,office
1569326722.639,659,678,None,Move,office
1569326722.647,666,680,None,Move,office
1569326722.655,669,680,None,Move,office
1569326722.669,678,681,None,Move,office
1569326722.676,682,682,None,Move,office
1569326722.6829998,688,684,None,Move,office
1569326722.69,695,685,None,Move,office
1569326722.697,700,686,None,Move,office
1569326722.704,706,687,None,Move,office
1569326722.71,711,687,None,Move,office
1569326722.717,717,688,None,Move,office
1569326722.725,721,688,None,Move,office
1569326722.7329998,724,689,None,Move,office
1569326722.7410002,725,689,None,Move,office
1569326722.7489998,727,689,None,Move,office
1569326722.7570002,729,689,None,Move,office
1569326722.765,729,689,None,Move,office
1569326722.772,730,689,None,Move,office
1569326722.9529998,730,689,None,Move,office
1569326722.96,727,689,None,Move,office
1569326722.967,726,689,None,Move,office
1569326722.975,723,689,None,Move,office
1569326722.9829998,721,689,None,Move,office
1569326722.9910002,718,688,None,Move,office
1569326722.9989998,716,687,None,Move,office
1569326723.0070002,714,687,None,Move,office
1569326723.015,711,687,None,Move,office
1569326723.0229998,710,687,None,Move,office
1569326723.031,708,686,None,Move,office
1569326723.038,706,686,None,Move,office
1569326723.045,704,685,None,Move,office
1569326723.053,702,684,None,Move,office
1569326723.061,700,684,None,Move,office
1569326723.069,699,684,None,Move,office
1569326723.077,697,684,None,Move,office
1569326723.085,697,684,None,Move,office
1569326723.093,696,683,None,Move,office
1569326723.101,693,683,None,Move,office
1569326723.109,691,682,None,Move,office
1569326723.1160002,689,682,None,Move,office
1569326723.123,687,681,None,Move,office
1569326723.131,685,680,None,Move,office
1569326723.139,682,679,None,Move,office
1569326723.146,680,678,None,Move,office
1569326723.155,680,678,None,Move,office
1569326723.163,677,676,None,Move,office
1569326723.171,673,674,None,Move,office
1569326723.179,669,671,None,Move,office
1569326723.187,665,670,None,Move,office
1569326723.195,658,666,None,Move,office
1569326723.201,652,663,None,Move,office
1569326723.208,646,660,None,Move,office
1569326723.217,639,655,None,Move,office
1569326723.224,633,653,None,Move,office
1569326723.2329998,621,647,None,Move,office
1569326723.2410002,605,639,None,Move,office
1569326723.2489998,592,634,None,Move,office
1569326723.2570002,566,625,None,Move,office
1569326723.265,536,615,None,Move,office
1569326723.2729998,523,612,None,Move,office
1569326723.28,497,605,None,Move,office
1569326723.2870002,466,600,None,Move,office
1569326723.295,437,595,None,Move,office
1569326723.303,405,590,None,Move,office
1569326723.311,377,587,None,Move,office
1569326723.334,363,584,None,Move,office
1569326723.34,319,579,None,Move,office
1569326723.347,304,577,None,Move,office
1569326723.354,293,576,None,Move,office
1569326723.361,274,574,None,Move,office
1569326723.3679998,261,573,None,Move,office
1569326723.3739998,254,573,None,Move,office
1569326723.381,243,572,None,Move,office
1569326723.389,237,572,None,Move,office
1569326723.397,234,571,None,Move,office
1569326723.405,228,571,None,Move,office
1569326723.413,226,571,None,Move,office
1569326723.421,225,571,None,Move,office
1569326723.429,224,571,None,Move,office
1569326723.467,224,571,None,Move,office
1569326723.5070002,224,571,None,Move,office
1569326723.529,223,571,None,Move,office
1569326723.545,223,571,None,Move,office
1569326723.607,223,570,None,Move,office
1569326723.655,223,570,None,Move,office
1569326723.701,223,569,None,Move,office
1569326723.7570002,223,569,None,Move,office
1569326723.765,223,569,None,Move,office
1569326723.771,223,570,None,Move,office
1569326723.779,224,570,None,Move,office
1569326723.7870002,224,570,None,Move,office
1569326723.795,226,571,None,Move,office
1569326723.8170002,227,572,None,Move,office
1569326723.824,230,572,None,Move,office
1569326723.827,232,573,None,Move,office
1569326723.835,233,574,None,Move,office
1569326723.843,235,574,None,Move,office
1569326723.85,236,574,None,Move,office
1569326723.857,236,574,None,Move,office
1569326723.865,237,574,None,Move,office
1569326723.873,238,575,None,Move,office
1569326723.881,238,575,None,Move,office
1569326723.889,239,575,None,Move,office
1569326723.897,239,575,None,Move,office
1569326723.967,239,575,None,Move,office
1569326723.975,240,574,None,Move,office
1569326723.9829998,240,571,None,Move,office
1569326723.9910002,240,570,None,Move,office
1569326723.9989998,241,568,None,Move,office
1569326724.0070002,241,567,None,Move,office
1569326724.014,241,566,None,Move,office
1569326724.021,241,566,None,Move,office
1569326724.029,241,565,None,Move,office
1569326724.069,242,565,None,Move,office
1569326724.077,242,564,None,Move,office
1569326724.085,242,564,None,Move,office
1569326724.091,243,564,None,Move,office
1569326724.107,244,564,None,Move,office
1569326724.123,244,564,None,Move,office
1569326724.185,245,564,None,Move,office
1569326724.1929998,246,564,None,Move,office
1569326724.201,247,563,None,Move,office
1569326724.209,248,563,None,Move,office
1569326724.217,250,563,None,Move,office
1569326724.225,251,562,None,Move,office
1569326724.2329998,253,561,None,Move,office
1569326724.2410002,255,560,None,Move,office
1569326724.2489998,255,560,None,Move,office
1569326724.256,256,560,None,Move,office
1569326724.271,256,560,None,Move,office
1569326724.279,256,559,None,Move,office
1569326724.295,257,559,None,Move,office
1569326724.302,257,559,None,Move,office
1569326724.31,258,559,None,Move,office
1569326724.327,258,559,None,Move,office
1569326724.341,259,559,Left,Pressed,office
1569326724.341,259,559,None,Drag,office
1569326724.349,259,558,None,Drag,office
1569326724.3639998,259,558,None,Drag,office
1569326724.3639998,259,558,Left,Released,office
1569326724.4429998,259,558,None,Move,office
1569326724.529,259,558,None,Move,office
1569326724.553,259,559,None,Move,office
1569326724.577,259,559,None,Move,office
1569326724.591,259,560,None,Move,office
1569326725.959,259,560,None,Move,office
1569326726.34,260,560,None,Move,office
1569326726.3479998,260,561,None,Move,office
1569326726.36,262,562,None,Move,office
1569326726.3660002,262,563,None,Move,office
1569326726.373,263,563,None,Move,office
1569326726.38,263,564,None,Move,office
1569326726.387,265,564,None,Move,office
1569326726.395,265,564,None,Move,office
1569326726.403,267,565,None,Move,office
1569326726.411,268,566,None,Move,office
1569326726.419,270,566,None,Move,office
1569326726.427,273,566,None,Move,office
1569326726.435,275,567,None,Move,office
1569326726.4429998,277,568,None,Move,office
1569326726.451,280,568,None,Move,office
1569326726.457,282,569,None,Move,office
1569326726.465,284,569,None,Move,office
1569326726.4729998,287,569,None,Move,office
1569326726.481,289,569,None,Move,office
1569326726.4889998,293,570,None,Move,office
1569326726.4970002,296,570,None,Move,office
1569326726.505,300,571,None,Move,office
1569326726.5129998,305,571,None,Move,office
1569326726.521,309,572,None,Move,office
1569326726.529,317,572,None,Move,office
1569326726.5370002,324,572,None,Move,office
1569326726.544,336,573,None,Move,office
1569326726.551,341,573,None,Move,office
1569326726.559,352,575,None,Move,office
1569326726.5670002,357,575,None,Move,office
1569326726.575,369,576,None,Move,office
1569326726.583,383,577,None,Move,office
1569326726.591,395,578,None,Move,office
1569326726.599,401,578,None,Move,office
1569326726.607,416,578,None,Move,office
1569326726.615,427,579,None,Move,office
1569326726.621,437,579,None,Move,office
1569326726.629,444,579,None,Move,office
1569326726.637,455,579,None,Move,office
1569326726.645,461,579,None,Move,office
1569326726.6520002,476,579,None,Move,office
1569326726.66,484,579,None,Move,office
1569326726.673,488,579,None,Move,office
1569326726.681,497,579,None,Move,office
1569326726.688,503,579,None,Move,office
1569326726.695,511,580,None,Move,office
1569326726.701,515,580,None,Move,office
1569326726.708,522,581,None,Move,office
1569326726.715,528,582,None,Move,office
1569326726.7229998,532,583,None,Move,office
1569326726.731,540,584,None,Move,office
1569326726.7389998,546,585,None,Move,office
1569326726.7470002,550,586,None,Move,office
1569326726.755,553,587,None,Move,office
1569326726.7629998,556,588,None,Move,office
1569326726.771,559,588,None,Move,office
1569326726.778,561,588,None,Move,office
1569326726.785,565,589,None,Move,office
1569326726.793,568,590,None,Move,office
1569326726.801,571,591,None,Move,office
1569326726.809,576,593,None,Move,office
1569326726.8170002,582,594,None,Move,office
1569326726.825,587,596,None,Move,office
1569326726.833,594,598,None,Move,office
1569326726.841,602,601,None,Move,office
1569326726.849,608,602,None,Move,office
1569326726.857,612,604,None,Move,office
1569326726.863,619,606,None,Move,office
1569326726.871,622,607,None,Move,office
1569326726.879,626,607,None,Move,office
1569326726.887,631,609,None,Move,office
1569326726.895,632,609,None,Move,office
1569326726.903,635,610,None,Move,office
1569326726.911,636,610,None,Move,office
1569326726.919,637,610,None,Move,office
1569326726.927,639,611,None,Move,office
1569326726.935,640,612,None,Move,office
1569326726.9429998,641,613,None,Move,office
1569326726.95,642,613,None,Move,office
1569326726.957,642,614,None,Move,office
1569326726.9970002,642,615,None,Move,office
1569326727.091,642,615,None,Move,office
1569326727.099,641,615,None,Move,office
1569326727.106,639,616,None,Move,office
1569326727.113,635,617,None,Move,office
1569326727.121,629,619,None,Move,office
1569326727.129,623,620,None,Move,office
1569326727.137,619,621,None,Move,office
1569326727.145,612,622,None,Move,office
1569326727.153,605,622,None,Move,office
1569326727.161,598,623,None,Move,office
1569326727.169,590,623,None,Move,office
1569326727.177,585,623,None,Move,office
1569326727.184,573,623,None,Move,office
1569326727.191,567,623,None,Move,office
1569326727.199,555,625,None,Move,office
1569326727.207,549,625,None,Move,office
1569326727.215,543,625,None,Move,office
1569326727.2229998,536,625,None,Move,office
1569326727.231,532,625,None,Move,office
1569326727.2389998,528,625,None,Move,office
1569326727.2470002,526,625,None,Move,office
1569326727.255,522,625,None,Move,office
1569326727.2629998,519,625,None,Move,office
1569326727.269,518,625,None,Move,office
1569326727.2770002,516,625,None,Move,office
1569326727.285,514,625,None,Move,office
1569326727.293,514,625,None,Move,office
1569326727.355,513,625,None,Move,office
1569326727.363,513,625,None,Move,office
1569326727.371,512,625,None,Move,office
1569326727.379,511,625,None,Move,office
1569326727.387,510,625,None,Move,office
1569326727.397,510,625,None,Move,office
1569326727.404,509,625,None,Move,office
1569326727.425,509,625,None,Move,office
1569326727.488,509,625,None,Move,office
1569326727.505,508,625,None,Move,office
1569326727.5110002,507,625,None,Move,office
1569326727.518,506,624,None,Move,office
1569326727.5270002,505,624,None,Move,office
1569326727.535,504,624,None,Move,office
1569326727.543,501,623,None,Move,office
1569326727.551,497,621,None,Move,office
1569326727.559,495,620,None,Move,office
1569326727.5670002,490,618,None,Move,office
1569326727.575,485,614,None,Move,office
1569326727.583,480,611,None,Move,office
1569326727.59,476,609,None,Move,office
1569326727.597,473,607,None,Move,office
1569326727.605,473,607,None,Move,office
1569326727.613,473,606,None,Move,office
1569326727.629,473,605,None,Move,office
1569326727.769,473,605,None,Move,office
1569326727.87,473,605,None,Move,file system
1569326727.879,473,605,None,Move,file system
1569326727.887,474,605,None,Move,file system
1569326727.899,476,605,None,Move,file system
1569326727.954,500,589,None,Move,development
1569326727.965,511,581,None,Move,development
1569326727.9729998,521,574,None,Move,development
1569326727.981,525,570,None,Move,development
1569326727.9889998,537,561,None,Move,development
1569326727.995,547,553,None,Move,development
1569326728.0029998,554,547,None,Move,development
1569326728.0110002,566,538,None,Move,development
1569326728.019,575,530,None,Move,development
1569326728.0270002,588,520,None,Move,development
1569326728.035,599,512,None,Move,development
1569326728.043,611,503,None,Move,development
1569326728.051,623,494,None,Move,development
1569326728.059,637,484,None,Move,development
1569326728.0670002,650,475,None,Move,development
1569326728.075,660,469,None,Move,development
1569326728.082,675,459,None,Move,development
1569326728.089,685,454,None,Move,development
1569326728.097,695,450,None,Move,development
1569326728.105,709,444,None,Move,development
1569326728.113,720,438,None,Move,development
1569326728.121,738,430,None,Move,development
1569326728.129,748,425,None,Move,development
1569326728.137,768,417,None,Move,development
1569326728.145,777,414,None,Move,development
1569326728.1520002,791,408,None,Move,development
1569326728.159,810,402,None,Move,development
1569326728.167,821,399,None,Move,development
1569326728.175,846,392,None,Move,development
1569326728.1820002,856,389,None,Move,development
1569326728.191,878,382,None,Move,development
1569326728.198,886,380,None,Move,development
1569326728.207,904,375,None,Move,development
1569326728.214,925,371,None,Move,development
1569326728.222,941,365,None,Move,development
1569326728.231,955,362,None,Move,development
1569326728.2370002,968,359,None,Move,development
1569326728.244,977,356,None,Move,development
1569326728.2529998,1003,347,None,Move,development
1569326728.2610002,1015,341,None,Move,development
1569326728.268,1027,336,None,Move,development
1569326728.2770002,1040,329,None,Move,development
1569326728.285,1056,320,None,Move,development
1569326728.293,1070,311,None,Move,development
1569326728.301,1081,301,None,Move,development
1569326728.309,1093,292,None,Move,development
1569326728.3170002,1103,284,None,Move,development
1569326728.323,1129,263,None,Move,development
1569326728.331,1139,254,None,Move,development
1569326728.339,1163,232,None,Move,development
1569326728.347,1183,213,None,Move,development
1569326728.355,1206,191,None,Move,development
1569326728.3639998,1226,174,None,Move,development
1569326728.371,1237,164,None,Move,development
1569326728.379,1253,148,None,Move,development
1569326728.387,1263,138,None,Move,development
1569326728.395,1268,132,None,Move,development
1569326728.401,1275,124,None,Move,development
1569326728.409,1280,118,None,Move,development
1569326728.417,1284,115,None,Move,development
1569326728.425,1290,111,None,Move,development
1569326728.4329998,1292,108,None,Move,development
1569326728.441,1300,104,None,Move,development
1569326728.449,1306,101,None,Move,development
1569326728.457,1310,99,None,Move,development
1569326728.465,1315,97,None,Move,development
1569326728.4729998,1322,94,None,Move,development
1569326728.48,1327,91,None,Move,development
1569326728.4870002,1331,88,None,Move,development
1569326728.495,1333,87,None,Move,development
1569326728.504,1339,84,None,Move,development
1569326728.5110002,1344,82,None,Move,development
1569326728.519,1347,80,None,Move,development
1569326728.5270002,1350,79,None,Move,development
1569326728.535,1353,79,None,Move,development
1569326728.543,1354,79,None,Move,development
1569326728.551,1356,79,None,Move,development
1569326728.5570002,1356,79,None,Move,development
1569326728.565,1357,79,None,Move,development
1569326728.573,1360,78,None,Move,development
1569326728.581,1362,78,None,Move,development
1569326728.589,1364,78,None,Move,development
1569326728.597,1367,78,None,Move,development
1569326728.605,1369,78,None,Move,development
1569326728.613,1371,78,None,Move,development
1569326728.621,1373,78,None,Move,development
1569326728.629,1376,78,None,Move,development
1569326728.637,1378,78,None,Move,development
1569326728.643,1379,78,None,Move,development
1569326728.65,1379,79,None,Move,development
1569326728.659,1380,79,None,Move,development
1569326728.667,1380,79,None,Move,development
1569326728.6829998,1380,80,None,Move,development
1569326728.691,1380,81,None,Move,development
1569326728.699,1380,83,None,Move,development
1569326728.707,1382,85,None,Move,development
1569326728.715,1382,86,None,Move,development
1569326728.721,1383,89,None,Move,development
1569326728.729,1384,92,None,Move,development
1569326728.7370002,1385,95,None,Move,development
1569326728.745,1385,97,None,Move,development
1569326728.7529998,1386,99,None,Move,development
1569326728.7610002,1386,100,None,Move,development
1569326728.769,1386,102,None,Move,development
1569326728.7770002,1387,102,None,Move,development
1569326728.785,1387,103,None,Move,development
1569326728.802,1387,103,None,Move,development
1569326728.815,1387,104,None,Move,development
1569326728.831,1388,104,None,Move,development
1569326728.839,1388,105,None,Move,development
1569326728.847,1389,106,None,Move,development
1569326728.863,1390,106,None,Move,development
1569326728.877,1390,107,None,Move,development
1569326728.901,1391,107,None,Move,development
1569326728.917,1391,107,Left,Pressed,development
1569326729.018,1391,107,Left,Released,development
1569326729.549,1391,107,None,Move,development
1569326729.5570002,1388,107,None,Move,development
1569326729.565,1385,106,None,Move,development
1569326729.573,1374,104,None,Move,development
1569326729.581,1367,104,None,Move,development
1569326729.589,1354,103,None,Move,development
1569326729.597,1331,102,None,Move,development
1569326729.605,1318,102,None,Move,development
1569326729.613,1292,102,None,Move,development
1569326729.62,1256,102,None,Move,development
1569326729.6279998,1231,102,None,Move,development
1569326729.6360002,1198,106,None,Move,development
1569326729.643,1167,107,None,Move,development
1569326729.651,1153,107,None,Move,development
1569326729.659,1128,109,None,Move,development
1569326729.667,1112,109,None,Move,development
1569326729.675,1101,110,None,Move,development
1569326729.6820002,1093,110,None,Move,development
1569326729.691,1085,110,None,Move,development
1569326729.698,1081,110,None,Move,development
1569326729.704,1080,110,None,Move,development
1569326729.72,1080,110,None,Move,development
1569326729.893,1080,110,None,Move,development
1569326729.939,1080,110,None,Move,development
1569326729.995,1080,110,Left,Pressed,development
1569326730.0570002,1080,110,Left,Released,development
1569326731.485,1079,110,None,Move,office
1569326731.504,1074,114,None,Move,office
1569326731.512,1072,116,None,Move,office
1569326731.519,1066,123,None,Move,office
1569326731.529,1064,124,None,Move,office
1569326731.536,1057,130,None,Move,office
1569326731.544,1054,133,None,Move,office
1569326731.551,1044,141,None,Move,office
1569326731.5579998,1036,145,None,Move,office
1569326731.566,1026,153,None,Move,office
1569326731.573,1016,160,None,Move,office
1569326731.58,1002,168,None,Move,office
1569326731.589,993,175,None,Move,office
1569326731.596,986,180,None,Move,office
1569326731.603,977,187,None,Move,office
1569326731.611,965,196,None,Move,office
1569326731.619,959,202,None,Move,office
1569326731.627,953,207,None,Move,office
1569326731.635,947,213,None,Move,office
1569326731.6420002,941,220,None,Move,office
1569326731.649,932,230,None,Move,office
1569326731.656,925,238,None,Move,office
1569326731.664,919,245,None,Move,office
1569326731.6720002,911,252,None,Move,office
1569326731.68,898,268,None,Move,office
1569326731.6920002,887,280,None,Move,office
1569326731.698,879,290,None,Move,office
1569326731.705,870,303,None,Move,office
1569326731.712,862,312,None,Move,office
1569326731.721,849,328,None,Move,office
1569326731.7270002,840,338,None,Move,office
1569326731.734,832,348,None,Move,office
1569326731.7429998,820,362,None,Move,office
1569326731.7510002,809,374,None,Move,office
1569326731.7589998,792,394,None,Move,office
1569326731.7670002,782,404,None,Move,office
1569326731.775,774,412,None,Move,office
1569326731.783,752,430,None,Move,office
1569326731.791,733,444,None,Move,office
1569326731.799,720,451,None,Move,office
1569326731.8070002,699,461,None,Move,office
1569326731.813,685,467,None,Move,office
1569326731.821,676,472,None,Move,office
1569326731.829,665,476,None,Move,office
1569326731.837,655,480,None,Move,office
1569326731.845,648,483,None,Move,office
1569326731.853,634,491,None,Move,office
1569326731.861,624,496,None,Move,office
1569326731.869,599,511,None,Move,office
1569326731.877,592,515,None,Move,office
1569326731.885,573,529,None,Move,office
1569326731.8920002,567,533,None,Move,office
1569326731.899,553,542,None,Move,office
1569326731.907,545,549,None,Move,office
1569326731.915,539,553,None,Move,office
1569326731.923,535,554,None,Move,office
1569326731.931,529,558,None,Move,office
1569326731.939,523,562,None,Move,office
1569326731.947,519,565,None,Move,office
1569326731.955,515,568,None,Move,office
1569326731.9629998,512,571,None,Move,office
1569326731.97,508,574,None,Move,office
1569326731.9770002,505,577,None,Move,office
1569326731.985,502,580,None,Move,office
1569326731.9929998,500,583,None,Move,office
1569326732.0010002,498,585,None,Move,office
1569326732.0089998,498,585,None,Move,office
1569326732.016,497,586,None,Move,office
1569326732.041,496,586,None,Move,office
1569326732.063,496,586,None,Move,office
1569326732.079,496,587,None,Move,office
1569326732.086,496,588,None,Move,office
1569326732.095,495,589,None,Move,office
1569326732.103,495,589,None,Move,office
1569326732.111,494,591,None,Move,office
1569326732.119,494,591,None,Move,office
1569326732.127,493,593,None,Move,office
1569326732.1339998,493,593,None,Move,office
1569326732.141,492,594,None,Move,office
1569326732.149,490,596,None,Move,office
1569326732.157,490,596,None,Move,office
1569326732.165,488,598,None,Move,office
1569326732.173,486,599,None,Move,office
1569326732.181,484,601,None,Move,office
1569326732.189,480,603,None,Move,office
1569326732.197,477,605,None,Move,office
1569326732.205,475,606,None,Move,office
1569326732.212,474,607,None,Move,office
1569326732.219,471,608,None,Move,office
1569326732.2270002,470,608,None,Move,office
1569326732.235,469,609,None,Move,office
1569326732.2429998,467,610,None,Move,office
1569326732.2510002,467,610,None,Move,office
1569326732.2589998,465,612,None,Move,office
1569326732.2670002,464,612,None,Move,office
1569326732.275,463,613,None,Move,office
1569326732.283,461,614,None,Move,office
1569326732.29,461,614,None,Move,office
1569326732.2970002,460,614,None,Move,office
1569326732.305,460,615,None,Move,office
1569326732.329,459,615,None,Move,office
1569326732.369,459,615,None,Move,office
1569326732.383,458,615,None,Move,office
1569326732.39,458,616,None,Move,office
1569326732.407,457,616,None,Move,office
1569326732.414,457,617,None,Move,office
1569326732.4220002,457,617,None,Move,office
1569326732.625,457,617,None,Move,office
1569326732.641,456,617,None,Move,office
1569326732.649,456,618,None,Move,office
1569326732.657,456,618,None,Move,office
1569326732.665,455,618,None,Move,office
1569326732.673,454,618,None,Move,office
1569326732.681,454,619,None,Move,office
1569326732.689,454,619,None,Move,office
1569326732.711,453,619,None,Move,office
1569326732.735,453,619,None,Move,office
1569326732.7510002,452,619,None,Move,office
1569326732.775,452,619,None,Move,office
1569326732.961,452,619,None,Move,office
1569326733.0010002,452,619,None,Move,office
1569326733.055,452,619,None,Move,office
1569326733.187,452,618,None,Move,office
1569326733.367,451,618,None,Move,office
1569326733.3760002,450,618,None,Move,office
1569326733.385,449,618,None,Move,office
1569326733.3920002,449,618,None,Move,office
1569326733.399,448,618,None,Move,office
1569326733.407,448,618,None,Move,office
1569326733.415,447,618,None,Move,office
1569326733.423,446,618,None,Move,office
1569326733.445,446,618,None,Move,office
1569326733.586,445,618,None,Move,office
1569326733.601,445,618,None,Move,office
1569326733.656,445,619,None,Move,office
1569326733.678,444,619,None,Move,office
1569326734.03,444,619,None,Move,office
1569326734.334,444,619,None,Move,office
1569326734.4910002,444,619,None,Move,office
1569326734.4989998,442,619,None,Move,office
1569326734.5070002,439,621,None,Move,office
1569326734.515,436,621,None,Move,office
1569326734.5229998,432,622,None,Move,office
1569326734.531,423,623,None,Move,office
1569326734.541,415,625,None,Move,office
1569326734.549,408,626,None,Move,office
1569326734.5579998,403,627,None,Move,office
1569326734.5670002,390,629,None,Move,office
1569326734.574,382,630,None,Move,office
1569326734.581,366,632,None,Move,office
1569326734.5879998,360,633,None,Move,office
1569326734.595,351,634,None,Move,office
1569326734.6020002,337,635,None,Move,office
1569326734.609,332,636,None,Move,office
1569326734.617,325,637,None,Move,office
1569326734.625,318,637,None,Move,office
1569326734.633,313,638,None,Move,office
1569326734.641,307,639,None,Move,office
1569326734.647,300,640,None,Move,office
1569326734.655,296,640,None,Move,office
1569326734.6620002,293,640,None,Move,office
1569326734.671,290,641,None,Move,office
1569326734.679,287,641,None,Move,office
1569326734.687,285,642,None,Move,office
1569326734.695,282,643,None,Move,office
1569326734.702,279,643,None,Move,office
1569326734.711,276,643,None,Move,office
1569326734.718,273,644,None,Move,office
1569326734.726,270,645,None,Move,office
1569326734.734,267,645,None,Move,office
1569326734.742,263,646,None,Move,office
1569326734.7510002,260,646,None,Move,office
1569326734.758,258,646,None,Move,office
1569326734.764,255,646,None,Move,office
1569326734.772,253,647,None,Move,office
1569326734.78,251,647,None,Move,office
1569326734.789,251,647,None,Move,office
1569326734.7970002,250,647,None,Move,office
1569326734.9910002,250,648,None,Move,office
1569326735.0070002,250,648,None,Move,office
1569326735.015,250,648,None,Move,office
1569326735.0229998,250,648,None,Move,office
1569326735.031,250,649,None,Move,office
1569326735.039,251,649,None,Move,office
1569326735.0470002,251,649,None,Move,office
1569326735.055,252,650,None,Move,office
1569326735.061,253,650,None,Move,office
1569326735.069,253,651,None,Move,office
1569326735.076,254,651,None,Move,office
1569326735.084,254,651,None,Move,office
1569326735.093,255,651,None,Move,office
1569326735.1,255,651,None,Move,office
1569326735.1079998,256,651,None,Move,office
1569326735.1160002,256,652,None,Move,office
1569326735.125,257,652,None,Move,office
1569326735.139,257,652,None,Move,office
1569326735.187,258,652,None,Move,office
1569326735.459,258,652,None,Move,office
1569326735.639,258,652,None,Move,office
1569326735.725,258,652,None,Move,office
1569326736.171,258,652,None,Move,office
1569326736.187,258,651,None,Move,office
1569326736.194,258,650,None,Move,office
1569326736.2,256,650,None,Move,office
1569326736.209,255,648,None,Move,office
1569326736.217,252,647,None,Move,office
1569326736.224,248,645,None,Move,office
1569326736.2329998,244,643,None,Move,office
1569326736.2410002,238,642,None,Move,office
1569326736.2489998,235,641,None,Move,office
1569326736.256,229,639,None,Move,office
1569326736.265,222,637,None,Move,office
1569326736.272,213,634,None,Move,office
1569326736.279,204,632,None,Move,office
1569326736.2870002,197,630,None,Move,office
1569326736.295,193,630,None,Move,office
1569326736.303,186,628,None,Move,office
1569326736.311,179,627,None,Move,office
1569326736.319,175,626,None,Move,office
1569326736.327,173,625,None,Move,office
1569326736.335,171,625,None,Move,office
1569326736.343,171,624,None,Move,office
1569326736.373,171,624,None,Move,office
1569326736.381,172,624,None,Move,office
1569326736.389,173,624,None,Move,office
1569326736.397,174,623,None,Move,office
1569326736.405,175,623,None,Move,office
1569326736.413,177,623,None,Move,office
1569326736.421,179,622,None,Move,office
1569326736.429,181,622,None,Move,office
1569326736.435,184,621,None,Move,office
1569326736.4429998,188,621,None,Move,office
1569326736.451,194,620,None,Move,office
1569326736.459,203,619,None,Move,office
1569326736.467,210,619,None,Move,office
1569326736.475,219,619,None,Move,office
1569326736.4829998,229,619,None,Move,office
1569326736.4910002,237,619,None,Move,office
1569326736.4989998,246,619,None,Move,office
1569326736.5070002,254,619,None,Move,office
1569326736.514,265,619,None,Move,office
1569326736.521,272,620,None,Move,office
1569326736.529,287,622,None,Move,office
1569326736.5370002,296,623,None,Move,office
1569326736.545,302,623,None,Move,office
1569326736.553,312,624,None,Move,office
1569326736.561,318,624,None,Move,office
1569326736.569,325,625,None,Move,office
1569326736.577,330,625,None,Move,office
1569326736.585,334,625,None,Move,office
1569326736.592,337,625,None,Move,office
1569326736.6,341,625,None,Move,office
1569326736.606,344,626,None,Move,office
1569326736.6139998,348,626,None,Move,office
1569326736.623,352,626,None,Move,office
1569326736.631,355,626,None,Move,office
1569326736.6379998,358,626,None,Move,office
1569326736.647,361,626,None,Move,office
1569326736.654,364,626,None,Move,office
1569326736.663,366,626,None,Move,office
1569326736.671,369,626,None,Move,office
1569326736.678,371,626,None,Move,office
1569326736.685,372,626,None,Move,office
1569326736.6929998,373,626,None,Move,office
1569326736.701,375,626,None,Move,office
1569326736.709,376,626,None,Move,office
1569326736.717,376,626,None,Move,office
1569326736.725,377,626,None,Move,office
1569326736.7329998,377,627,None,Move,office
1569326736.819,377,627,None,Move,office
1569326736.841,377,628,None,Move,office
1569326736.849,377,630,None,Move,office
1569326736.857,377,630,None,Move,office
1569326736.865,377,632,None,Move,office
1569326736.873,377,634,None,Move,office
1569326736.881,377,637,None,Move,office
1569326736.889,377,639,None,Move,office
1569326736.897,377,641,None,Move,office
1569326736.905,377,642,None,Move,office
1569326736.913,377,643,None,Move,office
1569326736.921,377,643,None,Move,office
1569326736.935,377,644,None,Move,office
1569326736.9429998,377,644,None,Move,office
1569326736.951,378,644,None,Move,office
1569326736.959,379,644,None,Move,office
1569326736.967,381,645,None,Move,office
1569326736.975,382,645,None,Move,office
1569326736.982,382,645,None,Move,office
1569326736.9910002,383,645,None,Move,office
1569326736.998,383,645,None,Move,office
1569326737.005,384,645,None,Move,office
1569326737.012,385,645,None,Move,office
1569326737.02,385,645,None,Move,office
1569326737.045,386,645,None,Move,office
1569326737.053,386,645,None,Move,office
1569326737.061,388,645,None,Move,office
1569326737.069,389,645,None,Move,office
1569326737.076,391,645,None,Move,office
1569326737.083,393,645,None,Move,office
1569326737.091,395,645,None,Move,office
1569326737.099,397,645,None,Move,office
1569326737.107,400,644,None,Move,office
1569326737.115,403,643,None,Move,office
1569326737.123,405,642,None,Move,office
1569326737.131,409,641,None,Move,office
1569326737.139,415,640,None,Move,office
1569326737.147,424,637,None,Move,office
1569326737.158,434,633,None,Move,office
1569326737.165,440,631,None,Move,office
1569326737.171,455,628,None,Move,office
1569326737.179,466,625,None,Move,office
1569326737.185,473,622,None,Move,office
1569326737.1929998,487,618,None,Move,office
1569326737.201,498,616,None,Move,office
1569326737.209,505,614,None,Move,office
1569326737.217,516,611,None,Move,office
1569326737.225,524,609,None,Move,office
1569326737.2329998,530,608,None,Move,office
1569326737.24,532,607,None,Move,office
1569326737.2470002,532,607,None,Move,office
1569326737.271,532,606,None,Move,office
1569326737.505,532,606,None,Move,office
1569326737.5129998,532,607,None,Move,office
1569326737.521,532,608,None,Move,office
1569326737.529,532,610,None,Move,office
1569326737.5370002,532,611,None,Move,office
1569326737.545,530,613,None,Move,office
1569326737.553,529,614,None,Move,office
1569326737.56,528,615,None,Move,office
1569326737.5670002,525,617,None,Move,office
1569326737.575,524,619,None,Move,office
1569326737.583,522,621,None,Move,office
1569326737.591,518,624,None,Move,office
1569326737.599,516,626,None,Move,office
1569326737.607,514,627,None,Move,office
1569326737.615,512,629,None,Move,office
1569326737.623,511,629,None,Move,office
1569326737.631,510,629,None,Move,office
1569326737.6929998,510,629,None,Move,office
1569326737.717,510,629,None,Move,office
1569326737.731,510,628,None,Move,office
1569326737.7389998,510,628,None,Move,office
1569326737.7629998,510,627,None,Move,office
1569326737.824,510,627,Left,Pressed,office
1569326737.959,510,627,Left,Released,office
1569326738.0129998,510,627,None,Move,office
1569326738.021,510,627,None,Move,office
1569326738.029,512,627,None,Move,office
1569326738.0370002,513,627,None,Move,office
1569326738.045,515,627,None,Move,office
1569326738.053,516,627,None,Move,office
1569326738.06,519,626,None,Move,office
1569326738.0670002,521,626,None,Move,office
1569326738.075,524,625,None,Move,office
1569326738.083,526,625,None,Move,office
1569326738.091,529,624,None,Move,office
1569326738.099,531,624,None,Move,office
1569326738.107,533,624,None,Move,office
1569326738.115,536,624,None,Move,office
1569326738.123,538,623,None,Move,office
1569326738.131,539,623,None,Move,office
1569326738.137,540,623,None,Move,office
1569326738.184,540,623,None,Move,office
1569326738.1920002,541,623,None,Move,office
1569326738.2,543,623,None,Move,office
1569326738.208,545,623,None,Move,office
1569326738.215,547,623,None,Move,office
1569326738.2229998,550,623,None,Move,office
1569326738.231,553,623,None,Move,office
1569326738.2389998,555,623,None,Move,office
1569326738.2470002,558,623,None,Move,office
1569326738.255,560,623,None,Move,office
1569326738.2629998,562,623,None,Move,office
1569326738.271,563,623,None,Move,office
1569326738.279,564,623,None,Move,office
1569326738.293,564,623,None,Move,office
1569326738.309,565,623,None,Move,office
1569326738.325,565,623,None,Move,office
1569326738.333,566,623,None,Move,office
1569326738.349,566,623,None,Move,office
1569326738.357,568,623,None,Move,office
1569326738.365,568,623,None,Move,office
1569326738.371,569,622,None,Move,office
1569326738.379,571,622,None,Move,office
1569326738.387,572,622,None,Move,office
1569326738.395,574,622,None,Move,office
1569326738.403,577,622,None,Move,office
1569326738.411,580,622,None,Move,office
1569326738.419,584,622,None,Move,office
1569326738.427,587,622,None,Move,office
1569326738.435,591,621,None,Move,office
1569326738.4429998,595,621,None,Move,office
1569326738.45,598,621,None,Move,office
1569326738.458,601,621,None,Move,office
1569326738.466,602,621,None,Move,office
1569326738.472,603,621,None,Move,office
1569326738.481,604,621,None,Move,office
1569326738.5129998,604,621,None,Move,office
1569326738.543,605,621,None,Move,office
1569326738.55,605,621,None,Move,office
1569326738.559,607,621,None,Move,office
1569326738.566,608,621,None,Move,office
1569326738.574,609,621,None,Move,office
1569326738.583,610,621,None,Move,office
1569326738.591,613,621,None,Move,office
1569326738.599,614,621,None,Move,office
1569326738.607,616,621,None,Move,office
1569326738.615,617,621,None,Move,office
1569326738.6220002,619,621,None,Move,office
1569326738.629,621,621,None,Move,office
1569326738.637,622,621,None,Move,office
1569326738.645,623,621,None,Move,office
1569326738.653,624,621,None,Move,office
1569326738.661,624,621,None,Move,office
1569326738.685,625,621,None,Move,office
1569326738.755,626,621,None,Move,office
1569326738.7770002,626,621,None,Move,office
1569326738.879,626,620,None,Move,office
1569326738.919,626,620,Left,Pressed,office
1569326738.919,626,620,None,Drag,office
1569326738.934,626,620,None,Drag,office
1569326738.9429998,625,620,None,Drag,office
1569326738.951,624,620,None,Drag,office
1569326738.958,622,620,None,Drag,office
1569326738.966,622,620,None,Drag,office
1569326738.972,620,621,None,Drag,office
1569326738.98,618,621,None,Drag,office
1569326738.9889998,612,623,None,Drag,office
1569326738.9970002,608,624,None,Drag,office
1569326739.004,603,624,None,Drag,office
1569326739.012,597,625,None,Drag,office
1569326739.019,590,626,None,Drag,office
1569326739.0270002,585,626,None,Drag,office
1569326739.035,574,627,None,Drag,office
1569326739.043,568,627,None,Drag,office
1569326739.051,558,627,None,Drag,office
1569326739.059,550,627,None,Drag,office
1569326739.0670002,540,627,None,Drag,office
1569326739.075,531,627,None,Drag,office
1569326739.093,515,627,None,Drag,office
1569326739.1,506,627,None,Drag,office
1569326739.107,500,627,None,Drag,office
1569326739.1139998,496,627,None,Drag,office
1569326739.1220002,491,627,None,Drag,office
1569326739.129,487,627,None,Drag,office
1569326739.137,484,627,None,Drag,office
1569326739.145,482,627,None,Drag,office
1569326739.153,479,627,None,Drag,office
1569326739.161,478,627,None,Drag,office
1569326739.169,478,627,None,Drag,office
1569326739.176,477,627,None,Drag,office
1569326739.1829998,476,627,None,Drag,office
1569326739.191,476,627,None,Drag,office
1569326739.199,475,627,None,Drag,office
1569326739.207,473,627,None,Drag,office
1569326739.215,471,627,None,Drag,office
1569326739.2229998,470,627,None,Drag,office
1569326739.231,467,627,None,Drag,office
1569326739.2389998,465,627,None,Drag,office
1569326739.2470002,461,627,None,Drag,office
1569326739.255,458,627,None,Drag,office
1569326739.262,455,627,None,Drag,office
1569326739.269,452,627,None,Drag,office
1569326739.2770002,450,627,None,Drag,office
1569326739.284,447,627,None,Drag,office
1569326739.293,445,627,None,Drag,office
1569326739.293,445,627,Left,Released,office
1569326739.3070002,442,627,None,Move,office
1569326739.315,440,627,None,Move,office
1569326739.323,439,627,None,Move,office
1569326739.329,438,627,None,Move,office
1569326739.337,438,627,None,Move,office
1569326739.4329998,438,627,Left,Pressed,office
1569326739.551,438,627,Left,Released,office
1569326739.785,438,627,None,Move,office
1569326739.809,438,627,None,Move,office
1569326739.8170002,438,627,None,Move,office
1569326739.824,438,626,None,Move,office
1569326739.832,438,625,None,Move,office
1569326739.839,439,625,None,Move,office
1569326739.847,439,625,None,Move,office
1569326739.855,439,624,None,Move,office
1569326739.863,439,624,None,Move,office
1569326739.871,439,624,None,Move,office
1569326739.887,439,623,None,Move,office
1569326739.895,440,623,None,Move,office
1569326739.9729998,440,623,None,Move,office
1569326740.0029998,440,622,None,Move,office
1569326740.019,440,621,None,Move,office
1569326740.059,440,621,Left,Pressed,office
1569326740.059,440,621,None,Drag,office
1569326740.073,440,621,None,Drag,office
1569326740.121,441,621,None,Drag,office
1569326740.137,443,621,None,Drag,office
1569326740.144,444,621,None,Drag,office
1569326740.1520002,446,621,None,Drag,office
1569326740.159,448,621,None,Drag,office
1569326740.167,450,621,None,Drag,office
1569326740.174,454,621,None,Drag,office
1569326740.1820002,457,621,None,Drag,office
1569326740.191,461,621,None,Drag,office
1569326740.199,467,621,None,Drag,office
1569326740.207,471,621,None,Drag,office
1569326740.214,474,621,None,Drag,office
1569326740.222,478,621,None,Drag,office
1569326740.23,483,621,None,Drag,office
1569326740.2370002,489,621,None,Drag,office
1569326740.245,494,621,None,Drag,office
1569326740.2529998,500,620,None,Drag,office
1569326740.2610002,503,620,None,Drag,office
1569326740.269,508,620,None,Drag,office
1569326740.2770002,517,620,None,Drag,office
1569326740.285,520,620,None,Drag,office
1569326740.293,524,620,None,Drag,office
1569326740.301,530,620,None,Drag,office
1569326740.3079998,535,620,None,Drag,office
1569326740.315,538,620,None,Drag,office
1569326740.323,541,620,None,Drag,office
1569326740.331,544,620,None,Drag,office
1569326740.339,547,620,None,Drag,office
1569326740.347,549,619,None,Drag,office
1569326740.355,552,619,None,Drag,office
1569326740.363,554,619,None,Drag,office
1569326740.371,557,619,None,Drag,office
1569326740.379,559,619,None,Drag,office
1569326740.387,562,619,None,Drag,office
1569326740.394,565,619,None,Drag,office
1569326740.401,570,619,None,Drag,office
1569326740.409,572,619,None,Drag,office
1569326740.417,576,619,None,Drag,office
1569326740.425,579,618,None,Drag,office
1569326740.4429998,585,618,None,Drag,office
1569326740.45,588,618,None,Drag,office
1569326740.458,590,618,None,Drag,office
1569326740.465,592,618,None,Drag,office
1569326740.472,593,618,None,Drag,office
1569326740.478,595,618,None,Drag,office
1569326740.494,595,618,None,Drag,office
1569326740.543,596,618,None,Drag,office
1569326740.551,596,618,None,Drag,office
1569326740.5570002,598,618,None,Drag,office
1569326740.564,599,618,None,Drag,office
1569326740.572,600,618,None,Drag,office
1569326740.58,601,618,None,Drag,office
1569326740.589,602,618,None,Drag,office
1569326740.597,602,618,None,Drag,office
1569326740.604,604,618,None,Drag,office
1569326740.6139998,605,618,None,Drag,office
1569326740.621,606,618,None,Drag,office
1569326740.629,606,618,None,Drag,office
1569326740.635,607,618,None,Drag,office
1569326740.643,607,618,None,Drag,office
1569326740.651,608,618,None,Drag,office
1569326740.667,608,618,None,Drag,office
1569326740.675,609,618,None,Drag,office
1569326740.6829998,610,618,None,Drag,office
1569326740.691,611,618,None,Drag,office
1569326740.699,612,618,None,Drag,office
1569326740.707,613,618,None,Drag,office
1569326740.715,614,618,None,Drag,office
1569326740.721,614,618,None,Drag,office
1569326740.729,615,618,None,Drag,office
1569326740.7370002,616,618,None,Drag,office
1569326740.745,617,618,None,Drag,office
1569326740.7610002,617,618,None,Drag,office
1569326740.839,618,618,None,Drag,office
1569326740.839,618,618,Left,Released,office
1569326741.283,618,618,None,Move,office
1569326746.445,618,618,None,Move,office
1569326746.4529998,616,618,None,Move,office
1569326746.461,611,615,None,Move,office
1569326746.469,607,613,None,Move,office
1569326746.4770002,605,610,None,Move,office
1569326746.515,605,610,None,Move,office
1569326746.641,605,610,None,Move,office
1569326746.647,606,610,None,Move,office
1569326746.655,608,610,None,Move,office
1569326746.6620002,610,610,None,Move,office
1569326746.671,611,610,None,Move,office
1569326746.678,613,610,None,Move,office
1569326746.687,613,610,None,Move,office
1569326746.694,614,610,None,Move,office
1569326746.718,614,610,None,Move,office
1569326746.728,612,611,None,Move,office
1569326746.735,604,614,None,Move,office
1569326746.7410002,594,618,None,Move,office
1569326746.748,586,620,None,Move,office
1569326746.7570002,570,623,None,Move,office
1569326746.764,552,627,None,Move,office
1569326746.7729998,525,632,None,Move,office
1569326746.781,512,634,None,Move,office
1569326746.789,504,635,None,Move,office
1569326746.7970002,494,636,None,Move,office
1569326746.805,478,639,None,Move,office
1569326746.811,471,640,None,Move,office
1569326746.819,465,640,None,Move,office
1569326746.827,463,640,None,Move,office
1569326746.835,462,640,None,Move,office
1569326746.843,461,639,None,Move,office
1569326746.859,461,639,None,Move,office
1569326746.905,461,639,None,Move,office
1569326746.913,461,639,None,Move,office
1569326746.921,463,639,None,Move,office
1569326746.929,463,639,None,Move,office
1569326746.937,464,638,None,Move,office
1569326746.945,466,638,None,Move,office
1569326746.9529998,466,638,None,Move,office
1569326746.961,467,637,None,Move,office
1569326746.969,467,637,None,Move,office
1569326746.9829998,468,637,None,Move,office
1569326746.9910002,469,637,None,Move,office
1569326746.9989998,470,637,None,Move,office
1569326747.0070002,472,637,None,Move,office
1569326747.015,473,637,None,Move,office
1569326747.0229998,475,637,None,Move,office
1569326747.031,478,636,None,Move,office
1569326747.039,483,634,None,Move,office
1569326747.0470002,484,634,None,Move,office
1569326747.054,490,631,None,Move,office
1569326747.061,496,630,None,Move,office
1569326747.069,501,629,None,Move,office
1569326747.077,508,627,None,Move,office
1569326747.084,512,626,None,Move,office
1569326747.092,518,624,None,Move,office
1569326747.101,522,623,None,Move,office
1569326747.1079998,525,622,None,Move,office
1569326747.1160002,527,621,None,Move,office
1569326747.131,528,621,None,Move,office
1569326747.139,528,621,None,Move,office
1569326747.2410002,528,621,None,Move,office
1569326747.2489998,528,621,None,Move,office
1569326747.2570002,526,621,None,Move,office
1569326747.265,525,620,None,Move,office
1569326747.2729998,523,620,None,Move,office
1569326747.281,521,619,None,Move,office
1569326747.289,518,619,None,Move,office
1569326747.296,516,618,None,Move,office
1569326747.303,514,618,None,Move,office
1569326747.311,513,617,None,Move,office
1569326747.319,511,617,None,Move,office
1569326747.327,508,617,None,Move,office
1569326747.335,504,617,None,Move,office
1569326747.345,499,617,None,Move,office
1569326747.354,494,617,None,Move,office
1569326747.361,490,617,None,Move,office
1569326747.3679998,483,617,None,Move,office
1569326747.375,481,617,None,Move,office
1569326747.3820002,479,617,None,Move,office
1569326747.389,478,617,None,Move,office
1569326747.397,478,617,None,Move,office
1569326747.405,478,616,None,Move,office
1569326747.429,477,616,None,Move,office
1569326747.437,477,616,None,Move,office
1569326747.445,475,616,None,Move,office
1569326747.452,474,616,None,Move,office
1569326747.462,473,616,None,Move,office
1569326747.47,471,616,None,Move,office
1569326747.4770002,469,616,None,Move,office
1569326747.485,468,616,None,Move,office
1569326747.4910002,467,616,None,Move,office
1569326747.498,467,616,None,Move,office
1569326747.5070002,466,616,None,Move,office
1569326747.514,466,616,None,Move,office
1569326747.522,465,616,None,Move,office
1569326747.531,464,616,None,Move,office
1569326747.5370002,462,617,None,Move,office
1569326747.544,459,618,None,Move,office
1569326747.553,456,619,None,Move,office
1569326747.561,454,620,None,Move,office
1569326747.569,450,621,None,Move,office
1569326747.577,449,621,None,Move,office
1569326747.585,447,621,None,Move,office
1569326747.593,447,621,None,Move,office
1569326747.601,446,621,None,Move,office
1569326747.609,445,621,None,Move,office
1569326747.6160002,445,621,None,Move,office
1569326747.647,444,621,None,Move,office
1569326747.851,444,621,None,Move,office
1569326747.8879998,444,621,None,Move,office
1569326747.897,444,621,None,Move,office
1569326747.921,444,620,None,Move,office
1569326747.959,444,620,None,Move,office
1569326747.967,444,620,None,Move,office
1569326747.974,445,620,None,Move,office
1569326747.9910002,445,620,None,Move,office
1569326748.0070002,445,619,None,Move,office
1569326748.029,446,619,Left,Pressed,office
1569326748.029,446,619,None,Drag,office
1569326748.045,447,619,None,Drag,office
1569326748.053,448,619,None,Drag,office
1569326748.061,449,619,None,Drag,office
1569326748.069,451,619,None,Drag,office
1569326748.077,453,619,None,Drag,office
1569326748.085,455,619,None,Drag,office
1569326748.093,458,619,None,Drag,office
1569326748.1,460,619,None,Drag,office
1569326748.107,463,619,None,Drag,office
1569326748.115,465,619,None,Drag,office
1569326748.1239998,467,619,None,Drag,office
1569326748.1320002,469,620,None,Drag,office
1569326748.139,472,620,None,Drag,office
1569326748.147,475,620,None,Drag,office
1569326748.155,478,620,None,Drag,office
1569326748.163,482,620,None,Drag,office
1569326748.171,485,620,None,Drag,office
1569326748.179,490,620,None,Drag,office
1569326748.186,496,620,None,Drag,office
1569326748.1929998,501,620,None,Drag,office
1569326748.201,508,620,None,Drag,office
1569326748.208,513,620,None,Drag,office
1569326748.217,519,620,None,Drag,office
1569326748.225,524,620,None,Drag,office
1569326748.232,529,620,None,Drag,office
1569326748.24,532,620,None,Drag,office
1569326748.2489998,536,620,None,Drag,office
1569326748.256,539,620,None,Drag,office
1569326748.2629998,542,620,None,Drag,office
1569326748.27,545,620,None,Drag,office
1569326748.278,549,620,None,Drag,office
1569326748.286,551,620,None,Drag,office
1569326748.294,552,620,None,Drag,office
1569326748.302,553,620,None,Drag,office
1569326748.31,554,620,None,Drag,office
1569326748.319,554,620,None,Drag,office
1569326748.349,554,620,None,Drag,office
1569326748.381,555,620,None,Drag,office
1569326748.419,556,620,None,Drag,office
1569326748.435,556,620,None,Drag,office
1569326748.4429998,557,620,None,Drag,office
1569326748.459,557,620,None,Drag,office
1569326748.841,558,620,None,Drag,office
1569326748.881,558,620,None,Drag,office
1569326748.911,559,620,None,Drag,office
1569326749.0129998,559,620,None,Drag,office
1569326749.0129998,559,620,Left,Released,office
1569326749.488,559,621,None,Move,office
1569326749.559,559,622,None,Move,office
1569326749.591,559,622,None,Move,office
1569326749.615,559,623,None,Move,office
1569326749.715,559,623,None,Move,office
1569326749.7229998,559,623,None,Move,office
1569326749.7470002,559,623,None,Move,office
1569326749.7629998,558,623,None,Move,office
1569326749.771,558,623,None,Move,office
1569326749.779,557,623,None,Move,office
1569326749.795,557,623,None,Move,office
1569326749.802,556,623,None,Move,office
1569326749.815,555,623,None,Move,office
1569326749.825,555,623,None,Move,office
1569326749.833,554,623,None,Move,office
1569326749.849,554,623,None,Move,office
1569326749.857,553,623,None,Move,office
1569326749.865,553,623,None,Move,office
1569326749.873,551,623,None,Move,office
1569326749.879,550,623,None,Move,office
1569326749.8860002,548,623,None,Move,office
1569326749.895,547,623,None,Move,office
1569326749.9020002,544,624,None,Move,office
1569326749.91,542,624,None,Move,office
1569326749.919,539,624,None,Move,office
1569326749.927,537,624,None,Move,office
1569326749.935,535,625,None,Move,office
1569326749.9429998,532,625,None,Move,office
1569326749.95,529,626,None,Move,office
1569326749.959,527,626,None,Move,office
1569326749.965,525,626,None,Move,office
1569326749.972,522,626,None,Move,office
1569326749.981,522,626,None,Move,office
1569326749.9889998,521,626,None,Move,office
1569326749.9970002,519,626,None,Move,office
1569326750.005,518,626,None,Move,office
1569326750.0129998,517,626,None,Move,office
1569326750.021,516,626,None,Move,office
1569326750.029,515,626,None,Move,office
1569326750.0370002,514,626,None,Move,office
1569326750.043,512,626,None,Move,office
1569326750.051,510,626,None,Move,office
1569326750.059,508,626,None,Move,office
1569326750.0670002,505,626,None,Move,office
1569326750.075,502,626,None,Move,office
1569326750.083,499,626,None,Move,office
1569326750.091,497,626,None,Move,office
1569326750.099,494,626,None,Move,office
1569326750.107,491,626,None,Move,office
1569326750.121,487,626,None,Move,office
1569326750.127,481,627,None,Move,office
1569326750.137,469,629,None,Move,office
1569326750.145,464,629,None,Move,office
1569326750.153,459,630,None,Move,office
1569326750.161,456,630,None,Move,office
1569326750.169,453,630,None,Move,office
1569326750.177,451,631,None,Move,office
1569326750.185,449,631,None,Move,office
1569326750.1929998,447,632,None,Move,office
1569326750.2,446,632,None,Move,office
1569326750.207,446,632,None,Move,office
1569326750.216,445,632,None,Move,office
1569326750.222,444,632,None,Move,office
1569326750.231,444,633,None,Move,office
1569326750.255,444,633,None,Move,office
1569326750.535,444,633,None,Move,office
1569326750.583,444,633,Left,Pressed,office
1569326750.583,444,633,None,Drag,office
1569326750.605,445,633,None,Drag,office
1569326750.613,446,633,None,Drag,office
1569326750.621,449,633,None,Drag,office
1569326750.629,454,633,None,Drag,office
1569326750.637,458,633,None,Drag,office
1569326750.645,460,633,None,Drag,office
1569326750.6520002,465,633,None,Drag,office
1569326750.66,471,633,None,Drag,office
1569326750.668,476,633,None,Drag,office
1569326750.676,483,633,None,Drag,office
1569326750.6829998,488,633,None,Drag,office
1569326750.691,494,633,None,Drag,office
1569326750.698,500,633,None,Drag,office
1569326750.707,506,633,None,Drag,office
1569326750.715,516,633,None,Drag,office
1569326750.7229998,523,633,None,Drag,office
1569326750.73,529,633,None,Drag,office
1569326750.7389998,537,633,None,Drag,office
1569326750.746,543,633,None,Drag,office
1569326750.755,548,633,None,Drag,office
1569326750.7629998,556,633,None,Drag,office
1569326750.769,562,633,None,Drag,office
1569326750.7770002,568,633,None,Drag,office
1569326750.785,572,633,None,Drag,office
1569326750.793,575,633,None,Drag,office
1569326750.801,579,633,None,Drag,office
1569326750.809,582,633,None,Drag,office
1569326750.8170002,585,633,None,Drag,office
1569326750.825,587,633,None,Drag,office
1569326750.833,589,633,None,Drag,office
1569326750.841,590,633,None,Drag,office
1569326750.8479998,590,633,None,Drag,office
1569326750.879,591,633,None,Drag,office
1569326750.895,593,633,None,Drag,office
1569326750.903,595,633,None,Drag,office
1569326750.911,598,633,None,Drag,office
1569326750.919,602,633,None,Drag,office
1569326750.927,605,633,None,Drag,office
1569326750.934,608,633,None,Drag,office
1569326750.941,611,633,None,Drag,office
1569326750.949,614,633,None,Drag,office
1569326750.957,617,633,None,Drag,office
1569326750.965,619,633,None,Drag,office
1569326750.9729998,620,633,None,Drag,office
1569326750.981,622,633,None,Drag,office
1569326751.059,622,633,None,Drag,office
1569326751.089,623,633,None,Drag,office
1569326751.113,623,633,None,Drag,office
1569326751.121,623,633,None,Drag,office
1569326751.161,624,634,None,Drag,office
1569326751.1829998,624,634,None,Drag,office
1569326751.199,625,635,None,Drag,office
1569326751.199,625,635,Left,Released,office
1569326751.8379998,626,636,None,Move,office
1569326751.846,627,638,None,Move,office
1569326751.854,631,643,None,Move,office
1569326751.8620002,634,653,None,Move,office
1569326751.871,639,671,None,Move,office
1569326751.879,643,692,None,Move,office
1569326751.8860002,643,708,None,Move,office
1569326751.895,643,719,None,Move,office
1569326751.903,643,737,None,Move,office
1569326751.91,643,748,None,Move,office
1569326751.917,643,757,None,Move,office
1569326751.925,644,772,None,Move,office
1569326751.9329998,645,777,None,Move,office
1569326751.941,646,784,None,Move,office
1569326751.949,647,791,None,Move,office
1569326751.957,648,798,None,Move,office
1569326751.966,649,804,None,Move,office
1569326751.9729998,650,807,None,Move,office
1569326751.981,651,812,None,Move,office
1569326751.988,653,818,None,Move,office
1569326751.995,654,825,None,Move,office
1569326752.0029998,656,833,None,Move,office
1569326752.0110002,657,838,None,Move,office
1569326752.024,658,843,None,Move,office
1569326752.031,659,849,None,Move,office
1569326752.038,659,853,None,Move,office
1569326752.044,660,857,None,Move,office
1569326752.051,662,861,None,Move,office
1569326752.059,662,865,None,Move,office
1569326752.066,663,869,None,Move,office
1569326752.073,664,871,None,Move,office
1569326752.082,664,875,None,Move,office
1569326752.089,665,877,None,Move,office
1569326752.097,665,879,None,Move,office
1569326752.105,666,881,None,Move,office
1569326752.113,666,882,None,Move,office
1569326752.121,666,884,None,Move,office
1569326752.129,666,886,None,Move,office
1569326752.137,666,887,None,Move,office
1569326752.144,666,888,None,Move,office
1569326752.151,665,888,None,Move,office
1569326752.159,663,889,None,Move,office
1569326752.167,657,889,None,Move,office
1569326752.175,652,889,None,Move,office
1569326752.1829998,646,889,None,Move,office
1569326752.19,642,887,None,Move,office
1569326752.199,640,887,None,Move,office
1569326752.479,640,886,None,Move,office
1569326752.4870002,640,884,None,Move,office
1569326752.495,640,882,None,Move,office
1569326752.5029998,640,880,None,Move,office
1569326752.5110002,640,877,None,Move,office
1569326752.519,640,874,None,Move,office
1569326752.5270002,639,868,None,Move,office
1569326752.535,639,866,None,Move,office
1569326752.543,638,862,None,Move,office
1569326752.551,636,859,None,Move,office
1569326752.564,635,859,None,Move,office
1569326752.572,634,859,None,Move,office
1569326752.58,634,860,None,Move,office
1569326752.5879998,633,866,None,Move,office
1569326752.596,633,872,None,Move,office
1569326752.604,633,880,None,Move,office
1569326752.6120002,633,890,None,Move,office
1569326752.62,633,898,None,Move,office
1569326752.6279998,633,912,None,Move,office
1569326752.6360002,632,924,None,Move,office
1569326752.645,630,941,None,Move,office
1569326752.6520002,630,962,None,Move,office
1569326752.661,630,976,None,Move,office
1569326752.667,630,990,None,Move,office
1569326752.674,630,1003,None,Move,office
1569326752.696,630,1013,None,Move,office
1569326752.7029998,631,1030,None,Move,office
1569326752.71,632,1037,None,Move,office
1569326752.717,633,1042,None,Move,office
1569326752.724,634,1043,None,Move,office
1569326752.7329998,634,1046,None,Move,office
1569326752.74,635,1048,None,Move,office
1569326752.746,637,1050,None,Move,office
1569326752.7529998,637,1052,None,Move,office
1569326752.7610002,637,1054,None,Move,office
1569326752.769,637,1056,None,Move,office
1569326752.7770002,639,1060,None,Move,office
1569326752.785,640,1063,None,Move,office
1569326752.793,640,1064,None,Move,office
1569326752.8,640,1067,None,Move,office
1569326752.8070002,640,1070,None,Move,office
1569326752.815,640,1073,None,Move,office
1569326752.823,640,1076,None,Move,office
1569326752.831,640,1079,None,Move,office
1569326752.839,640,1083,None,Move,office
1569326752.847,637,1085,None,Move,office
1569326752.855,636,1082,None,Move,office
1569326752.863,634,1082,None,Move,office
1569326752.871,633,1083,None,Move,office
1569326752.877,631,1081,None,Move,office
1569326752.885,631,1079,None,Move,office
1569326752.894,629,1080,None,Move,office
1569326752.901,628,1079,None,Move,office
1569326752.909,628,1079,None,Move,office
1569326752.917,626,1079,None,Move,office
1569326752.924,626,1079,None,Move,office
1569326752.9320002,625,1079,None,Move,office
1569326752.94,623,1079,None,Move,office
1569326752.948,622,1079,None,Move,office
1569326752.955,621,1079,None,Move,office
1569326752.962,620,1079,None,Move,office
1569326752.97,619,1078,None,Move,office
1569326752.978,618,1078,None,Move,office
1569326752.986,616,1078,None,Move,office
1569326752.995,615,1077,None,Move,office
1569326753.0029998,614,1077,None,Move,office
1569326753.0110002,612,1077,None,Move,office
1569326753.018,610,1077,None,Move,office
1569326753.0270002,607,1076,None,Move,office
1569326753.034,605,1076,None,Move,office
1569326753.041,602,1076,None,Move,office
1569326753.048,600,1076,None,Move,office
1569326753.0570002,597,1075,None,Move,office
1569326753.065,595,1075,None,Move,office
1569326753.073,594,1075,None,Move,office
1569326753.081,593,1075,None,Move,office
1569326753.089,592,1075,None,Move,office
1569326753.105,592,1075,None,Move,office
1569326753.2370002,592,1075,None,Move,office
1569326753.377,592,1074,None,Move,office
1569326753.4629998,592,1073,None,Move,office
1569326753.675,592,1072,None,Move,office
1569326753.6820002,596,1070,None,Move,office
1569326753.691,600,1069,None,Move,office
1569326753.698,609,1067,None,Move,office
1569326753.706,616,1066,None,Move,office
1569326753.7129998,633,1063,None,Move,office
1569326753.72,650,1062,None,Move,office
1569326753.728,681,1060,None,Move,office
1569326753.7389998,716,1060,None,Move,office
1569326753.746,770,1060,None,Move,office
1569326753.7529998,827,1060,None,Move,office
1569326753.76,897,1060,None,Move,office
1569326753.768,959,1060,None,Move,office
1569326753.776,1043,1060,None,Move,office
1569326753.785,1121,1060,None,Move,office
1569326753.792,1202,1060,None,Move,office
1569326753.8,1281,1064,None,Move,office
1569326753.8070002,1352,1068,None,Move,office
1569326753.814,1433,1072,None,Move,office
1569326753.823,1496,1074,None,Move,office
1569326753.831,1574,1076,None,Move,office
1569326753.839,1645,1076,None,Move,office
1569326753.847,1707,1075,None,Move,office
1569326753.855,1782,1065,None,Move,office
1569326753.863,1846,1050,None,Move,office
1569326753.873,1911,1031,None,Move,office
1569326753.88,1971,1009,None,Move,office
1569326753.8879998,1977,984,None,Move,office
1569326753.899,1955,967,None,Move,office
1569326753.908,2006,941,None,Move,office
1569326753.916,2033,924,None,Move,office
1569326753.925,2087,885,None,Move,office
1569326753.934,2110,865,None,Move,office
1569326753.9429998,2131,844,None,Move,office
1569326753.9529998,2163,813,None,Move,office
1569326753.96,2183,788,None,Move,office
1569326753.97,2208,757,None,Move,office
1569326753.978,2242,713,None,Move,office
1569326753.99,2303,628,None,Move,office
1569326753.9989998,2336,587,None,Move,office
1569326754.01,2361,552,None,Move,office
1569326754.021,2405,491,None,Move,office
1569326754.031,2413,480,None,Move,office
1569326754.042,2440,439,None,Move,office
1569326754.051,2447,429,None,Move,office
1569326754.06,2455,416,None,Move,office
1569326754.0679998,2463,404,None,Move,office
1569326754.075,2467,397,None,Move,office
1569326754.082,2474,386,None,Move,office
1569326754.091,2479,376,None,Move,office
1569326754.0979998,2482,373,None,Move,office
1569326754.106,2485,368,None,Move,office
1569326754.113,2485,365,None,Move,office
1569326754.121,2486,363,None,Move,office
1569326754.129,2487,361,None,Move,office
1569326754.139,2487,359,None,Move,office
1569326754.147,2487,357,None,Move,office
1569326754.155,2487,355,None,Move,office
1569326754.161,2487,353,None,Move,office
1569326754.169,2487,352,None,Move,office
1569326754.176,2488,349,None,Move,office
1569326754.184,2489,346,None,Move,office
1569326754.19,2492,339,None,Move,office
1569326754.198,2495,333,None,Move,office
1569326754.208,2499,326,None,Move,office
1569326754.252,2518,289,None,Move,office
1569326754.26,2528,259,None,Move,office
1569326754.268,2529,255,None,Move,office
1569326754.2770002,2531,248,None,Move,office
1569326754.285,2532,242,None,Move,office
1569326754.293,2534,235,None,Move,office
1569326754.31,2536,224,None,Move,office
1569326754.325,2537,217,None,Move,office
1569326754.3379998,2537,213,None,Move,office
1569326754.3479998,2537,207,None,Move,office
1569326754.359,2537,206,None,Move,office
1569326754.3679998,2536,206,None,Move,office
1569326754.377,2533,207,None,Move,office
1569326754.385,2528,205,None,Move,office
1569326754.393,2526,208,None,Move,office
1569326754.401,2526,207,None,Move,office
1569326754.409,2526,209,None,Move,office
1569326754.415,2526,208,None,Move,office
1569326754.425,2525,209,None,Move,office
1569326754.431,2525,208,None,Move,office
1569326754.439,2525,208,None,Move,office
1569326754.455,2524,209,None,Move,office
1569326754.4629998,2524,208,None,Move,office
1569326754.479,2523,209,None,Move,office
1569326754.5010002,2523,208,None,Move,office
1569326754.533,2523,209,Left,Pressed,office
1569326754.647,2523,209,Left,Released,browsing
1569326755.431,2520,211,None,Move,browsing
1569326755.439,2516,217,None,Move,browsing
1569326755.447,2509,228,None,Move,browsing
1569326755.455,2500,240,None,Move,browsing
1569326755.462,2491,249,None,Move,browsing
1569326755.471,2480,255,None,Move,browsing
1569326755.4770002,2474,259,None,Move,browsing
1569326755.484,2460,267,None,Move,browsing
1569326755.492,2451,270,None,Move,browsing
1569326755.5,2430,275,None,Move,browsing
1569326755.508,2416,277,None,Move,browsing
1569326755.532,2405,280,None,Move,browsing
1569326755.54,2387,282,None,Move,browsing
1569326755.5470002,2382,282,None,Move,browsing
1569326755.555,2373,282,None,Move,browsing
1569326755.563,2367,282,None,Move,browsing
1569326755.572,2362,282,None,Move,browsing
1569326755.579,2359,282,None,Move,browsing
1569326755.59,2354,280,None,Move,browsing
1569326755.596,2351,279,None,Move,browsing
1569326755.606,2348,278,None,Move,browsing
1569326755.613,2346,276,None,Move,browsing
1569326755.621,2342,275,None,Move,browsing
1569326755.6279998,2336,271,None,Move,browsing
1569326755.637,2333,271,None,Move,browsing
1569326755.643,2329,268,None,Move,browsing
1569326755.651,2324,265,None,Move,browsing
1569326755.658,2321,264,None,Move,browsing
1569326755.665,2317,262,None,Move,browsing
1569326755.673,2314,261,None,Move,browsing
1569326755.681,2312,260,None,Move,browsing
1569326755.689,2309,260,None,Move,browsing
1569326755.698,2307,260,None,Move,browsing
1569326755.706,2304,260,None,Move,browsing
1569326755.7129998,2301,259,None,Move,browsing
1569326755.721,2296,259,None,Move,browsing
1569326755.729,2289,259,None,Move,browsing
1569326755.738,2282,259,None,Move,browsing
1569326755.746,2270,259,None,Move,browsing
1569326755.7529998,2263,259,None,Move,browsing
1569326755.76,2241,261,None,Move,browsing
1569326755.7670002,2225,264,None,Move,browsing
1569326755.775,2216,266,None,Move,browsing
1569326755.783,2188,272,None,Move,browsing
1569326755.806,2167,276,None,Move,browsing
1569326755.812,2137,281,None,Move,browsing
1569326755.822,2116,286,None,Move,browsing
1569326755.829,2106,287,None,Move,browsing
1569326755.837,2098,289,None,Move,browsing
1569326755.845,2092,291,None,Move,browsing
1569326755.8520002,2085,292,None,Move,browsing
1569326755.86,2085,293,None,Move,browsing
1569326755.8820002,2085,293,None,Move,browsing
1569326755.89,2085,293,None,Move,browsing
1569326755.8979998,2090,294,None,Move,browsing
1569326755.907,2098,294,None,Move,browsing
1569326755.914,2105,294,None,Move,browsing
1569326755.9220002,2115,294,None,Move,browsing
1569326755.934,2129,295,None,Move,browsing
1569326755.941,2139,295,None,Move,browsing
1569326755.948,2158,297,None,Move,browsing
1569326755.956,2172,297,None,Move,browsing
1569326755.9629998,2192,297,None,Move,browsing
1569326755.971,2206,297,None,Move,browsing
1569326755.978,2224,297,None,Move,browsing
1569326755.986,2246,297,None,Move,browsing
1569326755.9929998,2262,297,None,Move,browsing
1569326756.0010002,2275,297,None,Move,browsing
1569326756.0089998,2289,295,None,Move,browsing
1569326756.0170002,2297,295,None,Move,browsing
1569326756.025,2308,294,None,Move,browsing
1569326756.033,2312,293,None,Move,browsing
1569326756.04,2313,293,None,Move,browsing
1569326756.0470002,2314,293,None,Move,browsing
1569326756.063,2314,292,None,Move,browsing
1569326756.079,2314,291,None,Move,browsing
1569326756.095,2314,291,None,Move,browsing
1569326756.103,2313,291,None,Move,browsing
1569326756.275,2313,291,None,Move,browsing
1569326756.289,2314,290,None,Move,browsing
1569326756.2970002,2314,289,None,Move,browsing
1569326756.305,2315,288,None,Move,browsing
1569326756.313,2316,286,None,Move,browsing
1569326756.321,2317,285,None,Move,browsing
1569326756.329,2317,284,None,Move,browsing
1569326756.337,2317,284,None,Move,browsing
1569326756.347,2317,283,None,Move,browsing
1569326756.357,2317,283,None,Move,browsing
1569326756.363,2317,282,None,Move,browsing
1569326756.469,2318,282,None,Move,browsing
1569326756.484,2318,281,None,Move,browsing
1569326756.4929998,2318,280,None,Move,browsing
1569326756.5010002,2318,280,None,Move,browsing
1569326756.5089998,2318,279,None,Move,browsing
1569326756.5170002,2318,279,None,Move,browsing
1569326756.524,2318,277,None,Move,browsing
1569326756.531,2318,276,None,Move,browsing
1569326756.539,2318,275,None,Move,browsing
1569326756.5470002,2318,274,None,Move,browsing
1569326756.555,2318,273,None,Move,browsing
1569326756.563,2318,273,None,Move,browsing
1569326756.571,2318,272,None,Move,browsing
1569326756.579,2317,271,None,Move,browsing
1569326756.587,2316,270,None,Move,browsing
1569326756.595,2314,269,None,Move,browsing
1569326756.603,2312,269,None,Move,browsing
1569326756.61,2308,268,None,Move,browsing
1569326756.617,2305,267,None,Move,browsing
1569326756.625,2302,267,None,Move,browsing
1569326756.633,2300,267,None,Move,browsing
1569326756.641,2297,267,None,Move,browsing
1569326756.649,2294,266,None,Move,browsing
1569326756.657,2292,266,None,Move,browsing
1569326756.665,2290,266,None,Move,browsing
1569326756.673,2289,266,None,Move,browsing
1569326756.681,2289,266,None,Move,browsing
1569326756.691,2288,266,None,Move,browsing
1569326756.796,2287,266,None,Move,browsing
1569326756.85,2287,266,None,Move,browsing
1569326756.961,2286,266,None,Move,browsing
1569326756.9770002,2286,266,None,Move,browsing
1569326756.985,2285,266,None,Move,browsing
1569326757.0010002,2284,266,None,Move,browsing
1569326757.0089998,2283,266,None,Move,browsing
1569326757.015,2280,267,None,Move,browsing
1569326757.0229998,2277,267,None,Move,browsing
1569326757.031,2275,267,None,Move,browsing
1569326757.039,2275,268,None,Move,browsing
1569326757.0470002,2273,268,None,Move,browsing
1569326757.055,2271,268,None,Move,browsing
1569326757.063,2268,269,None,Move,browsing
1569326757.071,2266,269,None,Move,browsing
1569326757.079,2265,269,None,Move,browsing
1569326757.087,2263,270,None,Move,browsing
1569326757.094,2261,271,None,Move,browsing
1569326757.101,2261,271,None,Move,browsing
1569326757.109,2260,271,None,Move,browsing
1569326757.117,2260,271,None,Move,browsing
1569326757.125,2259,271,None,Move,browsing
1569326757.133,2258,271,None,Move,browsing
1569326757.141,2257,272,None,Move,browsing
1569326757.149,2257,272,None,Move,browsing
1569326757.157,2256,273,None,Move,browsing
1569326757.165,2255,273,None,Move,browsing
1569326757.1720002,2254,273,None,Move,browsing
1569326757.179,2254,274,None,Move,browsing
1569326757.187,2252,274,None,Move,browsing
1569326757.195,2252,274,None,Move,browsing
1569326757.2029998,2251,275,None,Move,browsing
1569326757.211,2248,275,None,Move,browsing
1569326757.218,2247,276,None,Move,browsing
1569326757.242,2245,276,None,Move,browsing
1569326757.248,2240,278,None,Move,browsing
1569326757.255,2236,279,None,Move,browsing
1569326757.2629998,2232,281,None,Move,browsing
1569326757.271,2226,283,None,Move,browsing
1569326757.278,2220,284,None,Move,browsing
1569326757.284,2211,288,None,Move,browsing
1569326757.292,2201,291,None,Move,browsing
1569326757.299,2194,293,None,Move,browsing
1569326757.3070002,2184,296,None,Move,browsing
1569326757.3170002,2176,299,None,Move,browsing
1569326757.325,2165,303,None,Move,browsing
1569326757.332,2153,306,None,Move,browsing
1569326757.342,2146,308,None,Move,browsing
1569326757.349,2137,311,None,Move,browsing
1569326757.357,2130,313,None,Move,browsing
1569326757.3639998,2120,316,None,Move,browsing
1569326757.3720002,2111,320,None,Move,browsing
1569326757.38,2099,324,None,Move,browsing
1569326757.3879998,2088,327,None,Move,browsing
1569326757.395,2078,330,None,Move,browsing
1569326757.403,2067,334,None,Move,browsing
1569326757.41,2052,337,None,Move,browsing
1569326757.417,2023,342,None,Move,browsing
1569326757.424,2007,346,None,Move,browsing
1569326757.431,1994,348,None,Move,browsing
1569326757.439,1969,351,None,Move,browsing
1569326757.446,1937,356,None,Move,browsing
1569326757.454,1906,361,None,Move,browsing
1569326757.461,1878,364,None,Move,browsing
1569326757.469,1846,371,None,Move,browsing
1569326757.4770002,1817,375,None,Move,browsing
1569326757.485,1785,382,None,Move,browsing
1569326757.4929998,1755,389,None,Move,browsing
1569326757.4989998,1723,395,None,Move,browsing
1569326757.5070002,1707,399,None,Move,browsing
1569326757.515,1683,407,None,Move,browsing
1569326757.5229998,1669,412,None,Move,browsing
1569326757.531,1638,423,None,Move,browsing
1569326757.539,1616,431,None,Move,browsing
1569326757.5470002,1596,438,None,Move,browsing
1569326757.555,1576,447,None,Move,browsing
1569326757.563,1559,452,None,Move,browsing
1569326757.571,1537,459,None,Move,browsing
1569326757.579,1523,464,None,Move,browsing
1569326757.586,1501,471,None,Move,browsing
1569326757.593,1487,475,None,Move,browsing
1569326757.601,1465,481,None,Move,browsing
1569326757.6079998,1452,485,None,Move,browsing
1569326757.6160002,1433,489,None,Move,browsing
1569326757.6239998,1419,492,None,Move,browsing
1569326757.6320002,1398,497,None,Move,browsing
1569326757.64,1382,501,None,Move,browsing
1569326757.6479998,1353,506,None,Move,browsing
1569326757.656,1332,510,None,Move,browsing
1569326757.663,1318,513,None,Move,browsing
1569326757.671,1309,514,None,Move,browsing
1569326757.678,1291,518,None,Move,browsing
1569326757.686,1283,519,None,Move,browsing
1569326757.694,1278,519,None,Move,browsing
1569326757.702,1274,520,None,Move,browsing
1569326757.71,1270,521,None,Move,browsing
1569326757.718,1267,521,None,Move,browsing
1569326757.7270002,1265,522,None,Move,browsing
1569326757.735,1263,523,None,Move,browsing
1569326757.7410002,1262,523,None,Move,browsing
1569326757.748,1259,525,None,Move,browsing
1569326757.7570002,1254,526,None,Move,browsing
1569326757.765,1250,528,None,Move,browsing
1569326757.772,1246,529,None,Move,browsing
1569326757.781,1239,531,None,Move,browsing
1569326757.789,1235,533,None,Move,browsing
1569326757.7970002,1230,535,None,Move,browsing
1569326757.805,1227,536,None,Move,browsing
1569326757.813,1220,539,None,Move,browsing
1569326757.819,1212,541,None,Move,browsing
1569326757.827,1209,542,None,Move,browsing
1569326757.835,1201,545,None,Move,browsing
1569326757.843,1193,549,None,Move,browsing
1569326757.851,1179,553,None,Move,browsing
1569326757.859,1170,556,None,Move,browsing
1569326757.867,1160,560,None,Move,browsing
1569326757.875,1149,564,None,Move,browsing
1569326757.883,1131,570,None,Move,browsing
1569326757.891,1119,576,None,Move,browsing
1569326757.899,1108,579,None,Move,browsing
1569326757.906,1102,582,None,Move,browsing
1569326757.913,1093,586,None,Move,browsing
1569326757.921,1085,590,None,Move,browsing
1569326757.929,1076,594,None,Move,browsing
1569326757.937,1064,600,None,Move,browsing
1569326757.945,1055,604,None,Move,browsing
1569326757.9529998,1046,608,None,Move,browsing
1569326757.961,1037,611,None,Move,browsing
1569326757.969,1021,619,None,Move,browsing
1569326757.9770002,1013,622,None,Move,browsing
1569326757.9829998,1004,625,None,Move,browsing
1569326757.9910002,990,631,None,Move,browsing
1569326757.9989998,986,632,None,Move,browsing
1569326758.0070002,970,637,None,Move,browsing
1569326758.015,953,642,None,Move,browsing
1569326758.0229998,940,645,None,Move,browsing
1569326758.031,927,650,None,Move,browsing
1569326758.039,916,653,None,Move,browsing
1569326758.0470002,909,655,None,Move,browsing
1569326758.055,905,656,None,Move,browsing
1569326758.061,901,658,None,Move,browsing
1569326758.0679998,898,658,None,Move,browsing
1569326758.076,896,658,None,Move,browsing
1569326758.084,895,658,None,Move,browsing
1569326758.1,894,658,None,Move,browsing
1569326758.1239998,894,658,None,Move,browsing
1569326758.232,894,658,None,Move,browsing
1569326758.24,893,658,None,Move,browsing
1569326758.248,892,657,None,Move,browsing
1569326758.2570002,891,656,None,Move,browsing
1569326758.264,891,656,None,Move,browsing
1569326758.2729998,891,654,None,Move,browsing
1569326758.281,891,654,None,Move,browsing
1569326758.289,890,652,None,Move,browsing
1569326758.2970002,890,652,None,Move,browsing
1569326758.3079998,890,651,None,Move,browsing
1569326758.316,890,649,None,Move,browsing
1569326758.327,890,645,None,Move,browsing
1569326758.335,891,644,None,Move,browsing
1569326758.343,891,643,None,Move,browsing
1569326758.351,891,642,None,Move,browsing
1569326758.359,891,642,None,Move,browsing
1569326758.3679998,891,642,None,Move,browsing
1569326758.383,891,641,None,Move,browsing
1569326758.405,891,640,None,Move,browsing
1569326758.413,891,640,None,Move,browsing
1569326758.429,891,640,None,Move,browsing
1569326758.437,891,639,None,Move,browsing
1569326758.4529998,891,639,None,Move,browsing
1569326758.467,891,639,None,Move,browsing
1569326758.482,890,639,None,Move,browsing
1569326758.4910002,889,638,None,Move,browsing
1569326758.502,888,638,None,Move,browsing
1569326758.508,887,637,None,Move,browsing
1569326758.515,886,637,None,Move,browsing
1569326758.522,885,637,None,Move,browsing
1569326758.53,884,637,None,Move,browsing
1569326758.546,884,637,None,Move,browsing
1569326758.6160002,883,637,None,Move,browsing
1569326758.631,883,637,None,Move,browsing
1569326758.671,882,637,None,Move,browsing
1569326758.7029998,882,637,None,Move,browsing
1569326758.71,882,637,None,Move,browsing
1569326758.811,882,637,None,Move,browsing
1569326759.014,882,637,Left,Pressed,office
1569326759.014,882,637,None,Drag,office
1569326759.044,882,637,None,Drag,office
1569326759.052,883,636,None,Drag,office
1569326759.06,884,636,None,Drag,office
1569326759.0679998,885,636,None,Drag,office
1569326759.076,886,636,None,Drag,office
1569326759.084,888,636,None,Drag,office
1569326759.092,890,636,None,Drag,office
1569326759.1,894,635,None,Drag,office
1569326759.1079998,900,635,None,Drag,office
1569326759.119,907,634,None,Drag,office
1569326759.131,916,634,None,Drag,office
1569326759.139,923,634,None,Drag,office
1569326759.147,930,633,None,Drag,office
1569326759.155,937,633,None,Drag,office
1569326759.163,942,633,None,Drag,office
1569326759.171,947,633,None,Drag,office
1569326759.179,952,633,None,Drag,office
1569326759.187,960,632,None,Drag,office
1569326759.194,965,632,None,Drag,office
1569326759.201,975,632,None,Drag,office
1569326759.209,978,632,None,Drag,office
1569326759.217,984,632,None,Drag,office
1569326759.225,992,632,None,Drag,office
1569326759.2329998,998,632,None,Drag,office
1569326759.2410002,1004,632,None,Drag,office
1569326759.2489998,1009,632,None,Drag,office
1569326759.2570002,1013,632,None,Drag,office
1569326759.265,1019,632,None,Drag,office
1569326759.272,1022,632,None,Drag,office
1569326759.279,1027,632,None,Drag,office
1569326759.2870002,1031,632,None,Drag,office
1569326759.295,1039,632,None,Drag,office
1569326759.303,1044,632,None,Drag,office
1569326759.311,1050,632,None,Drag,office
1569326759.319,1057,631,None,Drag,office
1569326759.327,1060,631,None,Drag,office
1569326759.335,1065,631,None,Drag,office
1569326759.345,1070,631,None,Drag,office
1569326759.3520002,1073,631,None,Drag,office
1569326759.361,1076,631,None,Drag,office
1569326759.3679998,1079,630,None,Drag,office
1569326759.3779998,1081,630,None,Drag,office
1569326759.3839998,1084,630,None,Drag,office
1569326759.393,1085,630,None,Drag,office
1569326759.4,1085,630,None,Drag,office
1569326759.407,1086,630,None,Drag,office
1569326759.414,1087,630,None,Drag,office
1569326759.42,1087,630,None,Drag,office
1569326759.428,1088,630,None,Drag,office
1569326759.435,1089,630,None,Drag,office
1569326759.4420002,1089,630,None,Drag,office
1569326759.45,1090,630,None,Drag,office
1569326759.467,1091,630,None,Drag,office
1569326759.4829998,1091,630,None,Drag,office
1569326759.6929998,1091,630,None,Drag,office
1569326759.701,1090,630,None,Drag,office
1569326759.709,1089,630,None,Drag,office
1569326759.719,1088,630,None,Drag,office
1569326759.726,1086,630,None,Drag,office
1569326759.7329998,1083,630,None,Drag,office
1569326759.7410002,1081,631,None,Drag,office
1569326759.7489998,1079,631,None,Drag,office
1569326759.756,1076,631,None,Drag,office
1569326759.7629998,1074,632,None,Drag,office
1569326759.771,1071,632,None,Drag,office
1569326759.779,1068,632,None,Drag,office
1569326759.7870002,1065,632,None,Drag,office
1569326759.795,1063,632,None,Drag,office
1569326759.803,1061,632,None,Drag,office
1569326759.813,1058,632,None,Drag,office
1569326759.8179998,1055,632,None,Drag,office
1569326759.827,1053,632,None,Drag,office
1569326759.835,1051,633,None,Drag,office
1569326759.8479998,1051,633,None,Drag,office
1569326759.856,1050,633,None,Drag,office
1569326760.0370002,1050,634,None,Drag,office
1569326760.077,1050,634,None,Drag,office
1569326760.083,1050,634,None,Drag,office
1569326760.099,1050,634,None,Drag,office
1569326760.107,1051,634,None,Drag,office
1569326760.131,1051,634,None,Drag,office
1569326760.139,1052,635,None,Drag,office
1569326760.147,1052,635,None,Drag,office
1569326760.155,1053,635,None,Drag,office
1569326760.1620002,1054,635,None,Drag,office
1569326760.169,1054,636,None,Drag,office
1569326760.177,1055,636,None,Drag,office
1569326760.1929998,1055,636,None,Drag,office
1569326760.201,1055,637,None,Drag,office
1569326760.217,1056,637,None,Drag,office
1569326760.2389998,1056,637,None,Drag,office
1569326760.255,1057,637,None,Drag,office
1569326760.262,1057,637,None,Drag,office
1569326760.279,1057,637,None,Drag,office
1569326760.286,1058,637,None,Drag,office
1569326760.302,1059,637,None,Drag,office
1569326760.324,1059,638,None,Drag,office
1569326760.34,1060,638,None,Drag,office
1569326760.357,1060,638,None,Drag,office
1569326760.3720002,1061,638,None,Drag,office
1569326760.38,1061,638,None,Drag,office
1569326760.3879998,1061,638,None,Drag,office
1569326760.395,1062,638,None,Drag,office
1569326760.395,1062,638,Left,Released,office
1569326761.2229998,1063,639,None,Move,office
1569326761.231,1064,641,None,Move,office
1569326761.2389998,1066,643,None,Move,office
1569326761.2470002,1069,645,None,Move,office
1569326761.255,1071,651,None,Move,office
1569326761.2629998,1077,661,None,Move,office
1569326761.271,1081,667,None,Move,office
1569326761.279,1087,678,None,Move,office
1569326761.285,1097,693,None,Move,office
1569326761.293,1104,705,None,Move,office
1569326761.301,1122,726,None,Move,office
1569326761.309,1134,743,None,Move,office
1569326761.3170002,1155,768,None,Move,office
1569326761.325,1164,780,None,Move,office
1569326761.333,1172,790,None,Move,office
1569326761.341,1186,806,None,Move,office
1569326761.349,1194,815,None,Move,office
1569326761.357,1200,821,None,Move,office
1569326761.365,1207,828,None,Move,office
1569326761.3720002,1210,832,None,Move,office
1569326761.379,1212,834,None,Move,office
1569326761.387,1213,836,None,Move,office
1569326761.395,1214,836,None,Move,office
1569326762.448,1214,836,None,Move,office
1569326762.456,1214,836,None,Move,office
1569326762.464,1214,836,None,Move,office
1569326762.472,1213,836,None,Move,office
1569326762.48,1213,835,None,Move,office
1569326762.488,1213,835,None,Move,office
1569326762.4970002,1212,834,None,Move,office
1569326762.5110002,1212,834,None,Move,office
1569326762.5270002,1211,833,None,Move,office
1569326762.535,1211,833,None,Move,office
1569326762.551,1211,832,None,Move,office
1569326762.559,1211,832,None,Move,office
1569326762.5670002,1210,832,None,Move,office
1569326762.575,1209,830,None,Move,office
1569326762.583,1209,829,None,Move,office
1569326762.591,1208,828,None,Move,office
1569326762.597,1207,827,None,Move,office
1569326762.605,1206,825,None,Move,office
1569326762.621,1204,822,None,Move,office
1569326762.629,1204,821,None,Move,office
1569326762.637,1203,820,None,Move,office
1569326762.645,1203,819,None,Move,office
1569326762.653,1203,818,None,Move,office
1569326762.661,1201,816,None,Move,office
1569326762.669,1200,814,None,Move,office
1569326762.676,1200,812,None,Move,office
1569326762.6829998,1198,810,None,Move,office
1569326762.691,1197,808,None,Move,office
1569326762.699,1196,804,None,Move,office
1569326762.707,1193,801,None,Move,office
1569326762.715,1191,798,None,Move,office
1569326762.722,1189,792,None,Move,office
1569326762.731,1186,788,None,Move,office
1569326762.738,1181,780,None,Move,office
1569326762.7470002,1179,777,None,Move,office
1569326762.754,1172,766,None,Move,office
1569326762.768,1152,743,None,Move,office
1569326762.776,1139,728,None,Move,office
1569326762.784,1131,720,None,Move,office
1569326762.792,1125,713,None,Move,office
1569326762.8,1109,700,None,Move,office
1569326762.8079998,1103,695,None,Move,office
1569326762.816,1097,690,None,Move,office
1569326762.824,1094,687,None,Move,office
1569326762.832,1089,684,None,Move,office
1569326762.839,1085,681,None,Move,office
1569326762.846,1081,678,None,Move,office
1569326762.854,1076,674,None,Move,office
1569326762.8620002,1072,671,None,Move,office
1569326762.87,1070,669,None,Move,office
1569326762.879,1067,667,None,Move,office
1569326762.887,1061,663,None,Move,office
1569326762.895,1059,662,None,Move,office
1569326762.903,1056,660,None,Move,office
1569326762.91,1051,657,None,Move,office
1569326762.917,1047,655,None,Move,office
1569326762.925,1042,653,None,Move,office
1569326762.9329998,1039,652,None,Move,office
1569326762.941,1036,650,None,Move,office
1569326762.949,1033,649,None,Move,office
1569326762.957,1030,648,None,Move,office
1569326762.965,1027,646,None,Move,office
1569326762.9729998,1026,645,None,Move,office
1569326762.981,1022,643,None,Move,office
1569326762.9889998,1020,641,None,Move,office
1569326762.996,1017,639,None,Move,office
1569326763.0029998,1015,637,None,Move,office
1569326763.0110002,1013,636,None,Move,office
1569326763.019,1013,635,None,Move,office
1569326763.0270002,1012,635,None,Move,office
1569326763.035,1011,635,None,Move,office
1569326763.043,1011,634,None,Move,office
1569326763.059,1010,634,None,Move,office
1569326763.0670002,1010,634,None,Move,office
1569326763.073,1010,634,None,Move,office
1569326763.081,1009,634,None,Move,office
1569326763.089,1008,633,None,Move,office
1569326763.097,1007,632,None,Move,office
1569326763.105,1006,632,None,Move,office
1569326763.113,1004,632,None,Move,office
1569326763.121,1002,632,None,Move,office
1569326763.129,1000,631,None,Move,office
1569326763.137,997,631,None,Move,office
1569326763.145,996,631,None,Move,office
1569326763.154,994,631,None,Move,office
1569326763.163,993,631,None,Move,office
1569326763.17,992,631,None,Move,office
1569326763.179,992,631,None,Move,office
1569326763.186,990,631,None,Move,office
1569326763.1929998,989,631,None,Move,office
1569326763.2,987,631,None,Move,office
1569326763.207,985,631,None,Move,office
1569326763.215,983,631,None,Move,office
1569326763.222,981,632,None,Move,office
1569326763.23,981,633,None,Move,office
1569326763.2370002,980,633,None,Move,office
1569326763.339,980,633,None,Move,office
1569326763.371,980,634,None,Move,office
1569326763.379,980,634,None,Move,office
1569326763.395,980,634,None,Move,office
1569326763.401,979,634,None,Move,office
1569326763.409,979,635,None,Move,office
1569326763.425,978,635,None,Move,office
1569326763.4870002,977,636,None,Move,office
1569326763.495,977,637,None,Move,office
1569326763.5029998,976,637,None,Move,office
1569326763.5110002,975,638,None,Move,office
1569326763.519,975,639,None,Move,office
1569326763.5270002,974,639,None,Move,office
1569326763.535,974,639,None,Move,office
1569326763.6920002,974,639,Left,Pressed,office
1569326763.792,974,639,Left,Released,office
1569326763.879,973,639,None,Move,office
1569326763.885,971,640,None,Move,office
1569326763.893,965,644,None,Move,office
1569326763.901,951,650,None,Move,office
1569326763.909,946,653,None,Move,office
1569326763.917,944,653,None,Move,office
1569326763.925,943,653,None,Move,office
1569326766.6339998,943,653,None,Move,office
1569326766.6420002,935,647,None,Move,office
1569326766.65,922,639,None,Move,office
1569326766.658,913,630,None,Move,office
1569326766.666,903,622,None,Move,office
1569326766.673,900,620,None,Move,office
1569326766.68,898,617,None,Move,office
1569326766.696,898,617,None,Move,office
1569326766.705,898,617,None,Move,office
1569326766.721,898,617,None,Move,office
1569326766.845,898,617,None,Move,office
1569326766.853,898,620,None,Move,office
1569326766.863,897,623,None,Move,office
1569326766.87,896,628,None,Move,office
1569326766.877,895,632,None,Move,office
1569326766.885,893,639,None,Move,office
1569326766.893,891,642,None,Move,office
1569326766.901,889,647,None,Move,office
1569326766.908,886,652,None,Move,office
1569326766.918,885,655,None,Move,office
1569326766.925,881,658,None,Move,office
1569326766.9320002,878,662,None,Move,office
1569326766.939,875,666,None,Move,office
1569326766.947,873,668,None,Move,office
1569326766.955,866,674,None,Move,office
1569326766.9629998,861,679,None,Move,office
1569326766.971,858,683,None,Move,office
1569326766.978,854,685,None,Move,office
1569326766.986,851,689,None,Move,office
1569326766.992,849,690,None,Move,office
1569326767.0010002,846,693,None,Move,office
1569326767.008,844,695,None,Move,office
1569326767.02,841,697,None,Move,office
1569326767.0270002,839,698,None,Move,office
1569326767.034,837,700,None,Move,office
1569326767.04,835,701,None,Move,office
1569326767.048,832,703,None,Move,office
1569326767.056,829,705,None,Move,office
1569326767.063,828,706,None,Move,office
1569326767.07,825,707,None,Move,office
1569326767.0779998,822,708,None,Move,office
1569326767.086,818,708,None,Move,office
1569326767.094,814,708,None,Move,office
1569326767.1020002,808,708,None,Move,office
1569326767.11,797,707,None,Move,office
1569326767.1179998,790,705,None,Move,office
1569326767.1260002,776,700,None,Move,office
1569326767.1339998,766,696,None,Move,office
1569326767.1420002,758,694,None,Move,office
1569326767.15,748,689,None,Move,office
1569326767.156,733,686,None,Move,office
1569326767.165,723,683,None,Move,office
1569326767.173,715,681,None,Move,office
1569326767.181,701,677,None,Move,office
1569326767.189,692,675,None,Move,office
1569326767.197,682,673,None,Move,office
1569326767.205,673,671,None,Move,office
1569326767.2129998,659,670,None,Move,office
1569326767.221,651,669,None,Move,office
1569326767.2270002,642,668,None,Move,office
1569326767.235,634,668,None,Move,office
1569326767.2429998,622,668,None,Move,office
1569326767.2510002,616,668,None,Move,office
1569326767.2589998,604,668,None,Move,office
1569326767.2670002,595,668,None,Move,office
1569326767.275,590,668,None,Move,office
1569326767.283,582,668,None,Move,office
1569326767.291,576,668,None,Move,office
1569326767.299,571,668,None,Move,office
1569326767.3070002,565,668,None,Move,office
1569326767.314,560,668,None,Move,office
1569326767.321,557,668,None,Move,office
1569326767.329,555,668,None,Move,office
1569326767.337,553,668,None,Move,office
1569326767.346,552,668,None,Move,office
1569326767.353,551,668,None,Move,office
1569326767.361,551,668,None,Move,office
1569326767.377,550,668,None,Move,office
1569326767.399,550,668,None,Move,office
1569326767.415,549,668,None,Move,office
1569326767.431,549,668,None,Move,office
1569326767.447,548,668,None,Move,office
1569326767.462,548,668,None,Move,office
1569326767.469,547,668,None,Move,office
1569326767.484,546,668,None,Move,office
1569326767.492,546,668,None,Move,office
1569326767.516,545,668,None,Move,office
1569326767.532,545,668,None,Move,office
1569326767.54,544,668,None,Move,office
1569326767.554,544,668,None,Move,office
1569326767.673,544,668,None,Move,office
1569326767.7670002,544,667,None,Move,office
1569326767.775,544,667,None,Move,office
1569326767.791,544,667,None,Move,office
1569326767.798,544,667,None,Move,office
1569326767.8070002,546,667,None,Move,office
1569326767.814,547,666,None,Move,office
1569326767.821,550,665,None,Move,office
1569326767.829,552,664,None,Move,office
1569326767.837,554,664,None,Move,office
1569326767.845,557,664,None,Move,office
1569326767.853,559,663,None,Move,office
1569326767.861,560,663,None,Move,office
1569326767.869,561,662,None,Move,office
1569326767.875,562,662,None,Move,office
1569326767.883,563,662,None,Move,office
1569326767.952,563,662,None,Move,office
1569326768.07,563,661,None,Move,office
1569326768.087,563,661,None,Move,office
1569326768.094,566,660,None,Move,office
1569326768.103,570,658,None,Move,office
1569326768.111,576,655,None,Move,office
1569326768.119,583,653,None,Move,office
1569326768.125,587,651,None,Move,office
1569326768.133,592,649,None,Move,office
1569326768.141,598,648,None,Move,office
1569326768.149,600,648,None,Move,office
1569326768.157,604,648,None,Move,office
1569326768.165,608,648,None,Move,office
1569326768.173,612,648,None,Move,office
1569326768.181,617,648,None,Move,office
1569326768.189,622,648,None,Move,office
1569326768.197,630,648,None,Move,office
1569326768.204,638,648,None,Move,office
1569326768.211,647,648,None,Move,office
1569326768.219,655,648,None,Move,office
1569326768.2270002,666,648,None,Move,office
1569326768.235,682,648,None,Move,office
1569326768.2429998,695,648,None,Move,office
1569326768.2510002,707,648,None,Move,office
1569326768.2589998,724,648,None,Move,office
1569326768.2670002,736,648,None,Move,office
1569326768.275,749,649,None,Move,office
1569326768.281,765,649,None,Move,office
1569326768.289,779,649,None,Move,office
1569326768.2970002,789,649,None,Move,office
1569326768.305,795,649,None,Move,office
1569326768.313,807,649,None,Move,office
1569326768.321,817,649,None,Move,office
1569326768.329,824,649,None,Move,office
1569326768.337,832,649,None,Move,office
1569326768.345,841,649,None,Move,office
1569326768.353,848,648,None,Move,office
1569326768.36,854,648,None,Move,office
1569326768.367,859,647,None,Move,office
1569326768.375,864,646,None,Move,office
1569326768.383,868,645,None,Move,office
1569326768.391,871,645,None,Move,office
1569326768.399,878,645,None,Move,office
1569326768.407,885,645,None,Move,office
1569326768.415,888,645,None,Move,office
1569326768.4220002,893,645,None,Move,office
1569326768.431,897,645,None,Move,office
1569326768.439,902,645,None,Move,office
1569326768.445,908,645,None,Move,office
1569326768.452,912,645,None,Move,office
1569326768.46,917,645,None,Move,office
1569326768.468,924,645,None,Move,office
1569326768.476,930,645,None,Move,office
1569326768.484,933,645,None,Move,office
1569326768.492,940,645,None,Move,office
1569326768.5,945,645,None,Move,office
1569326768.508,949,646,None,Move,office
1569326768.516,954,646,None,Move,office
1569326768.524,958,646,None,Move,office
1569326768.531,963,646,None,Move,office
1569326768.538,972,646,None,Move,office
1569326768.546,977,646,None,Move,office
1569326768.554,979,646,None,Move,office
1569326768.562,982,646,None,Move,office
1569326768.57,985,646,None,Move,office
1569326768.579,987,646,None,Move,office
1569326768.587,989,646,None,Move,office
1569326768.595,992,645,None,Move,office
1569326768.6020002,996,645,None,Move,office
1569326768.61,999,644,None,Move,office
1569326768.617,1002,643,None,Move,office
1569326768.625,1005,642,None,Move,office
1569326768.633,1008,642,None,Move,office
1569326768.641,1010,641,None,Move,office
1569326768.649,1014,640,None,Move,office
1569326768.657,1016,639,None,Move,office
1569326768.665,1019,639,None,Move,office
1569326768.673,1021,638,None,Move,office
1569326768.681,1022,638,None,Move,office
1569326768.687,1023,638,None,Move,office
1569326768.695,1024,637,None,Move,office
1569326768.7029998,1025,637,None,Move,office
1569326768.719,1025,637,None,Move,office
1569326768.7270002,1026,637,None,Move,office
1569326768.735,1028,636,None,Move,office
1569326768.7429998,1028,636,None,Move,office
1569326768.7510002,1030,635,None,Move,office
1569326768.7589998,1032,635,None,Move,office
1569326768.7670002,1033,635,None,Move,office
1569326768.774,1034,634,None,Move,office
1569326768.781,1035,634,None,Move,office
1569326768.789,1036,633,None,Move,office
1569326768.7970002,1037,633,None,Move,office
1569326768.805,1037,633,None,Move,office
1569326768.813,1038,633,None,Move,office
1569326768.821,1039,632,None,Move,office
1569326768.829,1039,632,None,Move,office
1569326768.837,1040,632,None,Move,office
1569326768.851,1042,631,None,Move,office
1569326768.859,1043,630,None,Move,office
1569326768.867,1044,630,None,Move,office
1569326768.875,1045,630,None,Move,office
1569326768.883,1045,629,None,Move,office
1569326768.891,1046,629,None,Move,office
1569326768.899,1047,629,None,Move,office
1569326768.936,1047,628,None,Move,office
1569326768.944,1048,628,None,Move,office
1569326768.952,1048,628,None,Move,office
1569326768.96,1049,628,None,Move,office
1569326768.968,1050,627,None,Move,office
1569326768.976,1051,627,None,Move,office
1569326768.984,1052,627,None,Move,office
1569326768.9929998,1053,626,None,Move,office
1569326769.0,1054,625,None,Move,office
1569326769.0070002,1054,625,None,Move,office
1569326769.015,1055,625,None,Move,office
1569326769.031,1056,625,None,Move,office
1569326769.046,1056,624,None,Move,office
1569326769.055,1056,624,None,Move,office
1569326769.079,1057,624,None,Move,office
1569326769.101,1057,624,None,Move,office
1569326769.109,1057,624,None,Move,office
1569326769.157,1057,623,None,Move,office
1569326769.165,1058,623,None,Move,office
1569326769.383,1058,623,None,Move,office
1569326769.391,1058,623,None,Move,office
1569326769.399,1056,623,None,Move,office
1569326769.407,1055,623,None,Move,office
1569326769.413,1054,623,None,Move,office
1569326769.421,1052,623,None,Move,office
1569326769.429,1050,624,None,Move,office
1569326769.437,1046,625,None,Move,office
1569326769.445,1045,625,None,Move,office
1569326769.4529998,1044,626,None,Move,office
1569326769.461,1043,626,None,Move,office
1569326769.469,1042,626,None,Move,office
1569326769.485,1041,626,None,Move,office
1569326769.4929998,1040,626,None,Move,office
1569326769.5,1040,626,None,Move,office
1569326769.5070002,1039,627,None,Move,office
1569326769.515,1038,627,None,Move,office
1569326769.522,1037,627,None,Move,office
1569326769.531,1037,627,None,Move,office
1569326769.539,1036,627,None,Move,office
1569326769.546,1036,627,None,Move,office
1569326769.555,1035,627,None,Move,office
1569326769.563,1035,628,None,Move,office
1569326769.571,1034,628,None,Move,office
1569326769.6160002,1034,628,None,Move,office
1569326769.7410002,1033,628,None,Move,office
1569326769.7570002,1033,628,None,Move,office
1569326769.765,1032,629,None,Move,office
1569326769.78,1032,629,None,Move,office
1569326769.789,1031,630,None,Move,office
1569326769.805,1031,630,None,Move,office
1569326769.821,1030,630,None,Move,office
1569326769.835,1029,631,None,Move,office
1569326770.0070002,1029,631,None,Move,office
1569326770.0229998,1028,631,None,Move,office
1569326770.031,1028,632,None,Move,office
1569326770.0470002,1028,632,None,Move,office
1569326770.063,1028,632,None,Move,office
1569326770.07,1028,633,None,Move,office
1569326770.133,1028,634,None,Move,office
1569326770.141,1028,635,None,Move,office
1569326770.147,1028,635,None,Move,office
1569326770.155,1028,637,None,Move,office
1569326770.1620002,1027,637,None,Move,office
1569326770.171,1027,638,None,Move,office
1569326770.179,1027,640,None,Move,office
1569326770.186,1026,641,None,Move,office
1569326770.194,1026,642,None,Move,office
1569326770.202,1026,643,None,Move,office
1569326770.21,1026,643,None,Move,office
1569326770.218,1026,645,None,Move,office
1569326770.226,1025,645,None,Move,office
1569326770.234,1025,646,None,Move,office
1569326770.2410002,1025,646,None,Move,office
1569326770.248,1025,647,None,Move,office
1569326770.256,1025,647,None,Move,office
1569326770.264,1025,648,None,Move,office
1569326770.272,1024,649,None,Move,office
1569326770.28,1024,650,None,Move,office
1569326770.289,1024,650,None,Move,office
1569326770.2970002,1024,651,None,Move,office
1569326770.305,1024,652,None,Move,office
1569326770.311,1024,652,None,Move,office
1569326770.319,1024,653,None,Move,office
1569326770.327,1024,653,None,Move,office
1569326770.343,1024,654,None,Move,office
1569326770.359,1024,654,None,Move,office
1569326770.367,1023,654,None,Move,office
1569326770.375,1023,655,None,Move,office
1569326770.383,1023,656,None,Move,office
1569326770.39,1023,656,None,Move,office
1569326770.397,1023,657,None,Move,office
1569326770.411,1023,657,None,Move,office
1569326770.418,1023,658,None,Move,office
1569326770.425,1023,658,None,Move,office
1569326770.4320002,1023,660,None,Move,office
1569326770.439,1023,660,None,Move,office
1569326770.445,1022,661,None,Move,office
1569326770.4529998,1022,663,None,Move,office
1569326770.461,1022,663,None,Move,office
1569326770.469,1021,665,None,Move,office
1569326770.476,1021,665,None,Move,office
1569326770.4829998,1021,666,None,Move,office
1569326770.4910002,1021,667,None,Move,office
1569326770.4989998,1020,668,None,Move,office
1569326770.5070002,1020,670,None,Move,office
1569326770.515,1020,670,None,Move,office
1569326770.5229998,1020,671,None,Move,office
1569326770.531,1020,671,None,Move,office
1569326770.539,1020,672,None,Move,office
1569326770.553,1020,672,None,Move,office
1569326770.561,1020,673,None,Move,office
1569326770.577,1020,674,None,Move,office
1569326770.593,1020,674,None,Move,office
1569326770.716,1019,674,None,Move,office
1569326770.724,1019,674,None,Move,office
1569326770.732,1017,675,None,Move,office
1569326770.74,1016,675,None,Move,office
1569326770.748,1016,675,None,Move,office
1569326770.756,1014,675,None,Move,office
1569326770.764,1011,675,None,Move,office
1569326770.7729998,1009,675,None,Move,office
1569326770.78,1007,675,None,Move,office
1569326770.788,1003,675,None,Move,office
1569326770.795,999,675,None,Move,office
1569326770.803,996,675,None,Move,office
1569326770.811,991,675,None,Move,office
1569326770.819,987,675,None,Move,office
1569326770.827,980,675,None,Move,office
1569326770.835,971,675,None,Move,office
1569326770.843,963,675,None,Move,office
1569326770.851,955,675,None,Move,office
1569326770.859,944,675,None,Move,office
1569326770.867,939,675,None,Move,office
1569326770.8739998,927,675,None,Move,office
1569326770.889,904,675,None,Move,office
1569326770.897,890,674,None,Move,office
1569326770.905,878,674,None,Move,office
1569326770.913,865,674,None,Move,office
1569326770.921,848,674,None,Move,office
1569326770.929,838,674,None,Move,office
1569326770.937,827,674,None,Move,office
1569326770.945,815,674,None,Move,office
1569326770.9529998,801,674,None,Move,office
1569326770.96,777,674,None,Move,office
1569326770.967,763,674,None,Move,office
1569326770.975,747,674,None,Move,office
1569326770.9829998,735,674,None,Move,office
1569326770.9910002,727,673,None,Move,office
1569326770.9989998,707,673,None,Move,office
1569326771.0070002,699,672,None,Move,office
1569326771.015,685,671,None,Move,office
1569326771.022,673,671,None,Move,office
1569326771.031,647,669,None,Move,office
1569326771.039,632,668,None,Move,office
1569326771.046,619,667,None,Move,office
1569326771.053,605,666,None,Move,office
1569326771.061,580,663,None,Move,office
1569326771.0679998,564,661,None,Move,office
1569326771.076,549,659,None,Move,office
1569326771.084,536,656,None,Move,office
1569326771.092,524,655,None,Move,office
1569326771.1,507,654,None,Move,office
1569326771.1079998,495,653,None,Move,office
1569326771.1160002,482,651,None,Move,office
1569326771.123,468,650,None,Move,office
1569326771.13,460,650,None,Move,office
1569326771.1379998,448,648,None,Move,office
1569326771.146,436,648,None,Move,office
1569326771.154,422,648,None,Move,office
1569326771.1620002,410,646,None,Move,office
1569326771.17,399,646,None,Move,office
1569326771.179,385,646,None,Move,office
1569326771.187,377,646,None,Move,office
1569326771.195,367,646,None,Move,office
1569326771.201,358,646,None,Move,office
1569326771.209,350,646,None,Move,office
1569326771.217,342,646,None,Move,office
1569326771.225,331,646,None,Move,office
1569326771.2329998,318,647,None,Move,office
1569326771.2410002,306,647,None,Move,office
1569326771.2489998,300,647,None,Move,office
1569326771.2570002,286,647,None,Move,office
1569326771.265,278,647,None,Move,office
1569326771.275,267,647,None,Move,office
1569326771.281,260,647,None,Move,office
1569326771.288,252,647,None,Move,office
1569326771.295,243,647,None,Move,office
1569326771.303,235,647,None,Move,office
1569326771.311,226,647,None,Move,office
1569326771.319,218,647,None,Move,office
1569326771.327,208,647,None,Move,office
1569326771.335,199,646,None,Move,office
1569326771.344,187,645,None,Move,office
1569326771.351,184,644,None,Move,office
1569326771.359,176,643,None,Move,office
1569326771.365,170,643,None,Move,office
1569326771.373,164,642,None,Move,office
1569326771.381,160,640,None,Move,office
1569326771.389,157,639,None,Move,office
1569326771.397,152,637,None,Move,office
1569326771.405,148,636,None,Move,office
1569326771.413,146,635,None,Move,office
1569326771.421,144,634,None,Move,office
1569326771.429,144,634,None,Move,office
1569326771.437,144,633,None,Move,office
1569326771.444,143,633,None,Move,office
1569326771.451,143,632,None,Move,office
1569326771.458,143,632,None,Move,office
1569326771.468,142,631,None,Move,office
1569326771.476,141,631,None,Move,office
1569326771.4829998,139,630,None,Move,office
1569326771.49,137,629,None,Move,office
1569326771.498,135,629,None,Move,office
1569326771.506,133,629,None,Move,office
1569326771.514,130,628,None,Move,office
1569326771.522,125,627,None,Move,office
1569326771.529,123,626,None,Move,office
1569326771.536,122,625,None,Move,office
1569326771.544,120,625,None,Move,office
1569326771.552,117,624,None,Move,office
1569326771.56,116,623,None,Move,office
1569326771.5679998,115,623,None,Move,office
1569326771.576,114,623,None,Move,office
1569326771.585,113,623,None,Move,office
1569326771.593,112,623,None,Move,office
1569326771.6,112,623,None,Move,office
1569326771.607,111,623,None,Move,office
1569326771.615,111,623,None,Move,office
1569326771.623,110,623,None,Move,office
1569326771.631,110,624,None,Move,office
1569326771.639,109,624,None,Move,office
1569326771.647,108,625,None,Move,office
1569326771.655,107,625,None,Move,office
1569326771.663,106,625,None,Move,office
1569326771.671,105,626,None,Move,office
1569326771.679,103,627,None,Move,office
1569326771.686,100,628,None,Move,office
1569326771.6929998,98,628,None,Move,office
1569326771.701,95,629,None,Move,office
1569326771.709,92,629,None,Move,office
1569326771.717,90,629,None,Move,office
1569326771.725,88,629,None,Move,office
1569326771.7329998,87,629,None,Move,office
1569326771.7489998,87,629,None,Move,office
1569326771.771,87,628,None,Move,office
1569326771.795,87,628,None,Move,office
1569326771.803,87,627,None,Move,office
1569326771.827,87,626,None,Move,office
1569326771.843,87,626,None,Move,office
1569326771.857,87,625,None,Move,office
1569326771.8720002,87,625,None,Move,office
1569326771.8879998,87,624,None,Move,office
1569326771.904,87,624,None,Move,office
1569326771.934,87,623,None,Move,office
1569326771.958,87,623,None,Move,office
1569326771.982,87,622,None,Move,office
1569326771.99,87,622,None,Move,office
1569326772.053,87,622,None,Move,office
1569326772.061,87,621,None,Move,office
1569326772.099,86,621,None,Move,office
1569326772.115,85,621,None,Move,office
1569326772.155,85,621,None,Move,office
1569326772.201,84,621,None,Move,office
1569326772.225,84,621,None,Move,office
1569326772.2410002,83,621,None,Move,office
1569326772.295,83,621,None,Move,office
1569326772.327,82,621,None,Move,office
1569326772.381,82,621,None,Move,office
1569326772.4120002,82,620,None,Move,office
1569326772.435,82,620,None,Move,office
1569326772.45,82,619,None,Move,office
1569326772.474,82,619,None,Move,office
1569326772.49,82,619,None,Move,office
1569326772.504,82,618,None,Move,office
1569326772.52,82,618,None,Move,office
1569326772.552,83,618,None,Move,office
1569326772.56,85,618,None,Move,office
1569326772.574,87,618,Left,Pressed,office
1569326772.574,87,618,None,Drag,office
1569326772.581,90,618,None,Drag,office
1569326772.5879998,92,618,None,Drag,office
1569326772.595,94,618,None,Drag,office
1569326772.6020002,95,618,None,Drag,office
1569326772.609,97,618,None,Drag,office
1569326772.615,99,618,None,Drag,office
1569326772.6220002,100,618,None,Drag,office
1569326772.63,101,618,None,Drag,office
1569326772.6379998,103,618,None,Drag,office
1569326772.646,104,618,None,Drag,office
1569326772.654,105,618,None,Drag,office
1569326772.661,106,618,None,Drag,office
1569326772.669,109,618,None,Drag,office
1569326772.677,110,618,None,Drag,office
1569326772.685,110,618,None,Drag,office
1569326772.6929998,112,618,None,Drag,office
1569326772.701,113,618,None,Drag,office
1569326772.709,114,618,None,Drag,office
1569326772.717,115,618,None,Drag,office
1569326772.725,116,618,None,Drag,office
1569326772.7329998,117,618,None,Drag,office
1569326772.7389998,119,618,None,Drag,office
1569326772.7470002,121,618,None,Drag,office
1569326772.755,123,618,None,Drag,office
1569326772.7629998,124,618,None,Drag,office
1569326772.771,126,618,None,Drag,office
1569326772.779,128,618,None,Drag,office
1569326772.7870002,130,618,None,Drag,office
1569326772.795,133,618,None,Drag,office
1569326772.803,135,618,None,Drag,office
1569326772.811,138,618,None,Drag,office
1569326772.819,141,618,None,Drag,office
1569326772.826,143,618,None,Drag,office
1569326772.833,145,618,None,Drag,office
1569326772.841,147,618,None,Drag,office
1569326772.849,149,618,None,Drag,office
1569326772.857,151,618,None,Drag,office
1569326772.865,154,618,None,Drag,office
1569326772.873,158,618,None,Drag,office
1569326772.881,164,618,None,Drag,office
1569326772.889,168,618,None,Drag,office
1569326772.897,175,618,None,Drag,office
1569326772.904,185,618,None,Drag,office
1569326772.911,193,618,None,Drag,office
1569326772.919,202,619,None,Drag,office
1569326772.927,211,619,None,Drag,office
1569326772.934,219,619,None,Drag,office
1569326772.9420002,233,619,None,Drag,office
1569326772.95,243,619,None,Drag,office
1569326772.958,251,619,None,Drag,office
1569326772.966,263,619,None,Drag,office
1569326772.974,285,619,None,Drag,office
1569326772.981,293,619,None,Drag,office
1569326772.9889998,307,620,None,Drag,office
1569326772.996,330,620,None,Drag,office
1569326773.004,343,620,None,Drag,office
1569326773.0129998,363,620,None,Drag,office
1569326773.02,376,620,None,Drag,office
1569326773.028,396,620,None,Drag,office
1569326773.036,411,620,None,Drag,office
1569326773.044,435,620,None,Drag,office
1569326773.052,446,620,None,Drag,office
1569326773.059,470,620,None,Drag,office
1569326773.0670002,492,620,None,Drag,office
1569326773.075,505,620,None,Drag,office
1569326773.083,525,620,None,Drag,office
1569326773.091,538,620,None,Drag,office
1569326773.101,564,620,None,Drag,office
1569326773.107,574,620,None,Drag,office
1569326773.115,600,620,None,Drag,office
1569326773.123,609,621,None,Drag,office
1569326773.131,622,621,None,Drag,office
1569326773.139,641,621,None,Drag,office
1569326773.146,647,621,None,Drag,office
1569326773.154,659,622,None,Drag,office
1569326773.161,667,622,None,Drag,office
1569326773.169,673,622,None,Drag,office
1569326773.177,680,622,None,Drag,office
1569326773.185,690,623,None,Drag,office
1569326773.1929998,696,623,None,Drag,office
1569326773.201,698,623,None,Drag,office
1569326773.209,703,623,None,Drag,office
1569326773.217,711,623,None,Drag,office
1569326773.225,715,623,None,Drag,office
1569326773.232,719,623,None,Drag,office
1569326773.2389998,725,623,None,Drag,office
1569326773.2470002,728,623,None,Drag,office
1569326773.255,733,623,None,Drag,office
1569326773.2629998,738,623,None,Drag,office
1569326773.271,744,623,None,Drag,office
1569326773.279,749,623,None,Drag,office
1569326773.2870002,751,623,None,Drag,office
1569326773.295,757,623,None,Drag,office
1569326773.303,767,624,None,Drag,office
1569326773.309,769,624,None,Drag,office
1569326773.316,776,624,None,Drag,office
1569326773.325,781,624,None,Drag,office
1569326773.332,786,624,None,Drag,office
1569326773.343,791,624,None,Drag,office
1569326773.353,798,624,None,Drag,office
1569326773.361,803,624,None,Drag,office
1569326773.3639998,807,624,None,Drag,office
1569326773.3720002,813,624,None,Drag,office
1569326773.38,817,624,None,Drag,office
1569326773.387,825,624,None,Drag,office
1569326773.394,833,624,None,Drag,office
1569326773.4020002,840,624,None,Drag,office
1569326773.41,845,624,None,Drag,office
1569326773.418,852,624,None,Drag,office
1569326773.427,857,624,None,Drag,office
1569326773.434,863,624,None,Drag,office
1569326773.4429998,868,624,None,Drag,office
1569326773.451,872,624,None,Drag,office
1569326773.459,878,625,None,Drag,office
1569326773.467,885,625,None,Drag,office
1569326773.474,890,625,None,Drag,office
1569326773.482,894,625,None,Drag,office
1569326773.4889998,901,625,None,Drag,office
1569326773.4970002,905,626,None,Drag,office
1569326773.505,913,626,None,Drag,office
1569326773.5129998,920,626,None,Drag,office
1569326773.521,924,626,None,Drag,office
1569326773.529,929,626,None,Drag,office
1569326773.5370002,939,626,None,Drag,office
1569326773.545,947,626,None,Drag,office
1569326773.551,952,626,None,Drag,office
1569326773.559,958,626,None,Drag,office
1569326773.5670002,966,626,None,Drag,office
1569326773.575,971,626,None,Drag,office
1569326773.583,978,626,None,Drag,office
1569326773.591,987,626,None,Drag,office
1569326773.599,993,626,None,Drag,office
1569326773.607,999,626,None,Drag,office
1569326773.615,1005,626,None,Drag,office
1569326773.623,1014,626,None,Drag,office
1569326773.63,1022,626,None,Drag,office
1569326773.637,1029,626,None,Drag,office
1569326773.645,1033,626,None,Drag,office
1569326773.6520002,1040,626,None,Drag,office
1569326773.661,1048,626,None,Drag,office
1569326773.669,1053,626,None,Drag,office
1569326773.677,1057,626,None,Drag,office
1569326773.684,1064,626,None,Drag,office
1569326773.6920002,1069,626,None,Drag,office
1569326773.7,1073,626,None,Drag,office
1569326773.71,1076,626,None,Drag,office
1569326773.717,1080,626,None,Drag,office
1569326773.725,1085,626,None,Drag,office
1569326773.7329998,1088,626,None,Drag,office
1569326773.74,1091,626,None,Drag,office
1569326773.748,1093,626,None,Drag,office
1569326773.755,1094,626,None,Drag,office
1569326773.762,1095,626,None,Drag,office
1569326773.77,1097,626,None,Drag,office
1569326773.778,1097,626,None,Drag,office
1569326773.786,1098,626,None,Drag,office
1569326773.795,1099,626,None,Drag,office
1569326773.802,1099,626,None,Drag,office
1569326773.809,1101,626,None,Drag,office
1569326773.833,1101,626,None,Drag,office
1569326773.841,1101,626,None,Drag,office
1569326773.841,1101,626,Left,Released,office
1569326774.234,1101,625,None,Move,office
1569326775.059,1101,625,None,Move,office
1569326775.0670002,1101,625,None,Move,office
1569326775.083,1101,625,None,Move,office
1569326775.091,1101,625,None,Move,office
1569326775.099,1101,626,None,Move,office
1569326775.105,1100,626,None,Move,office
1569326775.1120002,1100,627,None,Move,office
1569326775.12,1099,627,None,Move,office
1569326775.449,1099,627,None,Move,file system
1569326775.575,1098,627,None,Move,file system
1569326775.59,1098,627,None,Move,file system
1569326775.611,1096,627,None,Move,browsing
1569326775.6279998,1092,628,None,Move,browsing
1569326775.639,1090,629,None,Move,browsing
1569326775.647,1088,629,None,Move,browsing
1569326775.654,1086,629,None,Move,browsing
1569326775.663,1083,630,None,Move,browsing
1569326775.669,1080,630,None,Move,browsing
1569326775.677,1079,630,None,Move,browsing
1569326775.684,1076,631,None,Move,browsing
1569326775.6929998,1073,632,None,Move,browsing
1569326775.7,1067,633,None,Move,browsing
1569326775.708,1062,634,None,Move,browsing
1569326775.715,1057,636,None,Move,browsing
1569326775.722,1050,637,None,Move,browsing
1569326775.73,1043,639,None,Move,browsing
1569326775.738,1039,641,None,Move,browsing
1569326775.746,1030,643,None,Move,browsing
1569326775.755,1022,646,None,Move,browsing
1569326775.7610002,1018,647,None,Move,browsing
1569326775.769,1008,650,None,Move,browsing
1569326775.7770002,1002,652,None,Move,browsing
1569326775.785,1000,653,None,Move,browsing
1569326775.793,995,655,None,Move,browsing
1569326775.801,989,658,None,Move,browsing
1569326775.812,983,661,None,Move,browsing
1569326775.822,978,663,None,Move,browsing
1569326775.832,965,673,None,Move,browsing
1569326775.839,959,678,None,Move,browsing
1569326775.847,954,683,None,Move,browsing
1569326775.855,950,686,None,Move,browsing
1569326775.863,945,691,None,Move,browsing
1569326775.871,940,695,None,Move,browsing
1569326775.879,937,698,None,Move,browsing
1569326775.887,934,700,None,Move,browsing
1569326775.895,930,704,None,Move,browsing
1569326775.903,928,706,None,Move,browsing
1569326775.911,926,708,None,Move,browsing
1569326775.917,923,711,None,Move,browsing
1569326775.925,919,715,None,Move,browsing
1569326775.9329998,917,718,None,Move,browsing
1569326775.941,913,722,None,Move,browsing
1569326775.949,911,724,None,Move,browsing
1569326775.957,908,726,None,Move,browsing
1569326775.965,906,728,None,Move,browsing
1569326775.972,905,729,None,Move,browsing
1569326775.98,903,730,None,Move,browsing
1569326775.988,903,731,None,Move,browsing
1569326775.996,902,731,None,Move,browsing
1569326776.0029998,902,731,None,Move,browsing
1569326776.01,902,732,None,Move,browsing
1569326776.026,901,732,None,Move,browsing
1569326776.9870002,901,732,None,Move,development
1569326777.035,901,733,None,Move,development
1569326777.1279998,901,733,None,Move,development
1569326781.766,901,729,None,Move,browsing
1569326781.774,899,729,None,Move,browsing
1569326781.783,894,723,None,Move,browsing
1569326781.792,890,719,None,Move,browsing
1569326781.8,889,717,None,Move,browsing
1569326781.812,889,717,None,Move,browsing
1569326782.541,888,717,None,Move,office
1569326782.735,888,717,None,Move,office
1569326782.7429998,887,717,None,Move,office
1569326782.7510002,885,713,None,Move,office
1569326782.7589998,885,711,None,Move,office
1569326782.7670002,885,708,None,Move,office
1569326782.775,885,703,None,Move,office
1569326782.783,885,699,None,Move,office
1569326782.792,886,691,None,Move,office
1569326782.799,887,681,None,Move,office
1569326782.806,892,666,None,Move,office
1569326782.813,894,655,None,Move,office
1569326782.821,896,644,None,Move,office
1569326782.8279998,900,632,None,Move,office
1569326782.836,901,627,None,Move,office
1569326782.859,904,620,None,Move,office
1569326782.8660002,907,615,None,Move,office
1569326782.873,908,612,None,Move,office
1569326782.88,909,610,None,Move,office
1569326782.887,910,608,None,Move,office
1569326782.895,912,607,None,Move,office
1569326782.9020002,913,604,None,Move,office
1569326782.909,915,601,None,Move,office
1569326782.915,916,600,None,Move,office
1569326782.923,918,597,None,Move,office
1569326782.931,920,595,None,Move,office
1569326782.939,922,594,None,Move,office
1569326782.947,923,592,None,Move,office
1569326782.955,924,591,None,Move,office
1569326782.962,925,590,None,Move,office
1569326782.969,925,589,None,Move,office
1569326782.9770002,926,589,None,Move,office
1569326782.985,926,588,None,Move,office
1569326783.119,926,588,None,Move,office
1569326783.141,926,588,None,Move,office
1569326783.218,926,589,None,Move,office
1569326783.226,925,589,None,Move,office
1569326783.234,921,590,None,Move,office
1569326783.242,914,592,None,Move,office
1569326783.25,905,594,None,Move,office
1569326783.2589998,902,595,None,Move,office
1569326783.266,890,597,None,Move,office
1569326783.275,877,600,None,Move,office
1569326783.283,863,604,None,Move,office
1569326783.29,846,608,None,Move,office
1569326783.296,834,611,None,Move,office
1569326783.319,814,615,None,Move,office
1569326783.326,789,619,None,Move,office
1569326783.333,774,623,None,Move,office
1569326783.34,764,625,None,Move,office
1569326783.347,756,627,None,Move,office
1569326783.354,736,632,None,Move,office
1569326783.361,729,633,None,Move,office
1569326783.367,723,635,None,Move,office
1569326783.375,713,638,None,Move,office
1569326783.383,710,639,None,Move,office
1569326783.391,705,640,None,Move,office
1569326783.399,700,641,None,Move,office
1569326783.407,693,643,None,Move,office
1569326783.415,683,644,None,Move,office
1569326783.423,671,646,None,Move,office
1569326783.431,659,647,None,Move,office
1569326783.439,644,648,None,Move,office
1569326783.447,629,651,None,Move,office
1569326783.454,617,652,None,Move,office
1569326783.461,603,653,None,Move,office
1569326783.469,578,656,None,Move,office
1569326783.4770002,563,658,None,Move,office
1569326783.485,548,659,None,Move,office
1569326783.4929998,521,662,None,Move,office
1569326783.5010002,509,663,None,Move,office
1569326783.5089998,499,664,None,Move,office
1569326783.5170002,482,665,None,Move,office
1569326783.525,467,666,None,Move,office
1569326783.532,458,667,None,Move,office
1569326783.539,450,667,None,Move,office
1569326783.5470002,439,667,None,Move,office
1569326783.555,430,667,None,Move,office
1569326783.563,421,667,None,Move,office
1569326783.571,413,667,None,Move,office
1569326783.5779998,407,667,None,Move,office
1569326783.586,402,667,None,Move,office
1569326783.594,396,667,None,Move,office
1569326783.605,393,667,None,Move,office
1569326783.6120002,392,667,None,Move,office
1569326783.6179998,388,667,None,Move,office
1569326783.6260002,386,667,None,Move,office
1569326783.633,384,667,None,Move,office
1569326783.64,382,667,None,Move,office
1569326783.649,379,667,None,Move,office
1569326783.657,377,667,None,Move,office
1569326783.665,374,667,None,Move,office
1569326783.673,372,667,None,Move,office
1569326783.681,370,667,None,Move,office
1569326783.687,367,667,None,Move,office
1569326783.694,365,667,None,Move,office
1569326783.7029998,364,667,None,Move,office
1569326783.71,362,667,None,Move,office
1569326783.72,360,667,None,Move,office
1569326783.726,359,667,None,Move,office
1569326783.735,358,667,None,Move,office
1569326783.742,356,667,None,Move,office
1569326783.7510002,356,667,None,Move,office
1569326783.7589998,354,667,None,Move,office
1569326783.7670002,352,667,None,Move,office
1569326783.774,350,667,None,Move,office
1569326783.781,348,667,None,Move,office
1569326783.789,345,667,None,Move,office
1569326783.7970002,342,667,None,Move,office
1569326783.805,339,667,None,Move,office
1569326783.813,336,667,None,Move,office
1569326783.821,334,667,None,Move,office
1569326783.829,331,667,None,Move,office
1569326783.837,330,667,None,Move,office
1569326783.845,329,667,None,Move,office
1569326783.8520002,329,667,None,Move,office
1569326783.867,329,666,None,Move,office
1569326783.875,329,664,None,Move,office
1569326783.883,329,664,None,Move,office
1569326783.891,331,664,None,Move,office
1569326784.165,332,662,None,Move,office
1569326784.173,332,661,None,Move,office
1569326784.187,332,660,None,Move,office
1569326784.195,332,660,None,Move,office
1569326784.2029998,333,659,None,Move,office
1569326784.211,334,659,None,Move,office
1569326784.219,335,658,None,Move,office
1569326784.2270002,336,658,None,Move,office
1569326784.235,337,658,None,Move,office
1569326784.2429998,339,658,None,Move,office
1569326784.2510002,342,658,None,Move,office
1569326784.2589998,344,659,None,Move,office
1569326784.265,344,660,None,Move,office
1569326784.2729998,346,660,None,Move,office
1569326784.281,347,661,None,Move,office
1569326784.289,351,664,None,Move,office
1569326784.2970002,354,665,None,Move,office
1569326784.305,359,667,None,Move,office
1569326784.313,363,669,None,Move,office
1569326784.321,369,671,None,Move,office
1569326784.329,375,673,None,Move,office
1569326784.337,381,676,None,Move,office
1569326784.344,386,677,None,Move,office
1569326784.351,397,680,None,Move,office
1569326784.359,403,682,None,Move,office
1569326784.367,413,684,None,Move,office
1569326784.375,418,685,None,Move,office
1569326784.383,425,688,None,Move,office
1569326784.39,434,690,None,Move,office
1569326784.3979998,439,692,None,Move,office
1569326784.407,444,693,None,Move,office
1569326784.414,448,694,None,Move,office
1569326784.4220002,451,695,None,Move,office
1569326784.429,453,695,None,Move,office
1569326784.436,459,696,None,Move,office
1569326784.444,465,696,None,Move,office
1569326784.452,471,697,None,Move,office
1569326784.461,475,697,None,Move,office
1569326784.469,483,698,None,Move,office
1569326784.476,493,699,None,Move,office
1569326784.484,499,699,None,Move,office
1569326784.4929998,508,700,None,Move,office
1569326784.505,517,700,None,Move,office
1569326784.5110002,525,700,None,Move,office
1569326784.518,534,700,None,Move,office
1569326784.525,544,700,None,Move,office
1569326784.531,554,700,None,Move,office
1569326784.539,562,700,None,Move,office
1569326784.5470002,573,700,None,Move,office
1569326784.555,586,700,None,Move,office
1569326784.563,597,700,None,Move,office
1569326784.571,603,700,None,Move,office
1569326784.582,615,700,None,Move,office
1569326784.589,624,699,None,Move,office
1569326784.596,630,698,None,Move,office
1569326784.603,637,697,None,Move,office
1569326784.61,643,696,None,Move,office
1569326784.617,647,695,None,Move,office
1569326784.625,649,694,None,Move,office
1569326784.633,651,694,None,Move,office
1569326784.641,651,694,None,Move,office
1569326784.7729998,651,693,None,Move,office
1569326784.78,651,692,None,Move,office
1569326784.788,651,692,None,Move,office
1569326784.796,652,691,None,Move,office
1569326784.804,653,690,None,Move,office
1569326784.812,653,690,None,Move,office
1569326784.82,654,689,None,Move,office
1569326784.8279998,654,688,None,Move,office
1569326784.835,655,688,None,Move,office
1569326784.842,656,686,None,Move,office
1569326784.85,657,686,None,Move,office
1569326784.8579998,657,685,None,Move,office
1569326784.8660002,659,684,None,Move,office
1569326784.875,660,683,None,Move,office
1569326784.883,660,683,None,Move,office
1569326784.891,661,682,None,Move,office
1569326784.8979998,662,682,None,Move,office
1569326784.907,663,681,None,Move,office
1569326784.917,663,680,None,Move,office
1569326784.923,664,680,None,Move,office
1569326784.93,665,679,None,Move,office
1569326784.939,665,679,None,Move,office
1569326784.9529998,666,678,None,Move,office
1569326785.03,666,677,None,Move,office
1569326785.038,666,676,None,Move,office
1569326785.046,666,674,None,Move,office
1569326785.054,665,673,None,Move,office
1569326785.063,665,672,None,Move,office
1569326785.071,665,672,None,Move,office
1569326785.077,664,671,None,Move,office
1569326785.085,664,671,None,Move,office
1569326785.101,664,670,None,Move,office
1569326785.515,663,670,None,Move,browsing
1569326788.101,663,670,None,Move,development
1569326788.1079998,655,671,None,Move,development
1569326788.123,587,700,None,Move,development
1569326788.131,531,729,None,Move,development
1569326788.1379998,465,764,None,Move,development
1569326788.147,406,795,None,Move,development
1569326788.163,318,842,None,Move,development
1569326788.173,300,851,None,Move,development
1569326788.18,291,855,None,Move,development
1569326788.1929998,286,857,None,Move,development
1569326792.479,285,856,None,Move,browsing
1569326792.488,272,852,None,Move,browsing
1569326792.498,220,836,None,Move,browsing
1569326792.505,142,817,None,Move,browsing
1569326792.512,83,798,None,Move,browsing
1569326792.519,41,781,None,Move,browsing
1569326792.5270002,15,768,None,Move,browsing
1569326792.535,4,762,None,Move,browsing
1569326792.542,2,760,None,Move,browsing
1569326793.019,2,760,None,Move,file system
1569326793.0270002,2,760,None,Move,file system
1569326793.089,2,760,None,Move,file system
1569326793.1260002,3,760,None,Move,file system
1569326793.151,4,760,None,Move,file system
1569326793.159,4,760,None,Move,file system
1569326793.175,5,760,None,Move,file system
1569326793.185,5,760,None,Move,file system
1569326793.1929998,5,760,None,Move,file system
1569326793.275,6,760,None,Move,file system
1569326793.291,6,760,None,Move,file system
1569326793.299,6,760,None,Move,file system
1569326793.3070002,7,760,None,Move,file system
1569326793.315,7,760,None,Move,file system
1569326793.323,8,760,None,Move,file system
1569326793.331,8,760,None,Move,file system
1569326793.339,8,761,None,Move,file system
1569326793.346,9,761,None,Move,file system
1569326793.353,10,762,None,Move,file system
1569326793.361,11,764,None,Move,file system
1569326793.369,13,765,None,Move,file system
1569326793.377,15,768,None,Move,file system
1569326793.385,19,771,None,Move,file system
1569326793.393,22,774,None,Move,file system
1569326793.401,26,778,None,Move,file system
1569326793.409,30,782,None,Move,file system
1569326793.418,33,784,None,Move,file system
1569326793.427,35,787,None,Move,file system
1569326793.436,37,788,None,Move,file system
1569326793.446,40,790,None,Move,file system
1569326793.532,40,791,None,Move,file system
1569326793.863,41,791,None,Move,file system
1569326793.909,49,791,None,Move,file system
1569326793.917,51,790,None,Move,file system
1569326793.924,51,790,None,Move,file system
1569326793.939,52,790,None,Move,file system
1569326793.947,52,789,None,Move,file system
1569326793.979,52,789,None,Move,file system
1569326793.9929998,53,789,None,Move,file system
1569326794.0010002,54,789,None,Move,file system
1569326794.0089998,55,789,None,Move,file system
1569326794.021,56,789,None,Move,file system
1569326794.029,56,789,None,Move,file system
1569326794.035,57,789,None,Move,file system
1569326794.043,59,789,None,Move,file system
1569326794.0570002,59,789,None,Move,file system
1569326794.071,59,788,None,Move,file system
1569326794.258,59,788,None,Move,file system
1569326796.52,59,788,None,Move,file system
1569326797.323,59,788,None,Move,office
1569326797.335,59,788,None,Move,office
1569326797.342,59,787,None,Move,office
1569326797.351,59,786,None,Move,office
1569326797.359,59,784,None,Move,office
1569326797.367,59,782,None,Move,office
1569326797.375,59,779,None,Move,office
1569326797.383,59,777,None,Move,office
1569326797.391,59,773,None,Move,office
1569326797.399,58,768,None,Move,office
1569326797.407,57,762,None,Move,office
1569326797.414,54,755,None,Move,office
1569326797.421,51,748,None,Move,office
1569326797.429,49,743,None,Move,office
1569326797.437,42,737,None,Move,office
1569326797.445,37,733,None,Move,office
1569326797.4529998,34,730,None,Move,office
1569326797.461,29,727,None,Move,office
1569326797.469,27,725,None,Move,office
1569326797.4770002,25,724,None,Move,office
1569326797.485,23,724,None,Move,office
1569326797.4929998,23,723,None,Move,office
1569326797.5,22,723,None,Move,office
1569326797.5470002,22,723,None,Move,office
1569326797.555,23,724,None,Move,office
1569326797.563,25,725,None,Move,office
1569326797.571,26,726,None,Move,office
1569326797.577,28,727,None,Move,office
1569326797.593,32,727,None,Move,office
1569326797.601,46,727,None,Move,office
1569326797.6079998,59,724,None,Move,office
1569326797.6160002,70,722,None,Move,office
1569326797.625,84,717,None,Move,office
1569326797.6320002,100,713,None,Move,office
1569326797.64,114,708,None,Move,office
1569326797.6479998,147,698,None,Move,office
1569326797.656,177,690,None,Move,office
1569326797.663,209,681,None,Move,office
1569326797.67,255,670,None,Move,office
1569326797.678,303,660,None,Move,office
1569326797.686,348,653,None,Move,office
1569326797.695,411,647,None,Move,office
1569326797.702,461,641,None,Move,office
1569326797.71,502,637,None,Move,office
1569326797.719,547,634,None,Move,office
1569326797.726,585,632,None,Move,office
1569326797.735,629,628,None,Move,office
1569326797.7410002,670,626,None,Move,office
1569326797.7489998,706,625,None,Move,office
1569326797.766,753,621,None,Move,office
1569326797.7729998,848,612,None,Move,office
1569326797.781,877,609,None,Move,office
1569326797.789,908,606,None,Move,office
1569326797.7970002,936,603,None,Move,office
1569326797.805,964,601,None,Move,office
1569326797.821,1032,597,None,Move,office
1569326797.8279998,1045,596,None,Move,office
1569326797.837,1059,596,None,Move,office
1569326797.844,1064,596,None,Move,office
1569326797.851,1075,595,None,Move,office
1569326797.859,1080,594,None,Move,office
1569326797.867,1087,593,None,Move,office
1569326797.875,1093,593,None,Move,office
1569326797.883,1098,592,None,Move,office
1569326797.891,1106,591,None,Move,office
1569326797.8979998,1111,591,None,Move,office
1569326797.905,1117,591,None,Move,office
1569326797.913,1127,591,None,Move,office
1569326797.923,1132,591,None,Move,office
1569326797.93,1135,591,None,Move,office
1569326797.939,1138,591,None,Move,office
1569326797.946,1141,591,None,Move,office
1569326797.9529998,1145,591,None,Move,office
1569326797.961,1150,591,None,Move,office
1569326797.969,1155,592,None,Move,office
1569326797.976,1160,593,None,Move,office
1569326797.982,1163,593,None,Move,office
1569326797.9910002,1167,594,None,Move,office
1569326797.998,1170,594,None,Move,office
1569326798.0070002,1171,594,None,Move,office
1569326798.014,1171,594,None,Move,office
1569326798.055,1171,595,None,Move,office
1569326798.062,1170,596,None,Move,office
1569326798.0679998,1167,598,None,Move,office
1569326798.077,1162,601,None,Move,office
1569326798.085,1151,605,None,Move,office
1569326798.093,1143,608,None,Move,office
1569326798.101,1133,611,None,Move,office
1569326798.1079998,1125,613,None,Move,office
1569326798.117,1109,617,None,Move,office
1569326798.125,1100,620,None,Move,office
1569326798.147,1080,624,None,Move,office
1569326798.154,1056,628,None,Move,office
1569326798.161,1039,630,None,Move,office
1569326798.168,1030,631,None,Move,office
1569326798.175,1021,632,None,Move,office
1569326798.2029998,1007,632,None,Move,office
1569326798.211,1007,632,None,Move,office
1569326798.2329998,1007,631,None,Move,office
1569326798.2410002,1009,630,None,Move,office
1569326798.2489998,1012,629,None,Move,office
1569326798.2570002,1018,627,None,Move,office
1569326798.28,1023,626,None,Move,office
1569326798.2870002,1042,623,None,Move,office
1569326798.293,1056,620,None,Move,office
1569326798.3,1068,619,None,Move,office
1569326798.3070002,1076,617,None,Move,office
1569326798.314,1085,615,None,Move,office
1569326798.321,1094,614,None,Move,office
1569326798.3279998,1102,613,None,Move,office
1569326798.335,1106,611,None,Move,office
1569326798.343,1108,611,None,Move,office
1569326798.351,1110,611,None,Move,office
1569326798.381,1109,611,None,Move,office
1569326798.3879998,1107,611,None,Move,office
1569326798.396,1102,612,None,Move,office
1569326798.419,1093,614,None,Move,office
1569326798.426,1072,617,None,Move,office
1569326798.4329998,1046,620,None,Move,office
1569326798.44,1031,621,None,Move,office
1569326798.447,1004,624,None,Move,office
1569326798.4529998,974,624,None,Move,office
1569326798.46,944,625,None,Move,office
1569326798.468,897,627,None,Move,office
1569326798.474,870,627,None,Move,office
1569326798.4829998,824,629,None,Move,office
1569326798.4910002,794,629,None,Move,office
1569326798.4989998,748,629,None,Move,office
1569326798.5070002,702,629,None,Move,office
1569326798.515,656,629,None,Move,office
1569326798.5229998,609,629,None,Move,office
1569326798.531,582,631,None,Move,office
1569326798.539,536,631,None,Move,office
1569326798.546,508,631,None,Move,office
1569326798.553,462,631,None,Move,office
1569326798.561,427,631,None,Move,office
1569326798.569,405,631,None,Move,office
1569326798.577,375,631,None,Move,office
1569326798.585,359,631,None,Move,office
1569326798.593,337,631,None,Move,office
1569326798.601,324,631,None,Move,office
1569326798.609,318,631,None,Move,office
1569326798.617,307,631,None,Move,office
1569326798.623,304,630,None,Move,office
1569326798.631,300,630,None,Move,office
1569326798.641,297,630,None,Move,office
1569326798.6479998,294,629,None,Move,office
1569326798.655,291,629,None,Move,office
1569326798.663,289,629,None,Move,office
1569326798.671,285,629,None,Move,office
1569326798.679,282,629,None,Move,office
1569326798.687,281,629,None,Move,office
1569326798.695,278,629,None,Move,office
1569326798.702,275,629,None,Move,office
1569326798.708,271,629,None,Move,office
1569326798.717,265,629,None,Move,office
1569326798.725,260,629,None,Move,office
1569326798.732,257,629,None,Move,office
1569326798.7410002,255,629,None,Move,office
1569326798.7570002,251,628,None,Move,office
1569326798.764,251,627,None,Move,office
1569326798.7870002,251,626,None,Move,office
1569326798.794,251,623,None,Move,office
1569326798.801,251,622,None,Move,office
1569326798.8079998,251,622,None,Move,office
1569326798.815,251,621,None,Move,office
1569326798.822,251,621,None,Move,office
1569326798.829,250,620,None,Move,office
1569326798.842,250,620,None,Move,office
1569326798.857,250,619,None,Move,office
1569326798.8720002,250,618,None,Move,office
1569326798.88,249,618,None,Move,office
1569326798.889,248,617,None,Move,office
1569326798.897,248,616,None,Move,office
1569326798.905,247,615,None,Move,office
1569326798.913,245,613,None,Move,office
1569326798.921,244,612,None,Move,office
1569326798.929,243,611,None,Move,office
1569326798.937,242,609,None,Move,office
1569326798.944,241,608,None,Move,office
1569326798.952,240,606,None,Move,office
1569326798.961,240,606,None,Move,office
1569326798.968,240,606,None,Move,office
1569326798.975,240,605,None,Move,office
1569326798.9829998,239,605,None,Move,office
1569326799.021,239,605,None,Move,office
1569326799.0370002,239,604,None,Move,office
1569326799.053,239,604,None,Move,office
1569326799.063,239,603,None,Move,office
1569326799.077,239,602,None,Move,office
1569326799.085,239,602,None,Move,office
1569326799.123,239,601,None,Move,office
1569326799.2410002,239,601,Left,Pressed,office
1569326799.2410002,239,601,None,Drag,office
1569326799.2410002,239,601,Left,Released,office
1569326808.177,223,593,None,Move,office
1569326808.1829998,193,581,None,Move,office
1569326808.19,160,571,None,Move,office
1569326808.197,147,564,None,Move,office
1569326808.204,139,560,None,Move,office
1569326808.212,138,558,None,Move,office
1569326808.323,138,558,None,Move,office
1569326808.331,139,558,None,Move,office
1569326808.339,141,558,None,Move,office
1569326808.347,145,558,None,Move,office
1569326808.355,152,557,None,Move,office
1569326808.361,156,557,None,Move,office
1569326808.369,160,557,None,Move,office
1569326808.377,162,557,None,Move,office
1569326808.385,164,557,None,Move,office
1569326808.393,166,557,None,Move,office
1569326808.401,166,557,None,Move,office
1569326808.409,167,557,None,Move,office
1569326808.417,168,558,None,Move,office
1569326808.455,168,559,None,Move,office
1569326808.4629998,168,562,None,Move,office
1569326808.471,170,566,None,Move,office
1569326808.479,173,570,None,Move,office
1569326808.4870002,179,581,None,Move,office
1569326808.495,185,591,None,Move,office
1569326808.5029998,191,597,None,Move,office
1569326808.5110002,205,617,None,Move,office
1569326808.519,212,624,None,Move,office
1569326808.5270002,222,633,None,Move,office
1569326808.534,232,640,None,Move,office
1569326808.541,241,644,None,Move,office
1569326808.549,252,651,None,Move,office
1569326808.556,264,656,None,Move,office
1569326808.564,275,661,None,Move,office
1569326808.572,284,664,None,Move,office
1569326808.58,296,665,None,Move,office
1569326808.5879998,303,666,None,Move,office
1569326808.596,323,667,None,Move,office
1569326808.604,331,667,None,Move,office
1569326808.611,346,667,None,Move,office
1569326808.6179998,359,666,None,Move,office
1569326808.6260002,386,662,None,Move,office
1569326808.635,402,658,None,Move,office
1569326808.657,463,648,None,Move,office
1569326808.667,546,635,None,Move,office
1569326808.677,567,631,None,Move,office
1569326808.684,597,629,None,Move,office
1569326808.691,611,628,None,Move,office
1569326808.698,637,628,None,Move,office
1569326808.705,656,628,None,Move,office
1569326808.715,676,627,None,Move,office
1569326808.722,693,625,None,Move,office
1569326808.729,705,625,None,Move,office
1569326808.7370002,730,623,None,Move,office
1569326808.745,748,619,None,Move,office
1569326808.7529998,777,614,None,Move,office
1569326808.7610002,807,607,None,Move,office
1569326808.7670002,828,602,None,Move,office
1569326808.7770002,865,594,None,Move,office
1569326808.783,897,589,None,Move,office
1569326808.791,928,586,None,Move,office
1569326808.799,958,585,None,Move,office
1569326808.8070002,986,585,None,Move,office
1569326808.815,1002,585,None,Move,office
1569326808.823,1017,585,None,Move,office
1569326808.831,1036,587,None,Move,office
1569326808.839,1045,588,None,Move,office
1569326808.847,1060,588,None,Move,office
1569326808.863,1073,588,None,Move,office
1569326808.87,1077,588,None,Move,office
1569326808.877,1079,588,None,Move,office
1569326808.885,1081,588,None,Move,office
1569326808.893,1082,588,None,Move,office
1569326808.901,1082,588,None,Move,office
1569326808.909,1084,589,None,Move,office
1569326808.917,1085,589,None,Move,office
1569326808.923,1086,591,None,Move,office
1569326808.931,1087,592,None,Move,office
1569326808.938,1088,593,None,Move,office
1569326808.954,1088,593,None,Move,office
1569326808.962,1089,595,None,Move,office
1569326808.97,1090,596,None,Move,office
1569326808.978,1091,598,None,Move,office
1569326808.986,1092,600,None,Move,office
1569326808.994,1094,605,None,Move,office
1569326809.002,1097,611,None,Move,office
1569326809.01,1101,617,None,Move,office
1569326809.0170002,1104,620,None,Move,office
1569326809.0270002,1108,625,None,Move,office
1569326809.033,1112,630,None,Move,office
1569326809.04,1114,632,None,Move,office
1569326809.049,1115,633,None,Move,office
1569326809.0570002,1117,634,None,Move,office
1569326809.065,1118,636,None,Move,office
1569326809.073,1119,638,None,Move,office
1569326809.083,1120,641,None,Move,office
1569326809.089,1121,647,None,Move,office
1569326809.097,1121,651,None,Move,office
1569326809.103,1121,652,None,Move,office
1569326809.111,1121,654,None,Move,office
1569326809.119,1121,655,None,Move,office
1569326809.229,1121,655,None,Move,office
1569326809.2589998,1121,655,None,Move,office
1569326809.283,1121,655,None,Move,office
1569326809.345,1121,653,None,Move,office
1569326809.353,1122,652,None,Move,office
1569326809.36,1123,651,None,Move,office
1569326809.3679998,1124,648,None,Move,office
1569326809.3760002,1125,647,None,Move,office
1569326809.3839998,1126,646,None,Move,office
1569326809.397,1126,644,None,Move,office
1569326809.409,1127,642,None,Move,office
1569326809.431,1127,642,None,Move,office
1569326809.579,1127,642,Left,Pressed,office
1569326809.728,1127,642,Left,Released,office
1569326809.806,1127,641,None,Move,office
1569326809.82,1127,640,None,Move,office
1569326809.854,1126,640,None,Move,office
1569326809.885,1126,640,None,Move,office
1569326811.2670002,1125,640,None,Move,office
1569326811.274,1120,641,None,Move,office
1569326811.281,1114,641,None,Move,office
1569326811.288,1103,642,None,Move,office
1569326811.2970002,1088,642,None,Move,office
1569326811.305,1062,643,None,Move,office
1569326811.313,1045,644,None,Move,office
1569326811.321,1034,645,None,Move,office
1569326811.329,1019,648,None,Move,office
1569326811.336,1013,649,None,Move,office
1569326811.344,1005,650,None,Move,office
1569326811.353,1001,650,None,Move,office
1569326811.361,999,650,None,Move,office
1569326811.373,996,650,None,Move,office
1569326811.383,991,650,None,Move,office
1569326811.391,987,650,None,Move,office
1569326811.399,982,652,None,Move,office
1569326811.407,979,652,None,Move,office
1569326811.415,978,653,None,Move,office
1569326814.311,973,653,None,Move,office
1569326814.3179998,967,653,None,Move,office
1569326814.326,951,653,None,Move,office
1569326814.334,937,653,None,Move,office
1569326814.343,927,653,None,Move,office
1569326814.3520002,909,653,None,Move,office
1569326814.361,901,653,None,Move,office
1569326814.369,898,654,None,Move,office
1569326814.3779998,898,654,None,Move,office
1569326819.0110002,898,654,None,Move,office
1569326819.019,898,654,None,Move,office
1569326819.0270002,900,654,None,Move,office
1569326819.035,903,652,None,Move,office
1569326819.043,907,650,None,Move,office
1569326819.051,913,648,None,Move,office
1569326819.059,920,647,None,Move,office
1569326819.0670002,926,646,None,Move,office
1569326819.074,928,646,None,Move,office
1569326819.083,931,646,None,Move,office
1569326819.09,931,646,None,Move,office
1569326819.191,931,646,None,Move,office
1569326819.215,931,646,None,Move,office
1569326819.2229998,930,646,None,Move,office
1569326819.2329998,927,648,None,Move,office
1569326819.2389998,925,649,None,Move,office
1569326819.246,925,649,None,Move,office
1569326819.252,923,649,None,Move,office
1569326819.2610002,923,650,None,Move,office
1569326819.269,922,650,None,Move,office
1569326819.285,922,651,None,Move,office
1569326819.323,922,651,None,Move,office
1569326819.331,920,652,None,Move,office
1569326819.341,917,653,None,Move,office
1569326819.3479998,915,655,None,Move,office
1569326819.355,913,655,None,Move,office
1569326819.363,912,656,None,Move,office
1569326819.371,911,657,None,Move,office
1569326819.379,910,657,None,Move,office
1569326819.395,910,657,None,Move,office
1569326819.409,910,657,None,Move,office
1569326819.425,910,658,None,Move,office
1569326819.435,910,659,None,Move,office
1569326819.4420002,912,661,None,Move,office
1569326819.451,917,663,None,Move,office
1569326819.458,920,664,None,Move,office
1569326819.465,924,664,None,Move,office
1569326819.472,931,665,None,Move,office
1569326819.48,940,665,None,Move,office
1569326819.488,949,665,None,Move,office
1569326819.495,954,664,None,Move,office
1569326819.502,966,662,None,Move,office
1569326819.5110002,972,662,None,Move,office
1569326819.518,984,660,None,Move,office
1569326819.526,996,658,None,Move,office
1569326819.534,1007,658,None,Move,office
1569326819.542,1012,658,None,Move,office
1569326819.551,1023,658,None,Move,office
1569326819.559,1031,658,None,Move,office
1569326819.5670002,1037,658,None,Move,office
1569326819.573,1041,659,None,Move,office
1569326819.581,1043,659,None,Move,office
1569326819.589,1045,659,None,Move,office
1569326819.597,1045,659,None,Move,office
1569326819.605,1046,659,None,Move,office
1569326819.621,1046,660,None,Move,office
1569326819.629,1047,660,None,Move,office
1569326819.667,1047,660,None,Move,office
1569326819.675,1047,661,None,Move,office
1569326819.6829998,1048,662,None,Move,office
1569326819.691,1048,662,None,Move,office
1569326819.699,1048,663,None,Move,office
1569326819.707,1048,663,None,Move,office
1569326819.715,1048,664,None,Move,office
1569326819.7229998,1049,665,None,Move,office
1569326819.731,1049,665,None,Move,office
1569326819.745,1049,666,None,Move,office
1569326819.769,1049,666,None,Move,office
1569326819.785,1049,667,None,Move,office
1569326819.793,1048,667,None,Move,office
1569326819.803,1047,669,None,Move,office
1569326819.81,1046,669,None,Move,office
1569326819.816,1045,670,None,Move,office
1569326819.823,1045,670,None,Move,office
1569326819.831,1045,671,None,Move,office
1569326819.839,1044,671,None,Move,office
1569326819.9,1044,671,None,Drag,office
1569326819.909,1043,671,None,Drag,office
1569326819.921,1042,671,None,Drag,office
1569326819.928,1040,672,None,Drag,office
1569326819.937,1037,672,None,Drag,office
1569326819.9429998,1035,673,None,Drag,office
1569326819.954,1032,673,None,Drag,office
1569326819.96,1030,673,None,Drag,office
1569326819.971,1025,673,None,Drag,office
1569326819.9770002,1020,674,None,Drag,office
1569326819.9870002,1010,674,None,Drag,office
1569326819.994,1007,674,None,Drag,office
1569326820.0070002,1002,674,None,Drag,office
1569326820.02,991,674,None,Drag,office
1569326820.035,977,674,None,Drag,office
1569326820.043,971,674,None,Drag,office
1569326820.052,966,674,None,Drag,office
1569326820.06,960,674,None,Drag,office
1569326820.069,955,674,None,Drag,office
1569326820.077,952,674,None,Drag,office
1569326820.086,947,674,None,Drag,office
1569326820.094,943,674,None,Drag,office
1569326820.103,937,674,None,Drag,office
1569326820.111,931,674,None,Drag,office
1569326820.121,919,674,None,Drag,office
1569326820.129,912,674,None,Drag,office
1569326820.137,909,674,None,Drag,office
1569326820.147,902,674,None,Drag,office
1569326820.209,873,676,None,Drag,office
1569326820.2570002,744,678,None,Drag,office
1569326820.271,555,680,None,Drag,office
1569326820.2770002,547,680,None,Drag,office
1569326820.285,535,680,None,Drag,office
1569326820.292,522,680,None,Drag,office
1569326820.303,513,680,None,Drag,office
1569326820.31,503,680,None,Drag,office
1569326820.319,495,680,None,Drag,office
1569326820.33,474,683,None,Drag,office
1569326820.34,469,683,None,Drag,office
1569326820.3520002,457,684,None,Drag,office
1569326820.359,450,685,None,Drag,office
1569326820.37,437,686,None,Drag,office
1569326820.381,427,687,None,Drag,office
1569326820.419,399,690,None,Drag,office
1569326820.455,306,695,None,Drag,office
1569326820.4870002,199,695,None,Drag,office
1569326820.495,190,696,None,Drag,office
1569326820.5029998,184,696,None,Drag,office
1569326820.5110002,179,696,None,Drag,office
1569326820.519,174,696,None,Drag,office
1569326820.5270002,167,696,None,Drag,office
1569326820.536,163,697,None,Drag,office
1569326820.543,159,697,None,Drag,office
1569326820.554,156,697,None,Drag,office
1569326820.561,153,697,None,Drag,office
1569326820.571,150,697,None,Drag,office
1569326820.577,147,698,None,Drag,office
1569326820.5879998,144,698,None,Drag,office
1569326820.595,140,698,None,Drag,office
1569326820.605,130,699,None,Drag,office
1569326820.6120002,124,700,None,Drag,office
1569326820.623,120,700,None,Drag,office
1569326820.629,114,700,None,Drag,office
1569326820.641,107,701,None,Drag,office
1569326820.647,103,701,None,Drag,office
1569326820.659,92,702,None,Drag,office
1569326820.67,87,703,None,Drag,office
1569326820.677,80,703,None,Drag,office
1569326820.687,77,703,None,Drag,office
1569326820.6929998,75,703,None,Drag,office
1569326820.704,73,703,None,Drag,office
1569326820.71,73,703,None,Drag,office
1569326820.837,73,703,None,Drag,office
1569326820.845,73,703,None,Drag,office
1569326820.853,75,701,None,Drag,office
1569326820.861,77,700,None,Drag,office
1569326820.87,78,699,None,Drag,office
1569326820.8779998,81,698,None,Drag,office
1569326820.887,83,697,None,Drag,office
1569326820.894,87,695,None,Drag,office
1569326820.903,88,694,None,Drag,office
1569326820.91,91,693,None,Drag,office
1569326820.921,93,692,None,Drag,office
1569326820.93,96,692,None,Drag,office
1569326820.9420002,99,690,None,Drag,office
1569326820.955,101,689,None,Drag,office
1569326820.962,101,689,None,Drag,office
1569326820.974,103,688,None,Drag,office
1569326821.0010002,103,688,None,Drag,office
1569326821.072,103,688,None,Drag,office
1569326821.159,103,687,None,Drag,office
1569326821.188,103,687,None,Drag,office
1569326821.221,103,686,None,Drag,office
1569326821.229,103,685,None,Drag,office
1569326821.238,102,684,None,Drag,office
1569326821.244,102,684,None,Drag,office
1569326821.2529998,101,683,None,Drag,office
1569326821.2629998,101,682,None,Drag,office
1569326821.271,100,682,None,Drag,office
1569326821.281,100,681,None,Drag,office
1569326821.361,96,677,None,Drag,office
1569326821.377,95,677,None,Drag,office
1569326821.3860002,95,677,None,Drag,office
1569326821.407,95,676,None,Drag,office
1569326821.4220002,94,676,None,Drag,office
1569326821.492,93,676,None,Drag,office
1569326821.853,93,676,None,Drag,office
1569326821.877,92,676,None,Drag,office
1569326821.899,92,676,None,Drag,office
1569326821.939,91,676,None,Drag,office
1569326821.9629998,91,676,None,Drag,office
1569326822.041,91,676,None,Drag,office
1569326822.071,90,676,None,Drag,office
1569326822.2589998,90,676,None,Drag,office
1569326822.2970002,89,676,None,Drag,office
1569326822.329,89,676,None,Drag,office
1569326822.431,88,676,None,Drag,office
1569326822.9220002,88,676,None,Drag,office
1569326822.952,87,676,None,Drag,office
1569326822.968,87,676,None,Drag,office
1569326822.9770002,87,676,None,Drag,office
1569326822.992,86,676,None,Drag,office
1569326823.016,85,676,None,Drag,office
1569326823.35,85,676,None,Move,office
1569326823.4220002,85,675,None,Move,office
1569326823.469,85,675,None,Move,office
1569326823.603,85,675,None,Move,office
1569326823.61,86,675,None,Move,office
1569326823.617,86,674,None,Move,office
1569326823.625,86,673,None,Move,office
1569326823.633,87,673,None,Move,office
1569326823.641,87,672,None,Move,office
1569326823.649,87,672,None,Move,office
1569326823.657,88,672,None,Move,office
1569326823.665,88,671,None,Move,office
1569326823.6720002,88,671,None,Move,office
1569326823.694,89,671,None,Move,office
1569326823.772,89,671,None,Move,office
1569326823.829,90,671,None,Move,office
1569326823.837,90,670,None,Move,office
1569326823.859,90,670,None,Move,office
1569326823.961,91,670,None,Move,office
1569326823.969,91,670,None,Move,office
1569326823.9770002,92,670,None,Move,office
1569326823.985,92,671,None,Move,office
1569326823.9929998,93,671,None,Move,office
1569326824.0010002,94,673,None,Move,office
1569326824.0089998,96,673,None,Move,office
1569326824.016,98,674,None,Move,office
1569326824.024,99,675,None,Move,office
1569326824.031,102,676,None,Move,office
1569326824.038,105,677,None,Move,office
1569326824.046,108,678,None,Move,office
1569326824.054,112,679,None,Move,office
1569326824.062,115,680,None,Move,office
1569326824.07,118,680,None,Move,office
1569326824.0779998,121,681,None,Move,office
1569326824.086,124,681,None,Move,office
1569326824.094,126,682,None,Move,office
1569326824.101,129,682,None,Move,office
1569326824.1079998,131,683,None,Move,office
1569326824.1160002,133,683,None,Move,office
1569326824.1239998,135,683,None,Move,office
1569326824.1320002,137,684,None,Move,office
1569326824.14,140,684,None,Move,office
1569326824.1479998,142,685,None,Move,office
1569326824.156,143,685,None,Move,office
1569326824.164,144,685,None,Move,office
1569326824.178,145,685,None,Move,office
1569326824.414,145,685,None,Move,browsing
1569326824.421,145,685,None,Move,browsing
1569326824.436,145,686,None,Move,browsing
1569326824.444,146,686,None,Move,browsing
1569326824.4529998,146,686,None,Move,browsing
1569326824.46,147,686,None,Move,browsing
1569326824.492,147,686,None,Move,browsing
1569326824.5,147,687,None,Move,browsing
1569326824.5070002,148,687,None,Move,browsing
1569326824.515,149,688,None,Move,browsing
1569326824.5229998,149,689,None,Move,browsing
1569326824.531,150,690,None,Move,browsing
1569326824.538,152,691,None,Move,browsing
1569326824.5470002,152,692,None,Move,browsing
1569326824.555,153,692,None,Move,browsing
1569326824.563,153,693,None,Move,browsing
1569326824.571,154,693,None,Move,browsing
1569326824.585,154,694,None,Move,browsing
1569326824.595,155,694,None,Move,browsing
1569326824.6020002,156,695,None,Move,browsing
1569326824.6120002,156,695,None,Move,browsing
1569326824.6179998,157,696,None,Move,browsing
1569326824.625,157,696,None,Move,browsing
1569326824.633,158,697,None,Move,browsing
1569326824.641,158,698,None,Move,browsing
1569326824.649,160,698,None,Move,browsing
1569326824.657,160,699,None,Move,browsing
1569326824.671,160,699,None,Move,browsing
1569326824.679,161,699,None,Move,browsing
1569326824.687,161,700,None,Move,browsing
1569326824.7029998,162,700,None,Move,browsing
1569326825.5070002,162,700,None,Move,development
1569326825.671,162,700,None,Move,development
1569326839.269,153,702,None,Move,development
1569326839.276,131,709,None,Move,development
1569326839.284,126,711,None,Move,development
1569326839.292,123,713,None,Move,development
1569326839.3,122,713,None,Move,development
1569326839.3170002,123,713,None,Move,development
1569326839.324,131,710,None,Move,development
1569326839.332,140,706,None,Move,development
1569326839.34,168,697,None,Move,development
1569326839.347,230,676,None,Move,development
1569326839.354,290,658,None,Move,development
1569326839.3620002,342,640,None,Move,development
1569326839.371,423,611,None,Move,development
1569326839.381,488,592,None,Move,development
1569326839.387,559,571,None,Move,development
1569326839.395,616,553,None,Move,development
1569326839.4020002,659,537,None,Move,development
1569326839.411,698,521,None,Move,development
1569326839.419,741,498,None,Move,development
1569326839.425,768,479,None,Move,development
1569326839.4329998,794,455,None,Move,development
1569326839.441,807,442,None,Move,development
1569326839.449,816,430,None,Move,development
1569326839.457,831,406,None,Move,development
1569326839.465,839,392,None,Move,development
1569326839.4729998,845,380,None,Move,development
1569326839.481,849,372,None,Move,development
1569326839.4889998,853,364,None,Move,development
1569326839.4970002,855,357,None,Move,development
1569326839.504,856,355,None,Move,development
1569326839.5110002,856,354,None,Move,development
1569326839.519,856,353,None,Move,development
1569326839.5670002,856,353,None,Move,development
1569326839.576,856,353,None,Move,development
1569326839.584,852,354,None,Move,development
1569326839.592,847,356,None,Move,development
1569326839.599,841,357,None,Move,development
1569326839.607,837,357,None,Move,development
1569326839.615,832,358,None,Move,development
1569326839.6220002,827,359,None,Move,development
1569326839.629,825,359,None,Move,development
1569326839.637,825,359,None,Move,development
1569326839.645,824,359,None,Move,development
1569326839.6520002,823,360,None,Move,development
1569326839.66,820,362,None,Move,development
1569326839.667,818,364,None,Move,development
1569326839.675,809,370,None,Move,development
1569326839.6820002,797,381,None,Move,development
1569326839.69,787,391,None,Move,development
1569326839.698,768,411,None,Move,development
1569326839.706,755,426,None,Move,development
1569326839.714,747,437,None,Move,development
1569326839.722,741,450,None,Move,development
1569326839.731,739,455,None,Move,development
1569326839.738,733,473,None,Move,development
1569326839.745,730,487,None,Move,development
1569326839.752,726,500,None,Move,development
1569326839.7610002,724,509,None,Move,development
1569326839.768,723,514,None,Move,development
1569326839.7770002,722,522,None,Move,development
1569326839.785,722,527,None,Move,development
1569326839.793,719,535,None,Move,development
1569326839.801,714,541,None,Move,development
1569326839.809,709,546,None,Move,development
1569326839.8170002,701,556,None,Move,development
1569326839.824,692,567,None,Move,development
1569326839.831,687,572,None,Move,development
1569326839.839,678,581,None,Move,development
1569326839.847,675,583,None,Move,development
1569326839.855,674,583,None,Move,development
1569326839.863,674,583,None,Move,development
1569326840.565,673,583,None,Move,development
1569326840.83,673,583,None,Move,development
1569326840.846,673,583,None,Move,development
1569326840.854,673,583,None,Move,development
1569326840.8620002,673,583,None,Move,development
1569326840.8839998,674,583,None,Move,development
1569326840.8920002,675,585,None,Move,development
1569326840.9,677,591,None,Move,development
1569326840.908,678,596,None,Move,development
1569326840.916,680,603,None,Move,development
1569326840.924,680,609,None,Move,development
1569326840.9320002,680,609,None,Move,development
1569326840.94,680,610,None,Move,development
1569326840.948,680,610,None,Move,development
1569326845.1020002,680,610,None,Move,development
1569326845.1320002,680,610,None,Move,development
1569326846.407,679,610,None,Move,development
1569326846.415,671,607,None,Move,development
1569326846.421,659,605,None,Move,development
1569326846.429,632,599,None,Move,development
1569326846.437,600,594,None,Move,development
1569326846.445,587,594,None,Move,development
1569326846.4529998,562,597,None,Move,development
1569326846.461,553,600,None,Move,development
1569326846.469,527,609,None,Move,development
1569326846.4770002,516,613,None,Move,development
1569326846.485,488,621,None,Move,development
1569326846.4929998,470,625,None,Move,development
1569326846.4989998,454,628,None,Move,development
1569326846.5070002,444,632,None,Move,development
1569326846.515,424,638,None,Move,development
1569326846.5229998,410,643,None,Move,development
1569326846.531,379,657,None,Move,development
1569326846.539,348,669,None,Move,development
1569326846.5470002,318,681,None,Move,development
1569326846.555,278,697,None,Move,development
1569326846.562,226,719,None,Move,development
1569326846.57,179,737,None,Move,development
1569326846.577,140,754,None,Move,development
1569326846.584,88,776,None,Move,development
1569326846.593,62,787,None,Move,development
1569326846.601,46,796,None,Move,development
1569326846.609,19,815,None,Move,development
1569326846.6160002,9,822,None,Move,development
1569326846.6239998,-13,841,None,Move,development
1569326846.6320002,-15,856,None,Move,development
1569326846.64,-10,866,None,Move,development
1569326846.6479998,-15,884,None,Move,development
1569326846.657,-4,890,None,Move,development
1569326846.664,-6,901,None,Move,development
1569326846.673,-4,912,None,Move,development
1569326846.68,-1,915,None,Move,development
1569326846.687,0,920,None,Move,development
1569326846.695,0,923,None,Move,development
1569326846.7029998,0,924,None,Move,development
1569326846.711,1,925,None,Move,development
1569326846.719,1,927,None,Move,development
1569326846.7270002,2,930,None,Move,development
1569326846.735,3,932,None,Move,development
1569326846.742,5,937,None,Move,development
1569326846.7489998,7,942,None,Move,development
1569326846.7570002,12,954,None,Move,development
1569326846.765,16,963,None,Move,development
1569326846.7729998,20,967,None,Move,development
1569326846.781,27,977,None,Move,development
1569326846.789,34,984,None,Move,development
1569326846.7970002,44,991,None,Move,development
1569326846.805,51,996,None,Move,development
1569326846.813,59,999,None,Move,development
1569326846.819,65,1001,None,Move,development
1569326846.827,72,1005,None,Move,development
1569326846.835,77,1008,None,Move,development
1569326846.843,83,1013,None,Move,development
1569326846.851,87,1017,None,Move,development
1569326846.859,91,1021,None,Move,development
1569326846.867,95,1027,None,Move,development
1569326846.875,96,1032,None,Move,development
1569326846.883,97,1036,None,Move,development
1569326846.891,97,1041,None,Move,development
1569326846.899,97,1048,None,Move,development
1569326846.907,96,1053,None,Move,development
1569326846.915,93,1061,None,Move,development
1569326846.921,90,1066,None,Move,development
1569326846.929,87,1070,None,Move,development
1569326846.937,85,1072,None,Move,development
1569326846.944,83,1074,None,Move,development
1569326846.952,79,1077,None,Move,development
1569326846.96,77,1078,None,Move,development
1569326846.971,76,1080,None,Move,development
1569326846.979,74,1079,None,Move,development
1569326846.985,73,1081,None,Move,development
1569326846.992,72,1080,None,Move,development
1569326846.9989998,70,1079,None,Move,development
1569326847.006,68,1081,None,Move,development
1569326847.014,67,1079,None,Move,development
1569326847.0229998,64,1080,None,Move,development
1569326847.031,62,1080,None,Move,development
1569326847.038,61,1080,None,Move,development
1569326847.0470002,60,1079,None,Move,development
1569326847.069,60,1079,None,Move,development
1569326847.077,60,1079,None,Move,development
1569326847.084,60,1078,None,Move,development
1569326847.093,61,1078,None,Move,development
1569326847.101,62,1077,None,Move,development
1569326847.109,62,1075,None,Move,development
1569326847.117,63,1075,None,Move,development
1569326847.125,63,1074,None,Move,development
1569326847.133,64,1073,None,Move,development
1569326847.141,65,1073,None,Move,development
1569326847.147,65,1073,None,Move,development
1569326847.155,65,1072,None,Move,development
1569326847.179,66,1072,None,Move,development
1569326847.219,66,1071,None,Move,development
1569326847.2329998,66,1071,None,Move,development
1569326847.2410002,67,1071,None,Move,development
1569326847.2489998,68,1071,None,Move,development
1569326847.2570002,69,1070,None,Move,development
1569326847.265,71,1070,None,Move,development
1569326847.2729998,71,1069,None,Move,development
1569326847.281,72,1069,None,Move,development
1569326847.303,72,1068,None,Move,development
1569326847.35,72,1068,Left,Pressed,development
1569326847.35,72,1068,None,Drag,development
1569326847.3879998,72,1068,None,Drag,development
1569326847.396,71,1068,None,Drag,development
1569326847.405,70,1068,None,Drag,development
1569326847.418,70,1069,None,Drag,development
1569326847.418,70,1069,Left,Released,development
1569326847.4320002,70,1069,None,Move,development
1569326847.455,70,1070,None,Move,development
1569326850.131,70,1069,None,Move,file system
1569326850.141,51,1056,None,Move,file system
1569326850.151,9,1035,None,Move,file system
1569326850.16,-50,1006,None,Move,file system
1569326850.171,-118,954,None,Move,file system
1569326850.1820002,-36,941,None,Move,file system
1569326850.191,-22,934,None,Move,file system
1569326850.202,-13,932,None,Move,file system
1569326850.2129998,-1,932,None,Move,file system
1569326850.279,0,932,None,Move,development
1569326850.2870002,6,929,None,Move,development
1569326850.2970002,13,926,None,Move,development
1569326850.3079998,21,920,None,Move,development
1569326850.3179998,49,905,None,Move,development
1569326850.326,57,899,None,Move,development
1569326850.333,61,895,None,Move,development
1569326850.341,64,892,None,Move,development
1569326850.3520002,65,892,None,Move,development
1569326850.361,66,891,None,Move,development
1569326850.379,68,888,None,Move,development
1569326850.39,73,883,None,Move,development
1569326850.4,80,875,None,Move,development
1569326850.41,90,865,None,Move,development
1569326850.42,120,838,None,Move,development
1569326850.43,130,829,None,Move,development
1569326850.44,155,808,None,Move,development
1569326850.449,183,789,None,Move,development
1569326850.456,199,778,None,Move,development
1569326850.465,221,764,None,Move,development
1569326850.4770002,257,746,None,Move,development
1569326850.492,288,736,None,Move,development
1569326850.5029998,313,729,None,Move,development
1569326850.514,354,721,None,Move,development
1569326850.53,394,716,None,Move,development
1569326850.542,415,712,None,Move,development
1569326850.553,430,710,None,Move,development
1569326850.571,494,701,None,Move,development
1569326850.58,521,698,None,Move,development
1569326850.592,558,695,None,Move,development
1569326850.604,578,693,None,Move,development
1569326850.615,607,692,None,Move,development
1569326850.6260002,620,692,None,Move,development
1569326850.637,639,694,None,Move,development
1569326850.656,643,697,None,Move,development
1569326850.959,643,697,None,Move,development
1569326850.971,644,692,None,Move,development
1569326850.982,646,676,None,Move,development
1569326850.994,648,669,None,Move,development
1569326851.01,649,659,None,Move,development
1569326851.022,651,650,None,Move,development
1569326851.033,654,641,None,Move,development
1569326851.043,659,633,None,Move,development
1569326851.054,668,617,None,Move,development
1569326851.065,677,602,None,Move,development
1569326851.073,685,592,None,Move,development
1569326851.08,693,581,None,Move,development
1569326851.0879998,704,568,None,Move,development
1569326851.096,713,557,None,Move,development
1569326851.11,736,534,None,Move,development
1569326851.12,745,527,None,Move,development
1569326851.1279998,750,525,None,Move,development
1569326851.135,754,520,None,Move,development
1569326851.143,756,519,None,Move,development
1569326851.151,756,518,None,Move,development
1569326851.16,756,518,None,Move,development
1569326851.293,756,518,None,Move,development
1569326851.303,755,519,None,Move,development
1569326851.309,752,520,None,Move,development
1569326851.321,750,523,None,Move,development
1569326851.332,745,525,None,Move,development
1569326851.343,737,534,None,Move,development
1569326851.353,732,539,None,Move,development
1569326851.363,723,547,None,Move,development
1569326851.371,711,558,None,Move,development
1569326851.379,702,566,None,Move,development
1569326851.387,697,570,None,Move,development
1569326851.401,688,580,None,Move,development
1569326851.409,682,587,None,Move,development
1569326851.416,677,593,None,Move,development
1569326851.423,673,598,None,Move,development
1569326851.4320002,670,602,None,Move,development
1569326851.441,670,604,None,Move,development
1569326851.5979998,670,604,None,Move,development
1569326851.607,671,604,None,Move,development
1569326851.6139998,675,603,None,Move,development
1569326851.6220002,681,601,None,Move,development
1569326851.629,687,599,None,Move,development
1569326851.637,693,596,None,Move,development
1569326851.645,702,593,None,Move,development
1569326851.653,713,589,None,Move,development
1569326851.661,720,587,None,Move,development
1569326851.669,730,581,None,Move,development
1569326851.677,744,577,None,Move,development
1569326851.685,754,572,None,Move,development
1569326851.6929998,762,569,None,Move,development
1569326851.7,775,564,None,Move,development
1569326851.707,785,558,None,Move,development
1569326851.715,792,554,None,Move,development
1569326851.7229998,812,544,None,Move,development
1569326851.731,821,539,None,Move,development
1569326851.7389998,829,534,None,Move,development
1569326851.7470002,844,525,None,Move,development
1569326851.755,851,521,None,Move,development
1569326851.7629998,856,519,None,Move,development
1569326851.77,863,516,None,Move,development
1569326851.7770002,868,514,None,Move,development
1569326851.785,871,513,None,Move,development
1569326851.793,873,513,None,Move,development
1569326851.801,874,512,None,Move,development
1569326851.8860002,874,513,None,Move,development
1569326851.894,872,515,None,Move,development
1569326851.903,870,521,None,Move,development
1569326851.91,863,529,None,Move,development
1569326851.918,858,535,None,Move,development
1569326851.927,852,543,None,Move,development
1569326851.934,846,549,None,Move,development
1569326851.941,839,556,None,Move,development
1569326851.949,833,562,None,Move,development
1569326851.957,831,564,None,Move,development
1569326851.965,827,567,None,Move,development
1569326851.9729998,825,570,None,Move,development
1569326851.981,823,571,None,Move,development
1569326851.9889998,823,571,None,Move,development
1569326851.9970002,822,571,None,Move,development
1569326852.019,822,572,None,Move,development
1569326852.035,822,572,None,Move,development
1569326852.043,821,572,None,Move,development
1569326852.051,821,572,None,Move,development
1569326852.059,819,572,None,Move,development
1569326852.0679998,819,572,None,Move,development
1569326852.0779998,818,573,None,Move,development
1569326852.085,816,573,None,Move,development
1569326852.092,815,574,None,Move,development
1569326852.099,814,574,None,Move,development
1569326852.107,812,574,None,Move,development
1569326852.1139998,812,575,None,Move,development
1569326852.121,810,575,None,Move,development
1569326852.129,809,576,None,Move,development
1569326852.137,808,576,None,Move,development
1569326852.145,806,577,None,Move,development
1569326852.1520002,805,577,None,Move,development
1569326852.161,805,577,None,Move,development
1569326852.169,804,577,None,Move,development
1569326852.1820002,803,578,None,Move,development
1569326852.19,803,578,None,Move,development
1569326852.198,802,578,None,Move,development
1569326852.206,801,578,None,Move,development
1569326852.214,800,578,None,Move,development
1569326852.222,799,578,None,Move,development
1569326852.23,799,578,None,Move,development
1569326852.246,798,578,None,Move,development
1569326852.66,798,578,None,Move,development
1569326853.355,797,578,None,Move,development
1569326853.3620002,796,578,None,Move,development
1569326853.37,793,578,None,Move,development
1569326853.38,791,578,None,Move,development
1569326853.3879998,790,578,None,Move,development
1569326853.395,789,578,None,Move,development
1569326853.403,788,578,None,Move,development
1569326853.41,787,578,None,Move,development
1569326853.417,786,578,None,Move,development
1569326853.424,784,578,None,Move,development
1569326853.4320002,782,578,None,Move,development
1569326853.441,781,578,None,Move,development
1569326853.449,779,578,None,Move,development
1569326853.457,776,578,None,Move,development
1569326853.464,773,578,None,Move,development
1569326853.4729998,770,577,None,Move,development
1569326853.48,766,577,None,Move,development
1569326853.4870002,763,577,None,Move,development
1569326853.496,759,577,None,Move,development
1569326853.504,752,577,None,Move,development
1569326853.512,748,577,None,Move,development
1569326853.5229998,746,577,None,Move,development
1569326853.535,742,577,None,Move,development
1569326853.545,731,577,None,Move,development
1569326853.563,719,577,None,Move,development
1569326853.574,708,577,None,Move,development
1569326853.584,696,577,None,Move,development
1569326853.599,678,577,None,Move,development
1569326853.609,673,578,None,Move,development
1569326853.619,662,578,None,Move,development
1569326853.631,646,579,None,Move,development
1569326853.6420002,634,579,None,Move,development
1569326853.651,617,580,None,Move,development
1569326853.659,605,580,None,Move,development
1569326853.668,602,581,None,Move,development
1569326853.675,590,581,None,Move,development
1569326853.6820002,584,581,None,Move,development
1569326853.69,581,581,None,Move,development
1569326853.698,579,581,None,Move,development
1569326853.706,578,581,None,Move,development
1569326853.7770002,578,581,None,Move,development
1569326853.792,581,581,None,Move,development
1569326853.803,585,580,None,Move,development
1569326853.815,595,578,None,Move,development
1569326853.824,604,576,None,Move,development
1569326853.833,616,574,None,Move,development
1569326853.842,628,572,None,Move,development
1569326853.85,642,570,None,Move,development
1569326853.8579998,669,565,None,Move,development
1569326853.88,768,552,None,Move,development
1569326853.891,807,548,None,Move,development
1569326853.906,941,534,None,Move,development
1569326853.916,1007,530,None,Move,development
1569326853.926,1163,530,None,Move,development
1569326853.936,1224,537,None,Move,development
1569326853.9429998,1307,554,None,Move,development
1569326853.952,1380,578,None,Move,development
1569326853.959,1441,601,None,Move,development
1569326853.966,1493,623,None,Move,development
1569326853.9729998,1548,645,None,Move,development
1569326853.98,1595,663,None,Move,development
1569326853.988,1630,675,None,Move,development
1569326853.995,1660,682,None,Move,development
1569326854.004,1707,689,None,Move,development
1569326854.0110002,1721,690,None,Move,development
1569326854.019,1747,690,None,Move,development
1569326854.0270002,1767,690,None,Move,development
1569326854.035,1780,688,None,Move,development
1569326854.042,1801,684,None,Move,development
1569326854.048,1813,682,None,Move,development
1569326854.0570002,1822,680,None,Move,development
1569326854.0679998,1834,674,None,Move,development
1569326854.075,1841,672,None,Move,development
1569326854.082,1848,668,None,Move,development
1569326854.089,1857,664,None,Move,development
1569326854.096,1872,654,None,Move,development
1569326854.104,1886,645,None,Move,development
1569326854.1120002,1894,638,None,Move,development
1569326854.12,1908,624,None,Move,development
1569326854.127,1918,615,None,Move,development
1569326854.1339998,1927,605,None,Move,development
1569326854.1420002,1934,597,None,Move,development
1569326854.15,1939,589,None,Move,development
1569326854.158,1948,575,None,Move,development
1569326854.166,1952,565,None,Move,development
1569326854.174,1956,555,None,Move,development
1569326854.1820002,1963,535,None,Move,development
1569326854.19,1967,527,None,Move,development
1569326854.197,1972,511,None,Move,development
1569326854.205,1976,500,None,Move,development
1569326854.212,1985,483,None,Move,development
1569326854.22,1991,475,None,Move,development
1569326854.229,1994,469,None,Move,development
1569326854.236,2000,461,None,Move,development
1569326854.245,2001,460,None,Move,development
1569326854.2529998,2003,458,None,Move,development
1569326854.2610002,2004,456,None,Move,development
1569326854.269,2004,455,None,Move,development
1569326854.2770002,2005,454,None,Move,development
1569326854.284,2007,451,None,Move,development
1569326854.292,2007,449,None,Move,development
1569326854.3,2009,446,None,Move,development
1569326854.3070002,2010,444,None,Move,development
1569326854.315,2012,439,None,Move,development
1569326854.323,2014,436,None,Move,development
1569326854.331,2016,432,None,Move,development
1569326854.339,2019,426,None,Move,development
1569326854.3479998,2021,420,None,Move,development
1569326854.356,2021,418,None,Move,development
1569326854.363,2024,411,None,Move,development
1569326854.3720002,2026,401,None,Move,development
1569326854.379,2028,394,None,Move,development
1569326854.387,2029,382,None,Move,development
1569326854.395,2030,370,None,Move,development
1569326854.415,2030,348,None,Move,development
1569326854.4220002,2030,338,None,Move,development
1569326854.429,2030,323,None,Move,development
1569326854.437,2030,315,None,Move,development
1569326854.444,2029,305,None,Move,development
1569326854.451,2028,301,None,Move,development
1569326854.459,2026,292,None,Move,development
1569326854.466,2024,286,None,Move,development
1569326854.474,2023,280,None,Move,development
1569326854.481,2022,274,None,Move,development
1569326854.4889998,2021,271,None,Move,development
1569326854.496,2021,271,None,Move,development
1569326854.504,2021,270,None,Move,development
1569326854.548,2021,270,None,Move,development
1569326854.5570002,2021,270,None,Move,development
1569326854.565,2023,270,None,Move,development
1569326854.572,2029,271,None,Move,development
1569326854.581,2042,274,None,Move,development
1569326854.589,2053,275,None,Move,development
1569326854.597,2068,277,None,Move,development
1569326854.604,2099,282,None,Move,development
1569326854.6120002,2113,284,None,Move,development
1569326854.62,2140,288,None,Move,development
1569326854.627,2153,290,None,Move,development
1569326854.635,2179,291,None,Move,development
1569326854.643,2205,292,None,Move,development
1569326854.651,2222,295,None,Move,development
1569326854.659,2247,295,None,Move,development
1569326854.667,2260,295,None,Move,development
1569326854.675,2270,295,None,Move,development
1569326854.6820002,2279,296,None,Move,development
1569326854.69,2287,296,None,Move,development
1569326854.697,2298,296,None,Move,development
1569326854.705,2304,296,None,Move,development
1569326854.7129998,2307,296,None,Move,development
1569326854.721,2308,296,None,Move,development
1569326854.729,2309,296,None,Move,development
1569326854.8070002,2309,296,None,Move,development
1569326854.8920002,2309,297,None,Move,development
1569326854.962,2309,298,None,Move,development
1569326854.971,2312,302,None,Move,development
1569326854.979,2315,307,None,Move,development
1569326854.988,2319,313,None,Move,development
1569326854.996,2323,320,None,Move,development
1569326855.004,2326,325,None,Move,development
1569326855.0110002,2332,336,None,Move,development
1569326855.019,2335,341,None,Move,development
1569326855.026,2341,353,None,Move,development
1569326855.034,2342,355,None,Move,development
1569326855.041,2348,364,None,Move,development
1569326855.05,2351,370,None,Move,development
1569326855.0579998,2355,380,None,Move,development
1569326855.066,2360,389,None,Move,development
1569326855.074,2363,395,None,Move,development
1569326855.083,2367,406,None,Move,development
1569326855.09,2369,413,None,Move,development
1569326855.0979998,2372,420,None,Move,development
1569326855.1079998,2375,428,None,Move,development
1569326855.115,2378,432,None,Move,development
1569326855.1239998,2379,434,None,Move,development
1569326855.131,2380,436,None,Move,development
1569326855.141,2382,438,None,Move,development
1569326855.149,2382,439,None,Move,development
1569326855.159,2383,441,None,Move,development
1569326855.166,2384,442,None,Move,development
1569326855.174,2385,443,None,Move,development
1569326855.181,2385,443,None,Move,development
1569326855.191,2385,444,None,Move,development
1569326855.198,2385,444,None,Move,development
1569326855.206,2386,445,None,Move,development
1569326855.2129998,2386,446,None,Move,development
1569326855.222,2386,447,None,Move,development
1569326855.229,2386,448,None,Move,development
1569326855.24,2387,449,None,Move,development
1569326855.2470002,2387,450,None,Move,development
1569326855.2570002,2388,452,None,Move,development
1569326855.2629998,2388,453,None,Move,development
1569326855.274,2388,455,None,Move,development
1569326855.283,2389,458,None,Move,development
1569326855.294,2390,460,None,Move,development
1569326855.306,2390,460,None,Move,development
1569326855.314,2390,461,None,Move,development
1569326855.324,2390,462,None,Move,development
1569326855.331,2390,463,None,Move,development
1569326855.344,2390,465,None,Move,development
1569326855.353,2391,469,None,Move,development
1569326855.361,2391,471,None,Move,development
1569326855.371,2392,474,None,Move,development
1569326855.3779998,2392,477,None,Move,development
1569326855.3879998,2393,480,None,Move,development
1569326855.395,2393,483,None,Move,development
1569326855.404,2393,485,None,Move,development
1569326855.411,2393,487,None,Move,development
1569326855.42,2393,487,None,Move,development
1569326855.427,2393,489,None,Move,development
1569326855.437,2393,490,None,Move,development
1569326855.445,2393,491,None,Move,development
1569326855.455,2393,492,None,Move,development
1569326855.4629998,2393,493,None,Move,development
1569326855.4729998,2393,494,None,Move,development
1569326855.481,2392,495,None,Move,development
1569326855.4910002,2392,496,None,Move,development
1569326855.4989998,2392,498,None,Move,development
1569326855.508,2392,499,None,Move,development
1569326855.515,2391,500,None,Move,development
1569326855.524,2391,501,None,Move,development
1569326855.531,2391,502,None,Move,development
1569326855.54,2391,503,None,Move,development
1569326855.546,2390,504,None,Move,development
1569326855.555,2390,505,None,Move,development
1569326855.562,2389,506,None,Move,development
1569326855.57,2389,507,None,Move,development
1569326855.579,2389,507,None,Move,development
1569326855.5879998,2389,508,None,Move,development
1569326855.595,2389,508,None,Move,development
1569326855.605,2388,509,None,Move,development
1569326855.613,2388,510,None,Move,development
1569326855.621,2388,510,None,Move,development
1569326855.629,2388,511,None,Move,development
1569326855.637,2388,512,None,Move,development
1569326855.644,2388,512,None,Move,development
1569326855.6520002,2388,514,None,Move,development
1569326855.6620002,2388,515,None,Move,development
1569326855.6720002,2387,516,None,Move,development
1569326855.678,2387,516,None,Move,development
1569326855.686,2387,517,None,Move,development
1569326855.696,2387,517,None,Move,development
1569326855.705,2386,517,None,Move,development
1569326855.72,2386,518,None,Move,development
1569326855.735,2386,518,None,Move,development
1569326855.7429998,2386,519,None,Move,development
1569326855.7589998,2386,520,None,Move,development
1569326855.7670002,2386,520,None,Move,development
1569326855.775,2386,521,None,Move,development
1569326855.783,2386,521,None,Move,development
1569326855.792,2386,522,None,Move,development
1569326855.799,2386,522,None,Move,development
1569326855.813,2386,523,None,Move,development
1569326855.821,2386,524,None,Move,development
1569326855.829,2386,524,None,Move,development
1569326855.845,2386,525,None,Move,development
1569326855.853,2386,525,None,Move,development
1569326855.877,2386,526,None,Move,development
1569326855.891,2386,526,None,Move,development
1569326855.907,2386,527,None,Move,development
1569326855.9220002,2386,528,None,Move,development
1569326855.93,2386,528,None,Move,development
1569326855.954,2386,529,None,Move,development
1569326856.8520002,2386,529,None,Move,development
1569326856.985,2385,529,None,Move,development
1569326856.9929998,2383,529,None,Move,development
1569326857.0010002,2380,529,None,Move,development
1569326857.01,2375,529,None,Move,development
1569326857.0170002,2371,529,None,Move,development
1569326857.025,2368,529,None,Move,development
1569326857.032,2361,529,None,Move,development
1569326857.041,2351,528,None,Move,development
1569326857.048,2345,527,None,Move,development
1569326857.0570002,2330,526,None,Move,development
1569326857.063,2320,525,None,Move,development
1569326857.072,2313,523,None,Move,development
1569326857.079,2301,522,None,Move,development
1569326857.087,2272,517,None,Move,development
1569326857.094,2258,515,None,Move,development
1569326857.1020002,2233,511,None,Move,development
1569326857.111,2217,507,None,Move,development
1569326857.1179998,2186,502,None,Move,development
1569326857.1260002,2141,495,None,Move,development
1569326857.133,2109,488,None,Move,development
1569326857.141,2063,476,None,Move,development
1569326857.1479998,2031,470,None,Move,development
1569326857.156,1986,458,None,Move,development
1569326857.164,1924,444,None,Move,development
1569326857.1720002,1875,430,None,Move,development
1569326857.18,1829,419,None,Move,development
1569326857.188,1768,405,None,Move,development
1569326857.195,1703,390,None,Move,development
1569326857.202,1650,378,None,Move,development
1569326857.211,1594,366,None,Move,development
1569326857.219,1538,354,None,Move,development
1569326857.228,1476,340,None,Move,development
1569326857.236,1419,326,None,Move,development
1569326857.244,1366,314,None,Move,development
1569326857.2529998,1291,296,None,Move,development
1569326857.262,1231,280,None,Move,development
1569326857.2729998,1103,255,None,Move,development
1569326857.282,1048,245,None,Move,development
1569326857.289,994,235,None,Move,development
1569326857.2970002,939,225,None,Move,development
1569326857.305,899,218,None,Move,development
1569326857.313,845,206,None,Move,development
1569326857.321,805,199,None,Move,development
1569326857.329,762,188,None,Move,development
1569326857.337,719,177,None,Move,development
1569326857.345,684,166,None,Move,development
1569326857.3520002,654,156,None,Move,development
1569326857.359,626,146,None,Move,development
1569326857.367,603,135,None,Move,development
1569326857.375,582,125,None,Move,development
1569326857.383,575,121,None,Move,development
1569326857.3920002,561,110,None,Move,development
1569326857.399,555,103,None,Move,development
1569326857.407,551,97,None,Move,development
1569326857.415,549,95,None,Move,development
1569326857.423,548,91,None,Move,development
1569326857.431,546,86,None,Move,development
1569326857.438,546,83,None,Move,development
1569326857.446,545,81,None,Move,development
1569326857.452,545,78,None,Move,development
1569326857.461,545,75,None,Move,development
1569326857.468,545,70,None,Move,development
1569326857.476,546,66,None,Move,development
1569326857.485,549,52,None,Move,development
1569326857.492,550,49,None,Move,development
1569326857.5,552,36,None,Move,development
1569326857.508,554,24,None,Move,development
1569326857.515,556,15,None,Move,development
1569326857.5229998,556,9,None,Move,development
1569326857.53,556,2,None,Move,development
1569326857.538,556,-5,None,Move,development
1569326857.546,556,-2,None,Move,development
1569326857.555,556,-3,None,Move,development
1569326857.563,556,-3,None,Move,development
1569326857.571,554,-2,None,Move,development
1569326857.579,551,-2,None,Move,development
1569326857.586,547,-2,None,Move,development
1569326857.593,544,0,None,Move,development
1569326857.601,537,-1,None,Move,development
1569326857.6079998,528,0,None,Move,development
1569326857.617,518,-1,None,Move,development
1569326857.625,504,0,None,Move,development
1569326857.633,477,3,None,Move,development
1569326857.641,445,10,None,Move,development
1569326857.649,415,20,None,Move,development
1569326857.657,382,30,None,Move,development
1569326857.665,327,48,None,Move,development
1569326857.6720002,298,56,None,Move,development
1569326857.68,249,68,None,Move,development
1569326857.687,212,77,None,Move,development
1569326857.695,161,85,None,Move,development
1569326857.7029998,125,90,None,Move,development
1569326857.711,77,100,None,Move,development
1569326857.719,37,105,None,Move,development
1569326857.7270002,-18,115,None,Move,development
1569326857.735,-48,124,None,Move,development
1569326857.7429998,-38,132,None,Move,development
1569326857.7510002,-31,138,None,Move,development
1569326857.7589998,-13,142,None,Move,development
1569326857.766,-12,144,None,Move,development
1569326857.774,-11,146,None,Move,development
1569326857.781,-3,147,None,Move,development
1569326857.79,-1,147,None,Move,development
1569326857.835,0,147,None,Move,development
1569326857.851,0,148,None,Move,development
1569326857.8820002,0,148,None,Move,development
1569326857.89,1,148,None,Move,development
1569326857.8979998,3,149,None,Move,development
1569326857.907,5,151,None,Move,development
1569326857.915,8,154,None,Move,development
1569326857.921,11,157,None,Move,development
1569326857.928,14,161,None,Move,development
1569326857.936,16,164,None,Move,development
1569326857.944,21,169,None,Move,development
1569326857.9529998,26,173,None,Move,development
1569326857.96,32,177,None,Move,development
1569326857.968,35,179,None,Move,development
1569326857.9770002,42,183,None,Move,development
1569326857.985,52,187,None,Move,development
1569326857.992,63,192,None,Move,development
1569326858.0,75,196,None,Move,development
1569326858.0070002,84,199,None,Move,development
1569326858.015,92,202,None,Move,development
1569326858.0229998,105,207,None,Move,development
1569326858.031,115,210,None,Move,development
1569326858.039,120,213,None,Move,development
1569326858.0470002,126,215,None,Move,development
1569326858.055,132,217,None,Move,development
1569326858.063,134,218,None,Move,development
1569326858.071,136,218,None,Move,development
1569326858.0779998,137,218,None,Move,development
1569326858.085,138,219,None,Move,development
1569326858.101,138,219,None,Move,development
1569326858.109,138,219,None,Move,development
1569326858.202,138,220,None,Move,development
1569326858.334,138,220,None,Move,development
1569326858.344,138,220,None,Move,development
1569326858.353,137,219,None,Move,development
1569326858.3620002,136,218,None,Move,development
1569326858.371,134,216,None,Move,development
1569326858.38,133,215,None,Move,development
1569326858.389,131,213,None,Move,development
1569326858.399,130,209,None,Move,development
1569326858.408,130,208,None,Move,development
1569326858.417,129,206,None,Move,development
1569326858.426,128,203,None,Move,development
1569326858.435,128,201,None,Move,development
1569326858.444,127,201,None,Move,development
1569326858.454,126,198,None,Move,development
1569326858.4629998,126,197,None,Move,development
1569326858.471,125,197,None,Move,development
1569326858.481,125,196,None,Move,development
1569326858.49,124,196,None,Move,development
1569326858.4989998,124,195,None,Move,development
1569326858.508,123,193,None,Move,development
1569326858.5170002,123,193,None,Move,development
1569326858.5270002,123,192,None,Move,development
1569326858.536,123,191,None,Move,development
1569326858.545,123,190,None,Move,development
1569326858.555,122,189,None,Move,development
1569326858.562,122,188,None,Move,development
1569326858.569,122,187,None,Move,development
1569326858.577,122,187,None,Move,development
1569326858.584,122,186,None,Move,development
1569326858.593,122,185,None,Move,development
1569326858.6,122,185,None,Move,development
1569326858.609,122,184,None,Move,development
1569326858.617,122,183,None,Move,development
1569326858.625,122,183,None,Move,development
1569326858.633,122,182,None,Move,development
1569326858.646,122,182,None,Move,development
1569326858.654,122,181,None,Move,development
1569326858.6620002,122,181,None,Move,development
1569326858.678,122,180,None,Move,development
1569326858.686,122,179,None,Move,development
1569326858.694,122,178,None,Move,development
1569326858.702,122,178,None,Move,development
1569326858.71,122,177,None,Move,development
1569326858.717,122,177,None,Move,development
1569326858.724,122,175,None,Move,development
1569326858.732,122,175,None,Move,development
1569326858.74,123,174,None,Move,development
1569326858.748,123,174,None,Move,development
1569326858.7570002,123,173,None,Move,development
1569326858.765,123,172,None,Move,development
1569326858.7729998,123,171,None,Move,development
1569326858.781,124,170,None,Move,development
1569326858.789,124,169,None,Move,development
1569326858.795,125,167,None,Move,development
1569326858.803,125,166,None,Move,development
1569326858.811,125,166,None,Move,development
1569326858.819,125,165,None,Move,development
1569326858.827,125,164,None,Move,development
1569326858.835,125,164,None,Move,development
1569326858.851,125,163,None,Move,development
1569326858.945,125,163,None,Move,development
1569326858.974,125,163,None,Move,development
1569326859.006,125,162,None,Move,development
1569326859.024,125,162,Left,Pressed,development
1569326859.024,125,162,None,Drag,development
1569326859.031,125,161,None,Drag,development
1569326859.044,125,160,None,Drag,development
1569326859.076,125,160,None,Drag,development
1569326859.076,125,160,Left,Released,development
1569326859.179,125,160,Left,Pressed,development
1569326859.2870002,125,160,Left,Released,development
1569326859.365,125,160,None,Move,development
1569326859.4829998,125,160,None,Move,development
1569326859.561,125,161,None,Move,development
1569326859.701,125,161,None,Move,development
1569326859.7489998,125,162,None,Move,development
1569326859.769,128,164,None,Move,development
1569326859.776,129,165,None,Move,development
1569326859.783,130,166,None,Move,development
1569326859.798,134,170,None,Move,development
1569326859.8070002,137,172,None,Move,development
1569326859.813,141,173,None,Move,development
1569326859.82,152,176,None,Move,development
1569326859.827,164,180,None,Move,development
1569326859.834,180,185,None,Move,development
1569326859.842,193,188,None,Move,development
1569326859.849,217,194,None,Move,development
1569326859.857,249,202,None,Move,development
1569326859.865,277,212,None,Move,development
1569326859.873,323,229,None,Move,development
1569326859.88,370,247,None,Move,development
1569326859.889,415,266,None,Move,development
1569326859.897,451,283,None,Move,development
1569326859.905,506,305,None,Move,development
1569326859.913,548,322,None,Move,development
1569326859.92,592,343,None,Move,development
1569326859.927,632,362,None,Move,development
1569326859.935,684,384,None,Move,development
1569326859.9429998,726,405,None,Move,development
1569326859.951,763,424,None,Move,development
1569326859.959,800,440,None,Move,development
1569326859.967,834,458,None,Move,development
1569326859.975,863,472,None,Move,development
1569326859.9829998,892,487,None,Move,development
1569326859.9910002,909,495,None,Move,development
1569326860.005,922,501,None,Move,development
1569326860.021,956,513,None,Move,development
1569326860.03,963,515,None,Move,development
1569326860.038,973,520,None,Move,development
1569326860.046,981,522,None,Move,development
1569326860.053,988,524,None,Move,development
1569326860.061,998,526,None,Move,development
1569326860.069,1005,528,None,Move,development
1569326860.077,1010,530,None,Move,development
1569326860.085,1013,530,None,Move,development
1569326860.092,1015,531,None,Move,development
1569326860.099,1017,531,None,Move,development
1569326860.115,1018,532,None,Move,development
1569326860.137,1021,532,None,Move,development
1569326860.163,1027,532,None,Move,development
1569326860.179,1031,532,None,Move,development
1569326860.186,1033,532,None,Move,development
1569326860.194,1034,532,None,Move,development
1569326860.201,1036,533,None,Move,development
1569326860.209,1038,534,None,Move,development
1569326860.216,1039,534,None,Move,development
1569326860.224,1041,535,None,Move,development
1569326860.232,1043,535,None,Move,development
1569326860.24,1046,536,None,Move,development
1569326860.248,1047,537,None,Move,development
1569326860.254,1048,537,None,Move,development
1569326860.262,1049,537,None,Move,development
1569326860.271,1050,538,None,Move,development
1569326860.286,1050,539,None,Move,development
1569326860.341,1050,539,None,Move,development
1569326860.349,1048,539,None,Move,development
1569326860.357,1046,539,None,Move,development
1569326860.365,1045,539,None,Move,development
1569326860.373,1041,539,None,Move,development
1569326860.381,1034,539,None,Move,development
1569326860.389,1028,538,None,Move,development
1569326860.397,1023,537,None,Move,development
1569326860.405,1016,536,None,Move,development
1569326860.413,1009,534,None,Move,development
1569326860.4220002,995,530,None,Move,development
1569326860.43,984,528,None,Move,development
1569326860.437,977,526,None,Move,development
1569326860.444,966,524,None,Move,development
1569326860.451,951,520,None,Move,development
1569326860.459,937,516,None,Move,development
1569326860.467,925,512,None,Move,development
1569326860.475,907,506,None,Move,development
1569326860.488,893,501,None,Move,development
1569326860.4970002,869,490,None,Move,development
1569326860.502,856,483,None,Move,development
1569326860.5110002,827,468,None,Move,development
1569326860.519,804,455,None,Move,development
1569326860.5270002,788,446,None,Move,development
1569326860.536,758,427,None,Move,development
1569326860.546,727,402,None,Move,development
1569326860.553,704,385,None,Move,development
1569326860.563,694,376,None,Move,development
1569326860.57,679,363,None,Move,development
1569326860.58,667,355,None,Move,development
1569326860.5879998,661,350,None,Move,development
1569326860.5979998,651,343,None,Move,development
1569326860.607,628,328,None,Move,development
1569326860.617,619,323,None,Move,development
1569326860.6260002,609,318,None,Move,development
1569326860.6360002,601,313,None,Move,development
1569326860.646,593,308,None,Move,development
1569326860.654,575,300,None,Move,development
1569326860.663,571,298,None,Move,development
1569326860.675,565,295,None,Move,development
1569326860.75,543,284,None,Move,development
1569326860.841,543,283,None,Move,development
1569326861.005,541,283,None,Move,development
1569326861.0129998,535,283,None,Move,development
1569326861.02,529,283,None,Move,development
1569326861.028,522,283,None,Move,development
1569326861.036,512,283,None,Move,development
1569326861.044,498,283,None,Move,development
1569326861.053,490,283,None,Move,development
1569326861.06,481,283,None,Move,development
1569326861.0670002,473,283,None,Move,development
1569326861.074,462,283,None,Move,development
1569326861.083,449,283,None,Move,development
1569326861.09,437,283,None,Move,development
1569326861.099,430,283,None,Move,development
1569326861.107,414,283,None,Move,development
1569326861.115,402,283,None,Move,development
1569326861.123,389,283,None,Move,development
1569326861.131,374,282,None,Move,development
1569326861.139,362,281,None,Move,development
1569326861.146,350,278,None,Move,development
1569326861.153,344,278,None,Move,development
1569326861.161,331,275,None,Move,development
1569326861.169,323,273,None,Move,development
1569326861.177,312,270,None,Move,development
1569326861.185,305,269,None,Move,development
1569326861.1929998,297,267,None,Move,development
1569326861.201,288,265,None,Move,development
1569326861.209,281,263,None,Move,development
1569326861.217,277,261,None,Move,development
1569326861.224,271,259,None,Move,development
1569326861.231,260,255,None,Move,development
1569326861.2389998,254,252,None,Move,development
1569326861.2470002,249,249,None,Move,development
1569326861.255,244,246,None,Move,development
1569326861.2629998,230,238,None,Move,development
1569326861.271,222,235,None,Move,development
1569326861.279,212,230,None,Move,development
1569326861.2870002,200,227,None,Move,development
1569326861.295,188,224,None,Move,development
1569326861.302,176,221,None,Move,development
1569326861.309,168,219,None,Move,development
1569326861.3170002,152,216,None,Move,development
1569326861.325,144,214,None,Move,development
1569326861.333,134,212,None,Move,development
1569326861.34,118,205,None,Move,development
1569326861.3479998,110,203,None,Move,development
1569326861.356,102,201,None,Move,development
1569326861.3639998,95,199,None,Move,development
1569326861.3720002,89,198,None,Move,development
1569326861.38,83,196,None,Move,development
1569326861.387,76,195,None,Move,development
1569326861.394,73,195,None,Move,development
1569326861.4020002,71,195,None,Move,development
1569326861.41,70,195,None,Move,development
1569326861.418,69,195,None,Move,development
1569326861.426,69,195,None,Move,development
1569326861.505,69,194,None,Move,development
1569326861.521,69,194,None,Move,development
1569326861.5370002,69,193,None,Move,development
1569326861.583,69,192,None,Move,development
1569326861.599,69,192,None,Move,development
1569326861.607,70,191,None,Move,development
1569326861.615,71,191,None,Move,development
1569326861.6220002,73,190,None,Move,development
1569326861.629,75,190,None,Move,development
1569326861.637,76,189,None,Move,development
1569326861.645,78,189,None,Move,development
1569326861.653,81,189,None,Move,development
1569326861.661,84,189,None,Move,development
1569326861.669,87,189,None,Move,development
1569326861.677,89,189,None,Move,development
1569326861.685,92,188,None,Move,development
1569326861.6929998,94,188,None,Move,development
1569326861.7,95,188,None,Move,development
1569326861.715,96,188,None,Move,development
1569326861.731,96,188,None,Move,development
1569326861.7470002,96,187,None,Move,development
1569326861.762,96,187,None,Move,development
1569326861.778,96,186,None,Move,development
1569326861.8,96,186,None,Move,development
1569326861.8079998,96,186,None,Move,development
1569326861.8860002,96,186,None,Move,development
1569326861.895,97,186,None,Move,development
1569326861.9020002,97,188,None,Move,development
1569326861.913,99,191,None,Move,development
1569326861.921,102,197,None,Move,development
1569326861.929,105,203,None,Move,development
1569326861.936,106,206,None,Move,development
1569326861.945,109,212,None,Move,development
1569326861.952,115,221,None,Move,development
1569326861.96,118,229,None,Move,development
1569326861.967,121,235,None,Move,development
1569326861.974,124,240,None,Move,development
1569326861.981,125,244,None,Move,development
1569326861.9889998,126,246,None,Move,development
1569326861.9970002,126,248,None,Move,development
1569326862.005,127,251,None,Move,development
1569326862.019,128,253,None,Move,development
1569326862.026,128,257,None,Move,development
1569326862.033,129,260,None,Move,development
1569326862.041,132,266,None,Move,development
1569326862.049,135,276,None,Move,development
1569326862.0570002,138,283,None,Move,development
1569326862.064,143,293,None,Move,development
1569326862.073,146,298,None,Move,development
1569326862.079,150,307,None,Move,development
1569326862.087,154,315,None,Move,development
1569326862.096,161,324,None,Move,development
1569326862.103,169,337,None,Move,development
1569326862.11,174,344,None,Move,development
1569326862.1179998,179,352,None,Move,development
1569326862.125,181,354,None,Move,development
1569326862.1320002,187,361,None,Move,development
1569326862.139,190,364,None,Move,development
1569326862.146,192,366,None,Move,development
1569326862.154,194,368,None,Move,development
1569326862.163,195,370,None,Move,development
1569326862.171,196,372,None,Move,development
1569326862.178,197,372,None,Move,development
1569326862.185,197,373,None,Move,development
1569326862.194,197,374,None,Move,development
1569326862.2,197,375,None,Move,development
1569326862.207,197,376,None,Move,development
1569326862.214,198,377,None,Move,development
1569326862.222,198,378,None,Move,development
1569326862.23,198,379,None,Move,development
1569326862.238,198,380,None,Move,development
1569326862.246,198,381,None,Move,development
1569326862.254,198,381,None,Move,development
1569326862.262,198,382,None,Move,development
1569326862.269,198,382,None,Move,development
1569326862.2770002,198,383,None,Move,development
1569326862.285,198,383,None,Move,development
1569326862.293,198,384,None,Move,development
1569326862.363,198,384,None,Move,development
1569326862.371,198,384,None,Move,development
1569326862.379,197,384,None,Move,development
1569326862.387,196,383,None,Move,development
1569326862.395,195,382,None,Move,development
1569326862.403,194,381,None,Move,development
1569326862.411,193,381,None,Move,development
1569326862.419,193,381,None,Move,development
1569326862.426,192,381,None,Move,development
1569326862.4329998,191,381,None,Move,development
1569326862.441,189,381,None,Move,development
1569326862.449,188,381,None,Move,development
1569326862.457,186,381,None,Move,development
1569326862.465,183,381,None,Move,development
1569326862.4729998,182,382,None,Move,development
1569326862.481,181,382,None,Move,development
1569326862.4889998,181,383,None,Move,development
1569326862.496,180,384,None,Move,development
1569326862.5029998,180,384,None,Move,development
1569326862.51,180,385,None,Move,development
1569326862.519,180,388,None,Move,development
1569326862.526,180,389,None,Move,development
1569326862.534,180,390,None,Move,development
1569326862.542,180,392,None,Move,development
1569326862.55,180,394,None,Move,development
1569326862.5579998,180,396,None,Move,development
1569326862.566,180,398,None,Move,development
1569326862.574,181,401,None,Move,development
1569326862.581,182,403,None,Move,development
1569326862.5879998,182,406,None,Move,development
1569326862.597,182,409,None,Move,development
1569326862.605,182,412,None,Move,development
1569326862.613,182,417,None,Move,development
1569326862.621,183,423,None,Move,development
1569326862.629,183,431,None,Move,development
1569326862.637,184,438,None,Move,development
1569326862.645,184,442,None,Move,development
1569326862.653,185,453,None,Move,development
1569326862.661,186,460,None,Move,development
1569326862.668,186,468,None,Move,development
1569326862.675,187,474,None,Move,development
1569326862.6829998,187,477,None,Move,development
1569326862.691,188,483,None,Move,development
1569326862.699,188,485,None,Move,development
1569326862.707,188,489,None,Move,development
1569326862.715,188,492,None,Move,development
1569326862.7229998,188,495,None,Move,development
1569326862.731,188,498,None,Move,development
1569326862.7389998,188,501,None,Move,development
1569326862.746,188,504,None,Move,development
1569326862.7529998,188,506,None,Move,development
1569326862.7610002,188,508,None,Move,development
1569326862.769,187,510,None,Move,development
1569326862.7770002,187,512,None,Move,development
1569326862.785,186,514,None,Move,development
1569326862.793,186,514,None,Move,development
1569326862.801,185,516,None,Move,development
1569326862.809,185,516,None,Move,development
1569326862.8170002,185,517,None,Move,development
1569326862.825,184,517,None,Move,development
1569326862.832,183,518,None,Move,development
1569326862.839,183,519,None,Move,development
1569326862.847,182,520,None,Move,development
1569326862.855,182,521,None,Move,development
1569326862.8620002,180,522,None,Move,development
1569326862.871,180,522,None,Move,development
1569326862.8779998,180,523,None,Move,development
1569326862.887,179,523,None,Move,development
1569326862.9020002,179,523,None,Move,development
1569326862.94,179,523,None,Move,development
1569326862.956,178,523,None,Move,development
1569326862.965,177,523,None,Move,development
1569326862.972,176,522,None,Move,development
1569326862.981,175,521,None,Move,development
1569326862.9889998,173,520,None,Move,development
1569326862.996,172,518,None,Move,development
1569326863.0029998,170,516,None,Move,development
1569326863.01,168,515,None,Move,development
1569326863.019,166,513,None,Move,development
1569326863.026,164,512,None,Move,development
1569326863.034,162,511,None,Move,development
1569326863.042,161,510,None,Move,development
1569326863.051,160,510,None,Move,development
1569326863.059,158,509,None,Move,development
1569326863.0670002,157,508,None,Move,development
1569326863.074,156,508,None,Move,development
1569326863.081,155,508,None,Move,development
1569326863.089,154,507,None,Move,development
1569326863.097,153,506,None,Move,development
1569326863.105,153,506,None,Move,development
1569326863.113,152,505,None,Move,development
1569326863.121,152,505,None,Move,development
1569326863.129,151,504,None,Move,development
1569326863.145,151,504,None,Move,development
1569326863.167,150,504,None,Move,development
1569326863.1829998,150,504,None,Move,development
1569326863.191,149,504,None,Move,development
1569326863.207,149,504,None,Move,development
1569326863.215,148,504,None,Move,development
1569326863.229,147,504,None,Move,development
1569326863.2370002,147,504,None,Move,development
1569326863.244,146,504,None,Move,development
1569326863.2770002,146,504,None,Move,development
1569326863.284,146,504,None,Move,development
1569326863.292,145,504,None,Move,development
1569326863.3,145,504,None,Move,development
1569326863.3079998,144,505,None,Move,development
1569326863.314,143,505,None,Move,development
1569326863.323,143,506,None,Move,development
1569326863.33,142,507,None,Move,development
1569326863.347,142,507,None,Move,development
1569326863.3620002,141,507,None,Move,development
1569326863.371,141,508,None,Move,development
1569326863.441,141,508,None,Move,development
1569326863.449,140,508,None,Move,development
1569326863.457,139,506,None,Move,development
1569326863.465,138,505,None,Move,development
1569326863.471,138,504,None,Move,development
1569326863.479,138,504,None,Move,development
1569326863.4870002,138,503,None,Move,development
1569326863.495,137,502,None,Move,development
1569326863.5029998,137,501,None,Move,development
1569326863.5110002,137,501,None,Move,development
1569326863.519,137,500,None,Move,development
1569326863.5270002,136,500,None,Move,development
1569326863.535,136,499,None,Move,development
1569326863.543,136,499,None,Move,development
1569326863.565,136,498,None,Move,development
1569326863.581,136,498,None,Move,development
1569326863.621,135,498,None,Move,development
1569326863.629,135,498,None,Move,development
1569326863.643,134,498,None,Move,development
1569326863.659,133,498,None,Move,development
1569326863.666,133,498,None,Move,development
1569326863.674,132,498,None,Move,development
1569326863.6820002,132,498,None,Move,development
1569326863.699,131,498,None,Move,development
1569326863.706,131,498,None,Move,development
1569326863.839,130,498,None,Move,development
1569326863.877,130,498,None,Move,development
1569326863.957,130,498,None,Move,development
1569326863.964,130,498,None,Move,development
1569326863.979,130,497,None,Move,development
1569326863.9870002,130,497,None,Move,development
1569326864.0010002,130,496,Left,Pressed,development
1569326864.0010002,130,496,None,Drag,development
1569326864.0110002,130,496,None,Drag,development
1569326864.0270002,130,495,None,Drag,development
1569326864.041,129,495,None,Drag,development
1569326864.041,129,495,Left,Released,development
1569326864.323,129,495,None,Move,development
1569326864.339,129,495,None,Move,development
1569326864.347,130,495,None,Move,development
1569326864.355,132,495,None,Move,development
1569326864.361,135,495,None,Move,development
1569326864.369,137,495,None,Move,development
1569326864.377,139,495,None,Move,development
1569326864.385,141,495,None,Move,development
1569326864.394,143,495,None,Move,development
1569326864.401,145,495,None,Move,development
1569326864.408,148,495,None,Move,development
1569326864.416,149,495,None,Move,development
1569326864.424,150,495,None,Move,development
1569326864.4320002,151,495,None,Move,development
1569326864.438,153,495,None,Move,development
1569326864.446,154,496,None,Move,development
1569326864.454,156,496,None,Move,development
1569326864.462,158,497,None,Move,development
1569326864.47,160,498,None,Move,development
1569326864.478,162,499,None,Move,development
1569326864.486,164,502,None,Move,development
1569326864.494,167,503,None,Move,development
1569326864.502,170,506,None,Move,development
1569326864.51,174,511,None,Move,development
1569326864.518,180,521,None,Move,development
1569326864.525,188,532,None,Move,development
1569326864.532,195,544,None,Move,development
1569326864.54,205,557,None,Move,development
1569326864.548,209,563,None,Move,development
1569326864.556,215,574,None,Move,development
1569326864.564,218,579,None,Move,development
1569326864.572,220,585,None,Move,development
1569326864.58,221,587,None,Move,development
1569326864.589,224,596,None,Move,development
1569326864.597,226,605,None,Move,development
1569326864.603,228,612,None,Move,development
1569326864.6120002,229,617,None,Move,development
1569326864.619,231,629,None,Move,development
1569326864.627,231,636,None,Move,development
1569326864.635,231,640,None,Move,development
1569326864.643,231,647,None,Move,development
1569326864.651,231,656,None,Move,development
1569326864.659,231,663,None,Move,development
1569326864.667,230,669,None,Move,development
1569326864.675,228,676,None,Move,development
1569326864.6820002,226,687,None,Move,development
1569326864.689,224,696,None,Move,development
1569326864.697,223,703,None,Move,development
1569326864.705,221,714,None,Move,development
1569326864.7129998,218,722,None,Move,development
1569326864.721,218,727,None,Move,development
1569326864.729,217,735,None,Move,development
1569326864.7370002,216,740,None,Move,development
1569326864.745,215,746,None,Move,development
1569326864.752,215,750,None,Move,development
1569326864.7610002,214,756,None,Move,development
1569326864.768,213,760,None,Move,development
1569326864.775,213,765,None,Move,development
1569326864.783,212,771,None,Move,development
1569326864.791,211,777,None,Move,development
1569326864.798,211,782,None,Move,development
1569326864.8070002,210,786,None,Move,development
1569326864.814,209,792,None,Move,development
1569326864.823,209,796,None,Move,development
1569326864.83,208,804,None,Move,development
1569326864.839,208,808,None,Move,development
1569326864.845,207,813,None,Move,development
1569326864.8520002,207,818,None,Move,development
1569326864.86,206,824,None,Move,development
1569326864.8679998,204,830,None,Move,development
1569326864.877,204,834,None,Move,development
1569326864.885,201,840,None,Move,development
1569326864.893,198,844,None,Move,development
1569326864.901,195,848,None,Move,development
1569326864.908,190,853,None,Move,development
1569326864.917,186,855,None,Move,development
1569326864.923,183,855,None,Move,development
1569326864.931,178,856,None,Move,development
1569326864.939,174,856,None,Move,development
1569326864.947,172,856,None,Move,development
1569326864.955,170,856,None,Move,development
1569326864.9629998,168,856,None,Move,development
1569326864.971,166,856,None,Move,development
1569326864.979,164,855,None,Move,development
1569326864.9870002,163,854,None,Move,development
1569326864.995,161,853,None,Move,development
1569326865.0010002,161,852,None,Move,development
1569326865.0089998,160,851,None,Move,development
1569326865.0170002,159,851,None,Move,development
1569326865.025,158,850,None,Move,development
1569326865.033,156,849,None,Move,development
1569326865.043,155,848,None,Move,development
1569326865.05,154,846,None,Move,development
1569326865.0570002,153,846,None,Move,development
1569326865.065,152,845,None,Move,development
1569326865.073,149,844,None,Move,development
1569326865.081,147,842,None,Move,development
1569326865.087,144,841,None,Move,development
1569326865.095,142,838,None,Move,development
1569326865.103,138,836,None,Move,development
1569326865.111,135,834,None,Move,development
1569326865.119,131,831,None,Move,development
1569326865.127,128,827,None,Move,development
1569326865.135,124,823,None,Move,development
1569326865.143,123,821,None,Move,development
1569326865.151,122,819,None,Move,development
1569326865.159,121,818,None,Move,development
1569326865.165,121,817,None,Move,development
1569326865.1720002,121,816,None,Move,development
1569326865.18,121,815,None,Move,development
1569326865.189,121,814,None,Move,development
1569326865.196,121,813,None,Move,development
1569326865.205,121,813,None,Move,development
1569326865.22,121,812,None,Move,development
1569326865.228,121,811,None,Move,development
1569326865.244,121,810,None,Move,development
1569326865.2589998,121,809,None,Move,development
1569326865.275,121,809,None,Move,development
1569326865.291,121,808,None,Move,development
1569326865.306,121,808,None,Move,development
1569326865.322,121,807,None,Move,development
1569326865.353,121,806,None,Move,development
1569326865.415,120,806,None,Move,development
1569326865.423,119,808,None,Move,development
1569326865.431,118,810,None,Move,development
1569326865.439,116,813,None,Move,development
1569326865.447,116,816,None,Move,development
1569326865.455,114,820,None,Move,development
1569326865.4629998,113,822,None,Move,development
1569326865.471,110,825,None,Move,development
1569326865.479,108,829,None,Move,development
1569326865.486,106,834,None,Move,development
1569326865.494,105,839,None,Move,development
1569326865.502,104,844,None,Move,development
1569326865.508,102,849,None,Move,development
1569326865.519,102,851,None,Move,development
1569326865.526,101,854,None,Move,development
1569326865.533,101,856,None,Move,development
1569326865.54,101,857,None,Move,development
1569326865.548,101,857,None,Move,development
1569326865.586,101,857,None,Move,development
1569326865.61,101,857,None,Move,development
1569326865.6179998,101,857,None,Move,development
1569326865.6260002,101,856,None,Move,development
1569326865.6339998,101,856,None,Move,development
1569326865.6420002,101,855,None,Move,development
1569326865.649,102,854,None,Move,development
1569326865.656,102,853,None,Move,development
1569326865.664,103,852,None,Move,development
1569326865.6720002,105,851,None,Move,development
1569326865.68,105,850,None,Move,development
1569326865.688,106,850,None,Move,development
1569326865.696,106,849,None,Move,development
1569326865.704,107,849,None,Move,development
1569326865.7129998,107,849,None,Move,development
1569326865.72,108,849,None,Move,development
1569326865.735,108,848,None,Move,development
1569326865.7429998,109,848,None,Move,development
1569326865.7589998,109,848,None,Move,development
1569326865.899,109,848,None,Move,development
1569326865.907,109,848,None,Move,development
1569326865.955,109,848,None,Move,development
1569326865.976,109,847,Left,Pressed,development
1569326865.976,109,847,None,Drag,development
1569326866.0,109,847,None,Drag,development
1569326866.024,109,846,None,Drag,development
1569326866.024,109,846,Left,Released,development
1569326866.095,109,846,None,Move,development
1569326866.104,109,846,None,Move,development
1569326866.127,109,847,None,Move,development
1569326866.219,109,847,None,Move,development
1569326866.275,109,847,None,Move,development
1569326866.353,109,847,None,Move,development
1569326866.36,110,847,None,Move,development
1569326866.3679998,112,847,None,Move,development
1569326866.375,113,847,None,Move,development
1569326866.3820002,115,847,None,Move,development
1569326866.39,117,846,None,Move,development
1569326866.3979998,119,846,None,Move,development
1569326866.406,122,845,None,Move,development
1569326866.414,124,844,None,Move,development
1569326866.423,125,844,None,Move,development
1569326866.431,127,842,None,Move,development
1569326866.439,129,841,None,Move,development
1569326866.447,131,840,None,Move,development
1569326866.454,133,838,None,Move,development
1569326866.462,135,838,None,Move,development
1569326866.47,138,836,None,Move,development
1569326866.478,140,835,None,Move,development
1569326866.486,142,835,None,Move,development
1569326866.4929998,144,834,None,Move,development
1569326866.5010002,146,833,None,Move,development
1569326866.5089998,146,833,None,Move,development
1569326866.5170002,147,833,None,Move,development
1569326866.525,148,833,None,Move,development
1569326866.5470002,148,833,None,Move,development
1569326866.571,148,833,None,Move,development
1569326866.603,148,832,None,Move,development
1569326866.649,148,832,None,Move,development
1569326866.673,148,832,None,Move,development
1569326866.875,149,832,None,Move,development
1569326867.063,149,833,None,Move,development
1569326867.071,149,834,None,Move,development
1569326867.079,149,835,None,Move,development
1569326867.087,150,835,None,Move,development
1569326867.094,150,836,None,Move,development
1569326867.1020002,151,839,None,Move,development
1569326867.109,151,840,None,Move,development
1569326867.1160002,152,842,None,Move,development
1569326867.125,152,844,None,Move,development
1569326867.1320002,152,846,None,Move,development
1569326867.14,152,847,None,Move,development
1569326867.1479998,152,848,None,Move,development
1569326867.156,152,850,None,Move,development
1569326867.164,152,852,None,Move,development
1569326867.1720002,151,853,None,Move,development
1569326867.18,151,854,None,Move,development
1569326867.187,151,855,None,Move,development
1569326867.194,151,855,None,Move,development
1569326867.2029998,151,855,None,Move,development
1569326867.321,150,855,None,Move,development
1569326867.329,149,854,None,Move,development
1569326867.337,147,851,None,Move,development
1569326867.345,147,850,None,Move,development
1569326867.3520002,146,850,None,Move,development
1569326867.359,145,849,None,Move,development
1569326867.367,144,848,None,Move,development
1569326867.375,143,848,None,Move,development
1569326867.383,142,847,None,Move,development
1569326867.391,140,846,None,Move,development
1569326867.399,139,845,None,Move,development
1569326867.407,138,843,None,Move,development
1569326867.415,136,842,None,Move,development
1569326867.423,135,840,None,Move,development
1569326867.43,134,838,None,Move,development
1569326867.437,133,836,None,Move,development
1569326867.445,133,835,None,Move,development
1569326867.4529998,133,834,None,Move,development
1569326867.461,133,834,None,Move,development
1569326867.468,133,833,None,Move,development
1569326867.4770002,133,833,None,Move,development
1569326867.492,133,832,None,Move,development
1569326867.508,133,831,None,Move,development
1569326867.531,133,831,None,Move,development
1569326867.538,133,830,None,Move,development
1569326867.546,133,830,None,Move,development
1569326867.554,133,829,None,Move,development
1569326867.5779998,133,829,None,Move,development
1569326867.593,133,828,None,Move,development
1569326867.609,133,827,None,Move,development
1569326867.6160002,132,827,None,Move,development
1569326867.625,132,827,None,Move,development
1569326867.657,132,826,None,Move,development
1569326867.7429998,132,826,None,Move,development
1569326867.7510002,132,826,None,Move,development
1569326867.758,131,828,None,Move,development
1569326867.765,131,828,None,Move,development
1569326867.7729998,131,830,None,Move,development
1569326867.781,131,831,None,Move,development
1569326867.789,131,832,None,Move,development
1569326867.7970002,131,833,None,Move,development
1569326867.805,131,834,None,Move,development
1569326867.813,131,834,None,Move,development
1569326867.821,131,835,None,Move,development
1569326867.829,131,836,None,Move,development
1569326867.843,131,837,None,Move,development
1569326867.859,131,837,None,Move,development
1569326867.928,131,838,None,Move,development
1569326868.055,131,838,None,Move,development
1569326868.063,131,838,None,Move,development
1569326868.071,131,837,None,Move,development
1569326868.079,131,836,None,Move,development
1569326868.085,131,835,None,Move,development
1569326868.093,131,833,None,Move,development
1569326868.101,131,833,None,Move,development
1569326868.109,131,832,None,Move,development
1569326868.117,131,831,None,Move,development
1569326868.1260002,131,830,None,Move,development
1569326868.133,131,829,None,Move,development
1569326868.149,131,829,None,Move,development
1569326868.163,131,828,None,Move,development
1569326868.171,131,828,None,Move,development
1569326868.179,131,827,None,Move,development
1569326868.187,131,826,None,Move,development
1569326868.202,131,826,None,Move,development
1569326868.211,131,825,None,Move,development
1569326868.218,131,825,None,Move,development
1569326868.235,131,824,None,Move,development
1569326868.264,131,824,None,Move,development
1569326868.288,131,823,None,Move,development
1569326868.296,131,822,None,Move,development
1569326868.304,131,822,None,Move,development
1569326868.32,131,821,None,Move,development
1569326868.327,131,820,None,Move,development
1569326868.335,131,819,None,Move,development
1569326868.342,131,819,None,Move,development
1569326868.35,131,818,None,Move,development
1569326868.3579998,131,818,None,Move,development
1569326868.3660002,130,817,None,Move,development
1569326868.3739998,130,816,None,Move,development
1569326868.3820002,129,815,None,Move,development
1569326868.391,129,815,None,Move,development
1569326868.405,129,814,None,Move,development
1569326868.421,129,814,None,Move,development
1569326868.429,129,813,None,Move,development
1569326868.4529998,129,813,None,Move,development
1569326868.577,129,813,None,Move,development
1569326868.585,130,813,None,Move,development
1569326868.594,133,813,None,Move,development
1569326868.6020002,136,813,None,Move,development
1569326868.61,139,813,None,Move,development
1569326868.617,142,813,None,Move,development
1569326868.625,145,813,None,Move,development
1569326868.633,149,814,None,Move,development
1569326868.64,152,814,None,Move,development
1569326868.647,155,814,None,Move,development
1569326868.654,158,814,None,Move,development
1569326868.6620002,162,814,None,Move,development
1569326868.67,164,814,None,Move,development
1569326868.679,165,814,None,Move,development
1569326868.686,166,814,None,Move,development
1569326868.694,166,815,None,Move,development
1569326868.702,167,815,None,Move,development
1569326868.756,167,815,None,Move,development
1569326868.789,167,815,None,Move,development
1569326868.883,167,814,None,Move,development
1569326868.975,167,813,None,Move,development
1569326869.389,168,813,None,Move,development
1569326869.397,169,812,None,Move,development
1569326869.405,170,812,None,Move,development
1569326869.414,174,809,None,Move,development
1569326869.421,180,806,None,Move,development
1569326869.429,185,803,None,Move,development
1569326869.437,191,800,None,Move,development
1569326869.445,197,797,None,Move,development
1569326869.452,208,792,None,Move,development
1569326869.459,212,790,None,Move,development
1569326869.467,227,784,None,Move,development
1569326869.474,235,780,None,Move,development
1569326869.482,252,771,None,Move,development
1569326869.49,265,762,None,Move,development
1569326869.498,287,748,None,Move,development
1569326869.506,309,731,None,Move,development
1569326869.514,324,719,None,Move,development
1569326869.522,345,700,None,Move,development
1569326869.53,365,679,None,Move,development
1569326869.538,389,655,None,Move,development
1569326869.545,426,618,None,Move,development
1569326869.552,455,587,None,Move,development
1569326869.56,477,564,None,Move,development
1569326869.569,512,525,None,Move,development
1569326869.577,540,494,None,Move,development
1569326869.585,561,471,None,Move,development
1569326869.592,588,439,None,Move,development
1569326869.6,614,409,None,Move,development
1569326869.6079998,635,386,None,Move,development
1569326869.6160002,659,360,None,Move,development
1569326869.623,684,334,None,Move,development
1569326869.63,705,311,None,Move,development
1569326869.6379998,719,296,None,Move,development
1569326869.646,756,256,None,Move,development
1569326869.655,785,229,None,Move,development
1569326869.663,808,208,None,Move,development
1569326869.671,853,167,None,Move,development
1569326869.679,886,139,None,Move,development
1569326869.687,915,112,None,Move,development
1569326869.695,945,89,None,Move,development
1569326869.7029998,971,67,None,Move,development
1569326869.709,1004,43,None,Move,development
1569326869.717,1031,25,None,Move,development
1569326869.725,1058,6,None,Move,development
1569326869.7329998,1083,-10,None,Move,development
1569326869.7410002,1120,-23,None,Move,development
1569326869.7489998,1149,-17,None,Move,development
1569326869.7570002,1195,-26,None,Move,development
1569326869.765,1234,-19,None,Move,development
1569326869.774,1268,-14,None,Move,development
1569326869.781,1299,-14,None,Move,development
1569326869.788,1338,-14,None,Move,development
1569326869.795,1374,-15,None,Move,development
1569326869.803,1391,-6,None,Move,development
1569326869.811,1440,-16,None,Move,development
1569326869.819,1470,-10,None,Move,development
1569326869.827,1511,-11,None,Move,development
1569326869.834,1557,-14,None,Move,development
1569326869.843,1595,-10,None,Move,development
1569326869.85,1651,-15,None,Move,development
1569326869.856,1699,-11,None,Move,development
1569326869.8639998,1734,-9,None,Move,development
1569326869.8720002,1793,-12,None,Move,development
1569326869.88,1825,-7,None,Move,development
1569326869.8879998,1860,-7,None,Move,development
1569326869.896,1889,-5,None,Move,development
1569326869.904,1918,-6,None,Move,development
1569326869.9120002,1939,-4,None,Move,development
1569326869.92,1945,-5,None,Move,development
1569326869.928,1933,-2,None,Move,development
1569326869.936,1931,-2,None,Move,development
1569326869.9420002,1934,-4,None,Move,development
1569326869.95,1933,-2,None,Move,development
1569326869.959,1931,-2,None,Move,development
1569326869.967,1924,-1,None,Move,development
1569326869.975,1929,-2,None,Move,development
1569326869.9829998,1922,-1,None,Move,development
1569326869.9910002,1921,-1,None,Move,development
1569326869.9989998,1920,0,None,Move,development
1569326870.147,1919,0,None,Move,development
1569326870.155,1915,0,None,Move,development
1569326870.163,1910,3,None,Move,development
1569326870.171,1905,6,None,Move,development
1569326870.178,1898,8,None,Move,development
1569326870.185,1892,10,None,Move,development
1569326870.1929998,1889,12,None,Move,development
1569326870.201,1886,13,None,Move,development
1569326870.209,1885,13,None,Move,development
1569326870.216,1883,14,None,Move,development
1569326870.225,1881,14,None,Move,development
1569326870.232,1879,15,None,Move,development
1569326870.24,1874,16,None,Move,development
1569326870.248,1868,17,None,Move,development
1569326870.256,1861,18,None,Move,development
1569326870.2629998,1856,19,None,Move,development
1569326870.27,1843,20,None,Move,development
1569326870.278,1836,21,None,Move,development
1569326870.286,1827,22,None,Move,development
1569326870.295,1821,22,None,Move,development
1569326870.303,1813,22,None,Move,development
1569326870.311,1801,22,None,Move,development
1569326870.3179998,1795,22,None,Move,development
1569326870.327,1789,22,None,Move,development
1569326870.335,1785,22,None,Move,development
1569326870.342,1781,22,None,Move,development
1569326870.349,1779,21,None,Move,development
1569326870.357,1779,21,None,Move,development
1569326870.451,1779,20,None,Move,development
1569326870.459,1780,18,None,Move,development
1569326870.467,1782,17,None,Move,development
1569326870.475,1782,17,None,Move,development
1569326870.4829998,1784,16,None,Move,development
1569326870.4910002,1785,15,None,Move,development
1569326870.4989998,1786,13,None,Move,development
1569326870.506,1788,12,None,Move,development
1569326870.5129998,1788,11,None,Move,development
1569326870.521,1789,11,None,Move,development
1569326870.529,1790,11,None,Move,development
1569326870.561,1790,10,None,Move,development
1569326870.677,1790,10,None,Move,development
1569326870.6929998,1790,10,Left,Pressed,development
1569326870.795,1790,10,Left,Released,development
1569326871.0129998,1790,10,None,Move,development
1569326871.02,1788,11,None,Move,development
1569326871.028,1785,13,None,Move,development
1569326871.036,1779,17,None,Move,development
1569326871.044,1775,19,None,Move,development
1569326871.052,1764,27,None,Move,development
1569326871.06,1755,33,None,Move,development
1569326871.0679998,1748,38,None,Move,development
1569326871.075,1727,56,None,Move,development
1569326871.082,1718,63,None,Move,development
1569326871.09,1696,80,None,Move,development
1569326871.0979998,1668,105,None,Move,development
1569326871.107,1645,125,None,Move,development
1569326871.115,1620,147,None,Move,development
1569326871.1220002,1594,169,None,Move,development
1569326871.131,1569,189,None,Move,development
1569326871.1379998,1544,209,None,Move,development
1569326871.147,1513,235,None,Move,development
1569326871.154,1492,254,None,Move,development
1569326871.161,1467,276,None,Move,development
1569326871.168,1431,306,None,Move,development
1569326871.177,1400,332,None,Move,development
1569326871.185,1359,363,None,Move,development
1569326871.1929998,1328,386,None,Move,development
1569326871.201,1287,418,None,Move,development
1569326871.209,1254,443,None,Move,development
1569326871.217,1214,470,None,Move,development
1569326871.225,1178,495,None,Move,development
1569326871.231,1151,511,None,Move,development
1569326871.2389998,1111,538,None,Move,development
1569326871.2470002,1084,555,None,Move,development
1569326871.255,1057,572,None,Move,development
1569326871.2629998,1030,589,None,Move,development
1569326871.271,1001,604,None,Move,development
1569326871.279,983,612,None,Move,development
1569326871.2870002,949,629,None,Move,development
1569326871.295,938,633,None,Move,development
1569326871.303,922,642,None,Move,development
1569326871.311,908,650,None,Move,development
1569326871.3179998,898,658,None,Move,development
1569326871.326,885,669,None,Move,development
1569326871.333,876,678,None,Move,development
1569326871.341,863,694,None,Move,development
1569326871.349,857,701,None,Move,development
1569326871.357,851,709,None,Move,development
1569326871.365,843,722,None,Move,development
1569326871.373,838,727,None,Move,development
1569326871.38,831,735,None,Move,development
1569326871.3879998,825,741,None,Move,development
1569326871.394,819,749,None,Move,development
1569326871.4020002,813,755,None,Move,development
1569326871.411,805,761,None,Move,development
1569326871.418,798,768,None,Move,development
1569326871.426,792,773,None,Move,development
1569326871.434,783,778,None,Move,development
1569326871.4420002,777,782,None,Move,development
1569326871.451,770,788,None,Move,development
1569326871.458,765,790,None,Move,development
1569326871.467,760,794,None,Move,development
1569326871.474,750,802,None,Move,development
1569326871.481,744,806,None,Move,development
1569326871.488,739,810,None,Move,development
1569326871.4970002,734,815,None,Move,development
1569326871.504,730,819,None,Move,development
1569326871.512,722,826,None,Move,development
1569326871.52,718,830,None,Move,development
1569326871.528,716,832,None,Move,development
1569326871.536,714,836,None,Move,development
1569326871.544,711,838,None,Move,development
1569326871.552,710,840,None,Move,development
1569326871.559,709,842,None,Move,development
1569326871.566,708,845,None,Move,development
1569326871.575,708,849,None,Move,development
1569326871.583,707,854,None,Move,development
1569326871.591,707,861,None,Move,development
1569326871.599,707,866,None,Move,development
1569326871.607,707,873,None,Move,development
1569326871.615,709,880,None,Move,development
1569326871.623,709,882,None,Move,development
1569326871.631,711,887,None,Move,development
1569326871.637,711,889,None,Move,development
1569326871.645,713,894,None,Move,development
1569326871.653,714,897,None,Move,development
1569326871.661,714,901,None,Move,development
1569326871.669,715,904,None,Move,development
1569326871.677,716,908,None,Move,development
1569326871.685,717,912,None,Move,development
1569326871.6929998,719,916,None,Move,development
1569326871.701,721,923,None,Move,development
1569326871.709,721,924,None,Move,development
1569326871.716,722,929,None,Move,development
1569326871.7229998,725,935,None,Move,development
1569326871.731,726,938,None,Move,development
1569326871.7389998,728,941,None,Move,development
1569326871.7470002,728,943,None,Move,development
1569326871.755,730,945,None,Move,development
1569326871.7629998,730,948,None,Move,development
1569326871.771,731,950,None,Move,development
1569326871.779,732,951,None,Move,development
1569326871.7870002,732,952,None,Move,development
1569326871.794,732,953,None,Move,development
1569326871.801,733,953,None,Move,development
1569326871.8079998,734,955,None,Move,development
1569326871.8170002,734,957,None,Move,development
1569326871.824,734,959,None,Move,development
1569326871.832,734,960,None,Move,development
1569326871.84,734,962,None,Move,development
1569326871.849,734,963,None,Move,development
1569326871.856,735,965,None,Move,development
1569326871.8639998,735,968,None,Move,development
1569326871.8720002,735,970,None,Move,development
1569326871.879,735,974,None,Move,development
1569326871.8860002,735,978,None,Move,development
1569326871.894,735,982,None,Move,development
1569326871.9020002,735,988,None,Move,development
1569326871.91,735,992,None,Move,development
1569326871.919,735,1000,None,Move,development
1569326871.926,735,1007,None,Move,development
1569326871.934,734,1017,None,Move,development
1569326871.9429998,733,1026,None,Move,development
1569326871.95,733,1029,None,Move,development
1569326871.957,732,1037,None,Move,development
1569326871.965,731,1045,None,Move,development
1569326871.972,731,1048,None,Move,development
1569326871.981,730,1051,None,Move,development
1569326871.9889998,730,1054,None,Move,development
1569326871.9970002,730,1055,None,Move,development
1569326872.005,730,1056,None,Move,development
1569326872.185,730,1056,None,Move,development
1569326872.254,730,1056,None,Move,development
1569326872.262,730,1056,None,Move,development
1569326872.27,729,1057,None,Move,development
1569326872.2770002,729,1057,None,Move,development
1569326872.284,728,1058,None,Move,development
1569326872.292,727,1058,None,Move,development
1569326872.301,727,1058,None,Move,development
1569326872.309,726,1059,None,Move,development
1569326872.316,726,1059,None,Move,development
1569326872.324,725,1060,None,Move,development
1569326872.332,725,1060,None,Move,development
1569326872.341,725,1060,None,Move,development
1569326872.349,725,1061,None,Move,development
1569326872.356,723,1062,None,Move,development
1569326872.363,722,1062,None,Move,development
1569326872.371,721,1063,None,Move,development
1569326872.379,718,1064,None,Move,development
1569326872.387,717,1064,None,Move,development
1569326872.395,715,1064,None,Move,development
1569326872.403,714,1064,None,Move,development
1569326872.411,712,1065,None,Move,development
1569326872.419,711,1065,None,Move,development
1569326872.427,710,1065,None,Move,development
1569326872.435,709,1065,None,Move,development
1569326872.4429998,708,1065,None,Move,development
1569326872.45,707,1065,None,Move,development
1569326872.457,705,1065,None,Move,development
1569326872.465,702,1066,None,Move,development
1569326872.474,700,1066,None,Move,development
1569326872.481,699,1066,None,Move,development
1569326872.4889998,698,1066,None,Move,development
1569326872.4970002,696,1066,None,Move,development
1569326872.506,696,1066,None,Move,development
1569326872.5129998,695,1066,None,Move,development
1569326872.521,693,1066,None,Move,development
1569326872.5270002,692,1066,None,Move,development
1569326872.535,691,1066,None,Move,development
1569326872.543,689,1066,None,Move,development
1569326872.551,686,1066,None,Move,development
1569326872.5579998,684,1067,None,Move,development
1569326872.566,681,1067,None,Move,development
1569326872.574,679,1068,None,Move,development
1569326872.582,677,1068,None,Move,development
1569326872.5979998,676,1068,None,Move,development
1569326872.7389998,676,1068,None,Move,development
1569326872.785,676,1068,Left,Pressed,development
1569326872.785,676,1068,None,Drag,development
1569326872.809,676,1069,None,Drag,development
1569326872.809,676,1069,Left,Released,development
1569326873.059,676,1069,None,Move,office
1569326873.075,675,1069,None,Move,office
1569326873.083,674,1068,None,Move,office
1569326873.09,673,1066,None,Move,office
1569326873.097,670,1064,None,Move,office
1569326873.104,669,1061,None,Move,office
1569326873.113,666,1057,None,Move,office
1569326873.121,664,1055,None,Move,office
1569326873.129,661,1051,None,Move,office
1569326873.137,659,1049,None,Move,office
1569326873.145,655,1045,None,Move,office
1569326873.153,650,1042,None,Move,office
1569326873.161,648,1039,None,Move,office
1569326873.184,644,1036,None,Move,office
1569326873.191,628,1024,None,Move,office
1569326873.199,620,1020,None,Move,office
1569326873.207,614,1017,None,Move,office
1569326873.215,609,1014,None,Move,office
1569326873.2229998,603,1010,None,Move,office
1569326873.231,600,1008,None,Move,office
1569326873.2389998,594,1004,None,Move,office
1569326873.2470002,589,1001,None,Move,office
1569326873.256,587,998,None,Move,office
1569326873.2629998,582,996,None,Move,office
1569326873.271,578,991,None,Move,office
1569326873.2770002,576,988,None,Move,office
1569326873.286,573,985,None,Move,office
1569326873.293,573,984,None,Move,office
1569326873.301,570,980,None,Move,office
1569326873.309,568,977,None,Move,office
1569326873.3170002,565,973,None,Move,office
1569326873.324,563,970,None,Move,office
1569326873.331,561,965,None,Move,office
1569326873.3379998,558,961,None,Move,office
1569326873.346,555,957,None,Move,office
1569326873.354,553,953,None,Move,office
1569326873.363,552,949,None,Move,office
1569326873.37,549,945,None,Move,office
1569326873.3779998,546,940,None,Move,office
1569326873.3860002,543,935,None,Move,office
1569326873.394,539,929,None,Move,office
1569326873.4020002,535,923,None,Move,office
1569326873.41,531,919,None,Move,office
1569326873.417,524,909,None,Move,office
1569326873.424,518,903,None,Move,office
1569326873.4320002,514,898,None,Move,office
1569326873.441,509,894,None,Move,office
1569326873.449,505,890,None,Move,office
1569326873.457,500,886,None,Move,office
1569326873.465,498,885,None,Move,office
1569326873.472,495,882,None,Move,office
1569326873.48,491,880,None,Move,office
1569326873.4889998,488,876,None,Move,office
1569326873.496,484,874,None,Move,office
1569326873.5029998,480,871,None,Move,office
1569326873.5110002,476,868,None,Move,office
1569326873.519,470,864,None,Move,office
1569326873.5270002,464,859,None,Move,office
1569326873.535,457,853,None,Move,office
1569326873.543,450,848,None,Move,office
1569326873.551,445,841,None,Move,office
1569326873.559,442,839,None,Move,office
1569326873.5670002,434,832,None,Move,office
1569326873.574,431,829,None,Move,office
1569326873.581,426,824,None,Move,office
1569326873.589,422,820,None,Move,office
1569326873.597,417,815,None,Move,office
1569326873.605,414,813,None,Move,office
1569326873.613,413,812,None,Move,office
1569326873.621,411,810,None,Move,office
1569326873.629,410,809,None,Move,office
1569326873.637,409,809,None,Move,office
1569326873.667,409,809,None,Move,office
1569326873.6829998,409,809,None,Move,office
1569326873.691,409,809,None,Move,office
1569326873.706,409,809,None,Move,office
1569326874.08,409,808,None,Move,office
1569326874.0879998,409,807,None,Move,office
1569326874.096,410,805,None,Move,office
1569326874.105,411,802,None,Move,office
1569326874.1120002,413,799,None,Move,office
1569326874.12,415,796,None,Move,office
1569326874.1279998,417,792,None,Move,office
1569326874.1360002,418,790,None,Move,office
1569326874.143,420,788,None,Move,office
1569326874.15,421,785,None,Move,office
1569326874.158,423,781,None,Move,office
1569326874.166,424,779,None,Move,office
1569326874.174,426,778,None,Move,office
1569326874.1829998,427,775,None,Move,office
1569326874.191,428,775,None,Move,office
1569326874.199,428,774,None,Move,office
1569326874.207,429,773,None,Move,office
1569326874.215,429,772,None,Move,office
1569326874.2229998,430,771,None,Move,office
1569326874.229,430,771,None,Move,office
1569326874.2370002,430,770,None,Move,office
1569326874.245,430,769,None,Move,office
1569326874.2529998,431,767,None,Move,office
1569326874.2610002,431,765,None,Move,office
1569326874.269,432,763,None,Move,office
1569326874.2770002,433,761,None,Move,office
1569326874.285,434,758,None,Move,office
1569326874.293,436,750,None,Move,office
1569326874.301,438,745,None,Move,office
1569326874.3079998,440,741,None,Move,office
1569326874.315,443,733,None,Move,office
1569326874.323,446,726,None,Move,office
1569326874.331,449,720,None,Move,office
1569326874.339,451,716,None,Move,office
1569326874.347,457,708,None,Move,office
1569326874.355,463,701,None,Move,office
1569326874.363,466,697,None,Move,office
1569326874.371,474,689,None,Move,office
1569326874.379,479,685,None,Move,office
1569326874.3860002,481,683,None,Move,office
1569326874.393,484,681,None,Move,office
1569326874.401,488,679,None,Move,office
1569326874.409,489,678,None,Move,office
1569326874.417,490,678,None,Move,office
1569326874.449,491,678,None,Move,office
1569326874.471,491,678,None,Move,office
1569326874.486,492,678,None,Move,office
1569326874.494,493,678,None,Move,office
1569326874.502,494,677,None,Move,office
1569326874.51,494,677,None,Move,office
1569326874.518,495,677,None,Move,office
1569326874.5270002,496,676,None,Move,office
1569326874.534,498,676,None,Move,office
1569326874.543,499,676,None,Move,office
1569326874.549,500,675,None,Move,office
1569326874.556,501,675,None,Move,office
1569326874.565,504,675,None,Move,office
1569326874.572,506,675,None,Move,office
1569326874.581,508,674,None,Move,office
1569326874.589,510,673,None,Move,office
1569326874.596,513,672,None,Move,office
1569326874.605,519,671,None,Move,office
1569326874.613,520,671,None,Move,office
1569326874.621,523,671,None,Move,office
1569326874.627,529,670,None,Move,office
1569326874.635,534,670,None,Move,office
1569326874.643,538,669,None,Move,office
1569326874.651,543,669,None,Move,office
1569326874.659,546,669,None,Move,office
1569326874.667,551,669,None,Move,office
1569326874.675,556,669,None,Move,office
1569326874.6829998,562,668,None,Move,office
1569326874.691,568,667,None,Move,office
1569326874.699,577,666,None,Move,office
1569326874.707,585,666,None,Move,office
1569326874.714,592,665,None,Move,office
1569326874.721,603,664,None,Move,office
1569326874.729,610,663,None,Move,office
1569326874.7370002,617,662,None,Move,office
1569326874.745,621,662,None,Move,office
1569326874.7529998,630,661,None,Move,office
1569326874.7610002,637,660,None,Move,office
1569326874.769,644,660,None,Move,office
1569326874.7770002,648,659,None,Move,office
1569326874.785,655,659,None,Move,office
1569326874.793,661,658,None,Move,office
1569326874.8,664,658,None,Move,office
1569326874.8070002,667,658,None,Move,office
1569326874.815,672,657,None,Move,office
1569326874.823,675,657,None,Move,office
1569326874.831,677,657,None,Move,office
1569326874.8379998,678,657,None,Move,office
1569326874.846,681,657,None,Move,office
1569326874.854,683,657,None,Move,office
1569326874.8620002,685,657,None,Move,office
1569326874.87,685,657,None,Move,office
1569326874.877,687,657,None,Move,office
1569326874.8839998,688,657,None,Move,office
1569326874.8920002,690,657,None,Move,office
1569326874.9,691,657,None,Move,office
1569326874.908,692,657,None,Move,office
1569326874.916,693,657,None,Move,office
1569326874.924,696,657,None,Move,office
1569326874.9320002,698,657,None,Move,office
1569326874.94,700,657,None,Move,office
1569326874.949,705,656,None,Move,office
1569326874.956,709,656,None,Move,office
1569326874.9629998,715,656,None,Move,office
1569326874.971,720,655,None,Move,office
1569326874.979,725,655,None,Move,office
1569326874.9870002,730,654,None,Move,office
1569326874.994,733,653,None,Move,office
1569326875.0029998,740,652,None,Move,office
1569326875.0110002,748,651,None,Move,office
1569326875.019,754,650,None,Move,office
1569326875.0270002,757,650,None,Move,office
1569326875.035,762,650,None,Move,office
1569326875.041,768,649,None,Move,office
1569326875.049,772,649,None,Move,office
1569326875.0570002,777,649,None,Move,office
1569326875.065,779,649,None,Move,office
1569326875.073,785,649,None,Move,office
1569326875.081,790,649,None,Move,office
1569326875.089,795,649,None,Move,office
1569326875.097,799,649,None,Move,office
1569326875.105,803,649,None,Move,office
1569326875.113,808,649,None,Move,office
1569326875.119,812,650,None,Move,office
1569326875.127,816,650,None,Move,office
1569326875.135,820,651,None,Move,office
1569326875.143,824,651,None,Move,office
1569326875.151,828,651,None,Move,office
1569326875.159,832,651,None,Move,office
1569326875.167,834,652,None,Move,office
1569326875.175,838,652,None,Move,office
1569326875.1820002,842,652,None,Move,office
1569326875.191,845,652,None,Move,office
1569326875.198,849,652,None,Move,office
1569326875.204,857,652,None,Move,office
1569326875.212,861,652,None,Move,office
1569326875.221,867,652,None,Move,office
1569326875.228,871,652,None,Move,office
1569326875.236,874,652,None,Move,office
1569326875.244,879,652,None,Move,office
1569326875.252,884,652,None,Move,office
1569326875.26,891,652,None,Move,office
1569326875.268,895,652,None,Move,office
1569326875.275,901,652,None,Move,office
1569326875.282,905,652,None,Move,office
1569326875.29,909,652,None,Move,office
1569326875.298,914,652,None,Move,office
1569326875.306,922,652,None,Move,office
1569326875.314,928,652,None,Move,office
1569326875.322,932,652,None,Move,office
1569326875.331,940,652,None,Move,office
1569326875.339,947,652,None,Move,office
1569326875.347,951,652,None,Move,office
1569326875.354,960,653,None,Move,office
1569326875.36,966,653,None,Move,office
1569326875.369,974,653,None,Move,office
1569326875.38,982,653,None,Move,office
1569326875.387,991,654,None,Move,office
1569326875.394,1005,654,None,Move,office
1569326875.401,1014,654,None,Move,office
1569326875.409,1022,654,None,Move,office
1569326875.417,1032,654,None,Move,office
1569326875.425,1041,654,None,Move,office
1569326875.4329998,1059,654,None,Move,office
1569326875.44,1067,654,None,Move,office
1569326875.447,1080,654,None,Move,office
1569326875.455,1092,653,None,Move,office
1569326875.4629998,1107,653,None,Move,office
1569326875.471,1121,653,None,Move,office
1569326875.479,1132,653,None,Move,office
1569326875.4870002,1140,653,None,Move,office
1569326875.495,1162,653,None,Move,office
1569326875.5029998,1175,653,None,Move,office
1569326875.5110002,1181,653,None,Move,office
1569326875.5170002,1193,653,None,Move,office
1569326875.525,1206,654,None,Move,office
1569326875.533,1220,656,None,Move,office
1569326875.541,1230,658,None,Move,office
1569326875.549,1238,659,None,Move,office
1569326875.5570002,1248,660,None,Move,office
1569326875.565,1255,661,None,Move,office
1569326875.573,1263,662,None,Move,office
1569326875.581,1275,664,None,Move,office
1569326875.589,1285,665,None,Move,office
1569326875.596,1289,666,None,Move,office
1569326875.6020002,1302,667,None,Move,office
1569326875.611,1313,668,None,Move,office
1569326875.6179998,1318,668,None,Move,office
1569326875.6260002,1327,669,None,Move,office
1569326875.6339998,1332,669,None,Move,office
1569326875.6420002,1339,669,None,Move,office
1569326875.65,1348,669,None,Move,office
1569326875.658,1355,669,None,Move,office
1569326875.666,1361,669,None,Move,office
1569326875.674,1366,669,None,Move,office
1569326875.681,1372,669,None,Move,office
1569326875.689,1379,669,None,Move,office
1569326875.697,1383,669,None,Move,office
1569326875.705,1385,669,None,Move,office
1569326875.7129998,1388,669,None,Move,office
1569326875.721,1390,669,None,Move,office
1569326875.729,1393,669,None,Move,office
1569326875.7370002,1394,669,None,Move,office
1569326875.745,1395,669,None,Move,office
1569326875.7529998,1396,669,None,Move,office
1569326875.76,1397,669,None,Move,office
1569326875.7670002,1398,669,None,Move,office
1569326875.861,1398,669,None,Move,office
1569326875.869,1396,669,None,Move,office
1569326875.877,1394,671,None,Move,office
1569326875.885,1391,672,None,Move,office
1569326875.893,1386,673,None,Move,office
1569326875.901,1381,673,None,Move,office
1569326875.909,1375,674,None,Move,office
1569326875.915,1368,675,None,Move,office
1569326875.9220002,1363,676,None,Move,office
1569326875.931,1357,677,None,Move,office
1569326875.939,1350,678,None,Move,office
1569326875.947,1345,678,None,Move,office
1569326875.954,1338,678,None,Move,office
1569326875.9629998,1333,678,None,Move,office
1569326875.97,1326,678,None,Move,office
1569326875.978,1320,678,None,Move,office
1569326875.9870002,1315,678,None,Move,office
1569326875.994,1308,677,None,Move,office
1569326876.0010002,1302,676,None,Move,office
1569326876.008,1297,676,None,Move,office
1569326876.016,1290,676,None,Move,office
1569326876.024,1285,676,None,Move,office
1569326876.032,1279,676,None,Move,office
1569326876.04,1271,676,None,Move,office
1569326876.048,1266,676,None,Move,office
1569326876.0570002,1254,677,None,Move,office
1569326876.065,1248,677,None,Move,office
1569326876.073,1240,677,None,Move,office
1569326876.079,1235,677,None,Move,office
1569326876.086,1229,677,None,Move,office
1569326876.095,1225,677,None,Move,office
1569326876.103,1218,676,None,Move,office
1569326876.111,1215,675,None,Move,office
1569326876.119,1212,674,None,Move,office
1569326876.127,1207,672,None,Move,office
1569326876.135,1202,671,None,Move,office
1569326876.143,1197,670,None,Move,office
1569326876.151,1193,670,None,Move,office
1569326876.159,1190,670,None,Move,office
1569326876.165,1186,669,None,Move,office
1569326876.173,1181,669,None,Move,office
1569326876.181,1178,668,None,Move,office
1569326876.189,1175,668,None,Move,office
1569326876.197,1172,667,None,Move,office
1569326876.205,1170,667,None,Move,office
1569326876.2129998,1169,667,None,Move,office
1569326876.221,1168,667,None,Move,office
1569326876.229,1167,667,None,Move,office
1569326876.2370002,1166,667,None,Move,office
1569326876.244,1166,667,None,Move,office
1569326876.2510002,1165,667,None,Move,office
1569326876.2589998,1163,667,None,Move,office
1569326876.2670002,1161,667,None,Move,office
1569326876.275,1160,667,None,Move,office
1569326876.283,1158,667,None,Move,office
1569326876.291,1157,667,None,Move,office
1569326876.299,1154,667,None,Move,office
1569326876.3070002,1152,667,None,Move,office
1569326876.315,1150,667,None,Move,office
1569326876.322,1147,667,None,Move,office
1569326876.329,1140,667,None,Move,office
1569326876.336,1134,667,None,Move,office
1569326876.345,1133,666,None,Move,office
1569326876.353,1128,665,None,Move,office
1569326876.36,1126,664,None,Move,office
1569326876.369,1125,663,None,Move,office
1569326876.3760002,1124,662,None,Move,office
1569326876.385,1124,661,None,Move,office
1569326876.4,1124,661,None,Move,office
1569326876.407,1124,660,None,Move,office
1569326876.43,1124,660,None,Move,office
1569326876.439,1125,659,None,Move,office
1569326876.446,1126,659,None,Move,office
1569326876.454,1128,659,None,Move,office
1569326876.4629998,1129,659,None,Move,office
1569326876.47,1131,659,None,Move,office
1569326876.4770002,1134,659,None,Move,office
1569326876.484,1137,659,None,Move,office
1569326876.4929998,1140,659,None,Move,office
1569326876.5010002,1143,659,None,Move,office
1569326876.508,1146,659,None,Move,office
1569326876.5170002,1149,659,None,Move,office
1569326876.525,1152,658,None,Move,office
1569326876.533,1153,658,None,Move,office
1569326876.541,1155,657,None,Move,office
1569326876.549,1158,657,None,Move,office
1569326876.5570002,1160,657,None,Move,office
1569326876.564,1162,657,None,Move,office
1569326876.571,1164,657,None,Move,office
1569326876.579,1164,657,None,Move,office
1569326876.587,1165,657,None,Move,office
1569326876.595,1166,657,None,Move,office
1569326876.603,1167,657,None,Move,office
1569326876.774,1167,657,None,Move,office
1569326876.782,1168,657,None,Move,office
1569326876.79,1170,657,None,Move,office
1569326876.798,1171,657,None,Move,office
1569326876.805,1173,657,None,Move,office
1569326876.812,1174,657,None,Move,office
1569326876.82,1176,657,None,Move,office
1569326876.829,1177,657,None,Move,office
1569326876.837,1178,657,None,Move,office
1569326876.845,1178,657,None,Move,office
1569326876.853,1179,657,None,Move,office
1569326876.861,1180,657,None,Move,office
1569326876.869,1180,657,None,Move,office
1569326877.055,1180,656,None,Move,office
1569326877.21,1180,656,Left,Pressed,office
1569326877.21,1180,656,None,Drag,office
1569326877.218,1179,656,None,Drag,office
1569326877.226,1177,656,None,Drag,office
1569326877.235,1175,656,None,Drag,office
1569326877.2429998,1172,656,None,Drag,office
1569326877.252,1170,656,None,Drag,office
1569326877.2629998,1167,656,None,Drag,office
1569326877.274,1163,656,None,Drag,office
1569326877.282,1157,656,None,Drag,office
1569326877.293,1146,657,None,Drag,office
1569326877.302,1139,657,None,Drag,office
1569326877.312,1134,657,None,Drag,office
1569326877.319,1127,657,None,Drag,office
1569326877.3279998,1122,657,None,Drag,office
1569326877.335,1116,657,None,Drag,office
1569326877.3479998,1104,657,None,Drag,office
1569326877.357,1099,657,None,Drag,office
1569326877.3660002,1093,657,None,Drag,office
1569326877.3739998,1088,657,None,Drag,office
1569326877.3820002,1084,657,None,Drag,office
1569326877.391,1078,657,None,Drag,office
1569326877.399,1075,657,None,Drag,office
1569326877.409,1071,657,None,Drag,office
1569326877.416,1069,657,None,Drag,office
1569326877.425,1066,657,None,Drag,office
1569326877.4329998,1063,657,None,Drag,office
1569326877.4429998,1060,657,None,Drag,office
1569326877.452,1057,657,None,Drag,office
1569326877.462,1052,657,None,Drag,office
1569326877.47,1050,657,None,Drag,office
1569326877.478,1047,656,None,Drag,office
1569326877.486,1045,656,None,Drag,office
1569326877.496,1042,656,None,Drag,office
1569326877.5029998,1039,656,None,Drag,office
1569326877.512,1037,656,None,Drag,office
1569326877.519,1035,656,None,Drag,office
1569326877.528,1033,656,None,Drag,office
1569326877.536,1033,656,None,Drag,office
1569326877.545,1032,656,None,Drag,office
1569326877.552,1032,656,None,Drag,office
1569326877.57,1031,656,None,Drag,office
1569326877.6020002,1031,656,None,Drag,office
1569326877.61,1030,656,None,Drag,office
1569326877.617,1029,656,None,Drag,office
1569326877.6239998,1027,656,None,Drag,office
1569326877.633,1026,656,None,Drag,office
1569326877.641,1025,656,None,Drag,office
1569326877.65,1023,656,None,Drag,office
1569326877.658,1021,656,None,Drag,office
1569326877.668,1019,656,None,Drag,office
1569326877.681,1017,656,None,Drag,office
1569326877.689,1016,656,None,Drag,office
1569326877.698,1016,656,None,Drag,office
1569326877.992,1015,656,None,Drag,office
1569326878.0,1014,656,None,Drag,office
1569326878.008,1014,656,None,Drag,office
1569326878.018,1013,656,None,Drag,office
1569326878.0270002,1013,657,None,Drag,office
1569326878.034,1011,657,None,Drag,office
1569326878.0470002,1009,657,None,Drag,office
1569326878.054,1008,657,None,Drag,office
1569326878.065,1006,658,None,Drag,office
1569326878.071,1004,658,None,Drag,office
1569326878.081,1003,659,None,Drag,office
1569326878.091,1003,659,None,Drag,office
1569326878.099,1002,659,None,Drag,office
1569326878.1079998,1002,659,None,Drag,office
1569326878.1179998,1001,659,None,Drag,office
1569326878.1260002,1001,659,None,Drag,office
1569326878.1260002,1001,659,Left,Released,office
1569326878.3739998,1000,660,None,Move,office
1569326878.391,999,660,None,Move,office
1569326881.5979998,999,660,None,Move,office
1569326881.607,1001,660,None,Move,office
1569326881.617,1005,658,None,Move,office
1569326881.6260002,1011,657,None,Move,office
1569326881.6339998,1016,654,None,Move,office
1569326881.641,1032,648,None,Move,office
1569326881.6479998,1054,640,None,Move,office
1569326881.656,1068,635,None,Move,office
1569326881.665,1078,634,None,Move,office
1569326881.674,1096,633,None,Move,office
1569326881.6829998,1109,633,None,Move,office
1569326881.6920002,1120,634,None,Move,office
1569326881.701,1146,642,None,Move,office
1569326881.71,1154,645,None,Move,office
1569326881.718,1164,647,None,Move,office
1569326881.725,1172,649,None,Move,office
1569326881.734,1187,651,None,Move,office
1569326881.7410002,1198,652,None,Move,office
1569326881.75,1211,653,None,Move,office
1569326881.7589998,1219,653,None,Move,office
1569326881.769,1246,653,None,Move,office
1569326881.7770002,1257,653,None,Move,office
1569326881.785,1276,653,None,Move,office
1569326881.792,1291,651,None,Move,office
1569326881.799,1319,649,None,Move,office
1569326881.8070002,1331,648,None,Move,office
1569326881.814,1356,645,None,Move,office
1569326881.821,1378,644,None,Move,office
1569326881.829,1392,644,None,Move,office
1569326881.8379998,1412,641,None,Move,office
1569326881.847,1427,640,None,Move,office
1569326881.854,1444,639,None,Move,office
1569326881.8620002,1457,639,None,Move,office
1569326881.87,1469,638,None,Move,office
1569326881.877,1485,637,None,Move,office
1569326881.887,1499,636,None,Move,office
1569326881.895,1511,636,None,Move,office
1569326881.9020002,1527,636,None,Move,office
1569326881.91,1540,636,None,Move,office
1569326881.917,1560,636,None,Move,office
1569326881.925,1575,636,None,Move,office
1569326881.9329998,1589,636,None,Move,office
1569326881.94,1602,638,None,Move,office
1569326881.948,1608,639,None,Move,office
1569326881.955,1621,641,None,Move,office
1569326881.964,1626,642,None,Move,office
1569326881.971,1633,644,None,Move,office
1569326881.978,1640,646,None,Move,office
1569326881.984,1650,648,None,Move,office
1569326881.992,1655,649,None,Move,office
1569326882.0,1661,650,None,Move,office
1569326882.0070002,1667,651,None,Move,office
1569326882.015,1672,651,None,Move,office
1569326882.021,1673,652,None,Move,office
1569326882.028,1675,652,None,Move,office
1569326882.036,1676,652,None,Move,office
1569326882.099,1677,652,None,Move,office
1569326882.123,1677,652,None,Move,office
1569326882.131,1678,652,None,Move,office
1569326882.139,1678,652,None,Move,office
1569326882.147,1678,652,None,Move,office
1569326882.154,1679,651,None,Move,office
1569326882.169,1679,651,None,Move,office
1569326882.177,1680,651,None,Move,office
1569326882.1929998,1681,651,None,Move,office
1569326882.231,1681,651,None,Move,office
1569326882.2389998,1681,651,None,Move,office
1569326882.2470002,1681,652,None,Move,office
1569326882.255,1681,652,None,Move,office
1569326882.262,1680,653,None,Move,office
1569326882.271,1678,655,None,Move,office
1569326882.279,1674,657,None,Move,office
1569326882.2870002,1670,658,None,Move,office
1569326882.295,1665,660,None,Move,office
1569326882.303,1658,662,None,Move,office
1569326882.309,1656,663,None,Move,office
1569326882.3170002,1653,664,None,Move,office
1569326882.324,1651,664,None,Move,office
1569326882.333,1650,664,None,Move,office
1569326882.34,1648,664,None,Move,office
1569326882.3479998,1647,664,None,Move,office
1569326882.356,1646,664,None,Move,office
1569326882.3639998,1646,664,None,Move,office
1569326882.3720002,1645,664,None,Move,office
1569326882.38,1644,664,None,Move,office
1569326882.3879998,1643,664,None,Move,office
1569326882.395,1641,664,None,Move,office
1569326882.4020002,1638,664,None,Move,office
1569326882.41,1635,664,None,Move,office
1569326882.419,1633,664,None,Move,office
1569326882.426,1630,664,None,Move,office
1569326882.435,1627,664,None,Move,office
1569326882.4429998,1626,664,None,Move,office
1569326882.459,1626,663,None,Move,office
1569326882.467,1626,663,None,Move,office
1569326882.4729998,1626,662,None,Move,office
1569326882.48,1626,661,None,Move,office
1569326882.488,1626,661,None,Move,office
1569326882.505,1626,660,None,Move,office
1569326882.521,1626,660,None,Move,office
1569326882.529,1626,660,None,Move,office
1569326882.5670002,1627,660,None,Move,office
1569326882.631,1627,659,None,Move,office
1569326882.637,1627,659,None,Move,office
1569326882.653,1628,659,None,Move,office
1569326882.677,1629,659,None,Move,office
1569326882.685,1629,658,None,Move,office
1569326882.717,1629,658,None,Move,office
1569326882.8,1630,658,None,Move,office
1569326882.8170002,1630,657,None,Move,office
1569326882.832,1631,657,None,Move,office
1569326882.841,1631,657,None,Move,office
1569326882.849,1632,656,None,Move,office
1569326882.857,1633,656,None,Move,office
1569326882.8639998,1635,655,None,Move,office
1569326882.873,1635,654,None,Move,office
1569326882.88,1636,654,None,Move,office
1569326882.887,1638,652,None,Move,office
1569326882.895,1639,650,None,Move,office
1569326882.903,1641,646,None,Move,office
1569326882.911,1642,642,None,Move,office
1569326882.919,1644,637,None,Move,office
1569326882.927,1646,629,None,Move,office
1569326882.935,1648,614,None,Move,office
1569326882.9429998,1650,602,None,Move,office
1569326882.951,1653,583,None,Move,office
1569326882.959,1654,568,None,Move,office
1569326882.966,1657,551,None,Move,office
1569326882.9729998,1659,536,None,Move,office
1569326882.981,1665,509,None,Move,office
1569326882.9889998,1667,502,None,Move,office
1569326882.9970002,1669,492,None,Move,office
1569326883.005,1674,484,None,Move,office
1569326883.0129998,1674,481,None,Move,office
1569326883.021,1676,478,None,Move,office
1569326883.029,1677,476,None,Move,office
1569326883.036,1677,476,None,Move,office
1569326883.043,1677,475,None,Move,office
1569326883.0670002,1677,474,None,Move,office
1569326883.091,1677,474,None,Move,office
1569326883.0979998,1677,473,None,Move,office
1569326883.106,1677,472,None,Move,office
1569326883.1139998,1678,471,None,Move,office
1569326883.121,1678,469,None,Move,office
1569326883.1279998,1678,467,None,Move,office
1569326883.1360002,1679,465,None,Move,office
1569326883.144,1679,462,None,Move,office
1569326883.1520002,1679,460,None,Move,office
1569326883.16,1680,456,None,Move,office
1569326883.168,1682,451,None,Move,office
1569326883.176,1685,443,None,Move,office
1569326883.185,1688,435,None,Move,office
1569326883.1920002,1690,430,None,Move,office
1569326883.199,1693,423,None,Move,office
1569326883.206,1696,418,None,Move,office
1569326883.214,1698,415,None,Move,office
1569326883.2229998,1698,412,None,Move,office
1569326883.231,1698,411,None,Move,office
1569326883.2389998,1698,411,None,Move,office
1569326883.341,1698,410,None,Move,office
1569326883.465,1697,410,None,Move,office
1569326883.472,1695,412,None,Move,office
1569326883.48,1694,413,None,Move,office
1569326883.488,1688,416,None,Move,office
1569326883.496,1684,419,None,Move,office
1569326883.504,1679,421,None,Move,office
1569326883.512,1673,425,None,Move,office
1569326883.519,1667,428,None,Move,office
1569326883.526,1662,431,None,Move,office
1569326883.534,1653,436,None,Move,office
1569326883.542,1641,443,None,Move,office
1569326883.55,1631,449,None,Move,office
1569326883.5579998,1626,452,None,Move,office
1569326883.566,1618,455,None,Move,office
1569326883.574,1607,461,None,Move,office
1569326883.582,1596,467,None,Move,office
1569326883.59,1585,471,None,Move,office
1569326883.5979998,1578,474,None,Move,office
1569326883.605,1568,477,None,Move,office
1569326883.6120002,1561,480,None,Move,office
1569326883.621,1547,485,None,Move,office
1569326883.629,1539,488,None,Move,office
1569326883.637,1532,491,None,Move,office
1569326883.645,1525,493,None,Move,office
1569326883.653,1518,496,None,Move,office
1569326883.661,1512,499,None,Move,office
1569326883.669,1508,501,None,Move,office
1569326883.677,1501,504,None,Move,office
1569326883.684,1498,506,None,Move,office
1569326883.691,1491,510,None,Move,office
1569326883.699,1485,513,None,Move,office
1569326883.707,1482,514,None,Move,office
1569326883.715,1479,515,None,Move,office
1569326883.7229998,1475,517,None,Move,office
1569326883.731,1473,518,None,Move,office
1569326883.7389998,1471,519,None,Move,office
1569326883.7470002,1469,520,None,Move,office
1569326883.755,1466,521,None,Move,office
1569326883.7610002,1465,522,None,Move,office
1569326883.769,1464,522,None,Move,office
1569326883.7770002,1463,523,None,Move,office
1569326883.785,1463,524,None,Move,office
1569326883.793,1462,524,None,Move,office
1569326883.801,1461,524,None,Move,office
1569326883.809,1461,524,None,Move,office
1569326883.8170002,1460,524,None,Move,office
1569326883.825,1459,525,None,Move,office
1569326883.833,1458,525,None,Move,office
1569326883.841,1457,525,None,Move,office
1569326883.847,1455,526,None,Move,office
1569326883.855,1453,527,None,Move,office
1569326883.863,1451,528,None,Move,office
1569326883.87,1448,529,None,Move,office
1569326883.879,1444,530,None,Move,office
1569326883.887,1442,531,None,Move,office
1569326883.894,1440,531,None,Move,office
1569326883.9020002,1438,532,None,Move,office
1569326883.911,1437,532,None,Move,office
1569326883.918,1435,533,None,Move,office
1569326883.927,1435,533,None,Move,office
1569326883.9329998,1434,533,None,Move,office
1569326883.948,1434,533,None,Move,office
1569326884.137,1434,533,None,Move,office
1569326884.161,1433,533,None,Move,office
1569326884.168,1432,533,None,Move,office
1569326884.175,1432,533,None,Move,office
1569326884.1829998,1431,531,None,Move,office
1569326884.191,1431,531,None,Move,office
1569326884.207,1430,530,None,Move,office
1569326884.222,1429,530,None,Move,office
1569326884.238,1429,530,None,Move,office
1569326884.2470002,1429,529,None,Move,office
1569326884.2610002,1428,529,None,Move,office
1569326884.33,1428,529,None,Move,office
1569326884.3379998,1426,529,None,Move,office
1569326884.346,1424,528,None,Move,office
1569326884.354,1422,528,None,Move,office
1569326884.3620002,1420,527,None,Move,office
1569326884.37,1418,527,None,Move,office
1569326884.3779998,1417,527,None,Move,office
1569326884.3860002,1414,527,None,Move,office
1569326884.395,1410,527,None,Move,office
1569326884.4020002,1405,527,None,Move,office
1569326884.411,1402,527,None,Move,office
1569326884.418,1396,527,None,Move,office
1569326884.426,1388,527,None,Move,office
1569326884.4329998,1379,527,None,Move,office
1569326884.44,1371,528,None,Move,office
1569326884.448,1354,531,None,Move,office
1569326884.457,1344,532,None,Move,office
1569326884.465,1331,534,None,Move,office
1569326884.4729998,1320,536,None,Move,office
1569326884.481,1293,540,None,Move,office
1569326884.4889998,1269,545,None,Move,office
1569326884.4970002,1242,546,None,Move,office
1569326884.5029998,1227,547,None,Move,office
1569326884.5110002,1200,550,None,Move,office
1569326884.519,1168,550,None,Move,office
1569326884.5270002,1121,552,None,Move,office
1569326884.535,1094,552,None,Move,office
1569326884.543,1056,552,None,Move,office
1569326884.551,1026,552,None,Move,office
1569326884.559,996,552,None,Move,office
1569326884.5670002,961,552,None,Move,office
1569326884.573,912,552,None,Move,office
1569326884.581,873,551,None,Move,office
1569326884.589,844,551,None,Move,office
1569326884.597,808,550,None,Move,office
1569326884.605,777,548,None,Move,office
1569326884.613,741,546,None,Move,office
1569326884.621,719,545,None,Move,office
1569326884.6279998,688,543,None,Move,office
1569326884.6360002,674,542,None,Move,office
1569326884.644,649,541,None,Move,office
1569326884.651,640,540,None,Move,office
1569326884.658,618,540,None,Move,office
1569326884.666,604,539,None,Move,office
1569326884.674,594,538,None,Move,office
1569326884.6820002,587,538,None,Move,office
1569326884.69,576,537,None,Move,office
1569326884.698,568,537,None,Move,office
1569326884.706,563,537,None,Move,office
1569326884.714,561,537,None,Move,office
1569326884.722,559,537,None,Move,office
1569326884.731,557,537,None,Move,office
1569326884.7389998,557,537,None,Move,office
1569326884.7470002,555,537,None,Move,office
1569326884.754,555,537,None,Move,office
1569326884.76,554,537,None,Move,office
1569326884.863,554,537,None,Move,office
1569326884.887,553,537,None,Move,office
1569326884.894,553,537,None,Move,office
1569326884.903,552,537,None,Move,office
1569326884.91,552,537,None,Move,office
1569326884.917,551,537,None,Move,office
1569326884.925,550,537,None,Move,office
1569326884.9329998,548,537,None,Move,office
1569326884.941,546,537,None,Move,office
1569326884.949,544,537,None,Move,office
1569326884.957,541,537,None,Move,office
1569326884.965,538,537,None,Move,office
1569326884.972,535,536,None,Move,office
1569326884.979,533,536,None,Move,office
1569326884.9870002,530,535,None,Move,office
1569326884.995,528,534,None,Move,office
1569326885.0029998,526,534,None,Move,office
1569326885.0110002,524,534,None,Move,office
1569326885.019,522,533,None,Move,office
1569326885.0270002,522,532,None,Move,office
1569326885.043,521,532,None,Move,office
1569326885.072,521,532,None,Move,office
1569326885.089,520,531,None,Move,office
1569326885.097,520,530,None,Move,office
1569326885.105,517,527,None,Move,office
1569326885.1120002,516,525,None,Move,office
1569326885.1220002,513,522,None,Move,office
1569326885.13,513,520,None,Move,office
1569326885.1379998,511,515,None,Move,office
1569326885.145,510,514,None,Move,office
1569326885.355,509,514,None,Move,office
1569326885.363,509,514,None,Move,office
1569326885.371,508,512,None,Move,office
1569326885.393,508,512,None,Move,office
1569326885.401,508,512,None,Move,office
1569326885.409,507,511,None,Move,office
1569326885.417,507,511,None,Move,office
1569326885.4329998,507,510,None,Move,office
1569326885.449,506,510,None,Move,office
1569326885.471,506,509,None,Move,office
1569326885.495,506,509,None,Move,office
1569326885.502,506,509,None,Move,office
1569326885.519,505,509,None,Move,office
1569326885.526,504,508,None,Move,office
1569326885.534,504,507,None,Move,office
1569326885.541,503,506,None,Move,office
1569326885.548,501,504,None,Move,office
1569326885.5570002,500,503,None,Move,office
1569326885.564,499,502,None,Move,office
1569326885.572,498,501,None,Move,office
1569326885.58,496,499,None,Move,office
1569326885.5879998,495,499,None,Move,office
1569326885.596,493,497,None,Move,office
1569326885.604,491,495,None,Move,office
1569326885.6120002,489,493,None,Move,office
1569326885.62,487,490,None,Move,office
1569326885.627,485,488,None,Move,office
1569326885.6339998,482,485,None,Move,office
1569326885.643,480,482,None,Move,office
1569326885.65,478,480,None,Move,office
1569326885.658,476,479,None,Move,office
1569326885.666,474,477,None,Move,office
1569326885.675,472,476,None,Move,office
1569326885.6829998,470,476,None,Move,office
1569326885.691,467,475,None,Move,office
1569326885.697,464,474,None,Move,office
1569326885.704,461,474,None,Move,office
1569326885.7129998,457,473,None,Move,office
1569326885.721,454,473,None,Move,office
1569326885.729,451,473,None,Move,office
1569326885.7370002,448,473,None,Move,office
1569326885.745,445,472,None,Move,office
1569326885.7529998,444,471,None,Move,office
1569326885.7610002,443,470,None,Move,office
1569326885.769,442,470,None,Move,office
1569326885.7770002,442,470,None,Move,office
1569326885.785,441,469,None,Move,office
1569326885.799,441,469,None,Move,office
1569326885.8070002,440,469,None,Move,office
1569326885.815,440,469,None,Move,office
1569326885.823,438,468,None,Move,office
1569326885.831,438,468,None,Move,office
1569326885.839,437,468,None,Move,office
1569326885.847,436,467,None,Move,office
1569326885.855,435,466,None,Move,office
1569326885.861,434,466,None,Move,office
1569326885.869,433,465,None,Move,office
1569326885.877,431,464,None,Move,office
1569326885.885,429,462,None,Move,office
1569326885.893,428,460,None,Move,office
1569326885.901,427,459,None,Move,office
1569326885.909,426,456,None,Move,office
1569326885.917,425,456,None,Move,office
1569326885.925,424,454,None,Move,office
1569326885.9320002,423,453,None,Move,office
1569326885.94,421,451,None,Move,office
1569326885.95,419,450,None,Move,office
1569326885.956,418,448,None,Move,office
1569326885.9629998,417,446,None,Move,office
1569326885.97,416,446,None,Move,office
1569326885.978,414,444,None,Move,office
1569326885.986,413,444,None,Move,office
1569326885.994,411,442,None,Move,office
1569326886.002,411,441,None,Move,office
1569326886.01,410,440,None,Move,office
1569326886.018,410,439,None,Move,office
1569326886.025,409,439,None,Move,office
1569326886.033,409,437,None,Move,office
1569326886.041,409,437,None,Move,office
1569326886.049,408,435,None,Move,office
1569326886.0570002,408,435,None,Move,office
1569326886.065,408,434,None,Move,office
1569326886.127,408,434,None,Move,office
1569326886.151,409,433,None,Move,office
1569326886.159,409,433,None,Move,office
1569326886.167,410,432,None,Move,office
1569326886.175,410,431,None,Move,office
1569326886.189,411,431,None,Move,office
1569326886.229,411,431,None,Move,office
1569326886.2529998,411,430,None,Move,office
1569326886.33,411,430,None,Move,office
1569326886.3679998,411,429,None,Move,office
1569326886.3839998,411,429,None,Move,office
1569326886.4,411,428,None,Move,office
1569326886.416,411,428,Left,Pressed,office
1569326886.416,411,428,None,Drag,office
1569326886.43,411,427,None,Drag,office
1569326886.439,411,426,None,Drag,office
1569326886.462,411,426,None,Drag,office
1569326886.478,411,426,None,Drag,office
1569326886.486,411,425,None,Drag,office
1569326886.494,410,425,None,Drag,office
1569326886.505,408,425,None,Drag,office
1569326886.512,405,425,None,Drag,office
1569326886.524,403,425,None,Drag,office
1569326886.535,392,425,None,Drag,office
1569326886.542,387,425,None,Drag,office
1569326886.551,381,425,None,Drag,office
1569326886.56,376,425,None,Drag,office
1569326886.571,366,425,None,Drag,office
1569326886.5779998,363,425,None,Drag,office
1569326886.589,342,425,None,Drag,office
1569326886.595,335,425,None,Drag,office
1569326886.606,324,425,None,Drag,office
1569326886.6139998,314,426,None,Drag,office
1569326886.623,307,426,None,Drag,office
1569326886.633,294,426,None,Drag,office
1569326886.6420002,287,426,None,Drag,office
1569326886.654,274,426,None,Drag,office
1569326886.661,265,426,None,Drag,office
1569326886.671,262,426,None,Drag,office
1569326886.678,256,426,None,Drag,office
1569326886.689,245,426,None,Drag,office
1569326886.697,241,426,None,Drag,office
1569326886.71,236,426,None,Drag,office
1569326886.719,234,426,None,Drag,office
1569326886.726,232,426,None,Drag,office
1569326886.734,230,426,None,Drag,office
1569326886.7429998,228,426,None,Drag,office
1569326886.755,225,426,None,Drag,office
1569326886.7610002,223,426,None,Drag,office
1569326886.771,221,426,None,Drag,office
1569326886.7770002,218,426,None,Drag,office
1569326886.79,215,426,None,Drag,office
1569326886.796,213,426,None,Drag,office
1569326886.8079998,209,427,None,Drag,office
1569326886.816,207,427,None,Drag,office
1569326886.824,205,427,None,Drag,office
1569326886.832,202,427,None,Drag,office
1569326886.842,199,427,None,Drag,office
1569326886.85,197,427,None,Drag,office
1569326886.859,194,427,None,Drag,office
1569326886.87,191,427,None,Drag,office
1569326886.877,190,427,None,Drag,office
1569326886.887,188,427,None,Drag,office
1569326886.894,187,428,None,Drag,office
1569326886.904,185,428,None,Drag,office
1569326886.911,184,428,None,Drag,office
1569326886.921,183,428,None,Drag,office
1569326886.927,183,428,None,Drag,office
1569326886.938,182,428,None,Drag,office
1569326886.947,182,429,None,Drag,office
1569326886.955,181,429,None,Drag,office
1569326886.9629998,180,429,None,Drag,office
1569326886.9729998,180,430,None,Drag,office
1569326886.98,180,431,None,Drag,office
1569326886.9910002,179,431,None,Drag,office
1569326886.9970002,178,431,None,Drag,office
1569326887.008,178,431,None,Drag,office
1569326887.016,178,431,None,Drag,office
1569326887.024,177,431,None,Drag,office
1569326887.03,177,432,None,Drag,office
1569326887.039,176,432,None,Drag,office
1569326887.046,175,432,None,Drag,office
1569326887.056,174,432,None,Drag,office
1569326887.062,174,432,None,Drag,office
1569326887.073,173,432,None,Drag,office
1569326887.094,172,432,None,Drag,office
1569326887.1339998,172,432,None,Drag,office
1569326887.1420002,170,433,None,Drag,office
1569326887.149,170,433,None,Drag,office
1569326887.156,168,434,None,Drag,office
1569326887.164,168,434,None,Drag,office
1569326887.173,167,434,None,Drag,office
1569326887.181,167,434,None,Drag,office
1569326887.19,166,434,None,Drag,office
1569326887.196,166,434,None,Drag,office
1569326887.206,166,434,None,Drag,office
1569326887.206,166,434,Left,Released,office
1569326887.657,166,435,None,Move,office
1569326887.705,166,435,None,Move,office
1569326887.7129998,166,435,None,Move,office
1569326887.721,166,437,None,Move,office
1569326887.7270002,166,437,None,Move,office
1569326887.735,166,437,None,Move,office
1569326887.7429998,167,438,None,Move,office
1569326887.7510002,167,438,None,Move,office
1569326887.7670002,168,439,None,Move,office
1569326887.783,168,439,None,Move,office
1569326887.791,168,439,None,Move,office
1569326887.82,168,440,None,Move,office
1569326887.8820002,168,441,None,Move,office
1569326887.89,169,441,None,Move,office
1569326887.906,170,441,None,Move,office
1569326887.914,170,441,None,Move,office
1569326887.923,172,441,None,Move,office
1569326887.93,173,441,None,Move,office
1569326887.938,175,441,None,Move,office
1569326887.946,178,441,None,Move,office
1569326887.954,180,441,None,Move,office
1569326887.965,184,441,None,Move,office
1569326887.979,192,441,None,Move,office
1569326887.986,198,441,None,Move,office
1569326887.9929998,203,441,None,Move,office
1569326888.0010002,214,441,None,Move,office
1569326888.0089998,223,441,None,Move,office
1569326888.0170002,232,441,None,Move,office
1569326888.025,259,443,None,Move,office
1569326888.033,281,443,None,Move,office
1569326888.041,294,444,None,Move,office
1569326888.0470002,322,444,None,Move,office
1569326888.055,353,445,None,Move,office
1569326888.063,384,449,None,Move,office
1569326888.071,428,454,None,Move,office
1569326888.079,470,460,None,Move,office
1569326888.087,499,463,None,Move,office
1569326888.095,530,468,None,Move,office
1569326888.103,561,471,None,Move,office
1569326888.115,589,474,None,Move,office
1569326888.1220002,620,477,None,Move,office
1569326888.1279998,648,479,None,Move,office
1569326888.135,670,479,None,Move,office
1569326888.1420002,683,479,None,Move,office
1569326888.149,709,479,None,Move,office
1569326888.157,731,479,None,Move,office
1569326888.165,762,477,None,Move,office
1569326888.1720002,791,474,None,Move,office
1569326888.181,805,472,None,Move,office
1569326888.188,830,470,None,Move,office
1569326888.197,839,469,None,Move,office
1569326888.204,866,470,None,Move,office
1569326888.211,881,482,None,Move,office
1569326888.218,888,489,None,Move,office
1569326888.2270002,893,493,None,Move,office
1569326888.235,895,493,None,Move,office
1569326888.25,896,493,None,Move,office
1569326888.258,896,493,None,Move,office
1569326888.269,900,493,None,Move,office
1569326888.276,907,493,None,Move,office
1569326888.286,913,493,None,Move,office
1569326888.293,928,493,None,Move,office
1569326888.303,940,494,None,Move,office
1569326888.31,952,497,None,Move,office
1569326888.321,981,501,None,Move,office
1569326888.329,992,503,None,Move,office
1569326888.337,1005,507,None,Move,office
1569326888.345,1016,510,None,Move,office
1569326888.353,1023,512,None,Move,office
1569326888.36,1030,514,None,Move,office
1569326888.367,1044,519,None,Move,office
1569326888.375,1054,523,None,Move,office
1569326888.383,1062,525,None,Move,office
1569326888.391,1086,535,None,Move,office
1569326888.399,1101,540,None,Move,office
1569326888.407,1112,544,None,Move,office
1569326888.415,1126,551,None,Move,office
1569326888.423,1136,554,None,Move,office
1569326888.431,1144,557,None,Move,office
1569326888.439,1150,558,None,Move,office
1569326888.445,1154,558,None,Move,office
1569326888.4529998,1157,558,None,Move,office
1569326888.4629998,1160,558,None,Move,office
1569326888.47,1164,559,None,Move,office
1569326888.4770002,1166,560,None,Move,office
1569326888.485,1171,561,None,Move,office
1569326888.4929998,1177,561,None,Move,office
1569326888.5010002,1183,563,None,Move,office
1569326888.5089998,1188,565,None,Move,office
1569326888.5170002,1196,573,None,Move,office
1569326888.525,1199,578,None,Move,office
1569326888.532,1203,584,None,Move,office
1569326888.54,1204,585,None,Move,office
1569326888.548,1206,586,None,Move,office
1569326888.5579998,1207,588,None,Move,office
1569326888.569,1209,590,None,Move,office
1569326888.577,1214,594,None,Move,office
1569326888.59,1219,598,None,Move,office
1569326888.597,1226,601,None,Move,office
1569326888.6079998,1241,610,None,Move,office
1569326888.617,1246,613,None,Move,office
1569326888.6260002,1250,616,None,Move,office
1569326888.6339998,1253,617,None,Move,office
1569326888.641,1255,619,None,Move,office
1569326888.6479998,1257,620,None,Move,office
1569326888.656,1258,620,None,Move,office
1569326888.664,1259,620,None,Move,office
1569326888.6720002,1260,621,None,Move,office
1569326888.68,1262,621,None,Move,office
1569326888.687,1264,622,None,Move,office
1569326888.694,1267,622,None,Move,office
1569326888.702,1270,622,None,Move,office
1569326888.711,1274,624,None,Move,office
1569326888.719,1277,624,None,Move,office
1569326888.726,1281,625,None,Move,office
1569326888.735,1287,626,None,Move,office
1569326888.7429998,1292,627,None,Move,office
1569326888.7510002,1295,628,None,Move,office
1569326888.7589998,1302,628,None,Move,office
1569326888.7670002,1312,629,None,Move,office
1569326888.774,1319,630,None,Move,office
1569326888.781,1325,630,None,Move,office
1569326888.789,1331,631,None,Move,office
1569326888.7970002,1338,631,None,Move,office
1569326888.805,1348,631,None,Move,office
1569326888.813,1360,634,None,Move,office
1569326888.821,1368,638,None,Move,office
1569326888.829,1371,641,None,Move,office
1569326888.837,1375,643,None,Move,office
1569326888.845,1376,645,None,Move,office
1569326888.854,1378,646,None,Move,office
1569326888.861,1381,647,None,Move,office
1569326888.871,1382,648,None,Move,office
1569326888.879,1384,648,None,Move,office
1569326888.89,1385,648,None,Move,office
1569326888.897,1387,648,None,Move,office
1569326888.908,1389,649,None,Move,office
1569326888.915,1390,649,None,Move,office
1569326888.93,1390,649,None,Move,office
1569326888.9770002,1391,649,None,Move,office
1569326888.984,1394,649,None,Move,office
1569326888.992,1396,649,None,Move,office
1569326889.0,1396,649,None,Move,office
1569326889.008,1397,649,None,Move,office
1569326889.018,1397,649,None,Move,office
1569326889.025,1398,649,None,Move,office
1569326889.032,1399,648,None,Move,office
1569326889.0470002,1399,648,None,Move,office
1569326889.054,1400,647,None,Move,office
1569326889.063,1401,647,None,Move,office
1569326889.071,1402,647,None,Move,office
1569326889.079,1402,646,None,Move,office
1569326889.087,1403,646,None,Move,office
1569326889.094,1404,644,None,Move,office
1569326889.101,1405,644,None,Move,office
1569326889.109,1407,643,None,Move,office
1569326889.117,1407,642,None,Move,office
1569326889.2029998,1407,642,None,Move,office
1569326889.39,1407,642,None,Move,office
1569326889.3979998,1408,642,None,Move,office
1569326889.406,1409,641,None,Move,office
1569326889.414,1410,640,None,Move,office
1569326889.4220002,1410,640,None,Move,office
1569326889.429,1412,639,None,Move,office
1569326889.437,1412,638,None,Move,office
1569326889.445,1413,637,None,Move,office
1569326889.4529998,1413,636,None,Move,office
1569326889.461,1414,636,None,Move,office
1569326889.469,1415,635,None,Move,office
1569326889.4770002,1415,635,None,Move,office
1569326889.485,1416,634,None,Move,office
1569326889.492,1417,634,None,Move,office
1569326889.5,1419,633,None,Move,office
1569326889.5089998,1419,633,None,Move,office
1569326889.5170002,1420,633,None,Move,office
1569326889.525,1421,633,None,Move,office
1569326889.532,1422,632,None,Move,office
1569326889.539,1422,631,None,Move,office
1569326889.549,1423,631,None,Move,office
1569326889.5579998,1424,630,None,Move,office
1569326889.565,1425,629,None,Move,office
1569326889.574,1427,628,None,Move,office
1569326889.581,1430,626,None,Move,office
1569326889.5879998,1432,624,None,Move,office
1569326889.595,1433,623,None,Move,office
1569326889.6020002,1437,620,None,Move,office
1569326889.609,1440,618,None,Move,office
1569326889.617,1444,614,None,Move,office
1569326889.625,1447,610,None,Move,office
1569326889.633,1454,604,None,Move,office
1569326889.641,1461,595,None,Move,office
1569326889.649,1469,587,None,Move,office
1569326889.657,1472,583,None,Move,office
1569326889.664,1480,573,None,Move,office
1569326889.671,1488,563,None,Move,office
1569326889.679,1493,557,None,Move,office
1569326889.687,1498,550,None,Move,office
1569326889.695,1503,543,None,Move,office
1569326889.702,1509,536,None,Move,office
1569326889.71,1513,528,None,Move,office
1569326889.718,1515,525,None,Move,office
1569326889.726,1518,519,None,Move,office
1569326889.734,1521,516,None,Move,office
1569326889.742,1523,511,None,Move,office
1569326889.7489998,1524,507,None,Move,office
1569326889.756,1526,502,None,Move,office
1569326889.764,1528,498,None,Move,office
1569326889.772,1529,495,None,Move,office
1569326889.78,1531,490,None,Move,office
1569326889.788,1531,487,None,Move,office
1569326889.796,1533,485,None,Move,office
1569326889.804,1534,482,None,Move,office
1569326889.812,1534,480,None,Move,office
1569326889.82,1535,477,None,Move,office
1569326889.827,1537,472,None,Move,office
1569326889.835,1539,467,None,Move,office
1569326889.843,1542,462,None,Move,office
1569326889.85,1544,456,None,Move,office
1569326889.859,1545,454,None,Move,office
1569326889.867,1548,447,None,Move,office
1569326889.875,1550,444,None,Move,office
1569326889.883,1551,439,None,Move,office
1569326889.891,1552,437,None,Move,office
1569326889.899,1554,433,None,Move,office
1569326889.906,1555,430,None,Move,office
1569326889.913,1557,426,None,Move,office
1569326889.921,1559,423,None,Move,office
1569326889.931,1560,421,None,Move,office
1569326889.939,1564,417,None,Move,office
1569326889.946,1566,415,None,Move,office
1569326889.9529998,1567,414,None,Move,office
1569326889.961,1570,412,None,Move,office
1569326889.969,1572,411,None,Move,office
1569326889.9770002,1573,410,None,Move,office
1569326889.985,1575,409,None,Move,office
1569326889.992,1577,409,None,Move,office
1569326889.9989998,1580,409,None,Move,office
1569326890.0070002,1585,409,None,Move,office
1569326890.015,1590,409,None,Move,office
1569326890.0229998,1594,409,None,Move,office
1569326890.031,1602,409,None,Move,office
1569326890.039,1611,409,None,Move,office
1569326890.0470002,1619,410,None,Move,office
1569326890.055,1628,410,None,Move,office
1569326890.063,1636,411,None,Move,office
1569326890.071,1645,411,None,Move,office
1569326890.077,1651,411,None,Move,office
1569326890.085,1658,411,None,Move,office
1569326890.092,1663,411,None,Move,office
1569326890.1,1667,411,None,Move,office
1569326890.1079998,1670,410,None,Move,office
1569326890.1160002,1675,409,None,Move,office
1569326890.1239998,1680,409,None,Move,office
1569326890.133,1683,408,None,Move,office
1569326890.14,1686,408,None,Move,office
1569326890.1479998,1688,407,None,Move,office
1569326890.156,1691,407,None,Move,office
1569326890.1620002,1693,406,None,Move,office
1569326890.17,1695,405,None,Move,office
1569326890.178,1696,405,None,Move,office
1569326890.186,1699,404,None,Move,office
1569326890.194,1700,403,None,Move,office
1569326890.202,1701,403,None,Move,office
1569326890.21,1702,402,None,Move,office
1569326890.218,1703,401,None,Move,office
1569326890.226,1705,401,None,Move,office
1569326890.2329998,1708,400,None,Move,office
1569326890.24,1711,399,None,Move,office
1569326890.2489998,1713,398,None,Move,office
1569326890.2570002,1716,398,None,Move,office
1569326890.265,1719,397,None,Move,office
1569326890.2729998,1720,396,None,Move,office
1569326890.281,1723,395,None,Move,office
1569326890.289,1723,395,None,Move,office
1569326890.327,1723,395,None,Move,office
1569326890.335,1722,395,None,Move,office
1569326890.344,1718,397,None,Move,office
1569326890.3520002,1714,398,None,Move,office
1569326890.361,1709,400,None,Move,office
1569326890.37,1705,401,None,Move,office
1569326890.38,1699,403,None,Move,office
1569326890.39,1688,406,None,Move,office
1569326890.399,1676,408,None,Move,office
1569326890.408,1669,409,None,Move,office
1569326890.417,1667,409,None,Move,office
1569326890.426,1665,409,None,Move,office
1569326890.435,1663,409,None,Move,office
1569326890.444,1663,409,None,Move,office
1569326890.454,1662,409,None,Move,office
1569326890.506,1662,409,None,Move,office
1569326890.592,1661,409,None,Move,office
1569326890.6,1659,409,None,Move,office
1569326890.6079998,1658,409,None,Move,office
1569326890.6160002,1657,409,None,Move,office
1569326890.6239998,1656,409,None,Move,office
1569326890.6320002,1654,409,None,Move,office
1569326890.639,1652,410,None,Move,office
1569326890.646,1651,410,None,Move,office
1569326890.655,1650,410,None,Move,office
1569326890.663,1648,410,None,Move,office
1569326890.671,1647,410,None,Move,office
1569326890.679,1645,410,None,Move,office
1569326890.687,1642,410,None,Move,office
1569326890.695,1638,411,None,Move,office
1569326890.7029998,1635,411,None,Move,office
1569326890.711,1631,411,None,Move,office
1569326890.718,1628,411,None,Move,office
1569326890.725,1627,411,None,Move,office
1569326890.7329998,1625,411,None,Move,office
1569326890.7410002,1625,411,None,Move,office
1569326890.7489998,1624,411,None,Move,office
1569326890.7570002,1624,411,None,Move,office
1569326890.789,1623,411,None,Move,office
1569326890.859,1623,411,None,Move,office
1569326890.889,1623,411,None,Move,office
1569326890.929,1623,410,None,Move,office
1569326890.944,1623,409,None,Move,office
1569326890.966,1623,409,None,Move,office
1569326890.974,1623,409,None,Move,office
1569326891.093,1623,409,Left,Pressed,office
1569326891.093,1623,409,None,Drag,office
1569326891.101,1623,409,None,Drag,office
1569326891.109,1624,409,None,Drag,office
1569326891.117,1626,409,None,Drag,office
1569326891.1260002,1628,409,None,Drag,office
1569326891.133,1630,409,None,Drag,office
1569326891.1420002,1631,409,None,Drag,office
1569326891.15,1634,409,None,Drag,office
1569326891.159,1637,409,None,Drag,office
1569326891.167,1641,409,None,Drag,office
1569326891.176,1645,409,None,Drag,office
1569326891.184,1649,409,None,Drag,office
1569326891.1929998,1654,409,None,Drag,office
1569326891.201,1658,409,None,Drag,office
1569326891.21,1666,409,None,Drag,office
1569326891.218,1670,409,None,Drag,office
1569326891.2270002,1676,409,None,Drag,office
1569326891.234,1680,409,None,Drag,office
1569326891.242,1683,409,None,Drag,office
1569326891.252,1687,409,None,Drag,office
1569326891.2610002,1692,408,None,Drag,office
1569326891.268,1697,407,None,Drag,office
1569326891.276,1699,407,None,Drag,office
1569326891.284,1701,406,None,Drag,office
1569326891.296,1706,406,None,Drag,office
1569326891.305,1708,406,None,Drag,office
1569326891.315,1710,406,None,Drag,office
1569326891.324,1712,406,None,Drag,office
1569326891.332,1713,406,None,Drag,office
1569326891.34,1714,406,None,Drag,office
1569326891.35,1716,406,None,Drag,office
1569326891.3579998,1717,406,None,Drag,office
1569326891.3660002,1719,406,None,Drag,office
1569326891.3739998,1721,406,None,Drag,office
1569326891.3820002,1722,406,None,Drag,office
1569326891.389,1723,406,None,Drag,office
1569326891.404,1723,406,None,Drag,office
1569326891.4120002,1724,406,None,Drag,office
1569326891.428,1724,406,None,Drag,office
1569326891.445,1725,406,None,Drag,office
1569326891.451,1725,406,None,Drag,office
1569326891.46,1726,406,None,Drag,office
1569326891.467,1727,405,None,Drag,office
1569326891.475,1728,405,None,Drag,office
1569326891.484,1729,405,None,Drag,office
1569326891.492,1730,405,None,Drag,office
1569326891.5,1731,405,None,Drag,office
1569326891.5110002,1733,405,None,Drag,office
1569326891.519,1734,405,None,Drag,office
1569326891.529,1735,405,None,Drag,office
1569326891.5370002,1735,405,None,Drag,office
1569326891.548,1736,405,None,Drag,office
1569326891.732,1736,405,None,Drag,office
1569326891.748,1737,405,None,Drag,office
1569326891.756,1738,405,None,Drag,office
1569326891.765,1739,405,None,Drag,office
1569326891.775,1739,405,None,Drag,office
1569326891.782,1740,405,None,Drag,office
1569326891.794,1740,405,None,Drag,office
1569326891.9429998,1741,405,None,Drag,office
1569326891.967,1742,405,None,Drag,office
1569326891.9989998,1742,405,None,Drag,office
1569326892.076,1743,405,None,Drag,office
1569326892.0979998,1743,405,None,Drag,office
1569326892.1139998,1744,405,None,Drag,office
1569326892.1139998,1744,405,Left,Released,office
1569326892.95,1744,405,None,Move,office
1569326893.029,1744,405,None,Move,office
1569326893.045,1743,405,None,Move,office
1569326893.053,1742,405,None,Move,office
1569326893.061,1741,406,None,Move,office
1569326893.07,1741,406,None,Move,office
1569326893.077,1740,406,None,Move,office
1569326893.085,1739,406,None,Move,office
1569326893.093,1738,407,None,Move,office
1569326893.1020002,1737,407,None,Move,office
1569326893.11,1737,407,None,Move,office
1569326893.119,1735,408,None,Move,office
1569326893.127,1734,408,None,Move,office
1569326893.135,1733,408,None,Move,office
1569326893.144,1731,409,None,Move,office
1569326893.1520002,1728,410,None,Move,office
1569326893.161,1719,414,None,Move,office
1569326893.168,1715,416,None,Move,office
1569326893.176,1709,419,None,Move,office
1569326893.184,1699,422,None,Move,office
1569326893.1929998,1692,425,None,Move,office
1569326893.201,1686,427,None,Move,office
1569326893.208,1674,430,None,Move,office
1569326893.216,1668,432,None,Move,office
1569326893.224,1656,435,None,Move,office
1569326893.23,1635,439,None,Move,office
1569326893.238,1603,443,None,Move,office
1569326893.246,1590,445,None,Move,office
1569326893.254,1561,449,None,Move,office
1569326893.262,1514,453,None,Move,office
1569326893.27,1476,454,None,Move,office
1569326893.278,1419,456,None,Move,office
1569326893.286,1372,458,None,Move,office
1569326893.294,1318,460,None,Move,office
1569326893.302,1264,460,None,Move,office
1569326893.31,1210,460,None,Move,office
1569326893.3170002,1155,460,None,Move,office
1569326893.324,1093,460,None,Move,office
1569326893.332,1036,459,None,Move,office
1569326893.34,987,459,None,Move,office
1569326893.354,933,457,None,Move,office
1569326893.3620002,878,455,None,Move,office
1569326893.369,824,453,None,Move,office
1569326893.3760002,769,451,None,Move,office
1569326893.383,712,447,None,Move,office
1569326893.389,673,446,None,Move,office
1569326893.396,619,446,None,Move,office
1569326893.403,565,444,None,Move,office
1569326893.411,518,442,None,Move,office
1569326893.419,480,440,None,Move,office
1569326893.427,425,438,None,Move,office
1569326893.435,398,438,None,Move,office
1569326893.4429998,352,436,None,Move,office
1569326893.451,314,436,None,Move,office
1569326893.459,284,436,None,Move,office
1569326893.467,238,436,None,Move,office
1569326893.475,208,436,None,Move,office
1569326893.482,181,436,None,Move,office
1569326893.4889998,153,435,None,Move,office
1569326893.4970002,123,435,None,Move,office
1569326893.505,110,435,None,Move,office
1569326893.512,85,432,None,Move,office
1569326893.521,73,432,None,Move,office
1569326893.529,58,430,None,Move,office
1569326893.5370002,46,429,None,Move,office
1569326893.553,27,427,None,Move,office
1569326893.56,17,426,None,Move,office
1569326893.5670002,5,423,None,Move,office
1569326893.574,-4,422,None,Move,office
1569326893.582,-4,421,None,Move,office
1569326893.59,-14,420,None,Move,office
1569326893.5979998,-3,420,None,Move,office
1569326893.606,-11,420,None,Move,office
1569326893.6139998,-10,419,None,Move,office
1569326893.6220002,-8,419,None,Move,office
1569326893.63,-9,419,None,Move,office
1569326893.637,-9,419,None,Move,office
1569326893.644,-7,418,None,Move,office
1569326893.6520002,-10,417,None,Move,office
1569326893.66,-5,417,None,Move,office
1569326893.668,-7,416,None,Move,office
1569326893.676,-3,415,None,Move,office
1569326893.684,-2,415,None,Move,office
1569326893.6929998,0,415,None,Move,office
1569326893.7229998,0,415,None,Move,office
1569326893.731,1,414,None,Move,office
1569326893.7389998,4,413,None,Move,office
1569326893.7470002,7,413,None,Move,office
1569326893.755,12,411,None,Move,office
1569326893.7629998,17,409,None,Move,office
1569326893.771,23,407,None,Move,office
1569326893.779,27,406,None,Move,office
1569326893.7870002,34,405,None,Move,office
1569326893.794,40,404,None,Move,office
1569326893.801,44,404,None,Move,office
1569326893.809,51,403,None,Move,office
1569326893.8170002,59,403,None,Move,office
1569326893.825,67,403,None,Move,office
1569326893.833,73,403,None,Move,office
1569326893.841,76,403,None,Move,office
1569326893.849,83,403,None,Move,office
1569326893.857,91,403,None,Move,office
1569326893.865,92,404,None,Move,office
1569326893.873,96,404,None,Move,office
1569326893.88,99,404,None,Move,office
1569326893.887,101,404,None,Move,office
1569326893.895,103,405,None,Move,office
1569326893.903,105,405,None,Move,office
1569326893.911,105,405,None,Move,office
1569326893.919,106,405,None,Move,office
1569326893.927,106,405,None,Move,office
1569326893.935,107,405,None,Move,office
1569326893.98,107,405,None,Move,office
1569326893.988,107,405,None,Move,office
1569326894.004,106,405,None,Move,office
1569326894.012,105,405,None,Move,office
1569326894.02,104,406,None,Move,office
1569326894.028,104,406,None,Move,office
1569326894.036,103,406,None,Move,office
1569326894.044,101,406,None,Move,office
1569326894.05,99,408,None,Move,office
1569326894.0579998,97,408,None,Move,office
1569326894.0670002,95,409,None,Move,office
1569326894.074,93,409,None,Move,office
1569326894.083,91,409,None,Move,office
1569326894.091,91,409,None,Move,office
1569326894.099,89,409,None,Move,office
1569326894.107,88,409,None,Move,office
1569326894.115,88,409,None,Move,office
1569326894.1220002,87,410,None,Move,office
1569326894.129,86,410,None,Move,office
1569326894.145,85,410,None,Move,office
1569326894.285,85,410,None,Move,office
1569326894.3079998,84,410,None,Move,office
1569326894.316,84,410,None,Move,office
1569326894.324,83,410,None,Move,office
1569326894.332,82,410,None,Move,office
1569326894.34,81,410,None,Move,office
1569326894.349,80,410,None,Move,office
1569326894.379,79,410,None,Move,office
1569326894.488,79,410,None,Move,office
1569326894.559,79,410,None,Move,office
1569326894.583,79,410,None,Move,office
1569326894.653,79,410,None,Move,office
1569326894.7470002,79,410,None,Move,office
1569326894.824,79,410,None,Move,office
1569326894.8620002,79,409,None,Move,office
1569326894.903,79,408,Left,Pressed,office
1569326894.903,79,408,None,Drag,office
1569326894.903,79,408,Left,Released,office
1569326895.019,78,409,None,Move,office
1569326895.0270002,76,410,None,Move,office
1569326895.035,76,410,None,Move,office
1569326895.043,76,409,None,Move,office
1569326895.059,76,409,None,Move,office
1569326912.313,84,412,None,Move,office
1569326912.319,90,415,None,Move,office
1569326912.326,98,419,None,Move,office
1569326912.334,101,422,None,Move,office
1569326912.342,105,424,None,Move,office
1569326912.35,105,429,None,Move,office
1569326912.3579998,105,434,None,Move,office
1569326912.3660002,101,439,None,Move,office
1569326912.3739998,96,445,None,Move,office
1569326912.383,89,451,None,Move,office
1569326912.39,85,456,None,Move,office
1569326912.397,83,458,None,Move,office
1569326912.405,82,459,None,Move,office
1569326912.4120002,82,460,None,Move,office
1569326912.421,82,462,None,Move,office
1569326912.429,82,465,None,Move,office
1569326912.437,82,473,None,Move,office
1569326912.445,82,482,None,Move,office
1569326912.4529998,83,497,None,Move,office
1569326912.461,84,506,None,Move,office
1569326912.469,84,511,None,Move,office
1569326912.476,84,517,None,Move,office
1569326912.4829998,84,520,None,Move,office
1569326912.4910002,84,521,None,Move,office
1569326912.4989998,84,522,None,Move,office
1569326912.515,84,522,None,Move,office
1569326912.531,84,523,None,Move,office
1569326912.539,84,523,None,Move,office
1569326912.5470002,85,523,None,Move,office
1569326912.554,86,524,None,Move,office
1569326912.561,87,524,None,Move,office
1569326912.569,89,524,None,Move,office
1569326912.577,90,524,None,Move,office
1569326912.585,92,522,None,Move,office
1569326912.593,95,518,None,Move,office
1569326912.601,98,512,None,Move,office
1569326912.609,101,506,None,Move,office
1569326912.617,106,497,None,Move,office
1569326912.625,111,490,None,Move,office
1569326912.633,115,484,None,Move,office
1569326912.639,120,478,None,Move,office
1569326912.646,125,474,None,Move,office
1569326912.655,130,470,None,Move,office
1569326912.6620002,131,469,None,Move,office
1569326912.671,135,466,None,Move,office
1569326912.678,138,463,None,Move,office
1569326912.687,140,461,None,Move,office
1569326912.694,141,459,None,Move,office
1569326912.702,143,458,None,Move,office
1569326912.71,143,456,None,Move,office
1569326912.717,144,455,None,Move,office
1569326912.724,145,453,None,Move,office
1569326912.732,146,452,None,Move,office
1569326912.74,147,451,None,Move,office
1569326912.748,147,451,None,Move,office
1569326912.756,147,450,None,Move,office
1569326912.764,148,450,None,Move,office
1569326912.811,148,450,None,Move,office
1569326912.827,148,449,None,Move,office
1569326912.843,149,449,None,Move,office
1569326912.851,150,448,None,Move,office
1569326912.859,150,447,None,Move,office
1569326912.867,152,445,None,Move,office
1569326912.8739998,153,441,None,Move,office
1569326912.881,154,439,None,Move,office
1569326912.889,156,435,None,Move,office
1569326912.897,157,433,None,Move,office
1569326912.905,158,430,None,Move,office
1569326912.913,159,427,None,Move,office
1569326912.921,159,424,None,Move,office
1569326912.929,159,421,None,Move,office
1569326912.937,159,419,None,Move,office
1569326912.945,159,418,None,Move,office
1569326912.9529998,159,417,None,Move,office
1569326912.96,159,415,None,Move,office
1569326912.967,159,415,None,Move,office
1569326912.975,158,414,None,Move,office
1569326912.9829998,156,413,None,Move,office
1569326912.9910002,153,411,None,Move,office
1569326912.998,151,411,None,Move,office
1569326913.0070002,148,409,None,Move,office
1569326913.018,142,408,None,Move,office
1569326913.025,137,408,None,Move,office
1569326913.032,132,408,None,Move,office
1569326913.04,125,407,None,Move,office
1569326913.048,120,406,None,Move,office
1569326913.055,115,405,None,Move,office
1569326913.062,113,405,None,Move,office
1569326913.069,110,404,None,Move,office
1569326913.076,108,403,None,Move,office
1569326913.084,107,402,None,Move,office
1569326913.092,105,402,None,Move,office
1569326913.155,105,401,None,Move,office
1569326913.17,105,401,None,Move,office
1569326913.209,105,401,None,Move,office
1569326913.217,104,401,None,Move,office
1569326913.265,104,400,None,Move,office
1569326913.2870002,104,400,None,Move,office
1569326913.311,104,399,None,Move,office
1569326913.335,104,398,None,Move,office
1569326913.474,104,398,Left,Pressed,office
1569326913.474,104,398,None,Drag,office
1569326913.474,104,398,Left,Released,office
