client_timestamp,x,y,button,state,window
1573474830.296,1078,383,None,Move,browsing
1573474830.312,1075,380,None,Move,browsing
1573474830.327,1073,378,None,Move,browsing
1573474830.343,1071,377,None,Move,browsing
1573475058.529,1081,374,None,Move,file system
1573475058.544,1094,370,None,Move,file system
1573475058.56,1119,363,None,Move,file system
1573475058.576,1147,351,None,Move,file system
1573475058.591,1164,344,None,Move,file system
1573475058.607,1187,330,None,Move,file system
1573475058.623,1199,322,None,Move,file system
1573475058.6379998,1223,306,None,Move,file system
1573475058.654,1249,285,None,Move,file system
1573475058.669,1273,261,None,Move,file system
1573475058.685,1297,225,None,Move,file system
1573475058.701,1319,188,None,Move,file system
1573475058.716,1341,155,None,Move,file system
1573475058.732,1358,136,None,Move,file system
1573475058.748,1371,121,None,Move,file system
1573475058.7629998,1378,112,None,Move,file system
1573475058.779,1385,98,None,Move,file system
1573475058.794,1387,87,None,Move,file system
1573475058.81,1388,79,None,Move,file system
1573475058.826,1388,78,None,Move,file system
1573475058.841,1380,78,None,Move,file system
1573475058.857,1369,78,None,Move,file system
1573475058.873,1352,81,None,Move,file system
1573475058.8879998,1330,89,None,Move,file system
1573475058.904,1317,96,None,Move,file system
1573475058.919,1305,103,None,Move,file system
1573475058.935,1295,110,None,Move,file system
1573475058.951,1288,115,None,Move,file system
1573475058.966,1282,120,None,Move,file system
1573475058.982,1275,125,None,Move,file system
1573475058.9970002,1274,126,None,Move,file system
1573475059.029,1273,126,None,Move,file system
1573475059.045,1273,126,None,Move,file system
1573475059.06,1272,126,None,Move,file system
1573475059.107,1271,126,None,Move,file system
1573475059.1379998,1271,126,None,Move,file system
1573475059.154,1270,127,None,Move,file system
1573475059.169,1270,128,None,Move,file system
1573475059.185,1269,128,None,Move,file system
1573475059.201,1269,128,None,Move,file system
1573475059.248,1269,129,None,Move,file system
1573475059.2629998,1268,132,None,Move,file system
1573475059.279,1268,136,None,Move,file system
1573475059.294,1268,144,None,Move,file system
1573475059.31,1268,154,None,Move,file system
1573475059.326,1268,166,None,Move,file system
1573475059.341,1268,181,None,Move,file system
1573475059.357,1268,200,None,Move,file system
1573475059.3720002,1266,215,None,Move,file system
1573475059.3879998,1264,233,None,Move,file system
1573475059.404,1263,238,None,Move,file system
1573475059.419,1262,246,None,Move,file system
1573475059.435,1261,254,None,Move,file system
1573475059.451,1259,261,None,Move,file system
1573475059.466,1255,274,None,Move,file system
1573475059.482,1250,284,None,Move,file system
1573475059.4970002,1249,288,None,Move,file system
1573475059.5129998,1248,290,None,Move,file system
1573475059.56,1248,291,None,Move,file system
1573475059.575,1248,290,None,Move,file system
1573475059.591,1246,286,None,Move,file system
1573475059.607,1243,282,None,Move,file system
1573475059.6220002,1241,279,None,Move,file system
1573475059.6379998,1238,276,None,Move,file system
1573475059.654,1235,272,None,Move,file system
1573475059.669,1229,266,None,Move,file system
1573475059.685,1221,254,None,Move,file system
1573475059.7,1213,244,None,Move,file system
1573475059.716,1211,241,None,Move,file system
1573475059.732,1208,237,None,Move,file system
1573475059.7470002,1204,234,None,Move,file system
1573475059.7629998,1199,231,None,Move,file system
1573475059.8879998,1199,225,None,Move,file system
1573475059.904,1199,224,None,Move,file system
1573475059.966,1198,224,None,Move,file system
1573475060.107,1198,223,None,Move,file system
1573475060.1379998,1198,222,None,Move,file system
1573475060.153,1198,222,None,Move,file system
1573475060.169,1198,220,None,Move,file system
1573475060.185,1198,218,None,Move,file system
1573475060.2,1199,207,None,Move,file system
1573475060.216,1202,199,None,Move,file system
1573475060.232,1209,179,None,Move,file system
1573475060.2470002,1209,175,None,Move,file system
1573475060.2629998,1210,166,None,Move,file system
1573475060.278,1212,154,None,Move,file system
1573475060.294,1213,146,None,Move,file system
1573475060.31,1214,140,None,Move,file system
1573475060.325,1214,137,None,Move,file system
1573475060.341,1215,136,None,Move,file system
1573475060.3720002,1215,136,None,Move,file system
1573475060.3879998,1216,134,None,Move,file system
1573475060.403,1219,132,None,Move,file system
1573475060.419,1220,128,None,Move,file system
1573475060.435,1222,124,None,Move,file system
1573475060.45,1223,121,None,Move,file system
1573475060.466,1224,119,None,Move,file system
1573475060.482,1225,117,None,Move,file system
1573475060.4970002,1226,116,None,Move,file system
1573475060.5129998,1226,116,None,Move,file system
1573475060.528,1227,115,None,Move,file system
1573475060.575,1227,116,None,Move,file system
1573475060.591,1228,119,None,Move,file system
1573475060.606,1231,134,None,Move,file system
1573475060.6220002,1232,148,None,Move,file system
1573475060.6379998,1232,155,None,Move,file system
1573475060.653,1229,165,None,Move,file system
1573475060.669,1227,168,None,Move,file system
1573475060.685,1225,172,None,Move,file system
1573475060.7,1223,176,None,Move,file system
1573475060.716,1222,180,None,Move,file system
1573475060.731,1220,183,None,Move,file system
1573475060.7470002,1220,186,None,Move,file system
1573475060.7629998,1219,187,None,Move,file system
1573475060.778,1219,189,None,Move,file system
1573475060.794,1218,189,None,Move,file system
1573475060.81,1218,190,None,Move,file system
1573475060.825,1218,190,None,Move,file system
1573475060.841,1218,191,None,Move,file system
1573475060.8720002,1218,191,None,Move,file system
1573475060.8879998,1218,192,None,Move,file system
1573475060.903,1218,194,None,Move,file system
1573475060.919,1218,196,None,Move,file system
1573475060.935,1218,197,None,Move,file system
1573475060.95,1218,199,None,Move,file system
1573475060.966,1218,200,None,Move,file system
1573475060.981,1218,202,None,Move,file system
1573475060.9970002,1217,205,None,Move,file system
1573475061.0129998,1216,208,None,Move,file system
1573475061.028,1215,209,None,Move,file system
1573475061.075,1215,209,None,Move,file system
1573475061.091,1215,210,None,Move,file system
1573475061.106,1215,212,None,Move,file system
1573475061.1220002,1215,213,None,Move,file system
1573475061.169,1215,213,Left,Pressed,file system
1573475061.278,1215,213,Left,Released,file system
1573475062.914,684,383,None,Move,file system
1573475062.929,686,381,None,Move,file system
1573475062.945,689,378,None,Move,file system
1573475062.961,690,377,None,Move,file system
1573475062.976,691,376,None,Move,file system
1573475062.992,693,374,None,Move,file system
1573475063.0070002,693,374,None,Move,file system
1573475063.0229998,695,373,None,Move,file system
1573475063.039,696,372,None,Move,file system
1573475063.054,696,371,None,Move,file system
1573475063.07,697,370,None,Move,file system
1573475063.086,700,366,None,Move,file system
1573475063.101,702,363,None,Move,file system
1573475063.117,704,360,None,Move,file system
1573475063.1320002,705,359,None,Move,file system
1573475063.1479998,706,359,None,Move,file system
1573475063.164,706,358,None,Move,file system
1573475063.179,706,357,None,Move,file system
1573475063.199,706,357,None,Move,file system
1573475063.2129998,706,356,None,Move,file system
1573475063.229,706,356,None,Move,file system
1573475063.2370002,705,356,None,Move,file system
1573475063.285,704,356,None,Move,file system
1573475063.293,703,359,None,Move,file system
1573475063.3,700,363,None,Move,file system
1573475063.3070002,698,366,None,Move,file system
1573475063.315,696,369,None,Move,file system
1573475063.322,694,372,None,Move,file system
1573475063.33,693,373,None,Move,file system
1573475063.3379998,690,376,None,Move,file system
1573475063.346,687,380,None,Move,file system
1573475063.354,683,384,None,Move,file system
1573475063.3620002,681,385,None,Move,file system
1573475063.37,678,388,None,Move,file system
1573475063.379,673,390,None,Move,file system
1573475063.3860002,668,393,None,Move,file system
1573475063.395,661,396,None,Move,file system
1573475063.403,655,398,None,Move,file system
1573475063.41,650,400,None,Move,file system
1573475063.418,643,402,None,Move,file system
1573475063.425,637,403,None,Move,file system
1573475063.4329998,626,405,None,Move,file system
1573475063.441,619,405,None,Move,file system
1573475063.449,612,406,None,Move,file system
1573475063.457,608,406,None,Move,file system
1573475063.465,603,406,None,Move,file system
1573475063.472,595,406,None,Move,file system
1573475063.48,591,406,None,Move,file system
1573475063.4870002,585,405,None,Move,file system
1573475063.495,579,403,None,Move,file system
1573475063.496,570,401,None,Move,file system
1573475063.512,553,396,None,Move,file system
1573475063.5270002,536,389,None,Move,file system
1573475063.543,526,383,None,Move,file system
1573475063.559,506,369,None,Move,file system
1573475063.574,494,359,None,Move,file system
1573475063.59,487,352,None,Move,file system
1573475063.606,483,349,None,Move,file system
1573475063.621,480,345,None,Move,file system
1573475063.637,479,341,None,Move,file system
1573475063.6520002,479,340,None,Move,file system
1573475063.668,479,337,None,Move,file system
1573475063.684,481,330,None,Move,file system
1573475063.699,482,327,None,Move,file system
1573475063.715,488,319,None,Move,file system
1573475063.731,499,306,None,Move,file system
1573475063.746,523,277,None,Move,file system
1573475063.762,528,272,None,Move,file system
1573475063.7770002,539,264,None,Move,file system
1573475063.793,544,261,None,Move,file system
1573475063.809,545,261,None,Move,file system
1573475063.84,545,261,None,Move,file system
1573475064.0270002,545,257,None,Move,file system
1573475064.043,545,253,None,Move,file system
1573475064.059,545,246,None,Move,file system
1573475064.074,543,238,None,Move,file system
1573475064.09,542,230,None,Move,file system
1573475064.105,539,221,None,Move,file system
1573475064.121,539,220,None,Move,file system
1573475064.137,538,218,None,Move,file system
1573475064.1520002,536,215,None,Move,file system
1573475064.168,534,213,None,Move,file system
1573475064.184,532,211,None,Move,file system
1573475064.199,532,210,None,Move,file system
1573475064.215,531,209,None,Move,file system
1573475064.23,529,208,None,Move,file system
1573475064.246,528,206,None,Move,file system
1573475064.262,527,205,None,Move,file system
1573475064.2770002,527,205,None,Move,file system
1573475064.293,527,204,None,Move,file system
1573475064.309,526,203,None,Move,file system
1573475064.324,526,202,None,Move,file system
1573475064.34,524,201,None,Move,file system
1573475064.355,522,199,None,Move,file system
1573475064.371,521,198,None,Move,file system
1573475064.387,519,195,None,Move,file system
1573475064.4020002,518,194,None,Move,file system
1573475064.418,517,191,None,Move,file system
1573475064.449,516,189,None,Move,file system
1573475064.6520002,515,187,None,Move,file system
1573475064.668,515,187,None,Move,file system
1573475064.6829998,515,186,None,Move,file system
1573475064.73,514,186,None,Move,file system
1573475070.826,515,187,None,Move,browsing
1573475070.842,516,187,None,Move,browsing
1573475070.857,519,190,None,Move,browsing
1573475070.873,522,194,None,Move,browsing
1573475070.889,525,197,None,Move,browsing
1573475070.904,531,201,None,Move,browsing
1573475070.92,540,210,None,Move,browsing
1573475070.936,557,226,None,Move,browsing
1573475070.951,572,240,None,Move,browsing
1573475070.967,578,246,None,Move,browsing
1573475070.982,582,249,None,Move,browsing
1573475070.998,587,257,None,Move,browsing
1573475071.014,598,275,None,Move,browsing
1573475071.029,609,292,None,Move,browsing
1573475071.045,622,316,None,Move,browsing
1573475071.061,637,335,None,Move,browsing
1573475071.076,642,342,None,Move,browsing
1573475071.092,643,343,None,Move,browsing
1573475071.15,644,344,None,Move,browsing
1573475071.166,648,347,None,Move,browsing
1573475071.181,651,351,None,Move,browsing
1573475071.197,653,352,None,Move,browsing
1573475071.212,653,352,None,Move,browsing
1573475071.6279998,653,353,None,Move,browsing
1573475071.643,651,353,None,Move,browsing
1573475071.659,650,353,None,Move,browsing
1573475071.706,651,353,None,Move,browsing
1573475071.722,653,355,None,Move,browsing
1573475071.7370002,655,356,None,Move,browsing
1573475071.7529998,656,356,None,Move,browsing
1573475071.769,657,357,None,Move,browsing
1573475071.784,660,360,None,Move,browsing
1573475071.8,664,363,None,Move,browsing
1573475072.016,665,364,None,Move,browsing
1573475072.033,665,365,None,Move,browsing
1573475072.048,666,366,None,Move,browsing
1573475072.064,667,367,None,Move,browsing
1573475072.08,668,368,None,Move,browsing
1573475072.095,669,368,None,Move,browsing
1573475072.252,669,369,None,Move,browsing
1573475072.2670002,670,370,None,Move,browsing
1573475072.283,671,370,None,Move,browsing
1573475072.298,671,371,None,Move,browsing
1573475072.314,672,372,None,Move,browsing
1573475072.329,672,372,None,Move,browsing
1573475072.345,673,372,None,Move,browsing
1573475072.361,673,373,None,Move,browsing
1573475073.035,672,373,None,Move,browsing
1573475073.05,669,373,None,Move,browsing
1573475073.066,664,374,None,Move,browsing
1573475073.082,660,376,None,Move,browsing
1573475073.097,655,377,None,Move,browsing
1573475073.113,650,379,None,Move,browsing
1573475073.129,646,379,None,Move,browsing
1573475073.144,636,384,None,Move,browsing
1573475073.16,623,389,None,Move,browsing
1573475073.175,599,398,None,Move,browsing
1573475073.191,569,407,None,Move,browsing
1573475073.209,552,411,None,Move,browsing
1573475073.217,543,412,None,Move,browsing
1573475073.224,534,413,None,Move,browsing
1573475073.231,529,413,None,Move,browsing
1573475073.2389998,526,413,None,Move,browsing
1573475073.2470002,523,413,None,Move,browsing
1573475073.255,520,413,None,Move,browsing
1573475073.2629998,518,413,None,Move,browsing
1573475073.271,518,413,None,Move,browsing
1573475073.279,517,413,None,Move,browsing
1573475073.2870002,515,413,None,Move,browsing
1573475073.295,514,413,None,Move,browsing
1573475073.302,512,413,None,Move,browsing
1573475073.31,508,415,None,Move,browsing
1573475073.3170002,500,418,None,Move,browsing
1573475073.324,493,421,None,Move,browsing
1573475073.332,490,423,None,Move,browsing
1573475073.34,483,426,None,Move,browsing
1573475073.3479998,477,429,None,Move,browsing
1573475073.356,471,431,None,Move,browsing
1573475073.3639998,467,432,None,Move,browsing
1573475073.3720002,461,433,None,Move,browsing
1573475073.38,458,433,None,Move,browsing
1573475073.3879998,454,433,None,Move,browsing
1573475073.396,450,434,None,Move,browsing
1573475073.403,447,435,None,Move,browsing
1573475073.411,442,436,None,Move,browsing
1573475073.419,438,439,None,Move,browsing
1573475073.427,433,442,None,Move,browsing
1573475073.435,431,444,None,Move,browsing
1573475073.4429998,427,446,None,Move,browsing
1573475073.451,421,449,None,Move,browsing
1573475073.459,421,450,None,Move,browsing
1573475073.467,419,452,None,Move,browsing
1573475073.474,419,453,None,Move,browsing
1573475073.4889998,419,454,None,Move,browsing
1573475073.514,418,454,None,Move,browsing
1573475073.531,417,454,None,Move,browsing
1573475073.5470002,415,454,None,Move,browsing
1573475073.563,414,454,None,Move,browsing
1573475073.5779998,413,454,None,Move,browsing
1573475073.594,412,454,None,Move,browsing
1573475073.61,411,454,None,Move,browsing
1573475073.625,410,454,None,Move,browsing
1573475073.641,409,454,None,Move,browsing
1573475073.656,408,454,None,Move,browsing
1573475073.6720002,408,454,None,Move,browsing
1573475073.688,407,454,None,Move,browsing
1573475073.7029998,407,454,None,Move,browsing
1573475073.719,407,453,None,Move,browsing
1573475073.735,406,443,None,Move,browsing
1573475073.75,404,440,None,Move,browsing
1573475073.766,403,439,None,Move,browsing
1573475073.781,401,437,None,Move,browsing
1573475073.7970002,400,437,None,Move,browsing
1573475073.8279998,400,437,None,Move,browsing
1573475073.86,400,436,None,Move,browsing
1573475073.875,399,434,None,Move,browsing
1573475073.891,398,429,None,Move,browsing
1573475073.906,398,425,None,Move,browsing
1573475073.9220002,398,420,None,Move,browsing
1573475073.938,398,415,None,Move,browsing
1573475073.9529998,398,414,None,Move,browsing
1573475073.969,398,413,None,Move,browsing
1573475074.4770002,398,413,None,Move,browsing
1573475074.4929998,398,413,None,Move,browsing
1573475074.508,399,413,None,Move,browsing
1573475074.529,400,413,None,Move,browsing
1573475074.5470002,400,413,None,Move,browsing
1573475074.562,400,412,None,Move,browsing
1573475074.5779998,399,409,None,Move,browsing
1573475074.593,398,408,None,Move,browsing
1573475074.609,395,406,None,Move,browsing
1573475074.625,394,404,None,Move,browsing
1573475074.64,391,402,None,Move,browsing
1573475074.656,387,400,None,Move,browsing
1573475074.6720002,384,396,None,Move,browsing
1573475074.687,378,390,None,Move,browsing
1573475074.7029998,368,379,None,Move,browsing
1573475074.718,348,360,None,Move,browsing
1573475074.734,331,343,None,Move,browsing
1573475074.75,312,318,None,Move,browsing
1573475074.765,308,312,None,Move,browsing
1573475074.781,297,293,None,Move,browsing
1573475074.7970002,291,286,None,Move,browsing
1573475074.812,287,279,None,Move,browsing
1573475074.8279998,280,266,None,Move,browsing
1573475074.843,274,253,None,Move,browsing
1573475074.859,272,247,None,Move,browsing
1573475074.875,269,236,None,Move,browsing
1573475074.89,269,229,None,Move,browsing
1573475074.906,268,222,None,Move,browsing
1573475074.9220002,266,217,None,Move,browsing
1573475074.937,264,215,None,Move,browsing
1573475074.9529998,260,208,None,Move,browsing
1573475074.968,259,206,None,Move,browsing
1573475074.984,258,206,None,Move,browsing
1573475075.0,257,205,None,Move,browsing
1573475075.031,257,205,None,Move,browsing
1573475075.2029998,257,205,None,Move,browsing
1573475075.218,256,205,None,Move,browsing
1573475075.234,255,208,None,Move,browsing
1573475075.25,254,209,None,Move,browsing
1573475075.265,254,210,None,Move,browsing
1573475075.281,253,211,None,Move,browsing
1573475075.39,252,211,None,Move,browsing
1573475075.406,252,212,None,Move,browsing
1573475075.64,252,212,None,Move,browsing
1573475075.656,252,212,None,Move,browsing
1573475075.671,255,212,None,Move,browsing
1573475075.687,257,212,None,Move,browsing
1573475075.7029998,263,212,None,Move,browsing
1573475075.718,274,212,None,Move,browsing
1573475075.734,280,212,None,Move,browsing
1573475075.75,283,212,None,Move,browsing
1573475075.765,287,212,None,Move,browsing
1573475075.781,288,212,None,Move,browsing
1573475075.859,288,212,None,Move,browsing
1573475075.968,289,212,None,Move,browsing
1573475075.984,293,212,None,Move,browsing
1573475076.0,295,212,None,Move,browsing
1573475076.015,297,212,None,Move,browsing
1573475076.031,298,212,None,Move,browsing
1573475076.218,298,212,None,Move,browsing
1573475076.234,297,212,None,Move,browsing
1573475076.2489998,297,212,None,Move,browsing
1573475076.265,296,212,None,Move,browsing
1573475076.281,295,212,None,Move,browsing
1573475076.296,295,212,None,Move,browsing
1573475076.3279998,294,212,None,Move,browsing
1573475076.421,294,212,None,Move,browsing
1573475076.437,293,212,None,Move,browsing
1573475076.4529998,292,212,None,Move,browsing
1573475077.593,292,212,None,Move,browsing
1573475077.609,293,212,None,Move,browsing
1573475077.6239998,297,212,None,Move,browsing
1573475077.64,299,212,None,Move,browsing
1573475077.655,302,212,None,Move,browsing
1573475077.671,304,211,None,Move,browsing
1573475077.687,305,211,None,Move,browsing
1573475077.702,306,211,None,Move,browsing
1573475077.718,306,211,None,Move,browsing
1573475077.7410002,307,211,None,Move,browsing
1573475077.9910002,307,211,None,Move,browsing
1573475078.006,308,211,None,Move,browsing
1573475078.025,308,211,None,Move,browsing
1573475078.0270002,309,211,None,Move,browsing
1573475078.042,310,211,None,Move,browsing
1573475078.0579998,312,211,None,Move,browsing
1573475078.074,313,211,None,Move,browsing
1573475078.089,315,211,None,Move,browsing
1573475078.105,317,211,None,Move,browsing
1573475078.12,318,211,None,Move,browsing
1573475078.1360002,320,211,None,Move,browsing
1573475078.1520002,322,210,None,Move,browsing
1573475078.1829998,323,210,None,Move,browsing
1573475078.337,324,210,None,Move,browsing
1573475078.361,324,210,None,Move,browsing
1573475078.447,325,211,None,Move,browsing
1573475078.479,325,211,None,Move,browsing
1573475078.4929998,326,211,None,Move,browsing
1573475078.5089998,327,212,None,Move,browsing
1573475078.525,327,212,None,Move,browsing
1573475078.529,327,212,None,Move,browsing
1573475078.545,328,212,None,Move,browsing
1573475078.56,329,212,None,Move,browsing
1573475078.576,330,212,None,Move,browsing
1573475078.592,333,212,None,Move,browsing
1573475078.607,334,213,None,Move,browsing
1573475078.623,335,213,None,Move,browsing
1573475078.6379998,336,213,None,Move,browsing
1573475078.654,337,213,None,Move,browsing
1573475078.701,338,213,None,Move,browsing
1573475078.716,342,213,None,Move,browsing
1573475078.732,345,213,None,Move,browsing
1573475078.748,348,213,None,Move,browsing
1573475078.7629998,351,213,None,Move,browsing
1573475078.779,353,212,None,Move,browsing
1573475078.795,356,212,None,Move,browsing
1573475078.81,360,212,None,Move,browsing
1573475078.826,365,211,None,Move,browsing
1573475078.841,370,211,None,Move,browsing
1573475078.857,376,211,None,Move,browsing
1573475078.873,389,210,None,Move,browsing
1573475078.8879998,406,207,None,Move,browsing
1573475078.904,424,204,None,Move,browsing
1573475078.92,435,202,None,Move,browsing
1573475078.935,445,200,None,Move,browsing
1573475078.951,449,199,None,Move,browsing
1573475078.966,451,199,None,Move,browsing
1573475078.982,451,199,None,Move,browsing
1573475078.998,453,199,None,Move,browsing
1573475079.0129998,455,200,None,Move,browsing
1573475079.029,459,201,None,Move,browsing
1573475079.045,462,202,None,Move,browsing
1573475079.06,474,205,None,Move,browsing
1573475079.076,486,205,None,Move,browsing
1573475079.091,489,205,None,Move,browsing
1573475079.107,498,205,None,Move,browsing
1573475079.123,505,205,None,Move,browsing
1573475079.1379998,514,205,None,Move,browsing
1573475079.154,530,205,None,Move,browsing
1573475079.17,540,206,None,Move,browsing
1573475079.185,554,207,None,Move,browsing
1573475079.201,565,208,None,Move,browsing
1573475079.216,580,210,None,Move,browsing
1573475079.232,598,210,None,Move,browsing
1573475079.248,613,212,None,Move,browsing
1573475079.2629998,630,212,None,Move,browsing
1573475079.279,654,213,None,Move,browsing
1573475079.294,673,213,None,Move,browsing
1573475079.31,696,215,None,Move,browsing
1573475079.326,715,215,None,Move,browsing
1573475079.341,727,216,None,Move,browsing
1573475079.357,746,217,None,Move,browsing
1573475079.373,760,217,None,Move,browsing
1573475079.3879998,778,217,None,Move,browsing
1573475079.404,801,217,None,Move,browsing
1573475079.419,821,217,None,Move,browsing
1573475079.435,841,217,None,Move,browsing
1573475079.451,861,219,None,Move,browsing
1573475079.466,872,221,None,Move,browsing
1573475079.482,885,223,None,Move,browsing
1573475079.498,892,226,None,Move,browsing
1573475079.5129998,893,227,None,Move,browsing
1573475079.576,893,227,None,Move,browsing
1573475079.591,888,227,None,Move,browsing
1573475079.607,882,227,None,Move,browsing
1573475079.623,867,227,None,Move,browsing
1573475079.6379998,853,227,None,Move,browsing
1573475079.654,834,227,None,Move,browsing
1573475079.669,815,226,None,Move,browsing
1573475079.685,799,225,None,Move,browsing
1573475079.707,782,225,None,Move,browsing
1573475079.722,755,225,None,Move,browsing
1573475079.738,741,227,None,Move,browsing
1573475079.754,721,229,None,Move,browsing
1573475079.769,701,232,None,Move,browsing
1573475079.785,690,233,None,Move,browsing
1573475079.801,661,238,None,Move,browsing
1573475079.816,625,244,None,Move,browsing
1573475079.832,610,246,None,Move,browsing
1573475079.847,599,247,None,Move,browsing
1573475079.863,592,247,None,Move,browsing
1573475079.879,589,248,None,Move,browsing
1573475079.926,589,248,None,Move,browsing
1573475079.941,590,249,None,Move,browsing
1573475079.957,592,251,None,Move,browsing
1573475079.972,599,258,None,Move,browsing
1573475079.988,604,264,None,Move,browsing
1573475080.004,613,271,None,Move,browsing
1573475080.019,616,274,None,Move,browsing
1573475080.035,627,280,None,Move,browsing
1573475080.05,646,282,None,Move,browsing
1573475080.066,670,282,None,Move,browsing
1573475080.082,688,282,None,Move,browsing
1573475080.097,707,282,None,Move,browsing
1573475080.113,715,282,None,Move,browsing
1573475080.129,732,284,None,Move,browsing
1573475080.144,743,285,None,Move,browsing
1573475080.16,750,287,None,Move,browsing
1573475080.175,759,288,None,Move,browsing
1573475080.191,773,289,None,Move,browsing
1573475080.207,789,289,None,Move,browsing
1573475080.222,822,290,None,Move,browsing
1573475080.238,832,290,None,Move,browsing
1573475080.254,856,290,None,Move,browsing
1573475080.269,881,289,None,Move,browsing
1573475080.285,907,287,None,Move,browsing
1573475080.291,933,284,None,Move,browsing
1573475080.3079998,976,280,None,Move,browsing
1573475080.323,1012,278,None,Move,browsing
1573475080.339,1045,277,None,Move,browsing
1573475080.355,1076,276,None,Move,browsing
1573475080.37,1095,275,None,Move,browsing
1573475080.3860002,1112,273,None,Move,browsing
1573475080.4020002,1133,269,None,Move,browsing
1573475080.417,1149,268,None,Move,browsing
1573475080.4329998,1166,266,None,Move,browsing
1573475080.448,1185,265,None,Move,browsing
1573475080.464,1197,265,None,Move,browsing
1573475080.48,1206,265,None,Move,browsing
1573475080.495,1214,265,None,Move,browsing
1573475080.5110002,1219,265,None,Move,browsing
1573475080.526,1223,265,None,Move,browsing
1573475080.542,1227,265,None,Move,browsing
1573475080.5579998,1228,265,None,Move,browsing
1573475080.573,1230,265,None,Move,browsing
1573475080.73,1231,265,None,Move,browsing
1573475080.745,1231,265,None,Move,browsing
1573475080.7610002,1233,266,None,Move,browsing
1573475080.776,1234,267,None,Move,browsing
1573475080.792,1235,267,None,Move,browsing
1573475080.8079998,1237,268,None,Move,browsing
1573475080.823,1238,268,None,Move,browsing
1573475080.839,1238,269,None,Move,browsing
1573475080.855,1239,269,None,Move,browsing
1573475080.87,1239,269,None,Move,browsing
1573475080.8860002,1241,270,None,Move,browsing
1573475080.901,1244,271,None,Move,browsing
1573475080.917,1246,271,None,Move,browsing
1573475080.9329998,1249,271,None,Move,browsing
1573475080.948,1252,271,None,Move,browsing
1573475080.964,1254,271,None,Move,browsing
1573475080.98,1255,271,None,Move,browsing
1573475080.995,1256,271,None,Move,browsing
1573475081.0110002,1257,271,None,Move,browsing
1573475081.026,1258,270,None,Move,browsing
1573475081.042,1259,268,None,Move,browsing
1573475081.0579998,1261,266,None,Move,browsing
1573475081.073,1261,261,None,Move,browsing
1573475081.089,1263,256,None,Move,browsing
1573475081.104,1264,252,None,Move,browsing
1573475081.12,1266,249,None,Move,browsing
1573475081.1360002,1266,245,None,Move,browsing
1573475081.151,1268,243,None,Move,browsing
1573475081.167,1268,241,None,Move,browsing
1573475081.1820002,1269,239,None,Move,browsing
1573475081.198,1270,236,None,Move,browsing
1573475081.214,1272,234,None,Move,browsing
1573475081.229,1273,230,None,Move,browsing
1573475081.245,1275,227,None,Move,browsing
1573475081.2610002,1276,225,None,Move,browsing
1573475081.276,1278,223,None,Move,browsing
1573475081.292,1280,218,None,Move,browsing
1573475081.3070002,1283,214,None,Move,browsing
1573475081.323,1285,210,None,Move,browsing
1573475081.339,1287,205,None,Move,browsing
1573475081.354,1288,202,None,Move,browsing
1573475081.37,1289,199,None,Move,browsing
1573475081.417,1289,198,None,Move,browsing
1573475081.6820002,1289,198,None,Move,browsing
1573475081.698,1289,198,None,Move,browsing
1573475081.714,1288,197,None,Move,browsing
1573475081.729,1287,197,None,Move,browsing
1573475081.745,1287,197,None,Move,browsing
1573475081.7610002,1287,199,None,Move,browsing
1573475081.776,1287,204,None,Move,browsing
1573475081.792,1289,211,None,Move,browsing
1573475081.8070002,1296,227,None,Move,browsing
1573475081.823,1304,245,None,Move,browsing
1573475081.839,1314,274,None,Move,browsing
1573475081.854,1321,294,None,Move,browsing
1573475081.87,1327,311,None,Move,browsing
1573475081.8860002,1336,328,None,Move,browsing
1573475081.901,1340,336,None,Move,browsing
1573475081.917,1345,342,None,Move,browsing
1573475081.9320002,1346,343,None,Move,browsing
1573475082.104,1345,342,None,Move,browsing
1573475082.12,1345,341,None,Move,browsing
1573475082.135,1343,338,None,Move,browsing
1573475082.151,1341,335,None,Move,browsing
1573475082.167,1338,331,None,Move,browsing
1573475082.1820002,1336,327,None,Move,browsing
1573475082.198,1335,324,None,Move,browsing
1573475082.214,1333,321,None,Move,browsing
1573475082.229,1332,318,None,Move,browsing
1573475082.245,1332,317,None,Move,browsing
1573475082.26,1331,316,None,Move,browsing
1573475082.276,1331,315,None,Move,browsing
1573475082.354,1331,314,None,Move,browsing
1573475082.37,1330,314,None,Move,browsing
1573475082.385,1330,313,None,Move,browsing
1573475082.401,1330,311,None,Move,browsing
1573475082.417,1330,310,None,Move,browsing
1573475082.4320002,1329,309,None,Move,browsing
1573475082.542,1329,309,None,Move,browsing
1573475082.5570002,1335,310,None,Move,browsing
1573475082.573,1340,310,None,Move,browsing
1573475082.589,1342,311,None,Move,browsing
1573475082.792,1344,311,None,Move,browsing
1573475082.8070002,1344,312,None,Move,browsing
1573475082.839,1344,312,None,Move,browsing
1573475082.854,1345,309,None,Move,browsing
1573475082.87,1345,308,None,Move,browsing
1573475082.885,1345,305,None,Move,browsing
1573475082.901,1343,304,None,Move,browsing
1573475082.917,1341,304,None,Move,browsing
1573475082.9320002,1341,304,None,Move,browsing
1573475082.948,1340,304,None,Move,browsing
1573475082.9629998,1337,305,None,Move,browsing
1573475082.979,1335,305,None,Move,browsing
1573475082.995,1333,305,None,Move,browsing
1573475083.01,1329,305,None,Move,browsing
1573475083.026,1323,305,None,Move,browsing
1573475083.042,1314,305,None,Move,browsing
1573475083.0570002,1303,304,None,Move,browsing
1573475083.073,1288,304,None,Move,browsing
1573475083.0879998,1271,304,None,Move,browsing
1573475083.104,1254,304,None,Move,browsing
1573475083.12,1236,304,None,Move,browsing
1573475083.135,1209,305,None,Move,browsing
1573475083.151,1184,306,None,Move,browsing
1573475083.166,1153,306,None,Move,browsing
1573475083.1820002,1113,306,None,Move,browsing
1573475083.198,1044,302,None,Move,browsing
1573475083.2129998,969,296,None,Move,browsing
1573475083.2329998,903,293,None,Move,browsing
1573475083.2410002,857,293,None,Move,browsing
1573475083.2489998,830,293,None,Move,browsing
1573475083.2570002,788,291,None,Move,browsing
1573475083.264,753,290,None,Move,browsing
1573475083.272,722,286,None,Move,browsing
1573475083.279,701,284,None,Move,browsing
1573475083.2870002,688,281,None,Move,browsing
1573475083.295,669,279,None,Move,browsing
1573475083.304,659,279,None,Move,browsing
1573475083.311,651,278,None,Move,browsing
1573475083.319,643,277,None,Move,browsing
1573475083.327,635,277,None,Move,browsing
1573475083.334,632,277,None,Move,browsing
1573475083.343,628,277,None,Move,browsing
1573475083.35,621,282,None,Move,browsing
1573475083.357,618,283,None,Move,browsing
1573475083.3660002,613,286,None,Move,browsing
1573475083.3739998,604,292,None,Move,browsing
1573475083.381,598,296,None,Move,browsing
1573475083.389,593,299,None,Move,browsing
1573475083.396,589,300,None,Move,browsing
1573475083.404,582,302,None,Move,browsing
1573475083.4120002,575,304,None,Move,browsing
1573475083.42,572,305,None,Move,browsing
1573475083.427,563,307,None,Move,browsing
1573475083.435,554,308,None,Move,browsing
1573475083.4429998,541,309,None,Move,browsing
1573475083.451,532,310,None,Move,browsing
1573475083.459,522,310,None,Move,browsing
1573475083.467,504,310,None,Move,browsing
1573475083.476,496,310,None,Move,browsing
1573475083.484,489,310,None,Move,browsing
1573475083.4929998,479,310,None,Move,browsing
1573475083.5010002,466,310,None,Move,browsing
1573475083.508,456,310,None,Move,browsing
1573475083.516,447,310,None,Move,browsing
1573475083.525,429,310,None,Move,browsing
1573475083.531,414,310,None,Move,browsing
1573475083.539,405,310,None,Move,browsing
1573475083.545,387,307,None,Move,browsing
1573475083.561,368,302,None,Move,browsing
1573475083.576,352,300,None,Move,browsing
1573475083.592,336,300,None,Move,browsing
1573475083.607,301,299,None,Move,browsing
1573475083.623,289,299,None,Move,browsing
1573475083.639,271,299,None,Move,browsing
1573475083.654,255,299,None,Move,browsing
1573475083.67,243,299,None,Move,browsing
1573475083.686,232,299,None,Move,browsing
1573475083.701,221,299,None,Move,browsing
1573475083.717,218,299,None,Move,browsing
1573475083.732,212,299,None,Move,browsing
1573475083.748,207,299,None,Move,browsing
1573475083.764,199,298,None,Move,browsing
1573475083.779,190,296,None,Move,browsing
1573475083.795,185,294,None,Move,browsing
1573475083.811,180,294,None,Move,browsing
1573475083.826,174,294,None,Move,browsing
1573475083.842,167,294,None,Move,browsing
1573475083.857,162,295,None,Move,browsing
1573475083.873,160,296,None,Move,browsing
1573475083.889,160,296,None,Move,browsing
1573475083.936,159,296,None,Move,browsing
1573475083.951,158,297,None,Move,browsing
1573475083.967,156,298,None,Move,browsing
1573475083.982,152,300,None,Move,browsing
1573475083.998,148,302,None,Move,browsing
1573475084.014,144,303,None,Move,browsing
1573475084.029,139,305,None,Move,browsing
1573475084.045,135,305,None,Move,browsing
1573475084.061,129,306,None,Move,browsing
1573475084.076,124,306,None,Move,browsing
1573475084.092,120,306,None,Move,browsing
1573475084.545,119,307,None,Move,browsing
1573475084.56,118,307,None,Move,browsing
1573475084.576,118,305,None,Move,browsing
1573475084.592,117,305,None,Move,browsing
1573475085.185,117,305,None,Move,browsing
1573475085.201,117,305,None,Move,browsing
1573475085.217,118,305,None,Move,browsing
1573475085.67,118,305,None,Move,browsing
1573475085.685,119,306,None,Move,browsing
1573475085.701,119,307,None,Move,browsing
1573475086.466,119,309,None,Move,browsing
1573475086.482,121,313,None,Move,browsing
1573475086.498,124,319,None,Move,browsing
1573475086.5129998,125,323,None,Move,browsing
1573475086.529,126,326,None,Move,browsing
1573475086.544,126,326,None,Move,browsing
1573475086.56,126,328,None,Move,browsing
1573475086.576,127,329,None,Move,browsing
1573475086.591,127,330,None,Move,browsing
1573475086.607,127,332,None,Move,browsing
1573475086.6220002,127,333,None,Move,browsing
1573475086.6379998,127,335,None,Move,browsing
1573475086.654,128,338,None,Move,browsing
1573475086.669,129,342,None,Move,browsing
1573475086.685,130,343,None,Move,browsing
1573475086.701,131,344,None,Move,browsing
1573475086.716,132,346,None,Move,browsing
1573475086.732,132,346,None,Move,browsing
1573475086.7470002,133,346,None,Move,browsing
1573475086.7629998,134,348,None,Move,browsing
1573475086.779,134,351,None,Move,browsing
1573475086.794,136,353,None,Move,browsing
1573475086.81,136,356,None,Move,browsing
1573475086.826,137,358,None,Move,browsing
1573475086.841,138,362,None,Move,browsing
1573475086.857,139,365,None,Move,browsing
1573475086.8720002,140,368,None,Move,browsing
1573475086.8879998,141,369,None,Move,browsing
1573475086.904,141,371,None,Move,browsing
1573475086.919,142,372,None,Move,browsing
1573475086.935,142,373,None,Move,browsing
1573475086.951,142,373,None,Move,browsing
1573475086.966,143,373,None,Move,browsing
1573475086.982,143,374,None,Move,browsing
1573475087.185,143,375,None,Move,browsing
1573475087.201,144,375,None,Move,browsing
1573475087.216,145,376,None,Move,browsing
1573475087.232,146,377,None,Move,browsing
1573475087.2470002,147,377,None,Move,browsing
1573475087.2629998,147,378,None,Move,browsing
1573475087.279,148,379,None,Move,browsing
1573475087.341,149,379,None,Move,browsing
1573475087.357,150,379,None,Move,browsing
1573475087.3720002,154,379,None,Move,browsing
1573475087.3879998,155,379,None,Move,browsing
1573475087.404,156,378,None,Move,browsing
1573475087.466,156,378,None,Move,browsing
1573475087.482,152,378,None,Move,browsing
1573475087.4970002,150,378,None,Move,browsing
1573475087.591,148,379,None,Move,browsing
1573475087.903,148,380,None,Move,browsing
1573475087.919,148,382,None,Move,browsing
1573475087.935,149,385,None,Move,browsing
1573475087.95,149,387,None,Move,browsing
1573475087.966,149,388,None,Move,browsing
1573475087.982,149,390,None,Move,browsing
1573475087.9970002,150,391,None,Move,browsing
1573475088.0129998,150,391,None,Move,browsing
1573475088.028,150,393,None,Move,browsing
1573475088.044,150,394,None,Move,browsing
1573475088.06,150,395,None,Move,browsing
1573475088.075,150,396,None,Move,browsing
1573475088.091,150,396,None,Move,browsing
1573475088.169,148,396,None,Move,browsing
1573475088.185,141,396,None,Move,browsing
1573475088.2,135,396,None,Move,browsing
1573475088.216,131,392,None,Move,browsing
1573475088.2370002,126,387,None,Move,browsing
1573475088.245,124,384,None,Move,browsing
1573475088.252,120,380,None,Move,browsing
1573475088.2610002,116,377,None,Move,browsing
1573475088.269,113,373,None,Move,browsing
1573475088.2770002,110,372,None,Move,browsing
1573475088.284,107,368,None,Move,browsing
1573475088.292,104,366,None,Move,browsing
1573475088.3,101,363,None,Move,browsing
1573475088.3070002,98,362,None,Move,browsing
1573475088.315,97,360,None,Move,browsing
1573475088.322,95,359,None,Move,browsing
1573475088.33,94,357,None,Move,browsing
1573475088.3379998,92,357,None,Move,browsing
1573475088.346,92,356,None,Move,browsing
1573475088.355,91,356,None,Move,browsing
1573475088.363,91,356,None,Move,browsing
1573475088.4329998,91,356,None,Move,browsing
1573475088.441,93,355,None,Move,browsing
1573475088.449,93,355,None,Move,browsing
1573475088.457,94,355,None,Move,browsing
1573475088.464,94,355,None,Move,browsing
1573475088.4729998,95,354,None,Move,browsing
1573475088.4870002,96,354,None,Move,browsing
1573475088.543,97,354,None,Move,browsing
1573475088.546,98,354,None,Move,browsing
1573475088.562,102,353,None,Move,browsing
1573475088.577,105,353,None,Move,browsing
1573475088.593,109,353,None,Move,browsing
1573475088.609,110,353,None,Move,browsing
1573475088.6239998,111,353,None,Move,browsing
1573475088.64,112,354,None,Move,browsing
1573475088.656,112,355,None,Move,browsing
1573475088.671,112,358,None,Move,browsing
1573475088.687,112,361,None,Move,browsing
1573475088.702,111,364,None,Move,browsing
1573475088.718,110,367,None,Move,browsing
1573475088.734,110,369,None,Move,browsing
1573475088.7489998,109,374,None,Move,browsing
1573475088.765,108,377,None,Move,browsing
1573475088.78,108,381,None,Move,browsing
1573475088.796,108,383,None,Move,browsing
1573475088.812,108,387,None,Move,browsing
1573475088.827,108,390,None,Move,browsing
1573475088.843,108,393,None,Move,browsing
1573475088.859,110,396,None,Move,browsing
1573475088.8739998,112,400,None,Move,browsing
1573475088.89,116,406,None,Move,browsing
1573475088.905,117,411,None,Move,browsing
1573475088.921,118,412,None,Move,browsing
1573475088.937,118,412,None,Move,browsing
1573475089.187,119,412,None,Move,browsing
1573475089.202,121,412,None,Move,browsing
1573475089.218,123,411,None,Move,browsing
1573475089.2329998,127,410,None,Move,browsing
1573475089.2489998,132,408,None,Move,browsing
1573475089.265,137,408,None,Move,browsing
1573475089.28,143,408,None,Move,browsing
1573475089.296,147,408,None,Move,browsing
1573475089.312,149,408,None,Move,browsing
1573475089.327,149,408,None,Move,browsing
1573475089.343,150,410,None,Move,browsing
1573475089.3579998,151,411,None,Move,browsing
1573475089.3739998,152,412,None,Move,browsing
1573475089.39,152,413,None,Move,browsing
1573475089.405,153,416,None,Move,browsing
1573475089.421,153,421,None,Move,browsing
1573475089.437,154,424,None,Move,browsing
1573475089.452,154,430,None,Move,browsing
1573475089.468,154,436,None,Move,browsing
1573475089.4829998,154,441,None,Move,browsing
1573475089.4989998,154,444,None,Move,browsing
1573475089.515,154,445,None,Move,browsing
1573475089.53,155,446,None,Move,browsing
1573475089.546,155,447,None,Move,browsing
1573475089.562,156,451,None,Move,browsing
1573475089.577,156,454,None,Move,browsing
1573475089.593,156,455,None,Move,browsing
1573475089.6079998,156,456,None,Move,browsing
1573475089.655,156,458,None,Move,browsing
1573475089.78,156,458,None,Move,browsing
1573475089.796,156,459,None,Move,browsing
1573475089.811,158,461,None,Move,browsing
1573475089.827,158,464,None,Move,browsing
1573475089.843,161,466,None,Move,browsing
1573475089.8579998,166,472,None,Move,browsing
1573475089.8739998,173,478,None,Move,browsing
1573475089.89,178,481,None,Move,browsing
1573475089.905,181,483,None,Move,browsing
1573475089.921,182,483,None,Move,browsing
1573475089.981,183,483,None,Move,browsing
1573475089.998,183,483,None,Move,browsing
1573475090.014,186,483,None,Move,browsing
1573475090.03,189,482,None,Move,browsing
1573475090.123,189,482,None,Move,browsing
1573475090.139,189,483,None,Move,browsing
1573475090.155,189,484,None,Move,browsing
1573475090.17,189,485,None,Move,browsing
1573475090.717,189,485,None,Move,browsing
1573475090.732,189,487,None,Move,browsing
1573475090.748,189,488,None,Move,browsing
1573475090.904,189,488,None,Move,browsing
1573475090.92,189,488,None,Move,browsing
1573475090.936,189,487,None,Move,browsing
1573475090.951,189,486,None,Move,browsing
1573475090.967,189,484,None,Move,browsing
1573475090.982,188,483,None,Move,browsing
1573475090.998,187,483,None,Move,browsing
1573475091.029,186,483,None,Move,browsing
1573475091.045,186,487,None,Move,browsing
1573475091.061,186,492,None,Move,browsing
1573475091.076,186,494,None,Move,browsing
1573475091.092,186,496,None,Move,browsing
1573475091.295,186,495,None,Move,browsing
1573475091.31,186,492,None,Move,browsing
1573475091.326,186,490,None,Move,browsing
1573475091.342,186,488,None,Move,browsing
1573475091.373,186,488,None,Move,browsing
1573475091.389,186,488,None,Move,browsing
1573475092.3879998,186,488,None,Move,browsing
1573475092.404,186,489,None,Move,browsing
1573475092.435,187,490,None,Move,browsing
1573475092.576,187,490,None,Move,browsing
1573475092.591,187,490,None,Move,browsing
1573475092.607,187,490,None,Move,browsing
1573475092.623,187,489,None,Move,browsing
1573475092.6379998,187,488,None,Move,browsing
1573475092.654,187,488,None,Move,browsing
1573475092.67,187,487,None,Move,browsing
1573475092.701,187,487,None,Move,browsing
1573475092.717,187,486,None,Move,browsing
1573475092.873,187,486,None,Move,browsing
1573475092.8879998,187,488,None,Move,browsing
1573475092.904,187,489,None,Move,browsing
1573475093.06,187,489,None,Move,browsing
1573475093.076,187,488,None,Move,browsing
1573475093.091,187,487,None,Move,browsing
1573475093.107,189,485,None,Move,browsing
1573475093.123,191,483,None,Move,browsing
1573475093.1379998,194,481,None,Move,browsing
1573475093.154,194,481,None,Move,browsing
1573475093.2970002,195,480,None,Move,browsing
1573475093.306,195,479,None,Move,browsing
1573475093.314,196,478,None,Move,browsing
1573475093.322,197,477,None,Move,browsing
1573475093.329,198,476,None,Move,browsing
1573475093.337,199,474,None,Move,browsing
1573475093.367,199,474,None,Move,browsing
1573475093.3739998,199,474,None,Move,browsing
1573475093.3820002,200,476,None,Move,browsing
1573475093.391,200,476,None,Move,browsing
1573475093.399,200,476,None,Move,browsing
1573475093.407,201,476,None,Move,browsing
1573475093.415,201,477,None,Move,browsing
1573475093.445,202,477,None,Move,browsing
1573475093.702,202,477,None,Move,browsing
1573475093.718,201,477,None,Move,browsing
1573475093.734,200,477,None,Move,browsing
1573475093.7489998,199,477,None,Move,browsing
1573475093.765,199,477,None,Move,browsing
1573475093.781,198,478,None,Move,browsing
1573475093.796,198,480,None,Move,browsing
1573475093.812,197,481,None,Move,browsing
1573475094.218,196,482,None,Move,browsing
1573475094.234,192,486,None,Move,browsing
1573475094.2489998,190,488,None,Move,browsing
1573475094.421,190,488,None,Move,browsing
1573475094.437,190,488,None,Move,browsing
1573475094.452,189,488,None,Move,browsing
1573475094.468,189,487,None,Move,browsing
1573475094.515,189,487,None,Move,browsing
1573475094.53,189,484,None,Move,browsing
1573475094.546,189,482,None,Move,browsing
1573475094.562,189,481,None,Move,browsing
1573475094.687,189,481,None,Move,browsing
1573475094.702,185,481,None,Move,browsing
1573475094.718,182,483,None,Move,browsing
1573475094.7329998,179,485,None,Move,browsing
1573475094.7489998,178,485,None,Move,browsing
1573475094.968,178,487,None,Move,browsing
1573475094.9829998,178,489,None,Move,browsing
1573475094.9989998,179,491,None,Move,browsing
1573475095.655,179,492,None,Move,browsing
1573475095.671,181,492,None,Move,browsing
1573475095.686,186,485,None,Move,browsing
1573475095.702,188,482,None,Move,browsing
1573475095.718,191,480,None,Move,browsing
1573475095.7329998,193,477,None,Move,browsing
1573475095.7489998,196,476,None,Move,browsing
1573475095.764,196,475,None,Move,browsing
1573475095.78,197,474,None,Move,browsing
1573475095.796,198,472,None,Move,browsing
1573475095.811,199,470,None,Move,browsing
1573475095.8579998,200,470,None,Move,browsing
1573475095.8739998,200,471,None,Move,browsing
1573475095.889,199,472,None,Move,browsing
1573475095.905,199,473,None,Move,browsing
1573475095.921,199,474,None,Move,browsing
1573475096.452,199,475,None,Move,browsing
1573475096.467,199,475,None,Move,browsing
1573475096.795,200,475,None,Move,browsing
1573475096.811,201,475,None,Move,browsing
1573475096.827,203,473,None,Move,browsing
1573475096.842,204,472,None,Move,browsing
1573475096.8579998,204,471,None,Move,browsing
1573475097.592,206,470,None,Move,browsing
1573475097.6079998,206,467,None,Move,browsing
1573475097.623,207,465,None,Move,browsing
1573475097.639,207,463,None,Move,browsing
1573475097.655,207,461,None,Move,browsing
1573475097.67,207,461,None,Move,browsing
1573475097.686,207,460,None,Move,browsing
1573475097.748,207,460,None,Move,browsing
1573475097.764,207,460,None,Move,browsing
1573475097.78,206,460,None,Move,browsing
1573475097.795,205,461,None,Move,browsing
1573475097.811,203,463,None,Move,browsing
1573475097.826,202,464,None,Move,browsing
1573475097.842,202,464,None,Move,browsing
1573475097.889,201,464,None,Move,browsing
1573475097.905,200,464,None,Move,browsing
1573475097.92,199,464,None,Move,browsing
1573475097.936,198,462,None,Move,browsing
1573475097.951,197,461,None,Move,browsing
1573475097.967,197,460,None,Move,browsing
1573475098.014,196,460,None,Move,browsing
1573475098.03,195,460,None,Move,browsing
1573475098.076,195,460,None,Move,browsing
1573475098.092,195,459,None,Move,browsing
1573475098.1079998,194,458,None,Move,browsing
1573475098.123,193,458,None,Move,browsing
1573475098.139,193,457,None,Move,browsing
1573475098.349,193,456,None,Move,browsing
1573475098.357,193,453,None,Move,browsing
1573475098.365,196,449,None,Move,browsing
1573475098.373,199,444,None,Move,browsing
1573475098.38,202,440,None,Move,browsing
1573475098.387,204,437,None,Move,browsing
1573475098.396,205,435,None,Move,browsing
1573475098.403,205,435,None,Move,browsing
1573475098.41,205,434,None,Move,browsing
1573475098.4729998,205,434,None,Move,browsing
1573475098.481,204,436,None,Move,browsing
1573475098.4889998,204,437,None,Move,browsing
1573475098.4970002,202,439,None,Move,browsing
1573475098.505,202,439,None,Move,browsing
1573475098.5129998,201,440,None,Move,browsing
1573475098.521,201,441,None,Move,browsing
1573475098.53,200,442,None,Move,browsing
1573475098.543,199,442,None,Move,browsing
1573475098.59,199,442,None,Move,browsing
1573475098.606,198,440,None,Move,browsing
1573475098.621,197,435,None,Move,browsing
1573475098.637,197,428,None,Move,browsing
1573475098.6520002,197,421,None,Move,browsing
1573475098.668,197,415,None,Move,browsing
1573475098.684,197,414,None,Move,browsing
1573475098.731,197,414,None,Move,browsing
1573475098.746,197,414,None,Move,browsing
1573475098.762,197,416,None,Move,browsing
1573475098.7770002,197,417,None,Move,browsing
1573475099.059,196,418,None,Move,browsing
1573475099.074,195,419,None,Move,browsing
1573475099.09,194,420,None,Move,browsing
1573475099.106,193,422,None,Move,browsing
1573475099.121,193,422,None,Move,browsing
1573475099.137,192,423,None,Move,browsing
1573475099.1520002,192,423,None,Move,browsing
1573475099.168,192,423,None,Move,browsing
1573475099.668,192,423,None,Move,browsing
1573475099.699,192,423,None,Move,browsing
1573475100.121,192,423,None,Move,browsing
1573475100.137,192,423,None,Move,browsing
1573475100.168,193,423,None,Move,browsing
1573475100.831,193,423,None,Move,browsing
1573475100.846,195,423,None,Move,browsing
1573475100.8620002,196,423,None,Move,browsing
1573475100.877,197,425,None,Move,browsing
1573475100.893,198,426,None,Move,browsing
1573475100.909,198,428,None,Move,browsing
1573475101.034,199,428,None,Move,browsing
1573475101.049,199,428,None,Move,browsing
1573475101.065,199,428,None,Move,browsing
1573475101.096,199,427,None,Move,browsing
1573475101.19,200,427,None,Move,browsing
1573475101.206,200,426,None,Move,browsing
1573475101.221,200,426,None,Move,browsing
1573475101.2370002,200,425,None,Move,browsing
1573475101.6020002,200,424,None,Move,browsing
1573475101.617,200,423,None,Move,browsing
1573475101.633,200,422,None,Move,browsing
1573475101.649,200,421,None,Move,browsing
1573475101.664,200,421,None,Move,browsing
1573475101.774,200,420,None,Move,browsing
1573475101.836,200,419,None,Move,browsing
1573475101.8520002,200,418,None,Move,browsing
1573475101.867,200,417,None,Move,browsing
1573475101.961,200,417,None,Move,browsing
1573475101.9770002,200,417,None,Move,browsing
1573475101.992,200,418,None,Move,browsing
1573475102.008,200,419,None,Move,browsing
1573475102.117,200,420,None,Move,browsing
1573475102.133,200,421,None,Move,browsing
1573475102.149,200,422,None,Move,browsing
1573475102.164,200,422,None,Move,browsing
1573475102.18,200,422,None,Move,browsing
1573475102.195,200,424,None,Move,browsing
1573475102.211,199,425,None,Move,browsing
1573475102.2270002,198,428,None,Move,browsing
1573475102.242,198,431,None,Move,browsing
1573475102.258,197,433,None,Move,browsing
1573475102.274,196,434,None,Move,browsing
1573475102.289,196,435,None,Move,browsing
1573475102.3520002,196,435,None,Move,browsing
1573475102.367,199,433,None,Move,browsing
1573475102.383,207,427,None,Move,browsing
1573475102.399,212,423,None,Move,browsing
1573475102.414,214,422,None,Move,browsing
1573475102.446,214,422,None,Move,browsing
1573475102.461,214,425,None,Move,browsing
1573475102.4770002,212,434,None,Move,browsing
1573475102.492,211,442,None,Move,browsing
1573475102.508,211,447,None,Move,browsing
1573475102.5229998,211,451,None,Move,browsing
1573475102.7729998,211,451,None,Move,browsing
1573475102.805,211,451,None,Move,browsing
1573475103.0229998,211,452,None,Move,browsing
1573475103.039,212,452,None,Move,browsing
1573475103.055,212,452,None,Move,browsing
1573475103.07,212,452,None,Move,browsing
1573475103.291,212,452,None,Move,browsing
1573475103.299,212,452,None,Move,browsing
1573475103.3070002,212,451,None,Move,browsing
1573475103.315,213,451,None,Move,browsing
1573475103.323,213,450,None,Move,browsing
1573475103.331,213,449,None,Move,browsing
1573475103.3379998,213,449,None,Move,browsing
1573475103.345,213,448,None,Move,browsing
1573475103.377,213,448,None,Move,browsing
1573475103.719,214,449,None,Move,browsing
1573475103.734,217,453,None,Move,browsing
1573475103.75,219,455,None,Move,browsing
1573475103.766,221,457,None,Move,browsing
1573475103.781,223,458,None,Move,browsing
1573475103.7970002,227,455,None,Move,browsing
1573475103.812,230,453,None,Move,browsing
1573475103.8279998,235,450,None,Move,browsing
1573475103.844,241,448,None,Move,browsing
1573475103.859,244,448,None,Move,browsing
1573475103.875,247,448,None,Move,browsing
1573475103.891,249,448,None,Move,browsing
1573475103.906,250,448,None,Move,browsing
1573475103.9220002,255,446,None,Move,browsing
1573475103.937,256,446,None,Move,browsing
1573475103.9529998,256,446,None,Move,browsing
1573475104.0779998,256,446,None,Move,browsing
1573475104.093,256,445,None,Move,browsing
1573475104.109,256,445,None,Move,browsing
1573475104.125,256,444,None,Move,browsing
1573475104.14,255,442,None,Move,browsing
1573475104.156,253,440,None,Move,browsing
1573475104.234,253,440,None,Move,browsing
1573475104.25,252,440,None,Move,browsing
1573475104.265,252,440,None,Move,browsing
1573475104.281,251,440,None,Move,browsing
1573475104.2970002,250,440,None,Move,browsing
1573475104.531,250,440,None,Move,browsing
1573475104.656,250,440,None,Move,browsing
1573475104.6720002,250,440,None,Move,browsing
1573475104.687,252,436,None,Move,browsing
1573475104.7029998,257,429,None,Move,browsing
1573475104.718,261,424,None,Move,browsing
1573475104.734,266,417,None,Move,browsing
1573475104.75,269,413,None,Move,browsing
1573475104.765,272,410,None,Move,browsing
1573475104.781,273,407,None,Move,browsing
1573475104.7970002,274,405,None,Move,browsing
1573475104.812,274,403,None,Move,browsing
1573475104.8279998,274,403,None,Move,browsing
1573475104.937,274,402,None,Move,browsing
1573475104.9529998,275,401,None,Move,browsing
1573475104.968,275,401,None,Move,browsing
1573475105.125,275,400,None,Move,browsing
1573475105.14,275,400,None,Move,browsing
1573475105.156,274,400,None,Move,browsing
1573475105.171,274,399,None,Move,browsing
1573475105.187,272,399,None,Move,browsing
1573475105.2029998,271,398,None,Move,browsing
1573475105.218,269,397,None,Move,browsing
1573475105.234,268,396,None,Move,browsing
1573475105.25,268,395,None,Move,browsing
1573475105.265,267,395,None,Move,browsing
1573475105.281,266,394,None,Move,browsing
1573475105.406,266,394,None,Move,browsing
1573475105.421,266,395,None,Move,browsing
1573475105.437,267,399,None,Move,browsing
1573475105.4529998,268,404,None,Move,browsing
1573475105.468,270,406,None,Move,browsing
1573475105.671,271,407,None,Move,browsing
1573475105.687,271,406,None,Move,browsing
1573475105.702,271,404,None,Move,browsing
1573475105.718,271,403,None,Move,browsing
1573475105.734,271,403,None,Move,browsing
1573475105.7489998,271,402,None,Move,browsing
1573475105.765,272,402,None,Move,browsing
1573475105.9989998,272,402,None,Move,browsing
1573475106.015,272,401,None,Move,browsing
1573475106.031,273,401,None,Move,browsing
1573475106.046,273,400,None,Move,browsing
1573475106.2489998,273,400,None,Move,browsing
1573475106.265,273,399,None,Move,browsing
1573475106.281,272,398,None,Move,browsing
1573475106.296,272,397,None,Move,browsing
1573475106.312,271,396,None,Move,browsing
1573475106.327,270,395,None,Move,browsing
1573475106.343,270,395,None,Move,browsing
1573475106.359,270,395,None,Move,browsing
1573475106.593,269,395,None,Move,browsing
1573475106.609,268,394,None,Move,browsing
1573475106.6239998,267,394,None,Move,browsing
1573475106.656,266,394,None,Move,browsing
1573475106.671,266,393,None,Move,browsing
1573475106.687,265,392,None,Move,browsing
1573475106.702,263,390,None,Move,browsing
1573475106.718,262,389,None,Move,browsing
1573475106.734,262,388,None,Move,browsing
1573475106.7489998,260,386,None,Move,browsing
1573475106.765,259,384,None,Move,browsing
1573475106.78,257,383,None,Move,browsing
1573475106.796,257,382,None,Move,browsing
1573475106.812,256,382,None,Move,browsing
1573475106.827,255,381,None,Move,browsing
1573475106.843,254,380,None,Move,browsing
1573475106.859,253,379,None,Move,browsing
1573475106.8739998,252,378,None,Move,browsing
1573475106.89,251,378,None,Move,browsing
1573475106.905,250,377,None,Move,browsing
1573475106.921,250,377,None,Move,browsing
1573475106.952,250,377,None,Move,browsing
1573475107.265,250,377,None,Move,browsing
1573475107.28,250,377,None,Move,browsing
1573475107.296,250,379,None,Move,browsing
1573475107.312,250,380,None,Move,browsing
1573475107.327,250,380,None,Move,browsing
1573475107.359,250,381,None,Move,browsing
1573475108.093,250,383,None,Move,browsing
1573475108.1079998,250,385,None,Move,browsing
1573475108.1239998,250,386,None,Move,browsing
1573475108.186,250,388,None,Move,browsing
1573475108.202,250,389,None,Move,browsing
1573475108.218,250,392,None,Move,browsing
1573475108.2329998,250,392,None,Move,browsing
1573475108.2489998,251,394,None,Move,browsing
1573475108.2570002,252,394,None,Move,browsing
1573475108.266,252,395,None,Move,browsing
1573475108.281,252,395,None,Move,browsing
1573475108.288,252,395,None,Move,browsing
1573475108.4529998,252,397,None,Move,browsing
1573475108.46,253,398,None,Move,browsing
1573475108.467,253,399,None,Move,browsing
1573475108.475,253,399,None,Move,browsing
1573475108.484,253,401,None,Move,browsing
1573475108.4910002,254,401,None,Move,browsing
1573475108.498,255,403,None,Move,browsing
1573475108.508,255,403,None,Move,browsing
1573475108.5170002,255,404,None,Move,browsing
1573475108.524,256,404,None,Move,browsing
1573475108.531,256,404,None,Move,browsing
1573475108.544,256,404,None,Move,browsing
1573475108.654,257,404,None,Move,browsing
1573475108.67,257,404,None,Move,browsing
1573475108.842,257,404,None,Move,browsing
1573475108.857,258,404,None,Move,browsing
1573475108.873,259,404,None,Move,browsing
1573475108.889,260,404,None,Move,browsing
1573475108.92,261,404,None,Move,browsing
1573475108.936,261,404,None,Move,browsing
1573475108.951,261,403,None,Move,browsing
1573475109.451,261,403,None,Move,browsing
1573475109.467,261,403,None,Move,browsing
1573475109.482,260,403,None,Move,browsing
1573475109.7029998,258,403,None,Move,browsing
1573475109.719,258,403,None,Move,browsing
1573475109.734,255,402,None,Move,browsing
1573475109.75,252,400,None,Move,browsing
1573475109.766,248,397,None,Move,browsing
1573475109.781,245,396,None,Move,browsing
1573475109.7970002,244,395,None,Move,browsing
1573475109.813,244,394,None,Move,browsing
1573475109.8279998,244,394,None,Move,browsing
1573475109.844,244,394,None,Move,browsing
1573475109.859,243,393,None,Move,browsing
1573475109.875,242,391,None,Move,browsing
1573475109.891,241,389,None,Move,browsing
1573475109.906,241,388,None,Move,browsing
1573475109.9220002,239,386,None,Move,browsing
1573475109.937,238,385,None,Move,browsing
1573475109.9529998,238,384,None,Move,browsing
1573475109.969,238,383,None,Move,browsing
1573475110.063,237,383,None,Move,browsing
1573475110.094,236,381,None,Move,browsing
1573475110.109,236,378,None,Move,browsing
1573475110.125,234,373,None,Move,browsing
1573475110.141,233,369,None,Move,browsing
1573475110.156,233,364,None,Move,browsing
1573475110.1720002,232,358,None,Move,browsing
1573475110.187,231,356,None,Move,browsing
1573475110.344,231,355,None,Move,browsing
1573475110.438,230,355,None,Move,browsing
1573475110.4529998,230,355,None,Move,browsing
1573475110.594,229,355,None,Move,browsing
1573475110.609,228,355,None,Move,browsing
1573475110.625,226,355,None,Move,browsing
1573475110.64,224,354,None,Move,browsing
1573475110.656,223,353,None,Move,browsing
1573475110.6720002,220,348,None,Move,browsing
1573475110.687,217,339,None,Move,browsing
1573475110.7029998,215,335,None,Move,browsing
1573475110.718,212,327,None,Move,browsing
1573475110.734,210,323,None,Move,browsing
1573475110.75,209,323,None,Move,browsing
1573475110.7970002,209,323,None,Move,browsing
1573475110.812,208,328,None,Move,browsing
1573475110.8279998,207,332,None,Move,browsing
1573475110.843,205,334,None,Move,browsing
1573475110.859,204,338,None,Move,browsing
1573475110.875,203,342,None,Move,browsing
1573475110.89,201,344,None,Move,browsing
1573475110.906,198,348,None,Move,browsing
1573475110.9220002,196,350,None,Move,browsing
1573475110.937,194,351,None,Move,browsing
1573475111.141,194,352,None,Move,browsing
1573475111.156,195,352,None,Move,browsing
1573475111.1720002,196,351,None,Move,browsing
1573475111.187,198,350,None,Move,browsing
1573475111.2029998,199,349,None,Move,browsing
1573475111.218,200,347,None,Move,browsing
1573475111.234,201,346,None,Move,browsing
1573475111.25,202,344,None,Move,browsing
1573475111.265,202,342,None,Move,browsing
1573475111.281,203,341,None,Move,browsing
1573475111.2970002,203,340,None,Move,browsing
1573475111.312,203,339,None,Move,browsing
1573475111.3279998,203,339,None,Move,browsing
1573475111.406,203,339,None,Move,browsing
1573475111.4220002,207,339,None,Move,browsing
1573475111.437,210,339,None,Move,browsing
1573475111.4529998,212,338,None,Move,browsing
1573475111.5,212,338,None,Move,browsing
1573475111.515,201,342,None,Move,browsing
1573475111.531,165,347,None,Move,browsing
1573475111.5470002,123,350,None,Move,browsing
1573475111.562,100,355,None,Move,browsing
1573475111.5779998,95,357,None,Move,browsing
1573475111.796,95,357,None,Move,browsing
1573475111.812,98,357,None,Move,browsing
1573475111.8279998,98,357,None,Move,browsing
1573475111.843,107,351,None,Move,browsing
1573475111.859,116,345,None,Move,browsing
1573475111.875,130,336,None,Move,browsing
1573475111.89,134,334,None,Move,browsing
1573475111.9529998,135,334,None,Move,browsing
1573475111.968,136,334,None,Move,browsing
1573475111.984,138,335,None,Move,browsing
1573475112.0,138,335,None,Move,browsing
1573475112.015,139,337,None,Move,browsing
1573475112.031,142,338,None,Move,browsing
1573475112.046,146,340,None,Move,browsing
1573475112.062,152,343,None,Move,browsing
1573475112.0779998,156,345,None,Move,browsing
1573475112.093,157,345,None,Move,browsing
1573475112.187,159,345,None,Move,browsing
1573475112.2029998,159,345,None,Move,browsing
1573475112.218,161,346,None,Move,browsing
1573475112.234,165,347,None,Move,browsing
1573475112.2489998,166,347,None,Move,browsing
1573475112.343,166,347,None,Move,browsing
1573475112.359,167,347,None,Move,browsing
1573475112.3739998,169,347,None,Move,browsing
1573475112.39,170,347,None,Move,browsing
1573475112.406,172,348,None,Move,browsing
1573475112.421,173,348,None,Move,browsing
1573475112.4529998,173,349,None,Move,browsing
1573475112.468,181,352,None,Move,browsing
1573475112.484,196,356,None,Move,browsing
1573475112.4989998,221,361,None,Move,browsing
1573475112.515,243,364,None,Move,browsing
1573475112.531,281,364,None,Move,browsing
1573475112.546,320,354,None,Move,browsing
1573475112.562,373,331,None,Move,browsing
1573475112.577,427,293,None,Move,browsing
1573475112.593,462,257,None,Move,browsing
1573475112.609,499,208,None,Move,browsing
1573475112.6239998,541,154,None,Move,browsing
1573475112.64,589,107,None,Move,browsing
1573475112.656,635,79,None,Move,browsing
1573475112.671,671,61,None,Move,browsing
1573475112.687,696,48,None,Move,browsing
1573475112.702,719,34,None,Move,browsing
1573475112.718,734,25,None,Move,browsing
1573475112.726,739,21,None,Move,browsing
1573475112.742,743,17,None,Move,browsing
1573475112.7570002,743,17,None,Move,browsing
1573475112.81,743,17,None,Move,browsing
1573475112.825,743,18,None,Move,browsing
1573475112.841,743,24,None,Move,browsing
1573475112.856,742,31,None,Move,browsing
1573475112.8720002,741,59,None,Move,browsing
1573475112.8879998,741,74,None,Move,browsing
1573475112.903,741,120,None,Move,browsing
1573475112.919,742,133,None,Move,browsing
1573475112.935,743,177,None,Move,browsing
1573475112.95,743,192,None,Move,browsing
1573475112.966,748,240,None,Move,browsing
1573475112.981,749,258,None,Move,browsing
1573475112.9970002,749,274,None,Move,browsing
1573475113.0129998,749,287,None,Move,browsing
1573475113.028,749,299,None,Move,browsing
1573475113.044,749,313,None,Move,browsing
1573475113.06,749,326,None,Move,browsing
1573475113.075,749,344,None,Move,browsing
1573475113.091,749,352,None,Move,browsing
1573475113.106,751,359,None,Move,browsing
1573475113.1220002,751,365,None,Move,browsing
1573475113.1379998,751,367,None,Move,browsing
1573475113.153,753,381,None,Move,browsing
1573475113.169,753,389,None,Move,browsing
1573475113.185,753,399,None,Move,browsing
1573475113.2,753,415,None,Move,browsing
1573475113.216,753,429,None,Move,browsing
1573475113.231,753,442,None,Move,browsing
1573475113.2470002,753,455,None,Move,browsing
1573475113.2629998,753,467,None,Move,browsing
1573475113.27,753,474,None,Move,browsing
1573475113.278,753,477,None,Move,browsing
1573475113.285,753,480,None,Move,browsing
1573475113.295,753,483,None,Move,browsing
1573475113.302,754,485,None,Move,browsing
1573475113.311,754,486,None,Move,browsing
1573475113.323,754,486,None,Move,browsing
1573475113.371,754,486,None,Move,browsing
1573475113.387,755,486,None,Move,browsing
1573475113.396,756,486,None,Move,browsing
1573475113.403,756,486,None,Move,browsing
1573475113.417,757,486,None,Move,browsing
1573475113.4329998,757,486,None,Move,browsing
1573475113.449,758,486,None,Move,browsing
1573475113.457,758,486,None,Move,browsing
1573475113.4729998,759,485,None,Move,browsing
1573475113.481,759,485,None,Move,browsing
1573475113.488,760,485,None,Move,browsing
1573475113.496,760,484,None,Move,browsing
1573475146.98,764,480,None,Move,browsing
1573475146.995,774,469,None,Move,browsing
1573475147.0110002,821,426,None,Move,browsing
1573475147.0270002,894,363,None,Move,browsing
1573475147.042,971,301,None,Move,browsing
1573475147.0579998,1014,274,None,Move,browsing
1573475147.074,1044,257,None,Move,browsing
1573475147.089,1063,240,None,Move,browsing
1573475147.105,1078,227,None,Move,browsing
1573475147.12,1094,206,None,Move,browsing
1573475147.1360002,1103,186,None,Move,browsing
1573475147.167,1108,159,None,Move,browsing
1573475147.1829998,1109,114,None,Move,browsing
1573475147.198,1109,107,None,Move,browsing
1573475147.214,1108,93,None,Move,browsing
1573475147.23,1103,74,None,Move,browsing
1573475147.245,1100,61,None,Move,browsing
1573475147.2610002,1094,53,None,Move,browsing
1573475147.2770002,1083,45,None,Move,browsing
1573475147.292,1073,40,None,Move,browsing
1573475147.3079998,1063,39,None,Move,browsing
1573475147.323,1052,41,None,Move,browsing
1573475147.339,1036,52,None,Move,browsing
1573475147.355,1013,74,None,Move,browsing
1573475147.37,980,106,None,Move,browsing
1573475147.3860002,945,142,None,Move,browsing
1573475147.4020002,931,162,None,Move,browsing
1573475147.417,921,178,None,Move,browsing
1573475147.4329998,915,200,None,Move,browsing
1573475147.448,906,245,None,Move,browsing
1573475147.464,901,289,None,Move,browsing
1573475147.48,894,348,None,Move,browsing
1573475147.495,887,392,None,Move,browsing
1573475147.5110002,883,416,None,Move,browsing
1573475147.5270002,876,437,None,Move,browsing
1573475147.542,862,473,None,Move,browsing
1573475147.5579998,839,515,None,Move,browsing
1573475147.573,830,532,None,Move,browsing
1573475147.589,824,546,None,Move,browsing
1573475147.605,820,554,None,Move,browsing
1573475147.62,814,564,None,Move,browsing
1573475147.6360002,810,574,None,Move,browsing
1573475147.6520002,808,582,None,Move,browsing
1573475147.667,807,588,None,Move,browsing
1573475147.6829998,807,589,None,Move,browsing
1573475147.714,806,590,None,Move,browsing
1573475147.73,805,596,None,Move,browsing
1573475147.745,800,605,None,Move,browsing
1573475147.7610002,798,612,None,Move,browsing
1573475147.776,795,617,None,Move,browsing
1573475147.792,795,620,None,Move,browsing
1573475147.8079998,792,626,None,Move,browsing
1573475147.823,788,632,None,Move,browsing
1573475147.839,785,640,None,Move,browsing
1573475147.855,779,647,None,Move,browsing
1573475147.87,775,652,None,Move,browsing
1573475147.8860002,771,654,None,Move,browsing
1573475147.901,766,658,None,Move,browsing
1573475147.917,756,664,None,Move,browsing
1573475147.9329998,747,673,None,Move,browsing
1573475147.948,740,681,None,Move,browsing
1573475147.964,737,684,None,Move,browsing
1573475147.98,736,685,None,Move,browsing
1573475147.995,734,691,None,Move,browsing
1573475148.0110002,731,695,None,Move,browsing
1573475148.026,726,705,None,Move,browsing
1573475148.042,723,712,None,Move,browsing
1573475148.0579998,720,716,None,Move,browsing
1573475148.073,718,720,None,Move,browsing
1573475148.089,716,725,None,Move,browsing
1573475148.105,714,734,None,Move,browsing
1573475148.12,713,742,None,Move,browsing
1573475148.1360002,713,748,None,Move,browsing
1573475148.151,713,753,None,Move,browsing
1573475148.167,712,758,None,Move,browsing
1573475148.1829998,712,759,None,Move,browsing
1573475148.198,712,759,None,Move,browsing
1573475148.214,712,759,None,Move,browsing
1573475148.23,715,759,None,Move,browsing
1573475148.245,717,758,None,Move,browsing
1573475148.2610002,718,757,None,Move,browsing
1573475148.3079998,718,757,Left,Pressed,browsing
1573475148.439,718,757,Left,Released,browsing
1573475148.5089998,718,757,None,Move,file system
1573475148.525,719,757,None,Move,file system
1573475148.533,719,756,None,Move,file system
1573475148.543,719,755,None,Move,file system
1573475148.552,720,754,None,Move,file system
1573475148.56,721,754,None,Move,file system
1573475148.569,722,753,None,Move,file system
1573475148.577,725,751,None,Move,file system
1573475148.585,726,751,None,Move,file system
1573475148.595,730,748,None,Move,file system
1573475148.603,733,746,None,Move,file system
1573475148.611,736,743,None,Move,file system
1573475148.619,738,741,None,Move,file system
1573475148.6279998,741,739,None,Move,file system
1573475148.635,744,737,None,Move,file system
1573475148.6420002,746,735,None,Move,file system
1573475148.65,749,734,None,Move,file system
1573475148.656,751,732,None,Move,file system
1573475148.6720002,756,729,None,Move,file system
1573475148.687,764,725,None,Move,file system
1573475148.7029998,774,720,None,Move,file system
1573475148.718,783,715,None,Move,file system
1573475148.734,794,711,None,Move,file system
1573475148.75,803,706,None,Move,file system
1573475148.765,815,699,None,Move,file system
1573475148.781,820,697,None,Move,file system
1573475148.7970002,825,694,None,Move,file system
1573475148.812,826,692,None,Move,file system
1573475148.8279998,828,692,None,Move,file system
1573475148.843,828,691,None,Move,file system
1573475148.859,830,689,None,Move,file system
1573475148.875,834,685,None,Move,file system
1573475148.89,840,679,None,Move,file system
1573475148.906,844,676,None,Move,file system
1573475148.9220002,847,675,None,Move,file system
1573475148.937,849,674,None,Move,file system
1573475148.9529998,851,673,None,Move,file system
1573475148.968,852,672,None,Move,file system
1573475149.015,851,672,None,Move,file system
1573475149.031,845,672,None,Move,file system
1573475149.0470002,838,672,None,Move,file system
1573475149.062,828,672,None,Move,file system
1573475149.0779998,813,673,None,Move,file system
1573475149.093,794,674,None,Move,file system
1573475149.109,779,674,None,Move,file system
1573475149.125,755,674,None,Move,file system
1573475149.14,738,673,None,Move,file system
1573475149.156,723,671,None,Move,file system
1573475149.171,705,669,None,Move,file system
1573475149.187,685,668,None,Move,file system
1573475149.2029998,674,667,None,Move,file system
1573475149.218,659,666,None,Move,file system
1573475149.234,642,665,None,Move,file system
1573475149.25,630,665,None,Move,file system
1573475149.265,617,665,None,Move,file system
1573475149.281,606,665,None,Move,file system
1573475149.296,595,667,None,Move,file system
1573475149.312,583,669,None,Move,file system
1573475149.3279998,570,670,None,Move,file system
1573475149.343,559,671,None,Move,file system
1573475149.359,549,672,None,Move,file system
1573475149.375,545,672,None,Move,file system
1573475149.39,544,672,None,Move,file system
1573475149.406,543,672,None,Move,file system
1573475149.421,543,672,None,Move,file system
1573475149.437,540,672,None,Move,file system
1573475149.4529998,538,673,None,Move,file system
1573475149.468,537,673,None,Move,file system
1573475149.734,536,673,None,Move,file system
1573475149.75,535,673,None,Move,file system
1573475150.187,536,673,None,Move,file system
1573475150.202,546,671,None,Move,file system
1573475150.218,562,669,None,Move,file system
1573475150.234,585,666,None,Move,file system
1573475150.2489998,614,662,None,Move,file system
1573475150.265,632,662,None,Move,file system
1573475150.281,646,662,None,Move,file system
1573475150.296,657,662,None,Move,file system
1573475150.312,664,662,None,Move,file system
1573475150.327,666,662,None,Move,file system
1573475150.343,669,662,None,Move,file system
1573475150.359,670,662,None,Move,file system
1573475150.687,671,661,Left,Pressed,file system
1573475150.796,671,661,Left,Released,file system
1573475150.827,672,660,None,Move,office
1573475150.856,676,653,None,Move,office
1573475150.871,678,651,None,Move,office
1573475150.887,679,649,None,Move,office
1573475150.903,682,641,None,Move,office
1573475150.918,685,633,None,Move,office
1573475150.934,690,622,None,Move,office
1573475150.95,697,610,None,Move,office
1573475150.965,700,606,None,Move,office
1573475150.981,709,588,None,Move,office
1573475150.996,712,581,None,Move,office
1573475151.012,715,575,None,Move,office
1573475151.028,715,571,None,Move,office
1573475151.043,717,569,None,Move,office
1573475151.059,719,565,None,Move,office
1573475151.075,719,564,None,Move,office
1573475151.106,719,563,None,Move,office
1573475151.121,718,563,None,Move,office
1573475151.137,717,563,None,Move,office
1573475153.561,715,563,None,Move,office
1573475153.569,712,559,None,Move,office
1573475153.577,690,538,None,Move,office
1573475153.585,661,509,None,Move,office
1573475153.592,622,476,None,Move,office
1573475153.599,583,443,None,Move,office
1573475153.607,547,415,None,Move,office
1573475153.615,509,386,None,Move,office
1573475153.623,494,374,None,Move,office
1573475153.631,483,369,None,Move,office
1573475153.639,480,366,None,Move,office
1573475153.647,477,365,None,Move,office
1573475153.654,477,365,None,Move,office
1573475153.67,483,362,None,Move,office
1573475153.685,510,354,None,Move,office
1573475153.701,523,351,None,Move,office
1573475153.717,552,346,None,Move,office
1573475153.732,577,344,None,Move,office
1573475153.748,618,339,None,Move,office
1573475153.764,652,331,None,Move,office
1573475153.779,666,328,None,Move,office
1573475153.795,691,319,None,Move,office
1573475153.81,709,311,None,Move,office
1573475153.826,721,306,None,Move,office
1573475153.842,738,297,None,Move,office
1573475153.857,744,295,None,Move,office
1573475153.873,761,286,None,Move,office
1573475153.889,768,282,None,Move,office
1573475153.904,780,274,None,Move,office
1573475153.92,794,264,None,Move,office
1573475153.935,809,254,None,Move,office
1573475153.951,811,253,None,Move,office
1573475153.967,812,252,None,Move,office
1573475153.982,813,251,None,Move,office
1573475153.998,813,250,None,Move,office
1573475154.014,814,249,None,Move,office
1573475154.076,814,249,None,Move,office
1573475154.092,814,258,None,Move,office
1573475154.107,814,271,None,Move,office
1573475154.123,814,277,None,Move,office
1573475154.1379998,818,284,None,Move,office
1573475154.154,822,288,None,Move,office
1573475154.17,825,290,None,Move,office
1573475154.56,826,290,None,Move,office
1573475154.576,826,290,None,Move,office
1573475154.591,826,288,None,Move,office
1573475154.607,826,287,None,Move,office
1573475154.623,827,287,None,Move,office
1573475155.154,830,287,None,Move,office
1573475155.169,833,287,None,Move,office
1573475155.185,848,286,None,Move,office
1573475155.201,864,285,None,Move,office
1573475155.216,884,284,None,Move,office
1573475155.232,898,282,None,Move,office
1573475155.248,911,282,None,Move,office
1573475155.2629998,921,282,None,Move,office
1573475155.279,925,282,None,Move,office
1573475155.294,929,282,None,Move,office
1573475155.31,938,282,None,Move,office
1573475155.326,956,282,None,Move,office
1573475155.341,979,279,None,Move,office
1573475155.357,1008,278,None,Move,office
1573475155.373,1028,275,None,Move,office
1573475155.3879998,1053,272,None,Move,office
1573475155.404,1071,270,None,Move,office
1573475155.419,1088,270,None,Move,office
1573475155.435,1103,270,None,Move,office
1573475155.451,1107,270,None,Move,office
1573475155.67,1107,271,None,Move,office
1573475155.685,1106,276,None,Move,office
1573475155.701,1106,279,None,Move,office
1573475155.716,1106,281,None,Move,office
1573475155.841,1106,282,Left,Pressed,office
1573475155.951,1106,282,Left,Released,office
1573475156.326,1106,282,None,Move,office
1573475156.341,1106,283,None,Move,office
1573475156.357,1106,283,None,Move,office
1573475156.373,1106,283,None,Move,office
1573475156.3879998,1106,284,None,Move,office
1573475156.404,1107,284,None,Move,office
1573475156.419,1108,285,None,Move,office
1573475156.435,1109,286,None,Move,office
1573475156.45,1109,286,None,Move,office
1573475156.482,1110,286,None,Move,office
1573475156.4970002,1110,287,None,Move,office
1573475156.5129998,1110,287,None,Move,office
1573475156.529,1111,287,None,Move,office
1573475156.544,1113,287,None,Move,office
1573475156.56,1116,287,None,Move,office
1573475156.575,1118,287,None,Move,office
1573475156.591,1120,286,None,Move,office
1573475156.607,1120,286,None,Move,office
1573475156.6220002,1122,286,None,Move,office
1573475156.6379998,1122,286,None,Move,office
1573475156.654,1124,286,None,Move,office
1573475156.669,1125,286,None,Move,office
1573475156.716,1125,286,None,Move,office
1573475156.732,1126,286,None,Move,office
1573475156.81,1127,286,None,Move,office
1573475156.825,1129,288,None,Move,office
1573475156.841,1132,290,None,Move,office
1573475156.857,1133,291,None,Move,office
1573475156.8720002,1135,292,None,Move,office
1573475156.8879998,1136,293,None,Move,office
1573475156.903,1136,294,None,Move,office
1573475156.919,1138,296,None,Move,office
1573475156.935,1140,299,None,Move,office
1573475156.95,1143,304,None,Move,office
1573475156.966,1145,307,None,Move,office
1573475156.982,1146,308,None,Move,office
1573475156.9970002,1147,308,None,Move,office
1573475157.0129998,1148,310,None,Move,office
1573475157.325,1148,311,None,Move,office
1573475157.341,1147,312,None,Move,office
1573475157.356,1145,314,None,Move,office
1573475157.3720002,1143,315,None,Move,office
1573475157.3879998,1142,316,None,Move,office
1573475157.403,1141,317,None,Move,office
1573475157.419,1140,318,None,Move,office
1573475157.435,1137,320,None,Move,office
1573475157.45,1131,322,None,Move,office
1573475157.466,1124,324,None,Move,office
1573475157.481,1118,327,None,Move,office
1573475157.4970002,1110,329,None,Move,office
1573475157.5129998,1103,333,None,Move,office
1573475157.528,1092,337,None,Move,office
1573475157.544,1082,339,None,Move,office
1573475157.56,1077,342,None,Move,office
1573475157.575,1073,343,None,Move,office
1573475157.591,1071,344,None,Move,office
1573475157.606,1070,345,None,Move,office
1573475157.6220002,1070,345,None,Move,office
1573475157.6379998,1068,346,None,Move,office
1573475157.653,1067,347,None,Move,office
1573475157.841,1067,347,None,Move,office
1573475157.856,1069,347,None,Move,office
1573475157.8720002,1070,346,None,Move,office
1573475157.8879998,1072,345,None,Move,office
1573475157.903,1074,345,None,Move,office
1573475157.919,1075,344,None,Move,office
1573475158.075,1074,344,None,Move,office
1573475158.091,1069,345,None,Move,office
1573475158.106,1066,345,None,Move,office
1573475158.1220002,1064,346,None,Move,office
1573475158.184,1063,346,None,Move,office
1573475164.3579998,1061,346,None,Move,office
1573475164.373,1052,346,None,Move,office
1573475164.389,1038,346,None,Move,office
1573475164.405,1031,346,None,Move,office
1573475164.42,1028,346,None,Move,office
1573475164.436,1025,347,None,Move,office
1573475164.452,1012,351,None,Move,office
1573475164.467,997,356,None,Move,office
1573475164.4829998,973,365,None,Move,office
1573475164.498,954,370,None,Move,office
1573475164.514,928,375,None,Move,office
1573475164.53,911,378,None,Move,office
1573475164.545,893,381,None,Move,office
1573475164.561,878,383,None,Move,office
1573475164.576,871,385,None,Move,office
1573475164.592,865,385,None,Move,office
1573475164.6079998,864,386,None,Move,office
1573475164.623,862,388,None,Move,office
1573475164.639,859,393,None,Move,office
1573475164.655,855,399,None,Move,office
1573475164.67,854,403,None,Move,office
1573475164.686,853,407,None,Move,office
1573475164.701,850,410,None,Move,office
1573475164.717,848,414,None,Move,office
1573475164.7329998,845,418,None,Move,office
1573475164.748,842,420,None,Move,office
1573475164.764,842,420,None,Move,office
1573475164.795,841,420,None,Move,office
1573475164.811,841,421,None,Move,office
1573475164.826,840,421,None,Move,office
1573475164.842,839,421,None,Move,office
1573475164.8579998,839,422,None,Move,office
1573475165.42,839,422,None,Move,office
1573475165.451,838,422,None,Move,office
1573475165.482,838,422,None,Move,office
1573475166.7629998,837,422,None,Move,office
1573475166.779,837,422,None,Move,office
1573475166.81,836,422,None,Move,office
1573475166.951,836,422,None,Move,office
1573475166.967,835,422,None,Move,office
1573475167.014,835,422,None,Move,office
1573475167.3879998,835,422,Left,Pressed,office
1573475167.498,835,422,Left,Released,office
1573475172.296,786,481,Left,Pressed,file system
1573475172.3579998,786,481,Left,Released,file system
1573475173.951,854,272,Left,Pressed,file system
1573475174.045,854,272,Left,Released,file system
1573475175.326,716,438,Left,Pressed,file system
1573475175.389,716,438,Left,Released,file system
1573475188.5129998,836,415,Left,Pressed,file system
1573475188.631,836,415,Left,Released,file system
1573475189.061,836,415,None,Move,browsing
1573475189.077,839,428,None,Move,browsing
1573475189.093,848,445,None,Move,browsing
1573475189.1079998,861,469,None,Move,browsing
1573475189.1239998,883,522,None,Move,browsing
1573475189.139,893,564,None,Move,browsing
1573475189.155,896,580,None,Move,browsing
1573475189.171,908,627,None,Move,browsing
1573475189.186,909,654,None,Move,browsing
1573475189.202,902,672,None,Move,browsing
1573475189.218,889,687,None,Move,browsing
1573475189.2329998,884,693,None,Move,browsing
1573475189.2489998,867,707,None,Move,browsing
1573475189.264,854,714,None,Move,browsing
1573475189.28,838,720,None,Move,browsing
1573475189.296,825,722,None,Move,browsing
1573475189.311,818,722,None,Move,browsing
1573475189.327,806,723,None,Move,browsing
1573475189.343,784,723,None,Move,browsing
1573475189.3579998,768,723,None,Move,browsing
1573475189.3739998,747,723,None,Move,browsing
1573475189.389,740,723,None,Move,browsing
1573475189.405,715,723,None,Move,browsing
1573475189.421,690,724,None,Move,browsing
1573475189.436,683,724,None,Move,browsing
1573475189.452,681,725,None,Move,browsing
1573475189.4989998,681,726,None,Move,browsing
1573475189.514,680,726,None,Move,browsing
1573475189.53,671,727,None,Move,browsing
1573475189.546,660,729,None,Move,browsing
1573475189.561,653,729,None,Move,browsing
1573475189.577,636,730,None,Move,browsing
1573475189.592,592,730,None,Move,browsing
1573475189.6079998,567,730,None,Move,browsing
1573475189.6239998,553,730,None,Move,browsing
1573475189.639,547,730,None,Move,browsing
1573475189.655,545,730,None,Move,browsing
1573475189.671,545,731,None,Move,browsing
1573475189.686,545,731,None,Move,browsing
1573475189.702,548,731,None,Move,browsing
1573475189.717,559,731,None,Move,browsing
1573475189.7329998,567,731,None,Move,browsing
1573475189.7489998,583,730,None,Move,browsing
1573475189.764,610,730,None,Move,browsing
1573475189.78,618,731,None,Move,browsing
1573475189.796,620,732,None,Move,browsing
1573475189.811,625,735,None,Move,browsing
1573475189.827,630,738,None,Move,browsing
1573475189.842,634,741,None,Move,browsing
1573475189.8579998,640,744,None,Move,browsing
1573475189.8739998,646,746,None,Move,browsing
1573475189.889,652,747,None,Move,browsing
1573475189.905,656,747,None,Move,browsing
1573475189.92,659,747,None,Move,browsing
1573475189.936,664,747,None,Move,browsing
1573475189.952,667,747,None,Move,browsing
1573475189.967,671,747,None,Move,browsing
1573475189.9829998,673,747,None,Move,browsing
1573475189.9989998,676,747,None,Move,browsing
1573475190.014,679,747,None,Move,browsing
1573475190.03,686,747,None,Move,browsing
1573475190.045,687,746,None,Move,browsing
1573475190.077,688,746,None,Move,browsing
1573475190.093,688,746,None,Move,browsing
1573475190.1079998,688,746,Left,Pressed,browsing
1573475190.229,688,746,Left,Released,file system
1573475190.3379998,688,746,None,Move,file system
1573475190.354,687,746,None,Move,file system
1573475190.37,685,745,None,Move,file system
1573475190.385,683,745,None,Move,file system
1573475190.401,682,745,None,Move,file system
1573475190.417,681,744,None,Move,file system
1573475190.4320002,680,744,None,Move,file system
1573475190.479,680,744,None,Move,file system
1573475190.604,680,744,Left,Pressed,file system
1573475190.6820002,680,744,Left,Released,file system
1573475190.87,680,743,None,Move,file system
1573475190.885,680,742,None,Move,file system
1573475190.901,680,741,None,Move,file system
1573475190.916,680,740,None,Move,file system
1573475190.9320002,680,739,None,Move,file system
1573475190.948,682,738,None,Move,file system
1573475190.9629998,682,736,None,Move,file system
1573475190.979,682,730,None,Move,file system
1573475190.995,685,721,None,Move,file system
1573475191.01,690,705,None,Move,file system
1573475191.026,698,678,None,Move,file system
1573475191.041,700,648,None,Move,file system
1573475191.0570002,674,582,None,Move,file system
1573475191.073,638,515,None,Move,file system
1573475191.0879998,603,457,None,Move,file system
1573475191.104,577,416,None,Move,file system
1573475191.12,556,384,None,Move,file system
1573475191.135,542,362,None,Move,file system
1573475191.151,530,342,None,Move,file system
1573475191.166,519,319,None,Move,file system
1573475191.1820002,514,306,None,Move,file system
1573475191.198,509,289,None,Move,file system
1573475191.2129998,502,273,None,Move,file system
1573475191.229,489,248,None,Move,file system
1573475191.245,475,231,None,Move,file system
1573475191.26,455,212,None,Move,file system
1573475191.276,432,189,None,Move,file system
1573475191.291,406,168,None,Move,file system
1573475191.3070002,385,153,None,Move,file system
1573475191.323,371,146,None,Move,file system
1573475191.3379998,364,142,None,Move,file system
1573475191.354,358,140,None,Move,file system
1573475191.369,355,139,None,Move,file system
1573475191.385,353,139,None,Move,file system
1573475191.401,352,139,None,Move,file system
1573475191.416,351,139,None,Move,file system
1573475191.4320002,349,139,None,Move,file system
1573475191.448,348,139,None,Move,file system
1573475191.4629998,346,142,None,Move,file system
1573475191.479,345,145,None,Move,file system
1573475191.494,344,146,None,Move,file system
1573475191.51,342,150,None,Move,file system
1573475191.526,339,154,None,Move,file system
1573475191.541,338,157,None,Move,file system
1573475191.5570002,338,159,None,Move,file system
1573475191.573,337,161,None,Move,file system
1573475191.5879998,337,164,None,Move,file system
1573475191.604,337,166,None,Move,file system
1573475191.62,337,166,None,Move,file system
1573475192.604,337,166,None,Move,file system
1573475192.619,337,161,None,Move,file system
1573475192.635,340,155,None,Move,file system
1573475192.65,342,150,None,Move,file system
1573475192.666,344,144,None,Move,file system
1573475192.6820002,347,140,None,Move,file system
1573475192.697,347,138,None,Move,file system
1573475192.7129998,348,137,None,Move,file system
1573475192.728,348,137,None,Move,file system
1573475192.744,348,136,None,Move,file system
1573475192.76,348,136,None,Move,file system
1573475192.775,348,134,None,Move,file system
1573475192.791,348,133,None,Move,file system
1573475192.8070002,349,133,None,Move,file system
1573475192.822,349,132,None,Move,file system
1573475192.8379998,349,132,None,Move,file system
1573475192.853,350,130,None,Move,file system
1573475192.869,350,127,None,Move,file system
1573475192.885,352,124,None,Move,file system
1573475192.901,352,123,None,Move,file system
1573475193.072,352,123,Left,Pressed,file system
1573475193.15,352,123,Left,Released,file system
1573475193.2129998,352,123,Left,Pressed,file system
1573475193.353,352,123,Left,Released,file system
1573475193.827,352,123,None,Move,office
1573475193.842,354,124,None,Move,office
1573475193.8579998,360,130,None,Move,office
1573475193.8739998,363,132,None,Move,office
1573475193.889,371,138,None,Move,office
1573475193.905,399,152,None,Move,office
1573475193.921,418,161,None,Move,office
1573475193.936,431,166,None,Move,office
1573475193.952,465,180,None,Move,office
1573475193.967,482,185,None,Move,office
1573475193.9829998,490,186,None,Move,office
1573475193.9989998,496,188,None,Move,office
1573475194.014,499,189,None,Move,office
1573475194.03,499,189,None,Move,office
1573475194.046,501,191,None,Move,office
1573475194.061,504,193,None,Move,office
1573475194.077,507,195,None,Move,office
1573475194.092,520,203,None,Move,office
1573475194.1079998,535,212,None,Move,office
1573475194.1239998,545,217,None,Move,office
1573475194.139,552,220,None,Move,office
1573475194.155,602,245,None,Move,office
1573475194.17,614,249,None,Move,office
1573475194.186,637,260,None,Move,office
1573475194.202,655,266,None,Move,office
1573475194.217,678,275,None,Move,office
1573475194.2329998,695,282,None,Move,office
1573475194.248,704,286,None,Move,office
1573475194.264,718,291,None,Move,office
1573475194.28,721,292,None,Move,office
1573475194.295,732,295,None,Move,office
1573475194.311,741,299,None,Move,office
1573475194.327,746,300,None,Move,office
1573475194.342,747,301,None,Move,office
1573475194.3579998,750,301,None,Move,office
1573475194.373,751,303,None,Move,office
1573475194.389,754,304,None,Move,office
1573475194.436,756,305,None,Move,office
1573475194.452,758,307,None,Move,office
1573475194.467,758,307,None,Move,office
1573475194.4829998,760,309,None,Move,office
1573475194.498,762,311,None,Move,office
1573475194.514,763,312,None,Move,office
1573475194.528,765,313,None,Move,office
1573475194.544,768,316,None,Move,office
1573475194.56,770,317,None,Move,office
1573475194.575,772,318,None,Move,office
1573475194.591,774,319,None,Move,office
1573475194.606,776,319,None,Move,office
1573475195.295,777,320,None,Move,office
1573475195.311,778,320,None,Move,office
1573475195.327,780,322,None,Move,office
1573475195.345,781,323,None,Move,office
1573475195.36,782,323,None,Move,office
1573475195.3760002,782,323,None,Move,office
1573475195.541,781,323,None,Move,office
1573475195.561,767,324,None,Move,office
1573475195.592,700,326,None,Move,office
1573475195.611,676,326,None,Move,office
1573475195.6279998,642,326,None,Move,office
1573475195.659,521,307,None,Move,office
1573475195.675,480,300,None,Move,office
1573475195.69,418,290,None,Move,office
1573475195.721,387,290,None,Move,office
1573475195.7370002,381,290,None,Move,office
1573475195.7529998,380,290,None,Move,office
1573475195.768,380,291,None,Move,office
1573475195.784,380,293,None,Move,office
1573475195.794,379,301,None,Move,office
1573475195.811,379,306,None,Move,office
1573475195.827,379,307,None,Move,office
1573475195.843,380,309,None,Move,office
1573475195.859,382,313,None,Move,office
1573475195.8739998,384,314,None,Move,office
1573475195.89,385,315,None,Move,office
1573475195.905,389,317,None,Move,office
1573475195.921,402,320,None,Move,office
1573475195.927,404,320,None,Move,office
1573475195.944,409,320,None,Move,office
1573475195.959,412,320,None,Move,office
1573475195.975,414,321,None,Move,office
1573475196.069,414,321,None,Move,office
1573475196.084,413,320,None,Move,office
1573475196.093,412,319,None,Move,office
1573475196.11,412,317,None,Move,office
1573475196.1260002,410,316,None,Move,office
1573475196.141,410,316,None,Move,office
1573475196.1720002,409,316,None,Move,office
1573475196.219,409,316,None,Move,office
1573475196.235,409,316,None,Move,office
1573475196.2510002,411,315,None,Move,office
1573475196.344,412,315,None,Move,office
1573475196.36,412,315,None,Move,office
1573475196.3760002,413,315,None,Move,office
1573475196.391,413,315,None,Move,office
1573475196.4220002,413,315,None,Move,office
1573475196.438,413,316,None,Move,office
1573475196.454,413,318,None,Move,office
1573475196.469,413,327,None,Move,office
1573475196.485,413,328,None,Move,office
1573475196.5010002,415,328,None,Move,office
1573475196.516,417,328,None,Move,office
1573475196.532,418,328,None,Move,office
1573475196.563,420,328,None,Move,office
1573475196.579,420,328,None,Move,office
1573475196.594,421,328,None,Move,office
1573475196.61,421,329,None,Move,office
1573475196.6260002,422,330,None,Move,office
1573475196.641,423,331,None,Move,office
1573475196.657,423,331,None,Move,office
1573475196.735,423,332,None,Move,office
1573475196.7510002,423,334,None,Move,office
1573475196.766,421,334,None,Move,office
1573475196.782,416,330,None,Move,office
1573475196.7970002,411,323,None,Move,office
1573475196.813,406,321,None,Move,office
1573475196.86,406,322,None,Move,office
1573475196.8760002,405,325,None,Move,office
1573475196.891,405,329,None,Move,office
1573475196.907,405,334,None,Move,office
1573475196.9220002,405,339,None,Move,office
1573475196.938,405,345,None,Move,office
1573475196.954,405,350,None,Move,office
1573475196.969,405,358,None,Move,office
1573475196.985,402,366,None,Move,office
1573475197.0,400,373,None,Move,office
1573475197.016,400,379,None,Move,office
1573475197.032,399,383,None,Move,office
1573475197.0470002,399,388,None,Move,office
1573475197.063,392,409,None,Move,office
1573475197.079,377,440,None,Move,office
1573475197.094,369,443,None,Move,office
1573475197.2229998,369,445,None,Move,office
1573475197.238,369,448,None,Move,office
1573475197.254,367,454,None,Move,office
1573475197.27,363,465,None,Move,office
1573475197.285,361,469,None,Move,office
1573475197.301,357,483,None,Move,office
1573475197.316,353,501,None,Move,office
1573475197.332,349,520,None,Move,office
1573475197.3479998,346,533,None,Move,office
1573475197.363,344,544,None,Move,office
1573475197.375,343,551,None,Move,office
1573475197.3920002,343,559,None,Move,office
1573475197.408,343,566,None,Move,office
1573475197.425,346,574,None,Move,office
1573475197.441,347,581,None,Move,office
1573475197.456,348,588,None,Move,office
1573475197.472,349,592,None,Move,office
1573475197.488,350,597,None,Move,office
1573475197.5029998,350,601,None,Move,office
1573475197.519,350,608,None,Move,office
1573475197.534,350,619,None,Move,office
1573475197.55,350,627,None,Move,office
1573475197.566,353,639,None,Move,office
1573475197.581,356,644,None,Move,office
1573475197.597,359,648,None,Move,office
1573475197.613,361,650,None,Move,office
1573475197.644,362,650,None,Move,office
1573475197.66,362,651,None,Move,office
1573475197.675,363,651,None,Move,office
1573475197.691,363,652,None,Move,office
1573475197.706,364,652,None,Move,office
1573475197.738,365,652,None,Move,office
1573475197.7529998,365,652,Left,Pressed,office
1573475197.8079998,365,652,Left,Released,office
1573475197.842,365,652,None,Move,office
1573475197.8579998,365,651,None,Move,office
1573475197.8739998,365,651,None,Move,office
1573475197.921,365,650,None,Move,office
1573475197.936,365,648,None,Move,office
1573475197.952,366,644,None,Move,office
1573475197.968,366,642,None,Move,office
1573475197.9829998,366,638,None,Move,office
1573475197.9989998,366,636,None,Move,office
1573475198.014,367,636,None,Move,office
1573475198.03,369,635,None,Move,office
1573475198.046,372,634,None,Move,office
1573475198.061,393,627,None,Move,office
1573475198.077,399,626,None,Move,office
1573475198.093,423,624,None,Move,office
1573475198.107,444,623,None,Move,office
1573475198.1079998,456,623,None,Move,office
1573475198.125,484,622,None,Move,office
1573475198.14,542,618,None,Move,office
1573475198.156,621,603,None,Move,office
1573475198.175,711,576,None,Move,office
1573475198.191,803,547,None,Move,office
1573475198.207,886,527,None,Move,office
1573475198.222,954,517,None,Move,office
1573475198.238,999,508,None,Move,office
1573475198.2410002,1008,506,None,Move,office
1573475198.258,1044,494,None,Move,office
1573475198.274,1076,480,None,Move,office
1573475198.29,1118,458,None,Move,office
1573475198.306,1168,434,None,Move,office
1573475198.321,1200,420,None,Move,office
1573475198.337,1236,408,None,Move,office
1573475198.353,1249,402,None,Move,office
1573475198.3679998,1260,395,None,Move,office
1573475198.3839998,1266,389,None,Move,office
1573475198.399,1268,385,None,Move,office
1573475198.415,1268,380,None,Move,office
1573475198.436,1268,375,None,Move,office
1573475198.4429998,1268,373,None,Move,office
1573475198.451,1268,371,None,Move,office
1573475198.459,1268,370,None,Move,office
1573475198.466,1265,366,None,Move,office
1573475198.474,1263,364,None,Move,office
1573475198.481,1261,362,None,Move,office
1573475198.4889998,1257,359,None,Move,office
1573475198.4970002,1255,358,None,Move,office
1573475198.505,1253,358,None,Move,office
1573475198.5129998,1250,358,None,Move,office
1573475198.521,1247,357,None,Move,office
1573475198.529,1244,357,None,Move,office
1573475198.5370002,1240,357,None,Move,office
1573475198.545,1234,357,None,Move,office
1573475198.553,1228,357,None,Move,office
1573475198.56,1219,358,None,Move,office
1573475198.5670002,1213,359,None,Move,office
1573475198.575,1206,360,None,Move,office
1573475198.583,1201,361,None,Move,office
1573475198.591,1194,363,None,Move,office
1573475198.6,1185,366,None,Move,office
1573475198.606,1178,369,None,Move,office
1573475198.615,1172,372,None,Move,office
1573475198.6239998,1166,374,None,Move,office
1573475198.6320002,1163,375,None,Move,office
1573475198.641,1156,379,None,Move,office
1573475198.651,1153,379,None,Move,office
1573475198.661,1151,380,None,Move,office
1573475198.668,1150,382,None,Move,office
1573475198.676,1149,382,None,Move,office
1573475198.731,1149,382,None,Move,office
1573475198.7470002,1148,382,None,Move,office
1573475198.7629998,1147,382,None,Move,office
1573475198.8879998,1147,381,None,Move,office
1573475198.904,1146,379,None,Move,office
1573475198.919,1146,379,None,Move,office
1573475198.935,1145,378,None,Move,office
1573475198.95,1143,378,None,Move,office
1573475198.966,1142,378,None,Move,office
1573475198.982,1141,378,None,Move,office
1573475198.9970002,1139,377,None,Move,office
1573475199.0129998,1138,377,None,Move,office
1573475199.028,1137,376,None,Move,office
1573475199.044,1136,375,None,Move,office
1573475199.06,1135,374,None,Move,office
1573475199.075,1134,373,None,Move,office
1573475199.091,1133,372,None,Move,office
1573475199.107,1132,372,None,Move,office
1573475199.1220002,1132,372,None,Move,office
1573475199.1379998,1131,372,None,Move,office
1573475199.169,1131,371,None,Move,office
1573475199.185,1130,371,None,Move,office
1573475199.2,1129,371,None,Move,office
1573475199.216,1128,370,None,Move,office
1573475199.232,1127,370,None,Move,office
1573475199.2470002,1127,369,None,Move,office
1573475199.279,1126,369,None,Move,office
1573475199.294,1126,368,None,Move,office
1573475199.3879998,1125,368,None,Move,office
1573475199.403,1125,368,None,Move,office
1573475199.419,1125,368,None,Move,office
1573475199.6239998,1125,368,Left,Pressed,office
1573475199.6239998,1125,368,None,Drag,office
1573475199.639,1126,368,None,Drag,office
1573475199.64,1128,368,None,Drag,office
1573475199.655,1131,368,None,Drag,office
1573475199.671,1137,367,None,Drag,office
1573475199.687,1152,367,None,Drag,office
1573475199.702,1157,367,None,Drag,office
1573475199.718,1166,366,None,Drag,office
1573475199.734,1173,366,None,Drag,office
1573475199.7489998,1178,366,None,Drag,office
1573475199.765,1180,366,None,Drag,office
1573475199.78,1182,367,None,Drag,office
1573475199.796,1183,367,None,Drag,office
1573475199.812,1186,370,None,Drag,office
1573475199.827,1188,372,None,Drag,office
1573475199.843,1190,374,None,Drag,office
1573475199.859,1191,375,None,Drag,office
1573475199.8739998,1192,377,None,Drag,office
1573475199.891,1193,378,None,Drag,office
1573475199.907,1194,380,None,Drag,office
1573475199.923,1194,381,None,Drag,office
1573475199.939,1195,382,None,Drag,office
1573475199.955,1195,382,None,Drag,office
1573475200.048,1195,383,None,Drag,office
1573475200.08,1195,383,None,Drag,office
1573475200.095,1195,384,None,Drag,office
1573475200.095,1195,384,Left,Released,office
1573475200.3860002,1195,384,None,Move,office
1573475200.401,1195,383,None,Move,office
1573475200.417,1195,379,None,Move,office
1573475200.4320002,1195,377,None,Move,office
1573475200.448,1195,374,None,Move,office
1573475200.464,1195,371,None,Move,office
1573475200.479,1195,368,None,Move,office
1573475200.495,1195,367,None,Move,office
1573475200.5110002,1195,367,None,Move,office
1573475200.526,1195,367,None,Move,office
1573475200.573,1195,366,None,Move,office
1573475200.667,1195,366,None,Move,office
1573475200.6820002,1197,366,None,Move,office
1573475200.698,1199,366,None,Move,office
1573475200.714,1205,365,None,Move,office
1573475200.729,1212,364,None,Move,office
1573475200.745,1218,364,None,Move,office
1573475200.76,1226,364,None,Move,office
1573475200.776,1232,363,None,Move,office
1573475200.792,1238,362,None,Move,office
1573475200.8070002,1247,360,None,Move,office
1573475200.823,1258,359,None,Move,office
1573475200.839,1269,359,None,Move,office
1573475200.854,1277,359,None,Move,office
1573475200.87,1284,358,None,Move,office
1573475200.885,1289,357,None,Move,office
1573475200.901,1295,356,None,Move,office
1573475200.917,1299,355,None,Move,office
1573475200.9320002,1301,355,None,Move,office
1573475200.948,1304,354,None,Move,office
1573475200.9629998,1305,354,None,Move,office
1573475200.979,1307,354,None,Move,office
1573475200.995,1308,353,None,Move,office
1573475201.01,1309,353,None,Move,office
1573475201.026,1309,353,None,Move,office
1573475201.042,1309,352,None,Move,office
1573475201.073,1310,352,None,Move,office
1573475201.1360002,1309,352,None,Move,office
1573475201.151,1301,356,None,Move,office
1573475201.167,1290,360,None,Move,office
1573475201.1820002,1273,367,None,Move,office
1573475201.198,1256,373,None,Move,office
1573475201.2129998,1235,380,None,Move,office
1573475201.229,1217,385,None,Move,office
1573475201.245,1202,388,None,Move,office
1573475201.26,1185,390,None,Move,office
1573475201.276,1172,392,None,Move,office
1573475201.292,1159,392,None,Move,office
1573475201.3070002,1151,393,None,Move,office
1573475201.323,1148,394,None,Move,office
1573475201.3379998,1143,394,None,Move,office
1573475201.354,1141,394,None,Move,office
1573475201.37,1140,394,None,Move,office
1573475201.4320002,1140,394,None,Move,office
1573475201.448,1140,394,None,Move,office
1573475201.4629998,1143,391,None,Move,office
1573475201.479,1145,389,None,Move,office
1573475201.495,1148,387,None,Move,office
1573475201.51,1151,385,None,Move,office
1573475201.526,1153,384,None,Move,office
1573475201.604,1154,383,None,Move,office
1573475201.62,1155,382,None,Move,office
1573475201.635,1155,380,None,Move,office
1573475201.651,1157,379,None,Move,office
1573475201.666,1158,378,None,Move,office
1573475201.823,1158,377,None,Move,office
1573475201.8379998,1158,375,None,Move,office
1573475201.854,1160,373,None,Move,office
1573475201.87,1162,372,None,Move,office
1573475201.885,1162,371,None,Move,office
1573475201.995,1162,371,Right,Pressed,office
1573475202.104,1162,371,Right,Released,office
1573475202.526,1162,371,None,Move,office
1573475202.541,1161,371,None,Move,office
1573475202.5570002,1157,373,None,Move,office
1573475202.573,1155,374,None,Move,office
1573475202.5879998,1149,378,None,Move,office
1573475202.604,1145,380,None,Move,office
1573475202.619,1142,382,None,Move,office
1573475202.635,1138,386,None,Move,office
1573475202.651,1127,395,None,Move,office
1573475202.666,1118,405,None,Move,office
1573475202.6820002,1112,414,None,Move,office
1573475202.697,1104,426,None,Move,office
1573475202.7129998,1098,439,None,Move,office
1573475202.729,1093,452,None,Move,office
1573475202.744,1089,466,None,Move,office
1573475202.76,1088,493,None,Move,office
1573475202.776,1088,510,None,Move,office
1573475202.791,1088,521,None,Move,office
1573475202.8070002,1088,524,None,Move,office
1573475202.854,1088,524,None,Move,office
1573475202.9320002,1088,524,None,Move,office
1573475202.947,1088,523,None,Move,office
1573475202.9629998,1088,521,None,Move,office
1573475202.979,1088,519,None,Move,office
1573475202.994,1087,517,None,Move,office
1573475203.01,1087,512,None,Move,office
1573475203.025,1087,509,None,Move,office
1573475203.041,1089,499,None,Move,office
1573475203.0570002,1092,490,None,Move,office
1573475203.072,1094,481,None,Move,office
1573475203.0879998,1096,474,None,Move,office
1573475203.104,1098,469,None,Move,office
1573475203.119,1098,468,None,Move,office
1573475203.135,1099,466,None,Move,office
1573475203.151,1100,466,None,Move,office
1573475203.166,1100,465,None,Move,office
1573475203.197,1100,464,None,Move,office
1573475203.229,1100,464,None,Move,office
1573475203.3070002,1100,463,None,Move,office
1573475203.353,1100,463,None,Move,office
1573475203.369,1101,462,None,Move,office
1573475203.795,1101,462,Left,Pressed,office
1573475203.873,1101,462,Left,Released,office
1573475205.107,1102,462,None,Move,office
1573475205.1220002,1102,461,None,Move,office
1573475205.1379998,1103,460,None,Move,office
1573475205.154,1104,459,None,Move,office
1573475205.169,1105,459,None,Move,office
1573475205.185,1106,458,None,Move,office
1573475205.2,1107,457,None,Move,office
1573475205.216,1108,456,None,Move,office
1573475205.232,1109,455,None,Move,office
1573475205.2470002,1110,455,None,Move,office
1573475205.2629998,1110,454,None,Move,office
1573475205.279,1111,454,None,Move,office
1573475205.294,1112,453,None,Move,office
1573475205.31,1112,453,None,Move,office
1573475205.325,1112,452,None,Move,office
1573475205.357,1113,452,None,Move,office
1573475205.3879998,1113,452,None,Move,office
1573475205.404,1114,452,None,Move,office
1573475205.419,1114,451,None,Move,office
1573475205.435,1115,451,None,Move,office
1573475205.45,1115,451,None,Move,office
1573475205.466,1116,450,None,Move,office
1573475205.482,1117,450,None,Move,office
1573475205.56,1117,450,None,Move,office
1573475205.575,1118,450,None,Move,office
1573475205.591,1119,450,None,Move,office
1573475205.607,1119,450,None,Move,office
1573475205.6379998,1120,450,None,Move,office
1573475205.794,1121,449,None,Move,office
1573475205.966,1121,449,None,Move,office
1573475206.687,1120,449,None,Move,browsing
1573475206.7329998,1112,449,None,Move,browsing
1573475206.7489998,1111,449,None,Move,browsing
1573475206.765,1109,449,None,Move,browsing
1573475206.78,1108,449,None,Move,browsing
1573475206.796,1108,449,None,Move,browsing
1573475206.812,1107,449,None,Move,browsing
1573475206.827,1106,449,None,Move,browsing
1573475206.843,1105,448,None,Move,browsing
1573475206.8579998,1103,448,None,Move,browsing
1573475206.89,1094,444,None,Move,browsing
1573475206.905,1089,441,None,Move,browsing
1573475206.921,1087,440,None,Move,browsing
1573475206.937,1084,437,None,Move,browsing
1573475206.952,1079,430,None,Move,browsing
1573475206.968,1074,418,None,Move,browsing
1573475206.9829998,1069,408,None,Move,browsing
1573475206.9989998,1032,363,None,Move,browsing
1573475207.015,1016,343,None,Move,browsing
1573475207.03,1007,333,None,Move,browsing
1573475207.046,981,300,None,Move,browsing
1573475207.062,951,267,None,Move,browsing
1573475207.077,927,240,None,Move,browsing
1573475207.093,910,224,None,Move,browsing
1573475207.1079998,894,206,None,Move,browsing
1573475207.1239998,889,200,None,Move,browsing
1573475207.14,877,182,None,Move,browsing
1573475207.155,872,170,None,Move,browsing
1573475207.171,869,164,None,Move,browsing
1573475207.187,866,159,None,Move,browsing
1573475207.202,863,153,None,Move,browsing
1573475207.218,860,147,None,Move,browsing
1573475207.2329998,859,144,None,Move,browsing
1573475207.2489998,859,143,None,Move,browsing
1573475207.265,856,139,None,Move,browsing
1573475207.28,854,137,None,Move,browsing
1573475207.296,852,135,None,Move,browsing
1573475207.311,850,132,None,Move,browsing
1573475207.327,849,131,None,Move,browsing
1573475207.3579998,848,130,None,Move,browsing
1573475207.3739998,847,130,None,Move,browsing
1573475207.405,846,129,None,Move,browsing
1573475207.436,845,128,None,Move,browsing
1573475207.452,845,128,None,Move,browsing
1573475207.468,844,127,None,Move,browsing
1573475207.843,844,127,None,Move,browsing
1573475207.8579998,844,127,None,Move,browsing
1573475207.8739998,845,127,None,Move,browsing
1573475207.889,847,127,None,Move,browsing
1573475207.905,848,127,None,Move,browsing
1573475207.921,850,127,None,Move,browsing
1573475207.936,852,127,None,Move,browsing
1573475207.952,852,127,None,Move,browsing
1573475207.968,853,127,None,Move,browsing
1573475207.9829998,855,127,None,Move,browsing
1573475207.9989998,858,127,None,Move,browsing
1573475208.014,861,127,None,Move,browsing
1573475208.03,863,127,None,Move,browsing
1573475208.046,865,127,None,Move,browsing
1573475208.061,866,127,None,Move,browsing
1573475208.077,871,127,None,Move,browsing
1573475208.093,876,127,None,Move,browsing
1573475208.1079998,881,127,None,Move,browsing
1573475208.1239998,885,127,None,Move,browsing
1573475208.139,889,128,None,Move,browsing
1573475208.155,892,129,None,Move,browsing
1573475208.171,897,131,None,Move,browsing
1573475208.186,906,134,None,Move,browsing
1573475208.202,911,137,None,Move,browsing
1573475208.218,920,144,None,Move,browsing
1573475208.2329998,923,146,None,Move,browsing
1573475208.2489998,928,151,None,Move,browsing
1573475208.264,934,156,None,Move,browsing
1573475208.28,944,166,None,Move,browsing
1573475208.296,953,173,None,Move,browsing
1573475208.311,959,178,None,Move,browsing
1573475208.327,969,188,None,Move,browsing
1573475208.343,978,198,None,Move,browsing
1573475208.3579998,989,211,None,Move,browsing
1573475208.3739998,993,215,None,Move,browsing
1573475208.389,999,224,None,Move,browsing
1573475208.405,1005,232,None,Move,browsing
1573475208.421,1009,239,None,Move,browsing
1573475208.436,1013,247,None,Move,browsing
1573475208.444,1015,249,None,Move,browsing
1573475208.452,1016,253,None,Move,browsing
1573475208.46,1018,257,None,Move,browsing
1573475208.467,1019,258,None,Move,browsing
1573475208.475,1020,262,None,Move,browsing
1573475208.485,1022,265,None,Move,browsing
1573475208.492,1024,267,None,Move,browsing
1573475208.4989998,1025,271,None,Move,browsing
1573475208.506,1026,274,None,Move,browsing
1573475208.515,1026,276,None,Move,browsing
1573475208.5229998,1027,278,None,Move,browsing
1573475208.531,1027,279,None,Move,browsing
1573475208.538,1028,281,None,Move,browsing
1573475208.5470002,1029,283,None,Move,browsing
1573475208.554,1030,284,None,Move,browsing
1573475208.561,1030,285,None,Move,browsing
1573475208.569,1031,286,None,Move,browsing
1573475208.577,1031,288,None,Move,browsing
1573475208.585,1032,290,None,Move,browsing
1573475208.593,1033,291,None,Move,browsing
1573475208.6,1034,292,None,Move,browsing
1573475208.6079998,1034,294,None,Move,browsing
1573475208.6160002,1034,296,None,Move,browsing
1573475208.623,1035,297,None,Move,browsing
1573475208.631,1036,299,None,Move,browsing
1573475208.639,1037,301,None,Move,browsing
1573475208.647,1038,302,None,Move,browsing
1573475208.655,1039,305,None,Move,browsing
1573475208.663,1039,307,None,Move,browsing
1573475208.671,1041,310,None,Move,browsing
1573475208.679,1043,314,None,Move,browsing
1573475208.687,1044,319,None,Move,browsing
1573475208.695,1045,324,None,Move,browsing
1573475208.702,1049,334,None,Move,browsing
1573475208.71,1049,337,None,Move,browsing
1573475208.718,1053,347,None,Move,browsing
1573475208.725,1054,353,None,Move,browsing
1573475208.7329998,1055,360,None,Move,browsing
1573475208.7410002,1056,362,None,Move,browsing
1573475208.7489998,1057,369,None,Move,browsing
1573475208.765,1058,380,None,Move,browsing
1573475208.78,1058,390,None,Move,browsing
1573475208.796,1058,396,None,Move,browsing
1573475208.811,1058,398,None,Move,browsing
1573475208.843,1058,398,None,Move,browsing
1573475208.8579998,1066,393,None,Move,browsing
1573475208.8739998,1066,393,None,Move,browsing
1573475209.202,1066,392,None,Move,browsing
1573475209.218,1066,392,None,Move,browsing
1573475209.2329998,1066,391,None,Move,browsing
1573475209.2489998,1066,390,None,Move,browsing
1573475209.264,1066,389,None,Move,browsing
1573475209.28,1066,388,None,Move,browsing
1573475209.296,1067,387,None,Move,browsing
1573475209.311,1067,387,None,Move,browsing
1573475209.327,1068,385,None,Move,browsing
1573475209.343,1068,384,None,Move,browsing
1573475209.3579998,1068,384,None,Move,browsing
1573475209.3739998,1068,383,None,Move,browsing
1573475209.389,1069,383,None,Move,browsing
1573475209.405,1069,383,None,Move,browsing
1573475209.421,1070,382,None,Move,browsing
1573475209.436,1070,381,None,Move,browsing
1573475209.468,1070,380,None,Move,browsing
1573475209.514,1070,380,None,Move,browsing
1573475209.561,1070,380,None,Move,browsing
1573475209.577,1070,379,None,Move,browsing
1573475209.593,1070,379,None,Move,browsing
1573475209.6239998,1070,378,None,Move,browsing
1573475209.655,1070,378,None,Move,browsing
1573475209.671,1069,378,None,Move,browsing
1573475209.702,1069,379,None,Move,browsing
1573475209.7329998,1068,379,None,Move,browsing
1573475209.764,1068,379,None,Move,browsing
1573475209.78,1068,380,None,Move,browsing
1573475209.796,1067,380,None,Move,browsing
1573475209.811,1066,382,None,Move,browsing
1573475209.827,1065,382,None,Move,browsing
1573475209.843,1064,382,None,Move,browsing
1573475209.8579998,1064,383,None,Move,browsing
1573475209.889,1063,383,None,Move,browsing
1573475209.921,1063,383,None,Move,browsing
1573475209.936,1062,383,None,Move,browsing
1573475209.9829998,1061,383,None,Move,browsing
1573475210.014,1061,383,None,Move,browsing
1573475210.155,1061,383,None,Move,browsing
1573475210.171,1062,385,None,Move,browsing
1573475210.186,1072,399,None,Move,browsing
1573475210.202,1085,416,None,Move,browsing
1573475210.217,1093,425,None,Move,browsing
1573475210.2329998,1126,466,None,Move,browsing
1573475210.2489998,1144,507,None,Move,browsing
1573475210.264,1154,536,None,Move,browsing
1573475210.28,1166,567,None,Move,browsing
1573475210.295,1170,580,None,Move,browsing
1573475210.311,1174,598,None,Move,browsing
1573475210.327,1177,622,None,Move,browsing
1573475210.342,1178,642,None,Move,browsing
1573475210.3579998,1179,662,None,Move,browsing
1573475210.3739998,1181,677,None,Move,browsing
1573475210.389,1186,698,None,Move,browsing
1573475210.405,1190,714,None,Move,browsing
1573475210.42,1196,735,None,Move,browsing
1573475210.436,1199,745,None,Move,browsing
1573475210.452,1202,752,None,Move,browsing
1573475210.467,1204,761,None,Move,browsing
1573475210.4829998,1207,768,None,Move,browsing
1573475210.498,1209,770,None,Move,browsing
1573475210.514,1210,768,None,Move,browsing
1573475210.53,1211,769,None,Move,browsing
1573475210.545,1212,768,None,Move,browsing
1573475210.561,1212,767,None,Move,browsing
1573475210.577,1212,767,None,Move,browsing
1573475210.592,1212,768,None,Move,browsing
1573475210.639,1212,767,None,Move,browsing
1573475210.655,1209,767,None,Move,browsing
1573475210.67,1203,762,None,Move,browsing
1573475210.686,1201,759,None,Move,browsing
1573475210.702,1200,757,None,Move,browsing
1573475210.717,1199,755,None,Move,browsing
1573475210.764,1199,754,None,Move,browsing
1573475210.811,1199,754,None,Move,browsing
1573475210.842,1198,753,None,Move,browsing
1573475210.8579998,1197,753,None,Move,browsing
1573475210.873,1194,753,None,Move,browsing
1573475210.889,1192,753,None,Move,browsing
1573475210.998,1190,752,None,Move,browsing
1573475211.092,1190,752,None,Move,browsing
1573475211.123,1189,751,None,Move,browsing
1573475211.155,1189,750,None,Move,browsing
1573475211.199,1189,750,None,Move,browsing
1573475211.3079998,1189,750,None,Move,browsing
1573475211.371,1188,750,None,Move,browsing
1573475211.3860002,1182,750,None,Move,browsing
1573475211.4020002,1173,750,None,Move,browsing
1573475211.417,1166,750,None,Move,browsing
1573475211.4329998,1161,750,None,Move,browsing
1573475211.449,1160,750,None,Move,browsing
1573475211.464,1159,750,None,Move,browsing
1573475211.48,1158,749,None,Move,browsing
1573475211.5270002,1158,749,None,Move,browsing
1573475211.542,1158,747,None,Move,browsing
1573475211.5579998,1158,747,None,Move,browsing
1573475211.574,1158,746,None,Move,browsing
1573475211.589,1159,746,None,Move,browsing
1573475211.605,1160,745,None,Move,browsing
1573475211.6829998,1160,745,None,Move,browsing
1573475211.8860002,1161,745,None,Move,browsing
1573475211.995,1161,745,None,Move,browsing
1573475212.0270002,1162,744,None,Move,browsing
1573475212.042,1162,743,None,Move,browsing
1573475212.0579998,1164,742,None,Move,browsing
1573475212.08,1166,740,None,Move,browsing
1573475212.081,1167,740,None,Move,browsing
1573475212.097,1168,739,None,Move,browsing
1573475212.1120002,1169,739,None,Move,browsing
1573475212.706,1170,739,None,Move,browsing
1573475212.721,1170,739,None,Move,browsing
1573475212.7529998,1170,739,None,Move,browsing
1573475212.768,1170,740,None,Move,browsing
1573475212.784,1171,742,None,Move,browsing
1573475212.8,1172,744,None,Move,browsing
1573475212.815,1172,745,None,Move,browsing
1573475212.831,1172,745,None,Move,browsing
1573475212.846,1173,746,None,Move,browsing
1573475212.8620002,1173,747,None,Move,browsing
1573475212.909,1173,748,None,Move,browsing
1573475212.925,1173,748,None,Move,browsing
1573475212.94,1174,749,None,Move,browsing
1573475212.956,1174,750,None,Move,browsing
1573475212.971,1174,750,None,Move,browsing
1573475212.9870002,1174,751,None,Move,browsing
1573475213.0029998,1174,752,None,Move,browsing
1573475213.018,1175,753,None,Move,browsing
1573475213.034,1175,753,None,Move,browsing
1573475213.049,1175,753,None,Move,browsing
1573475213.627,1175,754,None,Move,browsing
1573475213.635,1175,754,None,Move,browsing
1573475213.643,1175,754,None,Move,browsing
1573475213.651,1174,754,None,Move,browsing
1573475213.659,1173,755,None,Move,browsing
1573475213.667,1172,755,None,Move,browsing
1573475213.675,1170,755,None,Move,browsing
1573475213.6829998,1169,755,None,Move,browsing
1573475213.691,1167,755,None,Move,browsing
1573475213.699,1165,755,None,Move,browsing
1573475213.707,1162,755,None,Move,browsing
1573475213.714,1158,755,None,Move,browsing
1573475213.721,1152,755,None,Move,browsing
1573475213.729,1145,755,None,Move,browsing
1573475213.7370002,1139,755,None,Move,browsing
1573475213.745,1129,755,None,Move,browsing
1573475213.75,1123,755,None,Move,browsing
1573475213.765,1105,755,None,Move,browsing
1573475213.781,1090,755,None,Move,browsing
1573475213.7970002,1080,755,None,Move,browsing
1573475213.812,1073,755,None,Move,browsing
1573475213.8279998,1067,755,None,Move,browsing
1573475213.843,1062,756,None,Move,browsing
1573475213.859,1057,756,None,Move,browsing
1573475213.875,1050,756,None,Move,browsing
1573475213.89,1041,758,None,Move,browsing
1573475213.906,1029,760,None,Move,browsing
1573475213.9220002,1022,760,None,Move,browsing
1573475213.937,1011,761,None,Move,browsing
1573475213.9529998,1006,761,None,Move,browsing
1573475213.968,1002,761,None,Move,browsing
1573475213.984,1000,761,None,Move,browsing
1573475214.39,1000,761,None,Move,browsing
1573475214.843,1000,761,None,Move,browsing
1573475214.859,1000,760,None,Move,browsing
1573475214.875,1000,760,None,Move,browsing
1573475214.9220002,1000,760,None,Move,browsing
1573475215.093,1000,759,None,Move,browsing
1573475215.109,1000,758,None,Move,browsing
1573475215.14,1001,758,None,Move,browsing
1573475215.3739998,1001,757,None,Move,browsing
1573475215.859,1001,757,None,Move,browsing
1573475219.655,998,756,None,Move,browsing
1573475219.671,996,755,None,Move,browsing
1573475219.686,993,753,None,Move,browsing
1573475219.702,990,751,None,Move,browsing
1573475219.718,943,730,None,Move,browsing
1573475219.7329998,907,718,None,Move,browsing
1573475219.754,854,699,None,Move,browsing
1573475219.77,801,680,None,Move,browsing
1573475219.785,758,662,None,Move,browsing
1573475219.801,680,627,None,Move,browsing
1573475219.816,657,618,None,Move,browsing
1573475219.832,643,612,None,Move,browsing
1573475219.8479998,613,600,None,Move,browsing
1573475219.863,577,586,None,Move,browsing
1573475219.879,567,582,None,Move,browsing
1573475219.895,524,562,None,Move,browsing
1573475219.91,505,553,None,Move,browsing
1573475219.926,471,534,None,Move,browsing
1573475219.941,438,514,None,Move,browsing
1573475219.957,417,497,None,Move,browsing
1573475219.9729998,402,484,None,Move,browsing
1573475219.988,398,479,None,Move,browsing
1573475220.004,389,467,None,Move,browsing
1573475220.019,388,463,None,Move,browsing
1573475220.035,387,461,None,Move,browsing
1573475220.051,387,460,None,Move,browsing
1573475220.066,387,459,None,Move,browsing
1573475220.086,387,459,None,Move,browsing
1573475220.186,387,459,None,Move,browsing
1573475220.201,386,460,None,Move,browsing
1573475220.217,385,461,None,Move,browsing
1573475220.2329998,384,462,None,Move,browsing
1573475220.248,381,464,None,Move,browsing
1573475220.264,377,468,None,Move,browsing
1573475220.28,368,474,None,Move,browsing
1573475220.295,363,478,None,Move,browsing
1573475220.311,352,484,None,Move,browsing
1573475220.326,337,492,None,Move,browsing
1573475220.342,324,499,None,Move,browsing
1573475220.3579998,306,507,None,Move,browsing
1573475220.373,299,510,None,Move,browsing
1573475220.389,285,519,None,Move,browsing
1573475220.405,262,532,None,Move,browsing
1573475220.42,254,536,None,Move,browsing
1573475220.436,240,546,None,Move,browsing
1573475220.451,230,555,None,Move,browsing
1573475220.467,215,570,None,Move,browsing
1573475220.4829998,202,583,None,Move,browsing
1573475220.498,187,598,None,Move,browsing
1573475220.514,178,605,None,Move,browsing
1573475220.53,172,610,None,Move,browsing
1573475220.545,165,616,None,Move,browsing
1573475220.561,157,624,None,Move,browsing
1573475220.576,152,629,None,Move,browsing
1573475220.592,148,633,None,Move,browsing
1573475220.6020002,145,636,None,Move,browsing
1573475220.6179998,143,639,None,Move,browsing
1573475220.633,142,641,None,Move,browsing
1573475220.649,141,647,None,Move,browsing
1573475220.665,141,650,None,Move,browsing
1573475220.68,143,653,None,Move,browsing
1573475220.696,147,658,None,Move,browsing
1573475220.712,150,662,None,Move,browsing
1573475220.7270002,155,665,None,Move,browsing
1573475220.7429998,165,674,None,Move,browsing
1573475220.758,169,677,None,Move,browsing
1573475220.774,177,682,None,Move,browsing
1573475220.79,189,687,None,Move,browsing
1573475220.805,198,692,None,Move,browsing
1573475220.821,206,698,None,Move,browsing
1573475220.837,220,706,None,Move,browsing
1573475220.8520002,225,708,None,Move,browsing
1573475220.8679998,237,712,None,Move,browsing
1573475220.883,261,716,None,Move,browsing
1573475220.899,312,723,None,Move,browsing
1573475220.915,385,739,None,Move,browsing
1573475220.93,417,746,None,Move,browsing
1573475220.946,483,758,None,Move,browsing
1573475220.962,545,766,None,Move,browsing
1573475220.971,581,768,None,Move,browsing
1573475220.986,663,767,None,Move,browsing
1573475221.002,723,767,None,Move,browsing
1573475221.018,783,769,None,Move,browsing
1573475221.033,823,767,None,Move,browsing
1573475221.049,859,767,None,Move,browsing
1573475221.065,877,767,None,Move,browsing
1573475221.08,890,767,None,Move,browsing
1573475221.096,896,766,None,Move,browsing
1573475221.111,898,766,None,Move,browsing
1573475221.127,898,766,None,Move,browsing
1573475221.205,899,765,None,Move,browsing
1573475221.221,901,763,None,Move,browsing
1573475221.236,905,760,None,Move,browsing
1573475221.252,910,758,None,Move,browsing
1573475221.268,914,755,None,Move,browsing
1573475221.283,920,754,None,Move,browsing
1573475221.299,924,752,None,Move,browsing
1573475221.314,930,750,None,Move,browsing
1573475221.33,935,748,None,Move,browsing
1573475221.346,939,745,None,Move,browsing
1573475221.361,952,733,None,Move,browsing
1573475221.377,955,729,None,Move,browsing
1573475221.393,965,719,None,Move,browsing
1573475221.408,971,715,None,Move,browsing
1573475221.424,977,711,None,Move,browsing
1573475221.439,978,709,None,Move,browsing
1573475221.455,979,706,None,Move,browsing
1573475221.471,979,703,None,Move,browsing
1573475221.486,979,698,None,Move,browsing
1573475221.502,979,696,None,Move,browsing
1573475221.518,979,693,None,Move,browsing
1573475221.533,979,692,None,Move,browsing
1573475221.564,980,691,None,Move,browsing
1573475221.58,981,690,None,Move,browsing
1573475221.596,983,689,None,Move,browsing
1573475221.611,984,688,None,Move,browsing
1573475221.627,985,687,None,Move,browsing
1573475221.643,987,686,None,Move,browsing
1573475221.658,989,683,None,Move,browsing
1573475221.674,991,680,None,Move,browsing
1573475221.689,992,678,None,Move,browsing
1573475221.705,992,676,None,Move,browsing
1573475221.721,992,675,None,Move,browsing
1573475221.736,993,674,None,Move,browsing
1573475221.752,994,674,None,Move,browsing
1573475221.768,997,672,None,Move,browsing
1573475221.783,999,671,None,Move,browsing
1573475221.799,1002,668,None,Move,browsing
1573475221.814,1005,667,None,Move,browsing
1573475221.83,1010,666,None,Move,browsing
1573475221.846,1015,663,None,Move,browsing
1573475221.861,1018,662,None,Move,browsing
1573475222.252,1018,661,None,Move,browsing
1573475222.533,1018,660,None,Move,browsing
1573475222.549,1018,658,None,Move,browsing
1573475222.564,1018,654,None,Move,browsing
1573475222.58,1018,652,None,Move,browsing
1573475222.595,1018,651,None,Move,browsing
1573475222.611,1017,651,None,Move,browsing
1573475222.6420002,1017,650,None,Move,browsing
1573475222.689,1016,650,None,Move,browsing
1573475242.216,1025,651,None,Move,browsing
1573475242.232,1066,658,None,Move,browsing
1573475242.248,1159,661,None,Move,browsing
1573475242.2629998,1269,669,None,Move,browsing
1573475242.279,1346,684,None,Move,browsing
1573475242.295,1396,709,None,Move,browsing
1573475242.31,1396,731,None,Move,browsing
1573475242.326,1378,748,None,Move,browsing
1573475242.341,1374,769,None,Move,browsing
1573475242.357,1376,774,None,Move,browsing
1573475242.373,1379,775,None,Move,browsing
1573475242.3879998,1379,777,None,Move,browsing
1573475242.404,1377,776,None,Move,browsing
1573475242.419,1368,770,None,Move,browsing
1573475242.435,1366,768,None,Move,browsing
1573475242.451,1365,768,None,Move,browsing
1573475242.466,1364,767,None,Move,browsing
1573475242.482,1357,769,None,Move,browsing
1573475242.498,1341,768,None,Move,browsing
1573475242.5129998,1316,769,None,Move,browsing
1573475242.529,1286,768,None,Move,browsing
1573475242.544,1264,767,None,Move,browsing
1573475242.56,1239,766,None,Move,browsing
1573475242.576,1221,762,None,Move,browsing
1573475242.591,1213,761,None,Move,browsing
1573475242.607,1209,760,None,Move,browsing
1573475242.623,1206,760,None,Move,browsing
1573475242.6379998,1203,760,None,Move,browsing
1573475242.654,1200,759,None,Move,browsing
1573475242.669,1198,759,None,Move,browsing
1573475242.685,1197,759,None,Move,browsing
1573475242.701,1196,759,None,Move,browsing
1573475242.716,1196,758,None,Move,browsing
1573475242.732,1194,757,None,Move,browsing
1573475242.748,1191,755,None,Move,browsing
1573475242.7629998,1188,755,None,Move,browsing
1573475242.779,1185,754,None,Move,browsing
1573475242.841,1184,754,None,Move,browsing
1573475243.9220002,1184,754,None,Move,browsing
1573475243.938,1182,754,None,Move,browsing
1573475243.9529998,1181,754,None,Move,browsing
1573475243.969,1180,754,None,Move,browsing
1573475243.985,1178,754,None,Move,browsing
1573475244.0,1177,754,None,Move,browsing
1573475244.016,1177,753,None,Move,browsing
1573475244.219,1177,753,None,Move,browsing
1573475244.281,1177,753,Left,Pressed,browsing
1573475244.44,1177,753,Left,Released,file system
1573475245.954,1176,753,None,Move,file system
1573475245.97,1170,753,None,Move,file system
1573475245.985,1154,753,None,Move,file system
1573475246.0010002,1106,735,None,Move,file system
1573475246.0170002,1047,685,None,Move,file system
1573475246.032,973,626,None,Move,file system
1573475246.048,880,562,None,Move,file system
1573475246.063,791,500,None,Move,file system
1573475246.079,716,439,None,Move,file system
1573475246.095,685,410,None,Move,file system
1573475246.11,677,401,None,Move,file system
1573475246.13,668,390,None,Move,file system
1573475246.1620002,667,389,None,Move,file system
1573475246.177,665,388,None,Move,file system
1573475246.1929998,653,386,None,Move,file system
1573475246.208,637,385,None,Move,file system
1573475246.224,610,382,None,Move,file system
1573475246.24,583,382,None,Move,file system
1573475246.255,541,384,None,Move,file system
1573475246.271,507,388,None,Move,file system
1573475246.2870002,488,392,None,Move,file system
1573475246.302,481,393,None,Move,file system
1573475246.3179998,481,394,None,Move,file system
1573475246.333,481,397,None,Move,file system
1573475246.349,484,403,None,Move,file system
1573475246.365,488,408,None,Move,file system
1573475246.38,493,416,None,Move,file system
1573475246.396,497,421,None,Move,file system
1573475246.4120002,499,423,None,Move,file system
1573475246.427,499,424,None,Move,file system
1573475246.505,499,424,Left,Pressed,file system
1573475246.595,499,424,Left,Released,browsing
1573475246.93,500,424,None,Move,browsing
1573475246.94,502,424,None,Move,browsing
1573475246.95,504,424,None,Move,browsing
1573475246.961,506,424,None,Move,browsing
1573475246.966,507,424,None,Move,browsing
1573475246.976,509,424,None,Move,browsing
1573475246.99,512,423,None,Move,browsing
1573475246.996,514,423,None,Move,browsing
1573475247.006,519,421,None,Move,browsing
1573475247.016,521,421,None,Move,browsing
1573475247.026,522,421,None,Move,browsing
1573475247.03,524,421,None,Move,browsing
1573475247.046,526,421,None,Move,browsing
1573475247.056,530,421,None,Move,browsing
1573475247.066,531,422,None,Move,browsing
1573475247.08,536,423,None,Move,browsing
1573475247.086,537,424,None,Move,browsing
1573475247.101,540,424,None,Move,browsing
1573475247.106,546,425,None,Move,browsing
1573475247.1160002,549,426,None,Move,browsing
1573475247.1260002,550,426,None,Move,browsing
1573475247.13,553,427,None,Move,browsing
1573475247.146,556,427,None,Move,browsing
1573475247.146,559,428,None,Move,browsing
1573475247.166,562,429,None,Move,browsing
1573475247.17,565,429,None,Move,browsing
1573475247.176,574,431,None,Move,browsing
1573475247.196,579,432,None,Move,browsing
1573475247.206,604,437,None,Move,browsing
1573475247.216,612,439,None,Move,browsing
1573475247.226,622,441,None,Move,browsing
1573475247.236,629,443,None,Move,browsing
1573475247.246,640,446,None,Move,browsing
1573475247.266,673,455,None,Move,browsing
1573475247.276,686,457,None,Move,browsing
1573475247.29,712,461,None,Move,browsing
1573475247.296,723,463,None,Move,browsing
1573475247.306,733,464,None,Move,browsing
1573475247.316,740,466,None,Move,browsing
1573475247.327,754,470,None,Move,browsing
1573475247.336,759,472,None,Move,browsing
1573475247.346,768,476,None,Move,browsing
1573475247.356,776,482,None,Move,browsing
1573475247.3660002,780,485,None,Move,browsing
1573475247.3760002,784,489,None,Move,browsing
1573475247.3860002,788,492,None,Move,browsing
1573475247.396,792,495,None,Move,browsing
1573475247.407,806,510,None,Move,browsing
1573475247.416,811,514,None,Move,browsing
1573475247.426,819,521,None,Move,browsing
1573475247.446,826,528,None,Move,browsing
1573475247.466,833,537,None,Move,browsing
1573475247.478,839,543,None,Move,browsing
1573475247.486,844,547,None,Move,browsing
1573475247.496,847,550,None,Move,browsing
1573475247.506,853,554,None,Move,browsing
1573475247.51,859,557,None,Move,browsing
1573475247.516,864,560,None,Move,browsing
1573475247.526,875,566,None,Move,browsing
1573475247.536,882,571,None,Move,browsing
1573475247.546,898,581,None,Move,browsing
1573475247.56,905,585,None,Move,browsing
1573475247.566,913,591,None,Move,browsing
1573475247.576,922,596,None,Move,browsing
1573475247.586,944,611,None,Move,browsing
1573475247.596,966,625,None,Move,browsing
1573475247.606,980,633,None,Move,browsing
1573475247.617,996,644,None,Move,browsing
1573475247.6260002,1008,651,None,Move,browsing
1573475247.646,1055,672,None,Move,browsing
1573475247.651,1065,676,None,Move,browsing
1573475247.656,1079,681,None,Move,browsing
1573475247.677,1097,686,None,Move,browsing
1573475247.686,1104,689,None,Move,browsing
1573475247.696,1115,692,None,Move,browsing
1573475247.71,1129,697,None,Move,browsing
1573475247.716,1135,699,None,Move,browsing
1573475247.728,1140,702,None,Move,browsing
1573475247.736,1145,705,None,Move,browsing
1573475247.746,1148,707,None,Move,browsing
1573475247.75,1153,711,None,Move,browsing
1573475247.76,1156,714,None,Move,browsing
1573475247.766,1162,718,None,Move,browsing
1573475247.776,1167,722,None,Move,browsing
1573475247.786,1178,728,None,Move,browsing
1573475247.796,1184,733,None,Move,browsing
1573475247.806,1186,736,None,Move,browsing
1573475247.816,1192,740,None,Move,browsing
1573475247.826,1198,745,None,Move,browsing
1573475247.836,1200,748,None,Move,browsing
1573475247.846,1202,749,None,Move,browsing
1573475247.86,1204,750,None,Move,browsing
1573475247.8660002,1204,751,None,Move,browsing
1573475247.896,1204,751,None,Move,browsing
1573475247.916,1205,751,None,Move,browsing
1573475247.986,1205,752,None,Move,browsing
1573475248.0070002,1205,752,None,Move,browsing
1573475248.016,1204,752,None,Move,browsing
1573475248.026,1202,752,None,Move,browsing
1573475248.04,1197,751,None,Move,browsing
1573475248.046,1195,750,None,Move,browsing
1573475248.056,1191,750,None,Move,browsing
1573475248.06,1188,749,None,Move,browsing
1573475248.07,1187,749,None,Move,browsing
1573475248.08,1184,748,None,Move,browsing
1573475248.086,1183,747,None,Move,browsing
1573475248.097,1181,747,None,Move,browsing
1573475248.106,1181,747,None,Move,browsing
1573475248.12,1181,747,None,Move,browsing
1573475248.146,1181,746,None,Move,browsing
1573475248.16,1180,746,None,Move,browsing
1573475248.166,1179,746,None,Move,browsing
1573475248.176,1178,746,None,Move,browsing
1573475248.196,1177,746,None,Move,browsing
1573475248.336,1177,745,None,Move,browsing
1573475248.346,1177,745,Left,Pressed,browsing
1573475248.447,1177,745,Left,Released,file system
1573475248.897,1177,745,None,Move,file system
1573475248.986,1177,745,None,Move,file system
1573475249.087,1177,745,None,Move,file system
1573475251.666,1177,745,None,Move,file system
1573475251.676,1174,745,None,Move,file system
1573475251.686,1169,745,None,Move,file system
1573475251.7,1161,744,None,Move,file system
1573475251.706,1148,742,None,Move,file system
1573475251.716,1131,739,None,Move,file system
1573475251.726,1093,730,None,Move,file system
1573475251.736,1063,724,None,Move,file system
1573475251.746,1049,719,None,Move,file system
1573475251.7570002,1022,711,None,Move,file system
1573475251.766,982,695,None,Move,file system
1573475251.78,970,690,None,Move,file system
1573475251.786,957,684,None,Move,file system
1573475251.796,951,682,None,Move,file system
1573475251.806,939,679,None,Move,file system
1573475251.82,923,674,None,Move,file system
1573475251.826,910,671,None,Move,file system
1573475251.84,898,670,None,Move,file system
1573475251.846,892,670,None,Move,file system
1573475251.86,890,670,None,Move,file system
1573475251.8660002,889,670,None,Move,file system
1573475251.8760002,889,670,None,Move,file system
1573475251.936,888,670,None,Move,file system
1573475251.946,887,668,None,Move,file system
1573475251.956,887,667,None,Move,file system
1573475251.966,884,664,None,Move,file system
1573475251.976,880,657,None,Move,file system
1573475251.9870002,876,653,None,Move,file system
1573475251.996,874,650,None,Move,file system
1573475252.006,870,647,None,Move,file system
1573475252.016,867,645,None,Move,file system
1573475252.026,862,642,None,Move,file system
1573475252.036,856,640,None,Move,file system
1573475252.046,853,639,None,Move,file system
1573475252.056,851,639,None,Move,file system
1573475252.066,850,638,None,Move,file system
1573475252.076,849,638,None,Move,file system
1573475252.296,849,637,None,Move,file system
1573475252.326,849,636,None,Move,file system
1573475252.336,849,636,None,Move,file system
1573475253.127,849,636,Left,Pressed,file system
1573475253.226,849,636,Left,Released,browsing
