client_timestamp,x,y,button,state,window
1568808193.171,1104,542,None,Move,entertainment
1568808214.6020002,1104,542,None,Move,entertainment
1568808214.6079998,1103,542,None,Move,entertainment
1568808214.6139998,1102,542,None,Move,entertainment
1568808215.3279998,1103,540,None,Move,entertainment
1568808215.336,1105,536,None,Move,entertainment
1568808215.344,1109,529,None,Move,entertainment
1568808215.3520002,1115,520,None,Move,entertainment
1568808215.3579998,1122,512,None,Move,entertainment
1568808215.37,1127,504,None,Move,entertainment
1568808215.3760002,1131,498,None,Move,entertainment
1568808215.3820002,1134,492,None,Move,entertainment
1568808215.401,1136,487,None,Move,entertainment
1568808215.405,1137,482,None,Move,entertainment
1568808215.413,1139,476,None,Move,entertainment
1568808215.437,1139,475,None,Move,entertainment
1568808215.444,1139,474,None,Move,entertainment
1568808215.4989998,1139,472,None,Move,entertainment
1568808215.5070002,1140,472,None,Move,entertainment
1568808215.515,1140,471,None,Move,entertainment
1568808215.525,1140,471,None,Move,entertainment
1568808215.531,1141,470,None,Move,entertainment
1568808215.538,1141,470,None,Move,entertainment
1568808215.545,1141,469,None,Move,entertainment
1568808215.552,1141,468,None,Move,entertainment
1568808215.561,1141,466,None,Move,entertainment
1568808215.569,1141,464,None,Move,entertainment
1568808215.577,1141,462,None,Move,entertainment
1568808215.585,1141,459,None,Move,entertainment
1568808215.591,1142,456,None,Move,entertainment
1568808215.599,1144,453,None,Move,entertainment
1568808215.607,1144,450,None,Move,entertainment
1568808215.615,1145,448,None,Move,entertainment
1568808215.623,1146,446,None,Move,entertainment
1568808215.631,1148,444,None,Move,entertainment
1568808215.639,1149,443,None,Move,entertainment
1568808215.646,1149,441,None,Move,entertainment
1568808215.655,1150,441,None,Move,entertainment
1568808215.661,1151,440,None,Move,entertainment
1568808215.668,1151,440,None,Move,entertainment
1568808215.676,1152,439,None,Move,entertainment
1568808215.687,1152,439,None,Move,entertainment
1568808215.6920002,1152,438,None,Move,entertainment
1568808215.717,1152,438,None,Move,entertainment
1568808215.7229998,1152,437,None,Move,entertainment
1568808215.73,1153,437,None,Move,entertainment
1568808215.74,1153,437,None,Move,entertainment
1568808215.7470002,1153,436,None,Move,entertainment
1568808215.755,1154,435,None,Move,entertainment
1568808215.762,1155,435,None,Move,entertainment
1568808215.778,1155,434,None,Move,entertainment
1568808215.784,1156,434,None,Move,entertainment
1568808215.8,1156,433,None,Move,entertainment
1568808215.824,1156,433,None,Move,entertainment
1568808215.833,1157,433,None,Move,entertainment
1568808215.8379998,1157,432,None,Move,entertainment
1568808215.846,1157,432,None,Move,entertainment
1568808215.863,1157,431,None,Move,entertainment
1568808215.87,1158,430,None,Move,entertainment
1568808215.8779998,1158,430,None,Move,entertainment
1568808215.887,1158,429,None,Move,entertainment
1568808215.9,1158,429,None,Move,entertainment
1568808215.909,1158,428,None,Move,entertainment
1568808215.917,1158,428,None,Move,entertainment
1568808215.925,1158,427,None,Move,entertainment
1568808215.9329998,1158,426,None,Move,entertainment
1568808215.9420002,1159,426,None,Move,entertainment
1568808215.949,1159,425,None,Move,entertainment
1568808215.955,1159,425,None,Move,entertainment
1568808215.9629998,1159,424,None,Move,entertainment
1568808215.971,1159,423,None,Move,entertainment
1568808215.981,1159,422,None,Move,entertainment
1568808215.9870002,1159,422,None,Move,entertainment
1568808215.995,1159,421,None,Move,entertainment
1568808216.0029998,1159,421,None,Move,entertainment
1568808216.0110002,1160,420,None,Move,entertainment
1568808216.019,1160,419,None,Move,entertainment
1568808216.033,1160,419,None,Move,entertainment
1568808216.041,1160,418,None,Move,entertainment
1568808216.086,1160,418,Left,Pressed,entertainment
1568808216.1720002,1160,418,Left,Released,entertainment
1568808216.264,1161,418,None,Move,entertainment
1568808216.282,1161,418,None,Move,entertainment
1568808216.288,1162,418,None,Move,entertainment
1568808216.296,1163,418,None,Move,entertainment
1568808216.304,1163,418,None,Move,entertainment
1568808216.312,1164,419,None,Move,entertainment
1568808216.321,1166,419,None,Move,entertainment
1568808216.326,1167,421,None,Move,entertainment
1568808216.334,1169,422,None,Move,entertainment
1568808216.343,1169,423,None,Move,entertainment
1568808216.35,1170,425,None,Move,entertainment
1568808216.359,1171,427,None,Move,entertainment
1568808216.3660002,1172,429,None,Move,entertainment
1568808216.375,1174,432,None,Move,entertainment
1568808216.3820002,1174,436,None,Move,entertainment
1568808216.391,1174,441,None,Move,entertainment
1568808216.397,1175,445,None,Move,entertainment
1568808216.405,1177,448,None,Move,entertainment
1568808216.413,1179,452,None,Move,entertainment
1568808216.421,1180,454,None,Move,entertainment
1568808216.429,1181,455,None,Move,entertainment
1568808216.437,1183,456,None,Move,entertainment
1568808216.445,1184,457,None,Move,entertainment
1568808216.451,1185,458,None,Move,entertainment
1568808216.459,1186,459,None,Move,entertainment
1568808216.467,1187,459,None,Move,entertainment
1568808216.475,1188,460,None,Move,entertainment
1568808216.482,1189,461,None,Move,entertainment
1568808216.4910002,1192,462,None,Move,entertainment
1568808216.498,1196,463,None,Move,entertainment
1568808216.5070002,1201,463,None,Move,entertainment
1568808216.5129998,1206,464,None,Move,entertainment
1568808216.52,1211,464,None,Move,entertainment
1568808216.528,1216,464,None,Move,entertainment
1568808216.5370002,1221,464,None,Move,entertainment
1568808216.545,1224,464,None,Move,entertainment
1568808216.552,1226,464,None,Move,entertainment
1568808216.561,1227,464,None,Move,entertainment
1568808216.566,1228,464,None,Move,entertainment
1568808216.574,1228,464,None,Move,entertainment
1568808216.582,1229,464,None,Move,entertainment
1568808216.5979998,1229,464,None,Move,entertainment
1568808216.6139998,1229,466,None,Move,entertainment
1568808216.621,1229,466,None,Move,entertainment
1568808216.6279998,1230,467,None,Move,entertainment
1568808216.6360002,1230,469,None,Move,entertainment
1568808216.644,1231,471,None,Move,entertainment
1568808216.6520002,1231,472,None,Move,entertainment
1568808216.6620002,1232,474,None,Move,entertainment
1568808216.668,1232,477,None,Move,entertainment
1568808216.677,1233,478,None,Move,entertainment
1568808216.684,1233,479,None,Move,entertainment
1568808216.69,1233,481,None,Move,entertainment
1568808216.698,1233,481,None,Move,entertainment
1568808216.707,1233,482,None,Move,entertainment
1568808216.714,1233,482,None,Move,entertainment
1568808216.7229998,1233,483,None,Move,entertainment
1568808216.73,1233,483,None,Move,entertainment
1568808216.7389998,1233,484,None,Move,entertainment
1568808216.7470002,1233,485,None,Move,entertainment
1568808216.7529998,1233,485,None,Move,entertainment
1568808216.76,1233,486,None,Move,entertainment
1568808216.776,1233,486,None,Move,entertainment
1568808216.7870002,1233,487,None,Move,entertainment
1568808216.801,1233,487,None,Move,entertainment
1568808216.809,1233,487,None,Move,entertainment
1568808216.831,1233,488,None,Move,entertainment
1568808216.87,1233,488,None,Move,entertainment
1568808216.909,1233,488,None,Move,entertainment
1568808217.0,1233,488,None,Move,entertainment
1568808217.008,1233,488,None,Move,entertainment
1568808217.024,1233,488,Left,Pressed,entertainment
1568808217.024,1233,488,None,Drag,entertainment
1568808217.1239998,1233,488,None,Drag,entertainment
1568808217.1239998,1233,488,Left,Released,entertainment
1568808217.186,1233,488,None,Move,entertainment
1568808217.218,1235,488,None,Move,entertainment
1568808217.2270002,1236,488,None,Move,entertainment
1568808217.235,1237,489,None,Move,entertainment
1568808217.2410002,1238,489,None,Move,entertainment
1568808217.248,1239,489,None,Move,entertainment
1568808217.256,1240,489,None,Move,entertainment
1568808217.264,1243,489,None,Move,entertainment
1568808217.272,1246,489,None,Move,entertainment
1568808217.28,1249,489,None,Move,entertainment
1568808217.288,1251,489,None,Move,entertainment
1568808217.296,1253,489,None,Move,entertainment
1568808217.304,1254,489,None,Move,entertainment
1568808217.312,1256,489,None,Move,entertainment
1568808217.326,1262,489,None,Move,entertainment
1568808217.334,1264,490,None,Move,entertainment
1568808217.342,1266,490,None,Move,entertainment
1568808217.35,1268,491,None,Move,entertainment
1568808217.356,1271,492,None,Move,entertainment
1568808217.3660002,1272,492,None,Move,entertainment
1568808217.373,1272,492,None,Move,entertainment
1568808217.427,1274,493,None,Move,entertainment
1568808217.434,1275,494,None,Move,entertainment
1568808217.4420002,1275,495,None,Move,entertainment
1568808217.45,1276,495,None,Move,entertainment
1568808233.65,1276,495,None,Move,entertainment
1568808233.666,1275,495,None,Move,entertainment
1568808233.674,1275,495,None,Move,entertainment
1568808233.72,1275,495,None,Move,entertainment
1568808233.745,1275,495,None,Move,entertainment
1568808233.8070002,1275,495,None,Move,entertainment
1568808233.819,1275,496,None,Move,entertainment
1568808233.829,1266,509,None,Move,entertainment
1568808233.837,1259,519,None,Move,entertainment
1568808233.845,1252,536,None,Move,entertainment
1568808233.855,1243,556,None,Move,entertainment
1568808233.869,1222,600,None,Move,entertainment
1568808233.877,1212,620,None,Move,entertainment
1568808233.885,1201,637,None,Move,entertainment
1568808233.893,1191,649,None,Move,entertainment
1568808233.9,1183,659,None,Move,entertainment
1568808233.906,1177,666,None,Move,entertainment
1568808233.914,1172,673,None,Move,entertainment
1568808233.9220002,1169,678,None,Move,entertainment
1568808233.931,1166,683,None,Move,entertainment
1568808233.938,1164,685,None,Move,entertainment
1568808233.947,1163,686,None,Move,entertainment
1568808233.955,1162,687,None,Move,entertainment
1568808233.961,1161,687,None,Move,entertainment
1568808233.968,1160,688,None,Move,entertainment
1568808233.992,1159,688,None,Move,entertainment
1568808234.0089998,1158,687,None,Move,entertainment
1568808234.014,1157,687,None,Move,entertainment
1568808234.022,1156,687,None,Move,entertainment
1568808234.03,1154,687,None,Move,entertainment
1568808234.038,1151,687,None,Move,entertainment
1568808234.046,1147,687,None,Move,entertainment
1568808234.054,1142,687,None,Move,entertainment
1568808234.062,1136,687,None,Move,entertainment
1568808234.07,1129,688,None,Move,entertainment
1568808234.076,1124,690,None,Move,entertainment
1568808234.084,1118,692,None,Move,entertainment
1568808234.093,1113,693,None,Move,entertainment
1568808234.1,1109,695,None,Move,entertainment
1568808234.1079998,1106,696,None,Move,entertainment
1568808234.1179998,1102,698,None,Move,entertainment
1568808234.1239998,1099,698,None,Move,entertainment
1568808234.133,1096,699,None,Move,entertainment
1568808234.141,1092,700,None,Move,entertainment
1568808234.147,1086,701,None,Move,entertainment
1568808234.155,1081,702,None,Move,entertainment
1568808234.163,1077,702,None,Move,entertainment
1568808234.171,1072,703,None,Move,entertainment
1568808234.179,1068,703,None,Move,entertainment
1568808234.187,1065,703,None,Move,entertainment
1568808234.195,1063,703,None,Move,entertainment
1568808234.2029998,1062,703,None,Move,entertainment
1568808234.216,1062,703,None,Move,entertainment
1568808234.2410002,1062,701,None,Move,entertainment
1568808234.248,1062,701,None,Move,entertainment
1568808234.2570002,1062,700,None,Move,entertainment
1568808234.2629998,1062,700,None,Move,entertainment
1568808234.271,1062,699,None,Move,entertainment
1568808234.279,1062,699,None,Move,entertainment
1568808234.286,1062,698,None,Move,entertainment
1568808234.294,1062,697,None,Move,entertainment
1568808234.303,1062,697,None,Move,entertainment
1568808234.31,1062,696,None,Move,entertainment
1568808234.464,1062,696,None,Move,entertainment
1568808234.496,1062,696,None,Move,entertainment
1568808234.504,1063,695,None,Move,entertainment
1568808234.5110002,1063,694,None,Move,entertainment
1568808234.531,1063,693,None,Move,entertainment
1568808234.535,1064,693,None,Move,entertainment
1568808234.543,1064,691,None,Move,entertainment
1568808234.559,1064,690,None,Move,entertainment
1568808234.5670002,1065,690,None,Move,entertainment
1568808234.573,1065,689,None,Move,entertainment
1568808234.583,1065,688,None,Move,entertainment
1568808234.745,1065,687,None,Move,entertainment
1568808234.75,1065,687,None,Move,entertainment
1568808234.758,1065,685,None,Move,entertainment
1568808234.7670002,1065,685,None,Move,entertainment
1568808234.774,1065,684,None,Move,entertainment
1568808234.783,1065,683,None,Move,entertainment
1568808234.791,1065,683,None,Move,entertainment
1568808234.799,1065,682,None,Move,entertainment
1568808234.8070002,1065,681,None,Move,entertainment
1568808234.814,1065,681,None,Move,entertainment
1568808234.8279998,1065,680,None,Move,entertainment
1568808234.914,1065,680,Left,Pressed,entertainment
1568808234.985,1065,680,Left,Released,entertainment
1568808235.031,1065,680,None,Move,entertainment
1568808235.0470002,1065,679,None,Move,entertainment
1568808235.055,1066,679,None,Move,entertainment
1568808235.063,1067,678,None,Move,entertainment
1568808235.07,1069,676,None,Move,entertainment
1568808235.077,1071,675,None,Move,entertainment
1568808235.085,1074,673,None,Move,entertainment
1568808235.095,1078,672,None,Move,entertainment
1568808235.101,1084,668,None,Move,entertainment
1568808235.1079998,1087,665,None,Move,entertainment
1568808235.1160002,1093,663,None,Move,entertainment
1568808235.1220002,1099,659,None,Move,entertainment
1568808235.13,1107,655,None,Move,entertainment
1568808235.1379998,1117,650,None,Move,entertainment
1568808235.147,1129,646,None,Move,entertainment
1568808235.154,1144,639,None,Move,entertainment
1568808235.163,1162,631,None,Move,entertainment
1568808235.17,1182,622,None,Move,entertainment
1568808235.176,1200,614,None,Move,entertainment
1568808235.184,1215,606,None,Move,entertainment
1568808235.1929998,1230,598,None,Move,entertainment
1568808235.2,1241,593,None,Move,entertainment
1568808235.208,1246,591,None,Move,entertainment
1568808235.218,1250,589,None,Move,entertainment
1568808235.224,1252,588,None,Move,entertainment
1568808235.504,1253,588,None,Move,entertainment
1568808235.51,1255,586,None,Move,entertainment
1568808235.518,1259,585,None,Move,entertainment
1568808235.526,1262,583,None,Move,entertainment
1568808235.534,1264,583,None,Move,entertainment
1568808235.542,1266,582,None,Move,entertainment
1568808235.552,1268,582,None,Move,entertainment
1568808235.559,1271,582,None,Move,entertainment
1568808235.566,1273,582,None,Move,entertainment
1568808235.574,1274,582,None,Move,entertainment
1568808235.58,1275,582,None,Move,entertainment
1568808235.5879998,1275,582,None,Move,entertainment
1568808235.596,1276,582,None,Move,entertainment
1568808235.604,1276,582,None,Move,entertainment
1568808235.6120002,1277,582,None,Move,entertainment
1568808235.6279998,1277,582,None,Move,entertainment
1568808235.6339998,1277,582,None,Move,entertainment
1568808235.6420002,1278,582,None,Move,entertainment
1568808235.658,1278,583,None,Move,entertainment
1568808235.666,1278,583,None,Move,entertainment
1568808235.674,1277,583,None,Move,entertainment
1568808235.6829998,1277,584,None,Move,entertainment
1568808235.688,1275,585,None,Move,entertainment
1568808235.696,1275,585,None,Move,entertainment
1568808235.704,1274,585,None,Move,entertainment
1568808235.712,1273,585,None,Move,entertainment
1568808235.72,1273,586,None,Move,entertainment
1568808235.728,1273,586,None,Move,entertainment
1568808235.745,1272,586,None,Move,entertainment
1568808236.332,1272,586,None,Move,entertainment
1568808239.896,1272,586,None,Move,entertainment
1568808239.904,1272,586,None,Move,entertainment
1568808239.91,1272,586,None,Move,entertainment
1568808239.918,1272,586,None,Move,entertainment
1568808239.926,1272,585,None,Move,entertainment
1568808239.934,1272,585,None,Move,entertainment
1568808239.95,1272,584,None,Move,entertainment
1568808240.5470002,1272,583,None,Move,entertainment
1568808240.577,1272,583,None,Move,entertainment
1568808240.6079998,1272,582,None,Move,entertainment
1568808241.137,1272,582,None,Move,entertainment
1568808242.336,1272,581,None,Move,entertainment
1568808242.3520002,1272,581,None,Move,entertainment
1568808242.3660002,1272,580,None,Move,entertainment
1568808242.3739998,1273,580,None,Move,entertainment
1568808242.39,1273,579,None,Move,entertainment
1568808244.3179998,1273,579,None,Move,entertainment
1568808245.574,1273,578,None,Move,entertainment
1568808245.58,1273,578,None,Move,entertainment
1568808245.5879998,1274,578,None,Move,entertainment
1568808245.596,1274,577,None,Move,entertainment
1568808245.613,1274,577,None,Move,entertainment
1568808245.6360002,1274,577,None,Move,entertainment
1568808252.336,1275,577,None,Move,entertainment
1568808252.344,1276,579,None,Move,entertainment
1568808252.3520002,1278,580,None,Move,entertainment
1568808252.361,1280,582,None,Move,entertainment
1568808252.3660002,1283,583,None,Move,entertainment
1568808252.375,1287,586,None,Move,entertainment
1568808252.3820002,1290,590,None,Move,entertainment
1568808252.391,1296,596,None,Move,entertainment
1568808252.401,1301,602,None,Move,entertainment
1568808252.406,1307,609,None,Move,entertainment
1568808252.414,1313,617,None,Move,entertainment
1568808252.4220002,1319,624,None,Move,entertainment
1568808252.428,1324,630,None,Move,entertainment
1568808252.436,1329,636,None,Move,entertainment
1568808252.444,1333,642,None,Move,entertainment
1568808252.452,1336,647,None,Move,entertainment
1568808252.461,1337,651,None,Move,entertainment
1568808252.468,1337,654,None,Move,entertainment
1568808252.476,1337,657,None,Move,entertainment
1568808252.4829998,1337,660,None,Move,entertainment
1568808252.4910002,1336,663,None,Move,entertainment
1568808252.498,1335,665,None,Move,entertainment
1568808252.778,1335,665,None,Move,entertainment
1568808252.7970002,1335,664,None,Move,entertainment
1568808252.809,1335,663,None,Move,entertainment
1568808252.816,1333,662,None,Move,entertainment
1568808252.824,1333,661,None,Move,entertainment
1568808252.832,1333,660,None,Move,entertainment
1568808252.841,1333,660,None,Move,entertainment
1568808252.8479998,1333,659,None,Move,entertainment
1568808252.856,1333,658,None,Move,entertainment
1568808252.8620002,1332,657,None,Move,entertainment
1568808252.87,1332,657,None,Move,entertainment
1568808252.8779998,1332,656,None,Move,entertainment
1568808252.887,1331,656,None,Move,entertainment
1568808252.895,1331,655,None,Move,entertainment
1568808252.903,1329,654,None,Move,entertainment
1568808252.911,1329,654,None,Move,entertainment
1568808252.919,1327,653,None,Move,entertainment
1568808252.925,1327,653,None,Move,entertainment
1568808252.935,1326,653,None,Move,entertainment
1568808252.941,1326,652,None,Move,entertainment
1568808252.948,1325,651,None,Move,entertainment
1568808252.957,1325,651,None,Move,entertainment
1568808252.964,1324,650,None,Move,entertainment
1568808252.9729998,1323,650,None,Move,entertainment
1568808252.981,1322,649,None,Move,entertainment
1568808252.9870002,1320,648,None,Move,entertainment
1568808252.995,1319,648,None,Move,entertainment
1568808253.0029998,1317,647,None,Move,entertainment
1568808253.0110002,1315,646,None,Move,entertainment
1568808253.019,1313,645,None,Move,entertainment
1568808253.0270002,1311,643,None,Move,entertainment
1568808253.034,1308,643,None,Move,entertainment
1568808253.04,1306,641,None,Move,entertainment
1568808253.05,1302,640,None,Move,entertainment
1568808253.056,1300,639,None,Move,entertainment
1568808253.064,1297,637,None,Move,entertainment
1568808253.073,1295,636,None,Move,entertainment
1568808253.08,1293,634,None,Move,entertainment
1568808253.089,1290,632,None,Move,entertainment
1568808253.096,1289,630,None,Move,entertainment
1568808253.104,1287,627,None,Move,entertainment
1568808253.11,1286,625,None,Move,entertainment
1568808253.1179998,1284,623,None,Move,entertainment
1568808253.1260002,1283,621,None,Move,entertainment
1568808253.1339998,1282,619,None,Move,entertainment
1568808253.1420002,1281,617,None,Move,entertainment
1568808253.1520002,1281,616,None,Move,entertainment
1568808253.158,1281,615,None,Move,entertainment
1568808253.164,1281,613,None,Move,entertainment
1568808253.1720002,1281,613,None,Move,entertainment
1568808253.18,1281,612,None,Move,entertainment
1568808253.196,1281,612,None,Move,entertainment
1568808253.204,1281,612,None,Move,entertainment
1568808253.218,1282,612,None,Move,entertainment
1568808253.226,1282,612,None,Move,entertainment
1568808253.234,1282,612,None,Move,entertainment
1568808253.242,1283,612,None,Move,entertainment
1568808253.2510002,1284,613,None,Move,entertainment
1568808253.258,1285,613,None,Move,entertainment
1568808253.2670002,1286,614,None,Move,entertainment
1568808253.274,1288,614,None,Move,entertainment
1568808253.283,1289,615,None,Move,entertainment
1568808253.288,1291,616,None,Move,entertainment
1568808253.296,1294,616,None,Move,entertainment
1568808253.304,1297,616,None,Move,entertainment
1568808253.313,1300,616,None,Move,entertainment
1568808253.323,1304,616,None,Move,entertainment
1568808253.3279998,1309,616,None,Move,entertainment
1568808253.337,1312,616,None,Move,entertainment
1568808253.345,1315,616,None,Move,entertainment
1568808253.351,1318,617,None,Move,entertainment
1568808253.3579998,1320,618,None,Move,entertainment
1568808253.3660002,1322,618,None,Move,entertainment
1568808253.375,1324,618,None,Move,entertainment
1568808253.3820002,1325,619,None,Move,entertainment
1568808253.391,1326,620,None,Move,entertainment
1568808253.397,1327,620,None,Move,entertainment
1568808253.405,1328,620,None,Move,entertainment
1568808253.413,1328,620,None,Move,entertainment
1568808253.421,1330,620,None,Move,entertainment
1568808253.429,1330,620,None,Move,entertainment
1568808253.437,1331,620,None,Move,entertainment
1568808253.447,1331,620,None,Move,entertainment
1568808253.462,1333,620,None,Move,entertainment
1568808253.472,1333,620,None,Move,entertainment
1568808253.49,1333,620,None,Move,entertainment
1568808253.4989998,1333,620,None,Move,entertainment
1568808253.5070002,1332,620,None,Move,entertainment
1568808253.514,1331,620,None,Move,entertainment
1568808253.521,1330,619,None,Move,entertainment
1568808253.529,1329,619,None,Move,entertainment
1568808253.5370002,1326,619,None,Move,entertainment
1568808253.544,1325,618,None,Move,entertainment
1568808253.552,1324,618,None,Move,entertainment
1568808253.56,1322,617,None,Move,entertainment
1568808253.5679998,1322,617,None,Move,entertainment
1568808253.576,1321,616,None,Move,entertainment
1568808253.583,1321,615,None,Move,entertainment
1568808253.59,1320,614,None,Move,entertainment
1568808253.5979998,1319,614,None,Move,entertainment
1568808253.606,1319,613,None,Move,entertainment
1568808253.6160002,1318,613,None,Move,entertainment
1568808253.6220002,1317,612,None,Move,entertainment
1568808253.63,1316,611,None,Move,entertainment
1568808253.6379998,1315,611,None,Move,entertainment
1568808253.646,1314,610,None,Move,entertainment
1568808253.6520002,1312,609,None,Move,entertainment
1568808253.66,1311,609,None,Move,entertainment
1568808253.668,1311,608,None,Move,entertainment
1568808253.676,1309,608,None,Move,entertainment
1568808253.684,1309,607,None,Move,entertainment
1568808253.6920002,1309,606,None,Move,entertainment
1568808253.7,1308,606,None,Move,entertainment
1568808253.708,1308,606,None,Move,entertainment
1568808253.714,1308,605,None,Move,entertainment
1568808253.722,1308,605,None,Move,entertainment
1568808253.73,1307,604,None,Move,entertainment
1568808253.738,1307,604,None,Move,entertainment
1568808253.746,1307,603,None,Move,entertainment
1568808253.754,1306,602,None,Move,entertainment
1568808253.762,1305,602,None,Move,entertainment
1568808253.768,1305,601,None,Move,entertainment
1568808253.778,1304,600,None,Move,entertainment
1568808253.784,1304,600,None,Move,entertainment
1568808253.792,1304,599,None,Move,entertainment
1568808253.8079998,1303,599,None,Move,entertainment
1568808253.83,1303,599,None,Move,entertainment
1568808253.846,1302,599,None,Move,entertainment
1568808255.041,1302,599,None,Move,entertainment
1568808256.2489998,1302,598,None,Move,entertainment
1568808260.0070002,1303,598,None,Move,entertainment
1568808260.053,1303,598,None,Move,entertainment
1568808261.6720002,1302,599,None,Move,entertainment
1568808261.68,1302,600,None,Move,entertainment
1568808261.688,1301,601,None,Move,entertainment
1568808261.696,1300,602,None,Move,entertainment
1568808261.702,1297,604,None,Move,entertainment
1568808261.71,1295,605,None,Move,entertainment
1568808261.718,1292,608,None,Move,entertainment
1568808261.726,1286,610,None,Move,entertainment
1568808261.734,1280,613,None,Move,entertainment
1568808261.742,1274,616,None,Move,entertainment
1568808261.7510002,1267,620,None,Move,entertainment
1568808261.7589998,1257,623,None,Move,entertainment
1568808261.7670002,1248,626,None,Move,entertainment
1568808261.772,1235,631,None,Move,entertainment
1568808261.781,1218,636,None,Move,entertainment
1568808261.788,1191,642,None,Move,entertainment
1568808261.796,1165,647,None,Move,entertainment
1568808261.804,1141,651,None,Move,entertainment
1568808261.812,1117,656,None,Move,entertainment
1568808261.823,1096,660,None,Move,entertainment
1568808261.8279998,1073,663,None,Move,entertainment
1568808261.834,1050,666,None,Move,entertainment
1568808261.843,1030,668,None,Move,entertainment
1568808261.851,1006,671,None,Move,entertainment
1568808261.859,981,674,None,Move,entertainment
1568808261.869,950,676,None,Move,entertainment
1568808261.875,917,679,None,Move,entertainment
1568808261.883,878,681,None,Move,entertainment
1568808261.889,846,681,None,Move,entertainment
1568808261.897,820,684,None,Move,entertainment
1568808261.905,805,684,None,Move,entertainment
1568808261.9120002,792,685,None,Move,entertainment
1568808261.921,783,685,None,Move,entertainment
1568808261.929,775,685,None,Move,entertainment
1568808261.937,766,685,None,Move,entertainment
1568808261.945,757,684,None,Move,entertainment
1568808261.95,751,682,None,Move,entertainment
1568808261.958,748,681,None,Move,entertainment
1568808261.967,746,681,None,Move,entertainment
1568808261.974,745,681,None,Move,entertainment
1568808261.9829998,744,681,None,Move,entertainment
1568808261.99,743,683,None,Move,entertainment
1568808261.9989998,742,686,None,Move,entertainment
1568808262.0070002,741,690,None,Move,entertainment
1568808262.012,741,696,None,Move,entertainment
1568808262.021,741,700,None,Move,entertainment
1568808262.029,743,703,None,Move,entertainment
1568808262.0370002,745,707,None,Move,entertainment
1568808262.044,751,710,None,Move,entertainment
1568808262.053,756,712,None,Move,entertainment
1568808262.06,761,714,None,Move,entertainment
1568808262.0679998,766,715,None,Move,entertainment
1568808262.074,770,716,None,Move,entertainment
1568808262.082,775,716,None,Move,entertainment
1568808262.09,780,717,None,Move,entertainment
1568808262.106,787,717,None,Move,entertainment
1568808262.1160002,791,717,None,Move,entertainment
1568808262.1220002,795,717,None,Move,entertainment
1568808262.131,798,718,None,Move,entertainment
1568808262.1360002,800,718,None,Move,entertainment
1568808262.168,799,717,None,Move,entertainment
1568808262.177,801,716,None,Move,entertainment
1568808262.184,802,716,None,Move,entertainment
1568808262.19,804,716,None,Move,entertainment
1568808262.199,804,716,None,Move,entertainment
1568808262.225,805,715,None,Move,entertainment
1568808262.231,805,713,None,Move,entertainment
1568808262.2389998,805,713,None,Move,entertainment
1568808262.2470002,804,713,None,Move,entertainment
1568808262.2529998,803,712,None,Move,entertainment
1568808262.2610002,802,710,None,Move,entertainment
1568808262.2770002,801,708,None,Move,entertainment
1568808262.285,800,703,None,Move,entertainment
1568808262.292,797,700,None,Move,entertainment
1568808262.3,794,698,None,Move,entertainment
1568808262.309,791,698,None,Move,entertainment
1568808262.315,787,698,None,Move,entertainment
1568808262.322,782,697,None,Move,entertainment
1568808262.331,777,695,None,Move,entertainment
1568808262.3379998,771,691,None,Move,entertainment
1568808262.347,761,685,None,Move,entertainment
1568808262.354,751,677,None,Move,entertainment
1568808262.3620002,737,672,None,Move,entertainment
1568808262.37,724,667,None,Move,entertainment
1568808262.3760002,712,665,None,Move,entertainment
1568808262.3839998,695,661,None,Move,entertainment
1568808262.393,682,660,None,Move,entertainment
1568808262.4,665,658,None,Move,entertainment
1568808262.408,647,655,None,Move,entertainment
1568808262.416,629,653,None,Move,entertainment
1568808262.424,614,651,None,Move,entertainment
1568808262.43,599,648,None,Move,entertainment
1568808262.438,585,647,None,Move,entertainment
1568808262.446,573,645,None,Move,entertainment
1568808262.454,561,641,None,Move,entertainment
1568808262.462,551,636,None,Move,entertainment
1568808262.47,540,628,None,Move,entertainment
1568808262.479,528,616,None,Move,entertainment
1568808262.486,513,602,None,Move,entertainment
1568808262.494,499,587,None,Move,entertainment
1568808262.5,486,574,None,Move,entertainment
1568808262.508,476,564,None,Move,entertainment
1568808262.516,467,554,None,Move,entertainment
1568808262.524,460,545,None,Move,entertainment
1568808262.533,455,539,None,Move,entertainment
1568808262.54,449,532,None,Move,entertainment
1568808262.546,446,527,None,Move,entertainment
1568808262.555,443,522,None,Move,entertainment
1568808262.562,441,520,None,Move,entertainment
1568808262.571,441,518,None,Move,entertainment
1568808262.579,440,516,None,Move,entertainment
1568808262.587,439,514,None,Move,entertainment
1568808262.594,439,514,None,Move,entertainment
1568808262.603,439,513,None,Move,entertainment
1568808262.611,439,513,None,Move,entertainment
1568808262.7029998,439,512,None,Move,entertainment
1568808262.711,441,511,None,Move,entertainment
1568808262.719,443,510,None,Move,entertainment
1568808262.726,446,509,None,Move,entertainment
1568808262.735,450,508,None,Move,entertainment
1568808262.7429998,456,507,None,Move,entertainment
1568808262.748,463,506,None,Move,entertainment
1568808262.756,470,506,None,Move,entertainment
1568808262.765,478,505,None,Move,entertainment
1568808262.772,486,505,None,Move,entertainment
1568808262.781,494,505,None,Move,entertainment
1568808262.791,502,505,None,Move,entertainment
1568808262.7970002,510,505,None,Move,entertainment
1568808262.804,516,506,None,Move,entertainment
1568808262.81,522,507,None,Move,entertainment
1568808262.8179998,529,508,None,Move,entertainment
1568808262.826,535,510,None,Move,entertainment
1568808262.834,541,512,None,Move,entertainment
1568808262.842,547,514,None,Move,entertainment
1568808262.85,551,517,None,Move,entertainment
1568808262.8579998,557,519,None,Move,entertainment
1568808262.8660002,564,522,None,Move,entertainment
1568808262.8720002,573,526,None,Move,entertainment
1568808262.88,581,530,None,Move,entertainment
1568808262.8879998,591,535,None,Move,entertainment
1568808262.896,608,544,None,Move,entertainment
1568808262.904,628,552,None,Move,entertainment
1568808262.9120002,648,561,None,Move,entertainment
1568808262.919,676,573,None,Move,entertainment
1568808262.931,707,586,None,Move,entertainment
1568808262.937,741,599,None,Move,entertainment
1568808262.9429998,777,613,None,Move,entertainment
1568808262.951,818,628,None,Move,entertainment
1568808262.958,857,645,None,Move,entertainment
1568808262.967,898,660,None,Move,entertainment
1568808262.974,936,673,None,Move,entertainment
1568808262.9829998,977,682,None,Move,entertainment
1568808262.9889998,1014,689,None,Move,entertainment
1568808262.9989998,1053,694,None,Move,entertainment
1568808263.005,1079,699,None,Move,entertainment
1568808263.019,1108,702,None,Move,entertainment
1568808263.026,1133,705,None,Move,entertainment
1568808263.031,1153,705,None,Move,entertainment
1568808263.039,1167,705,None,Move,entertainment
1568808263.044,1182,705,None,Move,entertainment
1568808263.05,1195,705,None,Move,entertainment
1568808263.0579998,1207,705,None,Move,entertainment
1568808263.0670002,1217,703,None,Move,entertainment
1568808263.074,1223,702,None,Move,entertainment
1568808263.085,1230,700,None,Move,entertainment
1568808263.091,1234,699,None,Move,entertainment
1568808263.0979998,1237,698,None,Move,entertainment
1568808263.104,1238,697,None,Move,entertainment
1568808263.113,1239,696,None,Move,entertainment
1568808263.12,1239,696,None,Move,entertainment
1568808263.129,1239,696,None,Move,entertainment
1568808263.1360002,1238,695,None,Move,entertainment
1568808263.145,1237,694,None,Move,entertainment
1568808263.1520002,1237,693,None,Move,entertainment
1568808263.171,1234,690,None,Move,entertainment
1568808263.176,1234,689,None,Move,entertainment
1568808263.1820002,1233,687,None,Move,entertainment
1568808263.19,1232,684,None,Move,entertainment
1568808263.2,1231,681,None,Move,entertainment
1568808263.206,1231,678,None,Move,entertainment
1568808263.214,1230,674,None,Move,entertainment
1568808263.2229998,1230,671,None,Move,entertainment
1568808263.23,1229,669,None,Move,entertainment
1568808263.236,1229,666,None,Move,entertainment
1568808263.244,1229,665,None,Move,entertainment
1568808263.256,1229,664,None,Move,entertainment
1568808263.269,1229,663,None,Move,entertainment
1568808263.276,1229,662,None,Move,entertainment
1568808263.283,1229,661,None,Move,entertainment
1568808263.298,1229,660,None,Move,entertainment
1568808263.306,1229,660,None,Move,entertainment
1568808263.323,1228,659,None,Move,entertainment
1568808263.331,1228,658,None,Move,entertainment
1568808263.3379998,1228,658,None,Move,entertainment
1568808263.353,1228,657,None,Move,entertainment
1568808263.468,1228,657,None,Move,entertainment
1568808263.476,1228,656,None,Move,entertainment
1568808263.641,1228,655,None,Move,entertainment
1568808263.656,1228,654,None,Move,entertainment
1568808263.671,1228,654,None,Move,entertainment
1568808263.695,1228,654,None,Move,entertainment
1568808264.3979998,1228,653,None,Move,entertainment
1568808264.407,1228,653,None,Move,entertainment
1568808264.417,1228,652,None,Move,entertainment
1568808264.5,1229,651,None,Move,entertainment
1568808264.508,1229,650,None,Move,entertainment
1568808264.514,1229,650,None,Move,entertainment
1568808264.522,1230,649,None,Move,entertainment
1568808264.539,1230,649,None,Move,entertainment
1568808264.546,1230,648,None,Move,entertainment
1568808264.554,1230,647,None,Move,entertainment
1568808264.57,1230,647,None,Move,entertainment
1568808264.593,1230,646,None,Move,entertainment
1568808264.609,1230,646,None,Move,entertainment
1568808264.6379998,1230,645,None,Move,entertainment
1568808264.646,1231,645,None,Move,entertainment
1568808264.67,1231,644,None,Move,entertainment
1568808264.678,1231,644,None,Move,entertainment
1568808264.686,1231,643,None,Move,entertainment
1568808264.694,1232,643,None,Move,entertainment
1568808264.702,1232,642,None,Move,entertainment
1568808264.71,1232,642,None,Move,entertainment
1568808264.716,1233,641,None,Move,entertainment
1568808264.732,1234,641,None,Move,entertainment
1568808264.7629998,1234,641,None,Move,entertainment
1568808264.778,1233,641,None,Move,entertainment
1568808264.786,1233,640,None,Move,entertainment
1568808264.794,1233,640,None,Move,entertainment
1568808264.802,1232,639,None,Move,entertainment
1568808264.811,1232,639,None,Move,entertainment
1568808264.819,1231,639,None,Move,entertainment
1568808264.824,1230,638,None,Move,entertainment
1568808264.832,1229,638,None,Move,entertainment
1568808264.841,1226,638,None,Move,entertainment
1568808264.849,1223,638,None,Move,entertainment
1568808264.857,1218,637,None,Move,entertainment
1568808264.865,1214,636,None,Move,entertainment
1568808264.8720002,1206,635,None,Move,entertainment
1568808264.881,1189,632,None,Move,entertainment
1568808264.8860002,1169,631,None,Move,entertainment
1568808264.895,1149,630,None,Move,entertainment
1568808264.903,1129,628,None,Move,entertainment
1568808264.911,1107,628,None,Move,entertainment
1568808264.919,1088,628,None,Move,entertainment
1568808264.929,1069,628,None,Move,entertainment
1568808264.935,1047,628,None,Move,entertainment
1568808264.941,1025,627,None,Move,entertainment
1568808264.948,1001,624,None,Move,entertainment
1568808264.956,978,621,None,Move,entertainment
1568808264.964,955,618,None,Move,entertainment
1568808264.9729998,932,615,None,Move,entertainment
1568808264.981,914,611,None,Move,entertainment
1568808264.9889998,898,608,None,Move,entertainment
1568808264.996,885,604,None,Move,entertainment
1568808265.002,874,600,None,Move,entertainment
1568808265.01,865,596,None,Move,entertainment
1568808265.018,857,592,None,Move,entertainment
1568808265.035,846,584,None,Move,entertainment
1568808265.043,844,580,None,Move,entertainment
1568808265.051,842,577,None,Move,entertainment
1568808265.0579998,840,572,None,Move,entertainment
1568808265.066,840,568,None,Move,entertainment
1568808265.072,839,562,None,Move,entertainment
1568808265.08,839,558,None,Move,entertainment
1568808265.0879998,838,555,None,Move,entertainment
1568808265.0979998,838,552,None,Move,entertainment
1568808265.104,838,550,None,Move,entertainment
1568808265.1120002,838,549,None,Move,entertainment
1568808265.12,838,548,None,Move,entertainment
1568808265.1260002,838,548,None,Move,entertainment
1568808265.158,838,547,None,Move,entertainment
1568808265.166,839,546,None,Move,entertainment
1568808265.175,841,546,None,Move,entertainment
1568808265.1820002,846,543,None,Move,entertainment
1568808265.189,855,540,None,Move,entertainment
1568808265.197,871,534,None,Move,entertainment
1568808265.204,890,528,None,Move,entertainment
1568808265.2129998,908,524,None,Move,entertainment
1568808265.222,926,522,None,Move,entertainment
1568808265.229,949,519,None,Move,entertainment
1568808265.2370002,972,516,None,Move,entertainment
1568808265.245,993,513,None,Move,entertainment
1568808265.2510002,1016,510,None,Move,entertainment
1568808265.2610002,1037,508,None,Move,entertainment
1568808265.2670002,1055,505,None,Move,entertainment
1568808265.275,1068,505,None,Move,entertainment
1568808265.283,1078,505,None,Move,entertainment
1568808265.291,1090,505,None,Move,entertainment
1568808265.299,1101,505,None,Move,entertainment
1568808265.3070002,1110,505,None,Move,entertainment
1568808265.313,1118,505,None,Move,entertainment
1568808265.321,1124,505,None,Move,entertainment
1568808265.329,1130,505,None,Move,entertainment
1568808265.337,1134,505,None,Move,entertainment
1568808265.344,1137,506,None,Move,entertainment
1568808265.3520002,1140,506,None,Move,entertainment
1568808265.361,1141,506,None,Move,entertainment
1568808265.367,1143,507,None,Move,entertainment
1568808265.3739998,1144,507,None,Move,entertainment
1568808265.3820002,1145,508,None,Move,entertainment
1568808265.3920002,1146,508,None,Move,entertainment
1568808265.3979998,1147,508,None,Move,entertainment
1568808265.407,1148,509,None,Move,entertainment
1568808265.414,1149,510,None,Move,entertainment
1568808265.4220002,1151,510,None,Move,entertainment
1568808265.429,1151,511,None,Move,entertainment
1568808265.436,1151,511,None,Move,entertainment
1568808265.452,1152,512,None,Move,entertainment
1568808265.46,1153,512,None,Move,entertainment
1568808265.468,1154,513,None,Move,entertainment
1568808265.476,1154,513,None,Move,entertainment
1568808265.484,1156,513,None,Move,entertainment
1568808265.4989998,1160,513,None,Move,entertainment
1568808265.508,1162,512,None,Move,entertainment
1568808265.514,1164,511,None,Move,entertainment
1568808265.522,1166,511,None,Move,entertainment
1568808265.53,1168,510,None,Move,entertainment
1568808265.538,1168,510,None,Move,entertainment
1568808265.546,1169,509,None,Move,entertainment
1568808265.554,1169,509,None,Move,entertainment
1568808265.56,1170,509,None,Move,entertainment
1568808265.576,1170,509,None,Move,entertainment
1568808265.592,1169,508,None,Move,entertainment
1568808265.6,1169,508,None,Move,entertainment
1568808265.607,1168,508,None,Move,entertainment
1568808265.615,1168,508,None,Move,entertainment
1568808265.623,1167,508,None,Move,entertainment
1568808265.633,1167,508,None,Move,entertainment
1568808265.639,1166,508,None,Move,entertainment
1568808265.647,1165,508,None,Move,entertainment
1568808265.778,1165,508,None,Move,entertainment
1568808265.856,1165,508,None,Move,entertainment
1568808265.87,1164,508,None,Move,entertainment
1568808265.8860002,1164,508,None,Move,entertainment
1568808271.232,1164,508,None,Move,entertainment
1568808273.284,1162,508,None,Move,entertainment
1568808273.292,1160,509,None,Move,entertainment
1568808273.301,1157,510,None,Move,entertainment
1568808273.3070002,1153,512,None,Move,entertainment
1568808273.314,1147,515,None,Move,entertainment
1568808273.325,1141,517,None,Move,entertainment
1568808273.33,1133,521,None,Move,entertainment
1568808273.3379998,1121,525,None,Move,entertainment
1568808273.346,1109,530,None,Move,entertainment
1568808273.354,1095,534,None,Move,entertainment
1568808273.3620002,1083,539,None,Move,entertainment
1568808273.37,1073,541,None,Move,entertainment
1568808273.383,1061,544,None,Move,entertainment
1568808273.393,999,551,None,Move,entertainment
1568808273.401,960,554,None,Move,entertainment
1568808273.409,921,556,None,Move,entertainment
1568808273.417,886,558,None,Move,entertainment
1568808273.424,858,559,None,Move,entertainment
1568808273.43,828,559,None,Move,entertainment
1568808273.44,800,559,None,Move,entertainment
1568808273.447,773,559,None,Move,entertainment
1568808273.454,738,559,None,Move,entertainment
1568808273.462,697,559,None,Move,entertainment
1568808273.47,654,559,None,Move,entertainment
1568808273.478,611,559,None,Move,entertainment
1568808273.486,570,559,None,Move,entertainment
1568808273.494,537,559,None,Move,entertainment
1568808273.5,506,563,None,Move,entertainment
1568808273.51,487,563,None,Move,entertainment
1568808273.518,473,563,None,Move,entertainment
1568808273.524,462,563,None,Move,entertainment
1568808273.532,455,563,None,Move,entertainment
1568808273.54,448,562,None,Move,entertainment
1568808273.548,445,561,None,Move,entertainment
1568808273.554,442,559,None,Move,entertainment
1568808273.562,440,559,None,Move,entertainment
1568808273.57,439,558,None,Move,entertainment
1568808273.579,438,557,None,Move,entertainment
1568808273.586,438,557,None,Move,entertainment
1568808273.594,438,556,None,Move,entertainment
1568808273.6020002,438,555,None,Move,entertainment
1568808273.61,438,554,None,Move,entertainment
1568808273.6179998,438,554,None,Move,entertainment
1568808273.6239998,438,553,None,Move,entertainment
1568808273.6320002,438,552,None,Move,entertainment
1568808273.64,438,551,None,Move,entertainment
1568808273.6479998,438,549,None,Move,entertainment
1568808273.656,438,548,None,Move,entertainment
1568808273.664,438,547,None,Move,entertainment
1568808273.6720002,438,546,None,Move,entertainment
1568808273.678,438,546,None,Move,entertainment
1568808273.686,438,545,None,Move,entertainment
1568808273.695,438,544,None,Move,entertainment
1568808273.7029998,438,543,None,Move,entertainment
1568808273.719,438,543,None,Move,entertainment
1568808273.7270002,438,542,None,Move,entertainment
1568808273.74,438,542,None,Move,entertainment
1568808273.7489998,438,541,None,Move,entertainment
1568808273.7570002,438,541,None,Move,entertainment
1568808273.765,438,539,None,Move,entertainment
1568808273.7729998,439,539,None,Move,entertainment
1568808273.781,439,538,None,Move,entertainment
1568808273.791,439,538,None,Move,entertainment
1568808273.809,439,537,None,Move,entertainment
1568808273.82,440,535,None,Move,entertainment
1568808273.826,440,535,None,Move,entertainment
1568808273.905,440,535,Left,Pressed,entertainment
1568808273.972,440,535,Left,Released,entertainment
1568808274.1620002,442,535,None,Move,entertainment
1568808274.176,449,539,None,Move,entertainment
1568808274.184,456,541,None,Move,entertainment
1568808274.19,465,543,None,Move,entertainment
1568808274.198,474,545,None,Move,entertainment
1568808274.207,485,547,None,Move,entertainment
1568808274.214,496,550,None,Move,entertainment
1568808274.222,509,551,None,Move,entertainment
1568808274.228,523,552,None,Move,entertainment
1568808274.236,536,554,None,Move,entertainment
1568808274.246,551,556,None,Move,entertainment
1568808274.252,564,558,None,Move,entertainment
1568808274.26,576,559,None,Move,entertainment
1568808274.268,589,561,None,Move,entertainment
1568808274.274,604,564,None,Move,entertainment
1568808274.282,622,566,None,Move,entertainment
1568808274.29,645,569,None,Move,entertainment
1568808274.301,667,571,None,Move,entertainment
1568808274.309,690,572,None,Move,entertainment
1568808274.3179998,713,575,None,Move,entertainment
1568808274.323,736,578,None,Move,entertainment
1568808274.33,759,581,None,Move,entertainment
1568808274.339,779,582,None,Move,entertainment
1568808274.345,798,582,None,Move,entertainment
1568808274.3520002,818,583,None,Move,entertainment
1568808274.3620002,834,583,None,Move,entertainment
1568808274.371,851,583,None,Move,entertainment
1568808274.3760002,867,583,None,Move,entertainment
1568808274.3839998,881,583,None,Move,entertainment
1568808274.3920002,894,583,None,Move,entertainment
1568808274.4,907,583,None,Move,entertainment
1568808274.406,919,583,None,Move,entertainment
1568808274.417,931,583,None,Move,entertainment
1568808274.423,940,583,None,Move,entertainment
1568808274.431,950,583,None,Move,entertainment
1568808274.439,958,583,None,Move,entertainment
1568808274.447,963,583,None,Move,entertainment
1568808274.455,970,583,None,Move,entertainment
1568808274.465,975,583,None,Move,entertainment
1568808274.469,981,583,None,Move,entertainment
1568808274.4770002,986,583,None,Move,entertainment
1568808274.485,990,583,None,Move,entertainment
1568808274.4929998,994,583,None,Move,entertainment
1568808274.5010002,1001,583,None,Move,entertainment
1568808274.508,1005,583,None,Move,entertainment
1568808274.5170002,1009,583,None,Move,entertainment
1568808274.522,1013,583,None,Move,entertainment
1568808274.531,1018,583,None,Move,entertainment
1568808274.541,1023,583,None,Move,entertainment
1568808274.5470002,1027,583,None,Move,entertainment
1568808274.554,1031,583,None,Move,entertainment
1568808274.563,1034,583,None,Move,entertainment
1568808274.571,1037,583,None,Move,entertainment
1568808274.579,1040,583,None,Move,entertainment
1568808274.585,1044,582,None,Move,entertainment
1568808274.593,1047,581,None,Move,entertainment
1568808274.6,1050,581,None,Move,entertainment
1568808274.609,1054,581,None,Move,entertainment
1568808274.617,1058,581,None,Move,entertainment
1568808274.6239998,1061,580,None,Move,entertainment
1568808274.6320002,1064,580,None,Move,entertainment
1568808274.64,1066,580,None,Move,entertainment
1568808274.647,1069,580,None,Move,entertainment
1568808274.656,1071,579,None,Move,entertainment
1568808274.6620002,1073,579,None,Move,entertainment
1568808274.67,1075,578,None,Move,entertainment
1568808274.678,1075,578,None,Move,entertainment
1568808274.686,1075,578,None,Move,entertainment
1568808274.758,1075,577,None,Move,entertainment
1568808274.7670002,1075,577,None,Move,entertainment
1568808274.774,1074,576,None,Move,entertainment
1568808274.815,1054,573,None,Move,entertainment
1568808274.833,932,573,None,Move,entertainment
1568808274.844,848,578,None,Move,entertainment
1568808274.863,807,580,None,Move,entertainment
1568808274.8739998,628,599,None,Move,entertainment
1568808274.881,583,607,None,Move,entertainment
1568808274.887,538,612,None,Move,entertainment
1568808274.895,496,618,None,Move,entertainment
1568808274.903,449,626,None,Move,entertainment
1568808274.911,413,629,None,Move,entertainment
1568808274.919,381,634,None,Move,entertainment
1568808274.927,352,639,None,Move,entertainment
1568808274.935,332,642,None,Move,entertainment
1568808274.9420002,314,644,None,Move,entertainment
1568808274.95,300,646,None,Move,entertainment
1568808274.956,291,646,None,Move,entertainment
1568808274.964,284,646,None,Move,entertainment
1568808274.972,281,647,None,Move,entertainment
1568808274.98,279,647,None,Move,entertainment
1568808275.0270002,279,647,None,Move,entertainment
1568808275.035,279,647,None,Move,entertainment
1568808275.042,280,646,None,Move,entertainment
1568808275.051,281,644,None,Move,entertainment
1568808275.083,296,635,None,Move,entertainment
1568808275.1,304,631,None,Move,entertainment
1568808275.105,308,628,None,Move,entertainment
1568808275.113,312,626,None,Move,entertainment
1568808275.12,318,623,None,Move,entertainment
1568808275.1260002,322,622,None,Move,entertainment
1568808275.139,327,620,None,Move,entertainment
1568808275.143,331,619,None,Move,entertainment
1568808275.15,337,618,None,Move,entertainment
1568808275.1620002,341,617,None,Move,entertainment
1568808275.175,353,615,None,Move,entertainment
1568808275.18,359,614,None,Move,entertainment
1568808275.188,365,613,None,Move,entertainment
1568808275.224,401,610,None,Move,entertainment
1568808275.238,480,606,None,Move,entertainment
1568808275.26,503,603,None,Move,entertainment
1568808275.294,758,563,None,Move,entertainment
1568808275.306,918,534,None,Move,entertainment
1568808275.312,964,525,None,Move,entertainment
1568808275.321,1004,514,None,Move,entertainment
1568808275.3279998,1046,506,None,Move,entertainment
1568808275.3379998,1088,501,None,Move,entertainment
1568808275.344,1131,493,None,Move,entertainment
1568808275.3520002,1171,482,None,Move,entertainment
1568808275.36,1211,475,None,Move,entertainment
1568808275.391,1342,436,None,Move,entertainment
1568808275.399,1367,426,None,Move,entertainment
1568808275.406,1390,417,None,Move,entertainment
1568808275.416,1405,410,None,Move,entertainment
1568808275.4220002,1418,405,None,Move,entertainment
1568808275.428,1427,400,None,Move,entertainment
1568808275.436,1436,395,None,Move,entertainment
1568808275.444,1443,393,None,Move,entertainment
1568808275.4529998,1449,390,None,Move,entertainment
1568808275.462,1454,388,None,Move,entertainment
1568808275.469,1457,385,None,Move,entertainment
1568808275.4770002,1460,383,None,Move,entertainment
1568808275.485,1462,381,None,Move,entertainment
1568808275.4910002,1464,379,None,Move,entertainment
1568808275.4989998,1466,377,None,Move,entertainment
1568808275.5070002,1468,374,None,Move,entertainment
1568808275.515,1470,372,None,Move,entertainment
1568808275.522,1473,370,None,Move,entertainment
1568808275.531,1474,367,None,Move,entertainment
1568808275.538,1476,365,None,Move,entertainment
1568808275.544,1478,363,None,Move,entertainment
1568808275.553,1479,361,None,Move,entertainment
1568808275.561,1481,360,None,Move,entertainment
1568808275.5679998,1482,358,None,Move,entertainment
1568808275.576,1484,356,None,Move,entertainment
1568808275.585,1484,354,None,Move,entertainment
1568808275.592,1486,352,None,Move,entertainment
1568808275.601,1487,350,None,Move,entertainment
1568808275.6079998,1489,347,None,Move,entertainment
1568808275.615,1491,343,None,Move,entertainment
1568808275.623,1492,340,None,Move,entertainment
1568808275.633,1493,335,None,Move,entertainment
1568808275.639,1494,331,None,Move,entertainment
1568808275.647,1494,326,None,Move,entertainment
1568808275.655,1493,322,None,Move,entertainment
1568808275.663,1491,320,None,Move,entertainment
1568808275.671,1489,317,None,Move,entertainment
1568808275.677,1486,314,None,Move,entertainment
1568808275.685,1481,311,None,Move,entertainment
1568808275.694,1476,309,None,Move,entertainment
1568808275.701,1470,307,None,Move,entertainment
1568808275.709,1463,305,None,Move,entertainment
1568808275.717,1456,304,None,Move,entertainment
1568808275.7229998,1448,302,None,Move,entertainment
1568808275.731,1438,301,None,Move,entertainment
1568808275.7389998,1429,300,None,Move,entertainment
1568808275.748,1419,299,None,Move,entertainment
1568808275.755,1410,298,None,Move,entertainment
1568808275.762,1400,297,None,Move,entertainment
1568808275.771,1392,296,None,Move,entertainment
1568808275.778,1384,295,None,Move,entertainment
1568808275.786,1376,294,None,Move,entertainment
1568808275.794,1369,293,None,Move,entertainment
1568808275.8,1361,293,None,Move,entertainment
1568808275.809,1353,292,None,Move,entertainment
1568808275.816,1346,292,None,Move,entertainment
1568808275.824,1339,292,None,Move,entertainment
1568808275.832,1335,292,None,Move,entertainment
1568808275.84,1331,291,None,Move,entertainment
1568808275.8479998,1328,290,None,Move,entertainment
1568808275.854,1326,290,None,Move,entertainment
1568808275.8620002,1324,289,None,Move,entertainment
1568808275.8720002,1323,288,None,Move,entertainment
1568808275.879,1321,288,None,Move,entertainment
1568808275.8860002,1320,287,None,Move,entertainment
1568808275.894,1319,287,None,Move,entertainment
1568808275.9020002,1319,286,None,Move,entertainment
1568808275.911,1318,286,None,Move,entertainment
1568808275.917,1317,286,None,Move,entertainment
1568808275.924,1316,285,None,Move,entertainment
1568808275.9320002,1315,285,None,Move,entertainment
1568808275.941,1313,284,None,Move,entertainment
1568808275.949,1311,283,None,Move,entertainment
1568808275.965,1307,282,None,Move,entertainment
1568808275.9729998,1304,282,None,Move,entertainment
1568808275.979,1301,282,None,Move,entertainment
1568808275.9870002,1298,282,None,Move,entertainment
1568808275.994,1295,282,None,Move,entertainment
1568808276.0029998,1291,281,None,Move,entertainment
1568808276.0110002,1286,281,None,Move,entertainment
1568808276.019,1281,281,None,Move,entertainment
1568808276.0270002,1275,281,None,Move,entertainment
1568808276.033,1272,281,None,Move,entertainment
1568808276.052,1267,282,None,Move,entertainment
1568808276.0570002,1265,282,None,Move,entertainment
1568808276.065,1264,282,None,Move,entertainment
1568808276.127,1263,282,None,Move,entertainment
1568808276.1339998,1263,283,None,Move,entertainment
1568808276.1420002,1262,283,None,Move,entertainment
1568808276.1479998,1261,284,None,Move,entertainment
1568808276.157,1260,285,None,Move,entertainment
1568808276.165,1257,286,None,Move,entertainment
1568808276.1720002,1254,288,None,Move,entertainment
1568808276.18,1249,290,None,Move,entertainment
1568808276.189,1239,295,None,Move,entertainment
1568808276.196,1229,299,None,Move,entertainment
1568808276.204,1217,306,None,Move,entertainment
1568808276.212,1199,314,None,Move,entertainment
1568808276.218,1181,322,None,Move,entertainment
1568808276.226,1158,332,None,Move,entertainment
1568808276.234,1129,340,None,Move,entertainment
1568808276.242,1093,352,None,Move,entertainment
1568808276.25,1047,368,None,Move,entertainment
1568808276.26,992,384,None,Move,entertainment
1568808276.2670002,938,400,None,Move,entertainment
1568808276.274,884,416,None,Move,entertainment
1568808276.28,833,432,None,Move,entertainment
1568808276.288,787,443,None,Move,entertainment
1568808276.296,744,454,None,Move,entertainment
1568808276.304,699,460,None,Move,entertainment
1568808276.312,654,468,None,Move,entertainment
1568808276.32,613,471,None,Move,entertainment
1568808276.3279998,576,476,None,Move,entertainment
1568808276.334,544,481,None,Move,entertainment
1568808276.343,512,490,None,Move,entertainment
1568808276.35,482,498,None,Move,entertainment
1568808276.359,462,507,None,Move,entertainment
1568808276.3679998,444,515,None,Move,entertainment
1568808276.375,429,523,None,Move,entertainment
1568808276.385,416,528,None,Move,entertainment
1568808276.391,406,535,None,Move,entertainment
1568808276.3979998,398,540,None,Move,entertainment
1568808276.405,389,548,None,Move,entertainment
1568808276.4120002,380,556,None,Move,entertainment
1568808276.421,372,562,None,Move,entertainment
1568808276.429,364,570,None,Move,entertainment
1568808276.437,358,577,None,Move,entertainment
1568808276.445,353,584,None,Move,entertainment
1568808276.452,350,592,None,Move,entertainment
1568808276.458,347,596,None,Move,entertainment
1568808276.466,346,601,None,Move,entertainment
1568808276.474,346,603,None,Move,entertainment
1568808276.482,346,605,None,Move,entertainment
1568808276.4910002,346,607,None,Move,entertainment
1568808276.498,346,609,None,Move,entertainment
1568808276.506,346,611,None,Move,entertainment
1568808276.515,346,613,None,Move,entertainment
1568808276.522,346,616,None,Move,entertainment
1568808276.528,346,617,None,Move,entertainment
1568808276.5370002,345,619,None,Move,entertainment
1568808276.551,345,622,None,Move,entertainment
1568808276.555,345,623,None,Move,entertainment
1568808276.56,346,626,None,Move,entertainment
1568808276.569,348,627,None,Move,entertainment
1568808276.576,350,629,None,Move,entertainment
1568808276.582,355,631,None,Move,entertainment
1568808276.59,359,633,None,Move,entertainment
1568808276.5979998,365,634,None,Move,entertainment
1568808276.606,372,635,None,Move,entertainment
1568808276.6139998,381,636,None,Move,entertainment
1568808276.6220002,390,636,None,Move,entertainment
1568808276.63,405,636,None,Move,entertainment
1568808276.6360002,418,636,None,Move,entertainment
1568808276.645,431,636,None,Move,entertainment
1568808276.653,445,636,None,Move,entertainment
1568808276.66,458,636,None,Move,entertainment
1568808276.67,471,636,None,Move,entertainment
1568808276.676,483,636,None,Move,entertainment
1568808276.685,495,636,None,Move,entertainment
1568808276.6920002,506,636,None,Move,entertainment
1568808276.699,518,636,None,Move,entertainment
1568808276.707,527,636,None,Move,entertainment
1568808276.717,536,636,None,Move,entertainment
1568808276.732,555,636,None,Move,entertainment
1568808276.74,564,636,None,Move,entertainment
1568808276.746,569,637,None,Move,entertainment
1568808276.755,574,638,None,Move,entertainment
1568808276.7610002,579,639,None,Move,entertainment
1568808276.769,581,641,None,Move,entertainment
1568808276.7770002,583,642,None,Move,entertainment
1568808276.785,586,643,None,Move,entertainment
1568808276.793,586,644,None,Move,entertainment
1568808276.801,588,647,None,Move,entertainment
1568808276.809,588,649,None,Move,entertainment
1568808276.8170002,589,650,None,Move,entertainment
1568808276.825,590,652,None,Move,entertainment
1568808276.83,591,655,None,Move,entertainment
1568808276.839,591,657,None,Move,entertainment
1568808276.846,592,659,None,Move,entertainment
1568808276.854,592,661,None,Move,entertainment
1568808276.863,592,663,None,Move,entertainment
1568808276.87,592,665,None,Move,entertainment
1568808276.8779998,592,666,None,Move,entertainment
1568808276.8860002,592,666,None,Move,entertainment
1568808276.8920002,592,668,None,Move,entertainment
1568808276.9,592,668,None,Move,entertainment
1568808276.908,591,670,None,Move,entertainment
1568808276.917,591,670,None,Move,entertainment
1568808276.924,589,671,None,Move,entertainment
1568808276.9320002,588,671,None,Move,entertainment
1568808276.941,587,672,None,Move,entertainment
1568808276.946,586,673,None,Move,entertainment
1568808276.954,586,673,None,Move,entertainment
1568808276.964,585,673,None,Move,entertainment
1568808276.97,584,673,None,Move,entertainment
1568808276.978,583,674,None,Move,entertainment
1568808276.986,583,674,None,Move,entertainment
1568808276.994,582,674,None,Move,entertainment
1568808277.0,582,674,None,Move,entertainment
1568808277.11,580,674,None,Move,entertainment
1568808277.1179998,580,674,None,Move,entertainment
1568808277.1260002,579,674,None,Move,entertainment
1568808277.1320002,578,672,None,Move,entertainment
1568808277.14,577,671,None,Move,entertainment
1568808277.1479998,576,670,None,Move,entertainment
1568808277.157,575,668,None,Move,entertainment
1568808277.165,575,667,None,Move,entertainment
1568808277.173,573,666,None,Move,entertainment
1568808277.1829998,573,665,None,Move,entertainment
1568808277.187,572,663,None,Move,entertainment
1568808277.195,571,662,None,Move,entertainment
1568808277.202,571,661,None,Move,entertainment
1568808277.211,569,660,None,Move,entertainment
1568808277.219,569,659,None,Move,entertainment
1568808277.228,568,658,None,Move,entertainment
1568808277.235,568,656,None,Move,entertainment
1568808277.242,567,654,None,Move,entertainment
1568808277.248,566,654,None,Move,entertainment
1568808277.256,566,652,None,Move,entertainment
1568808277.264,565,650,None,Move,entertainment
1568808277.2729998,564,648,None,Move,entertainment
1568808277.28,563,647,None,Move,entertainment
1568808277.288,562,644,None,Move,entertainment
1568808277.296,561,641,None,Move,entertainment
1568808277.306,561,639,None,Move,entertainment
1568808277.312,560,637,None,Move,entertainment
1568808277.3179998,559,636,None,Move,entertainment
1568808277.326,559,635,None,Move,entertainment
1568808277.334,559,634,None,Move,entertainment
1568808277.342,559,633,None,Move,entertainment
1568808277.35,558,631,None,Move,entertainment
1568808277.359,558,630,None,Move,entertainment
1568808277.3660002,558,629,None,Move,entertainment
1568808277.3720002,558,627,None,Move,entertainment
1568808277.38,558,626,None,Move,entertainment
1568808277.3879998,558,624,None,Move,entertainment
1568808277.396,558,622,None,Move,entertainment
1568808277.404,558,620,None,Move,entertainment
1568808277.413,558,618,None,Move,entertainment
1568808277.427,558,615,None,Move,entertainment
1568808277.439,558,613,None,Move,entertainment
1568808277.45,559,603,None,Move,entertainment
1568808277.46,559,601,None,Move,entertainment
1568808277.466,559,598,None,Move,entertainment
1568808277.476,559,596,None,Move,entertainment
1568808277.4829998,559,593,None,Move,entertainment
1568808277.4889998,560,590,None,Move,entertainment
1568808277.504,560,589,None,Move,entertainment
1568808277.51,560,587,None,Move,entertainment
1568808277.515,560,585,None,Move,entertainment
1568808277.521,560,583,None,Move,entertainment
1568808277.528,560,582,None,Move,entertainment
1568808277.5370002,560,582,None,Move,entertainment
1568808277.73,560,582,None,Move,entertainment
1568808277.742,560,584,None,Move,entertainment
1568808277.746,560,588,None,Move,entertainment
1568808277.752,560,592,None,Move,entertainment
1568808277.76,561,598,None,Move,entertainment
1568808277.768,561,603,None,Move,entertainment
1568808277.776,561,611,None,Move,entertainment
1568808277.784,561,618,None,Move,entertainment
1568808277.792,561,623,None,Move,entertainment
1568808277.798,561,627,None,Move,entertainment
1568808277.806,561,630,None,Move,entertainment
1568808277.814,561,633,None,Move,entertainment
1568808277.823,561,636,None,Move,entertainment
1568808277.83,561,639,None,Move,entertainment
1568808277.839,561,642,None,Move,entertainment
1568808277.847,561,644,None,Move,entertainment
1568808277.854,561,646,None,Move,entertainment
1568808277.86,561,647,None,Move,entertainment
1568808277.869,561,648,None,Move,entertainment
1568808277.8760002,561,649,None,Move,entertainment
1568808277.893,561,650,None,Move,entertainment
1568808277.947,561,650,Left,Pressed,entertainment
1568808278.025,561,650,Left,Released,entertainment
1568808278.095,561,650,None,Move,entertainment
1568808278.103,561,650,None,Move,entertainment
1568808278.1079998,562,650,None,Move,entertainment
1568808278.117,564,650,None,Move,entertainment
1568808278.1239998,566,651,None,Move,entertainment
1568808278.133,569,652,None,Move,entertainment
1568808278.141,572,652,None,Move,entertainment
1568808278.151,577,653,None,Move,entertainment
1568808278.167,591,655,None,Move,entertainment
1568808278.176,602,656,None,Move,entertainment
1568808278.1829998,615,657,None,Move,entertainment
1568808278.188,631,657,None,Move,entertainment
1568808278.194,648,657,None,Move,entertainment
1568808278.206,669,657,None,Move,entertainment
1568808278.219,735,656,None,Move,entertainment
1568808278.226,756,656,None,Move,entertainment
1568808278.232,778,656,None,Move,entertainment
1568808278.2410002,800,656,None,Move,entertainment
1568808278.248,822,656,None,Move,entertainment
1568808278.256,845,654,None,Move,entertainment
1568808278.264,873,651,None,Move,entertainment
1568808278.2729998,896,648,None,Move,entertainment
1568808278.28,913,647,None,Move,entertainment
1568808278.286,928,646,None,Move,entertainment
1568808278.294,944,646,None,Move,entertainment
1568808278.302,957,646,None,Move,entertainment
1568808278.31,971,645,None,Move,entertainment
1568808278.3179998,981,645,None,Move,entertainment
1568808278.326,989,645,None,Move,entertainment
1568808278.332,996,645,None,Move,entertainment
1568808278.342,1001,645,None,Move,entertainment
1568808278.3479998,1007,645,None,Move,entertainment
1568808278.356,1011,645,None,Move,entertainment
1568808278.3639998,1015,645,None,Move,entertainment
1568808278.3720002,1018,645,None,Move,entertainment
1568808278.38,1021,645,None,Move,entertainment
1568808278.3879998,1022,645,None,Move,entertainment
1568808278.396,1024,645,None,Move,entertainment
1568808278.403,1024,645,None,Move,entertainment
1568808278.41,1025,645,None,Move,entertainment
1568808278.426,1025,645,None,Move,entertainment
1568808278.766,1025,644,None,Move,entertainment
1568808278.774,1025,644,None,Move,entertainment
1568808278.782,1026,642,None,Move,entertainment
1568808278.79,1027,642,None,Move,entertainment
1568808278.798,1027,641,None,Move,entertainment
1568808278.806,1028,640,None,Move,entertainment
1568808278.814,1029,639,None,Move,entertainment
1568808278.822,1031,638,None,Move,entertainment
1568808278.83,1033,636,None,Move,entertainment
1568808278.836,1035,633,None,Move,entertainment
1568808278.844,1039,629,None,Move,entertainment
1568808278.855,1045,624,None,Move,entertainment
1568808278.86,1053,617,None,Move,entertainment
1568808278.869,1060,609,None,Move,entertainment
1568808278.877,1069,602,None,Move,entertainment
1568808278.885,1077,595,None,Move,entertainment
1568808278.893,1086,589,None,Move,entertainment
1568808278.8979998,1094,581,None,Move,entertainment
1568808278.907,1101,574,None,Move,entertainment
1568808278.925,1109,562,None,Move,entertainment
1568808278.931,1112,556,None,Move,entertainment
1568808278.939,1113,553,None,Move,entertainment
1568808278.944,1114,550,None,Move,entertainment
1568808278.9529998,1114,549,None,Move,entertainment
1568808278.96,1113,548,None,Move,entertainment
1568808278.971,1113,547,None,Move,entertainment
1568808278.976,1112,547,None,Move,entertainment
1568808278.985,1112,546,None,Move,entertainment
1568808278.992,1111,545,None,Move,entertainment
1568808279.0010002,1110,544,None,Move,entertainment
1568808279.008,1110,544,None,Move,entertainment
1568808279.015,1109,544,None,Move,entertainment
1568808279.024,1106,544,None,Move,entertainment
1568808279.03,1104,544,None,Move,entertainment
1568808279.038,1102,544,None,Move,entertainment
1568808279.0470002,1101,544,None,Move,entertainment
1568808279.054,1100,544,None,Move,entertainment
1568808279.062,1097,545,None,Move,entertainment
1568808279.072,1095,545,None,Move,entertainment
1568808279.077,1092,546,None,Move,entertainment
1568808279.084,1089,547,None,Move,entertainment
1568808279.092,1083,549,None,Move,entertainment
1568808279.1,1077,551,None,Move,entertainment
1568808279.1079998,1072,553,None,Move,entertainment
1568808279.1160002,1067,554,None,Move,entertainment
1568808279.1239998,1065,555,None,Move,entertainment
1568808279.1320002,1064,555,None,Move,entertainment
1568808279.178,1064,555,None,Move,entertainment
1568808279.189,1064,554,None,Move,entertainment
1568808279.194,1065,551,None,Move,entertainment
1568808279.2,1066,549,None,Move,entertainment
1568808279.208,1066,546,None,Move,entertainment
1568808279.217,1068,545,None,Move,entertainment
1568808279.224,1068,543,None,Move,entertainment
1568808279.2329998,1068,542,None,Move,entertainment
1568808279.2410002,1068,541,None,Move,entertainment
1568808279.2489998,1068,541,None,Move,entertainment
1568808279.265,1068,540,None,Move,entertainment
1568808279.283,1068,540,None,Move,entertainment
1568808279.6420002,1068,540,None,Move,entertainment
1568808279.66,1068,540,None,Move,entertainment
1568808279.666,1068,540,None,Move,entertainment
1568808279.7670002,1068,542,None,Move,entertainment
1568808279.786,1068,544,None,Move,entertainment
1568808279.7970002,1067,546,None,Move,entertainment
1568808279.803,1067,547,None,Move,entertainment
1568808279.8070002,1066,548,None,Move,entertainment
1568808279.845,1066,548,None,Move,entertainment
1568808279.856,1066,548,None,Move,entertainment
1568808279.865,1067,548,None,Move,entertainment
1568808280.014,1067,548,None,Move,entertainment
1568808280.022,1067,548,None,Move,entertainment
1568808280.03,1067,548,None,Move,entertainment
1568808280.3620002,1066,548,None,Move,entertainment
1568808280.3839998,1065,548,None,Move,entertainment
1568808280.394,1065,548,None,Move,entertainment
1568808280.401,1065,548,None,Move,entertainment
1568808280.406,1064,548,None,Move,entertainment
1568808280.417,1063,548,None,Move,entertainment
1568808280.424,1063,549,None,Move,entertainment
1568808280.4329998,1062,550,None,Move,entertainment
1568808280.44,1062,550,None,Move,entertainment
1568808280.449,1061,551,None,Move,entertainment
1568808280.459,1061,551,None,Move,entertainment
1568808280.465,1060,551,None,Move,entertainment
1568808280.4870002,1059,552,None,Move,entertainment
1568808280.495,1057,553,None,Move,entertainment
1568808280.5029998,1055,555,None,Move,entertainment
1568808280.5110002,1052,557,None,Move,entertainment
1568808280.519,1048,560,None,Move,entertainment
1568808280.5270002,1044,562,None,Move,entertainment
1568808280.535,1037,565,None,Move,entertainment
1568808280.541,1027,568,None,Move,entertainment
1568808280.549,1006,573,None,Move,entertainment
1568808280.5570002,975,577,None,Move,entertainment
1568808280.565,940,583,None,Move,entertainment
1568808280.572,910,592,None,Move,entertainment
1568808280.582,881,598,None,Move,entertainment
1568808280.587,851,605,None,Move,entertainment
1568808280.6179998,683,636,None,Move,entertainment
1568808280.6260002,657,639,None,Move,entertainment
1568808280.635,631,642,None,Move,entertainment
1568808280.655,580,648,None,Move,entertainment
1568808280.661,562,651,None,Move,entertainment
1568808280.665,541,654,None,Move,entertainment
1568808280.6720002,526,656,None,Move,entertainment
1568808280.68,513,658,None,Move,entertainment
1568808280.688,501,659,None,Move,entertainment
1568808280.7,491,660,None,Move,entertainment
1568808280.71,472,663,None,Move,entertainment
1568808280.718,465,664,None,Move,entertainment
1568808280.726,460,664,None,Move,entertainment
1568808280.734,456,664,None,Move,entertainment
1568808280.742,453,664,None,Move,entertainment
1568808280.75,451,664,None,Move,entertainment
1568808280.7589998,449,664,None,Move,entertainment
1568808280.766,447,664,None,Move,entertainment
1568808280.772,446,664,None,Move,entertainment
1568808280.781,445,664,None,Move,entertainment
1568808280.788,445,664,None,Move,entertainment
1568808280.7970002,444,664,None,Move,entertainment
1568808280.813,444,664,None,Move,entertainment
1568808280.83,442,664,None,Move,entertainment
1568808280.836,441,664,None,Move,entertainment
1568808280.843,438,664,None,Move,entertainment
1568808280.851,437,664,None,Move,entertainment
1568808280.859,435,665,None,Move,entertainment
1568808280.8679998,434,665,None,Move,entertainment
1568808280.8739998,432,665,None,Move,entertainment
1568808280.883,431,666,None,Move,entertainment
1568808280.891,429,666,None,Move,entertainment
1568808280.897,428,667,None,Move,entertainment
1568808280.905,426,667,None,Move,entertainment
1568808280.952,426,667,None,Move,entertainment
1568808280.958,428,668,None,Move,entertainment
1568808280.966,429,669,None,Move,entertainment
1568808281.0979998,430,669,None,Move,entertainment
1568808281.106,435,669,None,Move,entertainment
1568808281.1139998,443,669,None,Move,entertainment
1568808281.1220002,449,669,None,Move,entertainment
1568808281.13,451,669,None,Move,entertainment
1568808281.1360002,453,669,None,Move,entertainment
1568808281.144,460,666,None,Move,entertainment
1568808281.1520002,468,662,None,Move,entertainment
1568808281.1620002,479,656,None,Move,entertainment
1568808281.168,498,647,None,Move,entertainment
1568808281.177,524,634,None,Move,entertainment
1568808281.184,560,620,None,Move,entertainment
1568808281.1920002,606,604,None,Move,entertainment
1568808281.198,653,589,None,Move,entertainment
1568808281.21,704,573,None,Move,entertainment
1568808281.215,751,557,None,Move,entertainment
1568808281.222,797,544,None,Move,entertainment
1568808281.231,840,531,None,Move,entertainment
1568808281.2389998,870,522,None,Move,entertainment
1568808281.2470002,887,517,None,Move,entertainment
1568808281.255,898,514,None,Move,entertainment
1568808281.2610002,901,512,None,Move,entertainment
1568808281.269,902,512,None,Move,entertainment
1568808281.301,901,512,None,Move,entertainment
1568808281.3079998,899,512,None,Move,entertainment
1568808281.3170002,896,512,None,Move,entertainment
1568808281.324,892,512,None,Move,entertainment
1568808281.331,889,512,None,Move,entertainment
1568808281.3379998,886,512,None,Move,entertainment
1568808281.346,884,512,None,Move,entertainment
1568808281.354,883,510,None,Move,entertainment
1568808281.3620002,883,509,None,Move,entertainment
1568808281.37,882,507,None,Move,entertainment
1568808281.381,882,505,None,Move,entertainment
1568808281.3860002,882,503,None,Move,entertainment
1568808281.3920002,882,500,None,Move,entertainment
1568808281.4020002,883,496,None,Move,entertainment
1568808281.42,884,493,None,Move,entertainment
1568808281.4320002,892,477,None,Move,entertainment
1568808281.438,894,472,None,Move,entertainment
1568808281.446,895,467,None,Move,entertainment
1568808281.454,895,461,None,Move,entertainment
1568808281.462,895,456,None,Move,entertainment
1568808281.47,895,451,None,Move,entertainment
1568808281.478,893,449,None,Move,entertainment
1568808281.486,891,447,None,Move,entertainment
1568808281.494,889,444,None,Move,entertainment
1568808281.5,886,442,None,Move,entertainment
1568808281.508,884,439,None,Move,entertainment
1568808281.516,882,435,None,Move,entertainment
1568808281.524,881,432,None,Move,entertainment
1568808281.532,881,429,None,Move,entertainment
1568808281.54,880,426,None,Move,entertainment
1568808281.548,878,425,None,Move,entertainment
1568808281.554,878,422,None,Move,entertainment
1568808281.562,876,421,None,Move,entertainment
1568808281.572,875,418,None,Move,entertainment
1568808281.5779998,874,416,None,Move,entertainment
1568808281.586,872,412,None,Move,entertainment
1568808281.595,871,409,None,Move,entertainment
1568808281.603,868,407,None,Move,entertainment
1568808281.611,866,403,None,Move,entertainment
1568808281.619,862,401,None,Move,entertainment
1568808281.625,859,397,None,Move,entertainment
1568808281.633,853,394,None,Move,entertainment
1568808281.641,848,392,None,Move,entertainment
1568808281.649,845,391,None,Move,entertainment
1568808281.657,844,389,None,Move,entertainment
1568808281.665,841,389,None,Move,entertainment
1568808281.673,840,388,None,Move,entertainment
1568808281.679,839,387,None,Move,entertainment
1568808281.687,837,387,None,Move,entertainment
1568808281.694,837,387,None,Move,entertainment
1568808281.7029998,836,387,None,Move,entertainment
1568808281.79,836,386,None,Move,entertainment
1568808281.802,835,383,None,Move,entertainment
1568808281.815,835,383,None,Move,entertainment
1568808281.825,834,382,None,Move,entertainment
1568808281.829,834,382,None,Move,entertainment
1568808281.836,834,380,None,Move,entertainment
1568808281.842,834,379,None,Move,entertainment
1568808281.85,834,377,None,Move,entertainment
1568808281.856,834,376,None,Move,entertainment
1568808281.8639998,834,374,None,Move,entertainment
1568808281.8720002,834,373,None,Move,entertainment
1568808281.88,834,372,None,Move,entertainment
1568808281.896,834,371,None,Move,entertainment
1568808281.904,834,371,None,Move,entertainment
1568808281.914,834,371,None,Move,entertainment
1568808281.92,835,370,None,Move,entertainment
1568808281.927,835,370,None,Move,entertainment
1568808281.935,836,368,None,Move,entertainment
1568808281.9429998,836,368,None,Move,entertainment
1568808281.95,836,367,None,Move,entertainment
1568808281.959,836,367,None,Move,entertainment
1568808281.966,836,365,None,Move,entertainment
1568808281.974,836,364,None,Move,entertainment
1568808281.9829998,836,363,None,Move,entertainment
1568808281.988,836,362,None,Move,entertainment
1568808281.9970002,836,361,None,Move,entertainment
1568808282.004,836,360,None,Move,entertainment
1568808282.0129998,836,359,None,Move,entertainment
1568808282.043,836,358,None,Move,entertainment
1568808282.0670002,836,357,None,Move,entertainment
1568808282.075,836,357,None,Move,entertainment
1568808282.276,836,357,Left,Pressed,entertainment
1568808282.3679998,836,357,Left,Released,entertainment
1568808282.454,836,357,None,Move,entertainment
1568808282.4629998,836,358,None,Move,entertainment
1568808282.469,836,360,None,Move,entertainment
1568808282.4770002,836,362,None,Move,entertainment
1568808282.485,836,364,None,Move,entertainment
1568808282.495,837,366,None,Move,entertainment
1568808282.5010002,839,368,None,Move,entertainment
1568808282.5089998,840,371,None,Move,entertainment
1568808282.5170002,843,374,None,Move,entertainment
1568808282.5229998,846,378,None,Move,entertainment
1568808282.53,851,382,None,Move,entertainment
1568808282.541,858,388,None,Move,entertainment
1568808282.5470002,867,393,None,Move,entertainment
1568808282.555,877,401,None,Move,entertainment
1568808282.563,892,409,None,Move,entertainment
1568808282.57,908,419,None,Move,entertainment
1568808282.579,923,426,None,Move,entertainment
1568808282.585,938,434,None,Move,entertainment
1568808282.593,954,442,None,Move,entertainment
1568808282.6,969,449,None,Move,entertainment
1568808282.609,982,457,None,Move,entertainment
1568808282.617,998,466,None,Move,entertainment
1568808282.6239998,1014,477,None,Move,entertainment
1568808282.6320002,1030,486,None,Move,entertainment
1568808282.64,1046,494,None,Move,entertainment
1568808282.6479998,1060,500,None,Move,entertainment
1568808282.656,1076,507,None,Move,entertainment
1568808282.6620002,1091,515,None,Move,entertainment
1568808282.67,1105,520,None,Move,entertainment
1568808282.678,1123,527,None,Move,entertainment
1568808282.686,1135,530,None,Move,entertainment
1568808282.694,1145,534,None,Move,entertainment
1568808282.7,1153,537,None,Move,entertainment
1568808282.71,1160,539,None,Move,entertainment
1568808282.716,1167,542,None,Move,entertainment
1568808282.725,1173,545,None,Move,entertainment
1568808282.732,1176,547,None,Move,entertainment
1568808282.74,1180,549,None,Move,entertainment
1568808282.748,1183,550,None,Move,entertainment
1568808282.758,1185,552,None,Move,entertainment
1568808282.764,1187,553,None,Move,entertainment
1568808282.771,1190,555,None,Move,entertainment
1568808282.778,1190,555,None,Move,entertainment
1568808282.7870002,1191,555,None,Move,entertainment
1568808282.8660002,1191,555,None,Move,entertainment
1568808282.873,1191,555,None,Move,entertainment
1568808282.88,1190,555,None,Move,entertainment
1568808282.889,1189,555,None,Move,entertainment
1568808282.895,1188,555,None,Move,entertainment
1568808282.903,1187,554,None,Move,entertainment
1568808282.917,1185,552,None,Move,entertainment
1568808282.925,1184,551,None,Move,entertainment
1568808282.931,1183,550,None,Move,entertainment
1568808282.937,1182,548,None,Move,entertainment
1568808283.169,1182,548,None,Move,entertainment
1568808283.179,1182,548,None,Move,entertainment
1568808283.186,1183,548,None,Move,entertainment
1568808283.1920002,1183,548,None,Move,entertainment
1568808283.197,1183,548,None,Move,entertainment
1568808283.2129998,1184,548,None,Move,entertainment
1568808283.224,1184,549,None,Move,entertainment
1568808283.236,1185,549,None,Move,entertainment
1568808283.244,1185,549,None,Move,entertainment
1568808283.2510002,1186,549,None,Move,entertainment
1568808283.258,1187,550,None,Move,entertainment
1568808283.266,1188,551,None,Move,entertainment
1568808283.274,1188,551,None,Move,entertainment
1568808283.282,1189,551,None,Move,entertainment
1568808283.29,1190,552,None,Move,entertainment
1568808283.306,1190,552,None,Move,entertainment
1568808283.312,1191,552,None,Move,entertainment
1568808283.32,1191,552,None,Move,entertainment
1568808283.3279998,1191,553,None,Move,entertainment
1568808283.336,1192,553,None,Move,entertainment
1568808283.3479998,1192,553,None,Move,entertainment
1568808283.36,1193,553,None,Move,entertainment
1568808283.3679998,1193,553,None,Move,entertainment
1568808284.44,1193,554,None,Move,entertainment
1568808284.445,1193,555,None,Move,entertainment
1568808284.4529998,1192,555,None,Move,entertainment
1568808284.461,1191,556,None,Move,entertainment
1568808284.469,1189,559,None,Move,entertainment
1568808284.4770002,1186,561,None,Move,entertainment
1568808284.4829998,1182,566,None,Move,entertainment
1568808284.492,1177,572,None,Move,entertainment
1568808284.4989998,1173,578,None,Move,entertainment
1568808284.5070002,1169,584,None,Move,entertainment
1568808284.515,1167,591,None,Move,entertainment
1568808284.522,1166,598,None,Move,entertainment
1568808284.531,1164,605,None,Move,entertainment
1568808284.552,1161,612,None,Move,entertainment
1568808284.5570002,1146,627,None,Move,entertainment
1568808284.561,1127,639,None,Move,entertainment
1568808284.5679998,1102,649,None,Move,entertainment
1568808284.577,1071,661,None,Move,entertainment
1568808284.586,1041,669,None,Move,entertainment
1568808284.592,1011,679,None,Move,entertainment
1568808284.6,984,687,None,Move,entertainment
1568808284.607,961,696,None,Move,entertainment
1568808284.6279998,942,702,None,Move,entertainment
1568808284.65,883,716,None,Move,entertainment
1568808284.655,866,717,None,Move,entertainment
1568808284.661,857,717,None,Move,entertainment
1568808284.673,852,717,None,Move,entertainment
1568808284.678,845,716,None,Move,entertainment
1568808284.684,839,715,None,Move,entertainment
1568808284.6920002,835,714,None,Move,entertainment
1568808284.7,831,713,None,Move,entertainment
1568808284.708,825,711,None,Move,entertainment
1568808284.716,820,709,None,Move,entertainment
1568808284.722,816,707,None,Move,entertainment
1568808284.73,810,706,None,Move,entertainment
1568808284.738,804,705,None,Move,entertainment
1568808284.746,799,704,None,Move,entertainment
1568808284.754,793,703,None,Move,entertainment
1568808284.762,789,702,None,Move,entertainment
1568808284.77,786,702,None,Move,entertainment
1568808284.778,783,702,None,Move,entertainment
1568808284.784,781,702,None,Move,entertainment
1568808284.795,778,702,None,Move,entertainment
1568808284.8,774,702,None,Move,entertainment
1568808284.811,769,701,None,Move,entertainment
1568808284.8170002,766,701,None,Move,entertainment
1568808284.825,763,701,None,Move,entertainment
1568808284.832,760,701,None,Move,entertainment
1568808284.84,757,701,None,Move,entertainment
1568808284.85,754,701,None,Move,entertainment
1568808284.857,752,701,None,Move,entertainment
1568808284.8620002,750,701,None,Move,entertainment
1568808284.871,749,701,None,Move,entertainment
1568808284.8779998,749,701,None,Move,entertainment
1568808284.916,749,700,None,Move,entertainment
1568808284.924,749,699,None,Move,entertainment
1568808284.9320002,750,698,None,Move,entertainment
1568808284.94,751,697,None,Move,entertainment
1568808284.949,752,696,None,Move,entertainment
1568808284.965,754,693,None,Move,entertainment
1568808284.974,755,692,None,Move,entertainment
1568808284.985,756,692,None,Move,entertainment
1568808285.0029998,759,689,None,Move,entertainment
1568808285.0110002,759,688,None,Move,entertainment
1568808285.019,760,688,None,Move,entertainment
1568808285.0270002,761,687,None,Move,entertainment
1568808285.033,762,687,None,Move,entertainment
1568808285.041,762,686,None,Move,entertainment
1568808285.049,763,686,None,Move,entertainment
1568808285.28,763,686,None,Move,entertainment
1568808285.288,763,686,None,Move,entertainment
1568808285.296,763,686,None,Move,entertainment
1568808285.304,763,686,None,Move,entertainment
1568808285.312,763,686,None,Move,entertainment
1568808285.326,762,687,None,Move,entertainment
1568808285.341,762,687,None,Move,entertainment
1568808285.3520002,760,687,None,Move,entertainment
1568808285.363,760,688,None,Move,entertainment
1568808285.437,759,688,None,Move,entertainment
1568808285.5070002,759,688,None,Move,entertainment
1568808285.6920002,759,688,Left,Pressed,entertainment
1568808285.6920002,759,688,None,Drag,entertainment
1568808285.722,759,688,None,Drag,entertainment
1568808285.73,761,688,None,Drag,entertainment
1568808285.738,764,688,None,Drag,entertainment
1568808285.7470002,767,688,None,Drag,entertainment
1568808285.755,771,688,None,Drag,entertainment
1568808285.76,776,688,None,Drag,entertainment
1568808285.77,782,688,None,Drag,entertainment
1568808285.7770002,788,688,None,Drag,entertainment
1568808285.784,796,688,None,Drag,entertainment
1568808285.792,806,688,None,Drag,entertainment
1568808285.8,816,688,None,Drag,entertainment
1568808285.8079998,827,688,None,Drag,entertainment
1568808285.816,836,687,None,Drag,entertainment
1568808285.823,845,686,None,Drag,entertainment
1568808285.83,851,686,None,Drag,entertainment
1568808285.839,858,686,None,Drag,entertainment
1568808285.846,862,686,None,Drag,entertainment
1568808285.854,866,686,None,Drag,entertainment
1568808285.8620002,868,686,None,Drag,entertainment
1568808285.87,870,686,None,Drag,entertainment
1568808285.8779998,870,686,None,Drag,entertainment
1568808285.8860002,871,686,None,Drag,entertainment
1568808286.065,871,686,None,Drag,entertainment
1568808286.079,870,686,None,Drag,entertainment
1568808286.086,869,686,None,Drag,entertainment
1568808286.095,868,686,None,Drag,entertainment
1568808286.1020002,865,686,None,Drag,entertainment
1568808286.1120002,862,686,None,Drag,entertainment
1568808286.1179998,861,686,None,Drag,entertainment
1568808286.1260002,859,686,None,Drag,entertainment
1568808286.1320002,858,686,None,Drag,entertainment
1568808286.14,856,686,None,Drag,entertainment
1568808286.1479998,854,686,None,Drag,entertainment
1568808286.156,853,686,None,Drag,entertainment
1568808286.164,852,686,None,Drag,entertainment
1568808286.1720002,851,686,None,Drag,entertainment
1568808286.18,850,686,None,Drag,entertainment
1568808286.188,849,686,None,Drag,entertainment
1568808286.194,849,686,None,Drag,entertainment
1568808286.21,848,686,None,Drag,entertainment
1568808286.2570002,847,686,None,Drag,entertainment
1568808286.264,847,685,None,Drag,entertainment
1568808286.289,847,685,None,Drag,entertainment
1568808286.327,846,685,None,Drag,entertainment
1568808286.359,846,684,None,Drag,entertainment
1568808286.367,846,684,None,Drag,entertainment
1568808286.451,845,684,None,Drag,entertainment
1568808286.504,845,684,None,Drag,entertainment
1568808286.5370002,845,684,None,Drag,entertainment
1568808286.559,844,684,None,Drag,entertainment
1568808286.559,844,684,Left,Released,entertainment
1568808286.8679998,844,684,None,Move,entertainment
1568808286.8760002,844,684,None,Move,entertainment
1568808287.024,844,684,None,Move,entertainment
1568808287.034,844,685,None,Move,entertainment
1568808287.04,843,685,None,Move,entertainment
1568808287.0470002,842,685,None,Move,entertainment
1568808287.055,842,686,None,Move,entertainment
1568808287.063,840,686,None,Move,entertainment
1568808287.071,839,687,None,Move,entertainment
1568808287.079,838,688,None,Move,entertainment
1568808287.087,836,688,None,Move,entertainment
1568808287.093,835,689,None,Move,entertainment
1568808287.1,833,690,None,Move,entertainment
1568808287.109,831,691,None,Move,entertainment
1568808287.1160002,830,691,None,Move,entertainment
1568808287.125,829,691,None,Move,entertainment
1568808287.133,828,691,None,Move,entertainment
1568808287.141,827,691,None,Move,entertainment
1568808287.1479998,826,691,None,Move,entertainment
1568808287.157,826,691,None,Move,entertainment
1568808287.163,825,691,None,Move,entertainment
1568808287.2510002,825,691,Right,Pressed,entertainment
1568808287.3660002,825,691,Right,Released,entertainment
1568808287.458,825,691,None,Move,entertainment
1568808287.4729998,825,691,None,Move,entertainment
1568808287.48,826,691,None,Move,entertainment
1568808287.4970002,827,692,None,Move,entertainment
1568808287.5070002,828,692,None,Move,entertainment
1568808287.512,829,692,None,Move,entertainment
1568808287.52,829,692,None,Move,entertainment
1568808287.526,831,693,None,Move,entertainment
1568808287.534,832,693,None,Move,entertainment
1568808287.542,833,694,None,Move,entertainment
1568808287.551,835,694,None,Move,entertainment
1568808287.559,835,694,None,Move,entertainment
1568808287.5670002,837,695,None,Move,entertainment
1568808287.575,837,695,None,Move,entertainment
1568808287.583,838,696,None,Move,entertainment
1568808287.589,840,696,None,Move,entertainment
1568808287.597,840,697,None,Move,entertainment
1568808287.605,841,697,None,Move,entertainment
1568808287.615,842,697,None,Move,entertainment
1568808287.621,842,697,None,Move,entertainment
1568808287.629,843,697,None,Move,entertainment
1568808287.637,843,697,None,Move,entertainment
1568808287.645,844,698,None,Move,entertainment
1568808287.651,844,698,None,Move,entertainment
1568808287.664,845,699,None,Move,entertainment
1568808287.668,846,699,None,Move,entertainment
1568808287.675,846,699,None,Move,entertainment
1568808287.6829998,847,700,None,Move,entertainment
1568808287.691,847,700,None,Move,entertainment
1568808287.698,848,700,None,Move,entertainment
1568808287.707,848,700,None,Move,entertainment
1568808287.712,849,701,None,Move,entertainment
1568808287.721,849,701,None,Move,entertainment
1568808287.728,850,701,None,Move,entertainment
1568808287.7370002,851,702,None,Move,entertainment
1568808287.75,851,702,None,Move,entertainment
1568808287.755,852,703,None,Move,entertainment
1568808287.762,852,703,None,Move,entertainment
1568808287.769,853,704,None,Move,entertainment
1568808287.7770002,854,705,None,Move,entertainment
1568808287.782,855,705,None,Move,entertainment
1568808287.79,855,706,None,Move,entertainment
1568808287.798,857,707,None,Move,entertainment
1568808287.806,857,707,None,Move,entertainment
1568808287.814,858,707,None,Move,entertainment
1568808287.822,858,708,None,Move,entertainment
1568808287.832,859,708,None,Move,entertainment
1568808287.939,859,708,Left,Pressed,entertainment
1568808288.039,859,708,Left,Released,entertainment
1568808288.082,859,708,None,Move,entertainment
1568808288.094,863,708,None,Move,entertainment
1568808288.101,866,706,None,Move,entertainment
1568808288.1079998,872,705,None,Move,entertainment
1568808288.1160002,881,704,None,Move,entertainment
1568808288.1260002,890,702,None,Move,entertainment
1568808288.133,902,699,None,Move,entertainment
1568808288.139,916,696,None,Move,entertainment
1568808288.146,931,692,None,Move,entertainment
1568808288.154,953,687,None,Move,entertainment
1568808288.1620002,977,680,None,Move,entertainment
1568808288.1720002,1015,669,None,Move,entertainment
1568808288.179,1043,661,None,Move,entertainment
1568808288.1929998,1076,649,None,Move,entertainment
1568808288.201,1138,623,None,Move,entertainment
1568808288.208,1169,609,None,Move,entertainment
1568808288.216,1197,597,None,Move,entertainment
1568808288.224,1222,586,None,Move,entertainment
1568808288.2329998,1244,574,None,Move,entertainment
1568808288.24,1257,567,None,Move,entertainment
1568808288.248,1264,563,None,Move,entertainment
1568808288.256,1266,561,None,Move,entertainment
1568808288.262,1267,560,None,Move,entertainment
1568808288.288,1267,559,None,Move,entertainment
1568808288.341,1267,559,None,Move,entertainment
1568808288.387,1267,559,None,Move,entertainment
1568808288.395,1267,560,None,Move,entertainment
1568808288.4020002,1267,560,None,Move,entertainment
1568808288.411,1268,561,None,Move,entertainment
1568808288.419,1268,562,None,Move,entertainment
1568808288.427,1269,565,None,Move,entertainment
1568808288.448,1269,568,None,Move,entertainment
1568808288.4529998,1270,575,None,Move,entertainment
1568808288.458,1270,579,None,Move,entertainment
1568808288.467,1270,582,None,Move,entertainment
1568808288.4729998,1270,583,None,Move,entertainment
1568808288.7529998,1270,585,None,Move,entertainment
1568808288.829,1270,583,None,Move,entertainment
1568808288.837,1270,584,None,Move,entertainment
1568808288.861,1269,586,None,Move,entertainment
1568808288.877,1269,587,None,Move,entertainment
1568808288.891,1269,587,None,Move,entertainment
1568808288.914,1269,588,None,Move,entertainment
1568808289.0070002,1273,587,None,Move,entertainment
1568808289.014,1273,587,None,Move,entertainment
1568808289.03,1273,587,None,Move,entertainment
1568808289.038,1274,587,None,Move,entertainment
1568808289.048,1275,587,None,Move,entertainment
1568808289.053,1275,588,None,Move,entertainment
1568808289.06,1275,589,None,Move,entertainment
1568808289.0679998,1276,589,None,Move,entertainment
1568808289.076,1277,590,None,Move,entertainment
1568808289.086,1278,590,None,Move,entertainment
1568808289.095,1280,592,None,Move,entertainment
1568808289.101,1280,592,None,Move,entertainment
1568808289.107,1281,593,None,Move,entertainment
1568808289.115,1282,594,None,Move,entertainment
1568808289.133,1285,595,None,Move,entertainment
1568808289.139,1285,595,None,Move,entertainment
1568808289.147,1286,596,None,Move,entertainment
1568808289.155,1288,597,None,Move,entertainment
1568808289.163,1288,597,None,Move,entertainment
1568808289.169,1290,599,None,Move,entertainment
1568808289.177,1291,599,None,Move,entertainment
1568808289.185,1292,600,None,Move,entertainment
1568808289.1929998,1293,601,None,Move,entertainment
1568808289.201,1294,603,None,Move,entertainment
1568808289.208,1295,603,None,Move,entertainment
1568808289.217,1296,605,None,Move,entertainment
1568808289.224,1298,605,None,Move,entertainment
1568808289.232,1298,607,None,Move,entertainment
1568808289.238,1300,607,None,Move,entertainment
1568808289.246,1300,608,None,Move,entertainment
1568808289.254,1301,608,None,Move,entertainment
1568808289.264,1301,609,None,Move,entertainment
1568808289.27,1302,610,None,Move,entertainment
1568808289.278,1302,610,None,Move,entertainment
1568808289.3079998,1302,611,None,Move,entertainment
1568808289.332,1302,611,None,Move,entertainment
1568808289.354,1302,611,None,Move,entertainment
1568808289.37,1302,611,None,Move,entertainment
1568808289.3879998,1303,611,None,Move,entertainment
1568808289.4020002,1303,611,None,Move,entertainment
1568808289.414,1304,611,None,Move,entertainment
1568808289.425,1305,611,None,Move,entertainment
1568808289.4329998,1306,611,None,Move,entertainment
1568808289.441,1306,611,None,Move,entertainment
1568808289.448,1307,611,None,Move,entertainment
1568808289.457,1307,611,None,Move,entertainment
1568808289.464,1308,611,None,Move,entertainment
1568808289.4729998,1308,611,None,Move,entertainment
1568808289.4870002,1309,611,None,Move,entertainment
1568808289.535,1310,611,None,Move,entertainment
1568808289.548,1310,611,None,Move,entertainment
1568808289.564,1309,611,None,Move,entertainment
1568808289.58,1309,611,None,Move,entertainment
1568808289.596,1308,611,None,Move,entertainment
1568808289.6020002,1308,611,None,Move,entertainment
1568808289.611,1306,611,None,Move,entertainment
1568808289.6179998,1305,611,None,Move,entertainment
1568808289.629,1302,611,None,Move,entertainment
1568808289.6339998,1298,612,None,Move,entertainment
1568808289.6420002,1292,613,None,Move,entertainment
1568808289.65,1287,614,None,Move,entertainment
1568808289.6620002,1281,615,None,Move,entertainment
1568808289.67,1277,615,None,Move,entertainment
1568808289.677,1272,616,None,Move,entertainment
1568808289.684,1269,616,None,Move,entertainment
1568808289.688,1266,616,None,Move,entertainment
1568808289.696,1264,616,None,Move,entertainment
1568808289.704,1261,616,None,Move,entertainment
1568808289.712,1259,614,None,Move,entertainment
1568808289.72,1257,612,None,Move,entertainment
1568808289.726,1255,610,None,Move,entertainment
1568808289.734,1253,606,None,Move,entertainment
1568808289.742,1253,603,None,Move,entertainment
1568808289.7510002,1253,601,None,Move,entertainment
1568808289.758,1253,598,None,Move,entertainment
1568808289.766,1253,594,None,Move,entertainment
1568808289.772,1256,588,None,Move,entertainment
1568808289.78,1259,580,None,Move,entertainment
1568808289.788,1264,570,None,Move,entertainment
1568808289.799,1268,554,None,Move,entertainment
1568808289.805,1274,535,None,Move,entertainment
1568808289.812,1283,510,None,Move,entertainment
1568808289.83,1303,452,None,Move,entertainment
1568808289.837,1316,426,None,Move,entertainment
1568808289.842,1331,399,None,Move,entertainment
1568808289.851,1344,373,None,Move,entertainment
1568808289.859,1359,346,None,Move,entertainment
1568808289.8660002,1373,318,None,Move,entertainment
1568808289.875,1384,292,None,Move,entertainment
1568808289.883,1393,267,None,Move,entertainment
1568808289.891,1399,245,None,Move,entertainment
1568808289.899,1403,224,None,Move,entertainment
1568808289.905,1403,210,None,Move,entertainment
1568808289.915,1403,195,None,Move,entertainment
1568808289.921,1403,182,None,Move,entertainment
1568808289.928,1400,168,None,Move,entertainment
1568808289.936,1396,151,None,Move,entertainment
1568808289.947,1389,129,None,Move,entertainment
1568808289.952,1379,104,None,Move,entertainment
1568808289.96,1370,81,None,Move,entertainment
1568808289.968,1358,60,None,Move,entertainment
1568808289.975,1347,41,None,Move,entertainment
1568808289.982,1336,25,None,Move,entertainment
1568808289.99,1328,13,None,Move,entertainment
1568808290.0089998,1316,-6,None,Move,entertainment
1568808290.016,1310,-8,None,Move,entertainment
1568808290.0229998,1304,-6,None,Move,entertainment
1568808290.028,1299,-6,None,Move,entertainment
1568808290.036,1293,-5,None,Move,entertainment
1568808290.044,1287,-4,None,Move,entertainment
1568808290.052,1281,-4,None,Move,entertainment
1568808290.06,1275,-4,None,Move,entertainment
1568808290.0679998,1270,-2,None,Move,entertainment
1568808290.076,1266,-2,None,Move,entertainment
1568808290.084,1263,-1,None,Move,entertainment
1568808290.09,1261,0,None,Move,entertainment
1568808290.0979998,1260,0,None,Move,entertainment
1568808290.106,1259,0,None,Move,entertainment
1568808290.16,1258,-1,None,Move,entertainment
1568808290.168,1258,0,None,Move,entertainment
1568808290.177,1257,-1,None,Move,entertainment
1568808290.187,1256,0,None,Move,entertainment
1568808290.1929998,1256,0,None,Move,entertainment
1568808290.231,1256,-1,None,Move,entertainment
1568808290.2389998,1256,0,None,Move,entertainment
1568808290.2470002,1256,-1,None,Move,entertainment
1568808290.311,1257,0,None,Move,entertainment
1568808290.3179998,1257,0,None,Move,entertainment
1568808290.324,1258,2,None,Move,entertainment
1568808290.33,1258,3,None,Move,entertainment
1568808290.339,1259,6,None,Move,entertainment
1568808290.346,1259,8,None,Move,entertainment
1568808290.354,1260,11,None,Move,entertainment
1568808290.3620002,1260,15,None,Move,entertainment
1568808290.37,1260,18,None,Move,entertainment
1568808290.38,1260,21,None,Move,entertainment
1568808290.3839998,1260,24,None,Move,entertainment
1568808290.393,1261,27,None,Move,entertainment
1568808290.4,1261,29,None,Move,entertainment
1568808290.41,1262,32,None,Move,entertainment
1568808290.416,1262,34,None,Move,entertainment
1568808290.426,1263,36,None,Move,entertainment
1568808290.4320002,1264,38,None,Move,entertainment
1568808290.44,1264,40,None,Move,entertainment
1568808290.447,1265,43,None,Move,entertainment
1568808290.454,1266,44,None,Move,entertainment
1568808290.462,1266,45,None,Move,entertainment
1568808290.47,1267,47,None,Move,entertainment
1568808290.48,1267,48,None,Move,entertainment
1568808290.486,1268,49,None,Move,entertainment
1568808290.494,1268,50,None,Move,entertainment
1568808290.508,1268,50,None,Move,entertainment
1568808290.68,1268,50,Left,Pressed,entertainment
1568808290.772,1268,50,Left,Released,browsing
1568808290.81,1270,50,None,Move,browsing
1568808290.8179998,1270,50,None,Move,browsing
1568808290.826,1271,50,None,Move,browsing
1568808290.842,1273,50,None,Move,browsing
1568808290.85,1274,51,None,Move,browsing
1568808290.8579998,1275,51,None,Move,browsing
1568808290.8639998,1277,51,None,Move,browsing
1568808290.8720002,1280,52,None,Move,browsing
1568808290.88,1283,52,None,Move,browsing
1568808290.89,1285,53,None,Move,browsing
1568808290.896,1287,53,None,Move,browsing
1568808290.904,1289,53,None,Move,browsing
1568808290.9120002,1291,53,None,Move,browsing
1568808290.92,1292,53,None,Move,browsing
1568808290.929,1294,53,None,Move,browsing
1568808290.938,1294,53,None,Move,browsing
1568808290.9429998,1295,53,None,Move,browsing
1568808290.959,1295,53,None,Move,browsing
1568808290.9829998,1296,53,None,Move,browsing
1568808299.032,1295,53,None,Move,browsing
1568808299.04,1291,53,None,Move,browsing
1568808299.048,1283,55,None,Move,browsing
1568808299.056,1273,59,None,Move,browsing
1568808299.062,1266,64,None,Move,browsing
1568808299.084,1260,69,None,Move,browsing
1568808299.092,1250,81,None,Move,browsing
1568808299.097,1248,86,None,Move,browsing
1568808299.1020002,1245,91,None,Move,browsing
1568808299.109,1244,95,None,Move,browsing
1568808299.1160002,1243,98,None,Move,browsing
1568808299.1239998,1243,101,None,Move,browsing
1568808299.1320002,1242,104,None,Move,browsing
1568808299.1420002,1242,107,None,Move,browsing
1568808299.1479998,1242,110,None,Move,browsing
1568808299.156,1241,115,None,Move,browsing
1568808299.165,1240,118,None,Move,browsing
1568808299.171,1238,123,None,Move,browsing
1568808299.178,1237,127,None,Move,browsing
1568808299.186,1236,133,None,Move,browsing
1568808299.194,1236,138,None,Move,browsing
1568808299.2029998,1237,144,None,Move,browsing
1568808299.2229998,1243,158,None,Move,browsing
1568808299.2329998,1249,167,None,Move,browsing
1568808299.242,1261,185,None,Move,browsing
1568808299.2510002,1265,195,None,Move,browsing
1568808299.2610002,1265,203,None,Move,browsing
1568808299.27,1263,212,None,Move,browsing
1568808299.279,1260,217,None,Move,browsing
1568808299.285,1259,219,None,Move,browsing
1568808299.552,1260,217,None,Move,browsing
1568808299.562,1256,214,None,Move,browsing
1568808299.566,1250,212,None,Move,browsing
1568808299.574,1243,209,None,Move,browsing
1568808299.582,1234,207,None,Move,browsing
1568808299.593,1223,205,None,Move,browsing
1568808299.597,1211,205,None,Move,browsing
1568808299.607,1199,203,None,Move,browsing
1568808299.613,1183,203,None,Move,browsing
1568808299.62,1168,203,None,Move,browsing
1568808299.629,1150,202,None,Move,browsing
1568808299.637,1125,203,None,Move,browsing
1568808299.645,1105,202,None,Move,browsing
1568808299.655,1085,202,None,Move,browsing
1568808299.661,1057,205,None,Move,browsing
1568808299.667,1029,208,None,Move,browsing
1568808299.675,995,211,None,Move,browsing
1568808299.6820002,961,216,None,Move,browsing
1568808299.691,924,221,None,Move,browsing
1568808299.699,881,223,None,Move,browsing
1568808299.707,838,231,None,Move,browsing
1568808299.714,799,236,None,Move,browsing
1568808299.721,766,244,None,Move,browsing
1568808299.73,752,249,None,Move,browsing
1568808299.736,744,255,None,Move,browsing
1568808299.744,740,259,None,Move,browsing
1568808299.752,740,264,None,Move,browsing
1568808299.76,743,268,None,Move,browsing
1568808299.768,747,273,None,Move,browsing
1568808299.776,756,279,None,Move,browsing
1568808299.784,766,282,None,Move,browsing
1568808299.79,775,284,None,Move,browsing
1568808299.8,785,286,None,Move,browsing
1568808299.806,793,287,None,Move,browsing
1568808299.816,801,287,None,Move,browsing
1568808299.822,806,287,None,Move,browsing
1568808299.831,809,287,None,Move,browsing
1568808299.8379998,812,287,None,Move,browsing
1568808299.846,816,287,None,Move,browsing
1568808299.859,818,285,None,Move,browsing
1568808299.8760002,825,281,None,Move,browsing
1568808299.8879998,828,280,None,Move,browsing
1568808299.9,829,279,None,Move,browsing
1568808300.149,830,279,None,Move,browsing
1568808300.154,830,279,None,Move,browsing
1568808300.163,831,279,None,Move,browsing
1568808300.17,833,279,None,Move,browsing
1568808300.178,833,279,None,Move,browsing
1568808300.186,834,280,None,Move,browsing
1568808300.194,835,280,None,Move,browsing
1568808300.202,836,280,None,Move,browsing
1568808300.208,836,281,None,Move,browsing
1568808300.216,837,281,None,Move,browsing
1568808300.224,838,282,None,Move,browsing
1568808300.232,839,282,None,Move,browsing
1568808300.24,841,283,None,Move,browsing
1568808300.248,843,284,None,Move,browsing
1568808300.256,844,285,None,Move,browsing
1568808300.262,846,286,None,Move,browsing
1568808300.27,847,287,None,Move,browsing
1568808300.278,848,287,None,Move,browsing
1568808300.286,849,288,None,Move,browsing
1568808300.295,850,288,None,Move,browsing
1568808300.302,851,288,None,Move,browsing
1568808300.31,851,288,None,Move,browsing
1568808300.3179998,852,289,None,Move,browsing
1568808300.326,853,289,None,Move,browsing
1568808300.333,854,290,None,Move,browsing
1568808300.34,855,290,None,Move,browsing
1568808300.3479998,857,291,None,Move,browsing
1568808300.3579998,858,292,None,Move,browsing
1568808300.3660002,859,292,None,Move,browsing
1568808300.3739998,861,292,None,Move,browsing
1568808300.385,861,293,None,Move,browsing
1568808300.393,862,293,None,Move,browsing
1568808300.401,864,293,None,Move,browsing
1568808300.411,866,293,None,Move,browsing
1568808300.419,867,293,None,Move,browsing
1568808300.427,870,293,None,Move,browsing
1568808300.435,872,293,None,Move,browsing
1568808300.4420002,873,293,None,Move,browsing
1568808300.451,874,293,None,Move,browsing
1568808300.457,875,293,None,Move,browsing
1568808300.465,875,293,None,Move,browsing
1568808300.542,876,293,None,Move,browsing
1568808300.55,877,293,None,Move,browsing
1568808300.5579998,878,293,None,Move,browsing
1568808300.566,879,291,None,Move,browsing
1568808300.574,881,291,None,Move,browsing
1568808300.58,883,290,None,Move,browsing
1568808300.5879998,885,289,None,Move,browsing
1568808300.596,886,288,None,Move,browsing
1568808300.604,888,288,None,Move,browsing
1568808300.6120002,888,288,None,Move,browsing
1568808300.62,889,287,None,Move,browsing
1568808300.6279998,889,287,None,Move,browsing
1568808300.6339998,890,287,None,Move,browsing
1568808302.4,890,287,None,Move,browsing
1568808302.408,890,287,None,Move,browsing
1568808302.519,889,287,None,Move,browsing
1568808302.533,883,289,None,Move,browsing
1568808302.542,881,291,None,Move,browsing
1568808302.548,879,294,None,Move,browsing
1568808302.5570002,876,297,None,Move,browsing
1568808302.565,874,301,None,Move,browsing
1568808302.572,873,304,None,Move,browsing
1568808302.58,872,307,None,Move,browsing
1568808302.586,871,310,None,Move,browsing
1568808302.597,871,313,None,Move,browsing
1568808302.6020002,872,315,None,Move,browsing
1568808302.613,873,318,None,Move,browsing
1568808302.6179998,875,320,None,Move,browsing
1568808302.627,878,323,None,Move,browsing
1568808302.6339998,881,327,None,Move,browsing
1568808302.6420002,884,331,None,Move,browsing
1568808302.6479998,889,339,None,Move,browsing
1568808302.656,892,347,None,Move,browsing
1568808302.664,893,354,None,Move,browsing
1568808302.6720002,894,362,None,Move,browsing
1568808302.68,896,370,None,Move,browsing
1568808302.688,900,381,None,Move,browsing
1568808302.696,907,389,None,Move,browsing
1568808302.704,912,395,None,Move,browsing
1568808302.714,919,400,None,Move,browsing
1568808302.72,928,406,None,Move,browsing
1568808302.726,937,410,None,Move,browsing
1568808302.734,947,413,None,Move,browsing
1568808302.742,958,416,None,Move,browsing
1568808302.75,970,416,None,Move,browsing
1568808302.7589998,979,416,None,Move,browsing
1568808302.766,987,417,None,Move,browsing
1568808302.7729998,993,418,None,Move,browsing
1568808302.781,998,421,None,Move,browsing
1568808302.788,1002,423,None,Move,browsing
1568808302.7970002,1005,424,None,Move,browsing
1568808302.804,1007,424,None,Move,browsing
1568808302.896,1007,423,None,Move,browsing
1568808302.906,1006,418,None,Move,browsing
1568808302.9120002,1004,416,None,Move,browsing
1568808302.921,1000,414,None,Move,browsing
1568808302.929,996,412,None,Move,browsing
1568808302.936,987,409,None,Move,browsing
1568808302.944,981,409,None,Move,browsing
1568808302.952,974,408,None,Move,browsing
1568808302.958,964,408,None,Move,browsing
1568808302.966,954,408,None,Move,browsing
1568808302.975,942,408,None,Move,browsing
1568808302.982,929,408,None,Move,browsing
1568808302.9910002,915,408,None,Move,browsing
1568808302.998,899,406,None,Move,browsing
1568808303.008,876,405,None,Move,browsing
1568808303.014,843,403,None,Move,browsing
1568808303.02,811,403,None,Move,browsing
1568808303.028,777,402,None,Move,browsing
1568808303.036,741,406,None,Move,browsing
1568808303.044,707,409,None,Move,browsing
1568808303.052,672,418,None,Move,browsing
1568808303.06,637,429,None,Move,browsing
1568808303.0679998,607,435,None,Move,browsing
1568808303.076,578,443,None,Move,browsing
1568808303.082,548,452,None,Move,browsing
1568808303.09,524,456,None,Move,browsing
1568808303.0979998,500,461,None,Move,browsing
1568808303.106,477,465,None,Move,browsing
1568808303.1139998,453,470,None,Move,browsing
1568808303.125,430,472,None,Move,browsing
1568808303.129,406,477,None,Move,browsing
1568808303.137,383,480,None,Move,browsing
1568808303.144,365,482,None,Move,browsing
1568808303.1520002,350,485,None,Move,browsing
1568808303.161,332,487,None,Move,browsing
1568808303.169,320,492,None,Move,browsing
1568808303.176,307,495,None,Move,browsing
1568808303.185,298,497,None,Move,browsing
1568808303.1929998,288,500,None,Move,browsing
1568808303.199,277,503,None,Move,browsing
1568808303.207,268,505,None,Move,browsing
1568808303.215,257,507,None,Move,browsing
1568808303.2229998,249,507,None,Move,browsing
1568808303.231,240,507,None,Move,browsing
1568808303.2389998,230,507,None,Move,browsing
1568808303.2470002,222,507,None,Move,browsing
1568808303.255,214,507,None,Move,browsing
1568808303.2610002,205,507,None,Move,browsing
1568808303.269,197,507,None,Move,browsing
1568808303.2770002,189,507,None,Move,browsing
1568808303.284,181,507,None,Move,browsing
1568808303.293,175,507,None,Move,browsing
1568808303.3,168,506,None,Move,browsing
1568808303.3079998,159,505,None,Move,browsing
1568808303.316,151,504,None,Move,browsing
1568808303.325,144,504,None,Move,browsing
1568808303.33,138,503,None,Move,browsing
1568808303.341,135,502,None,Move,browsing
1568808303.347,132,502,None,Move,browsing
1568808303.354,131,502,None,Move,browsing
1568808303.363,130,501,None,Move,browsing
1568808303.37,129,501,None,Move,browsing
1568808303.455,129,501,None,Move,browsing
1568808303.471,130,501,None,Move,browsing
1568808303.478,131,501,None,Move,browsing
1568808303.4870002,133,501,None,Move,browsing
1568808303.504,135,501,None,Move,browsing
1568808303.5129998,137,501,None,Move,browsing
1568808303.52,138,501,None,Move,browsing
1568808303.526,141,501,None,Move,browsing
1568808303.532,142,501,None,Move,browsing
1568808303.541,143,501,None,Move,browsing
1568808303.549,144,501,None,Move,browsing
1568808303.556,145,501,None,Move,browsing
1568808303.564,146,501,None,Move,browsing
1568808303.6720002,147,501,None,Move,browsing
1568808303.68,147,501,None,Move,browsing
1568808303.686,149,500,None,Move,browsing
1568808303.694,150,500,None,Move,browsing
1568808303.702,151,499,None,Move,browsing
1568808303.71,153,498,None,Move,browsing
1568808303.718,155,497,None,Move,browsing
1568808303.726,157,496,None,Move,browsing
1568808303.735,159,495,None,Move,browsing
1568808303.7429998,160,495,None,Move,browsing
1568808303.75,161,494,None,Move,browsing
1568808303.7570002,162,493,None,Move,browsing
1568808303.765,163,493,None,Move,browsing
1568808303.7729998,164,493,None,Move,browsing
1568808303.781,164,492,None,Move,browsing
1568808303.789,165,492,None,Move,browsing
1568808303.7970002,165,492,None,Move,browsing
1568808303.811,166,492,None,Move,browsing
1568808303.8179998,166,491,None,Move,browsing
1568808303.835,167,491,None,Move,browsing
1568808303.851,167,491,None,Move,browsing
1568808303.865,168,490,None,Move,browsing
1568808303.873,168,490,None,Move,browsing
1568808303.881,168,489,None,Move,browsing
1568808303.889,169,489,None,Move,browsing
1568808303.897,169,489,None,Move,browsing
1568808303.905,170,488,None,Move,browsing
1568808303.921,170,488,None,Move,browsing
1568808303.935,171,487,None,Move,browsing
1568808304.129,171,487,None,Move,browsing
1568808304.146,172,485,None,Move,browsing
1568808304.155,172,485,None,Move,browsing
1568808304.1620002,173,484,None,Move,browsing
1568808304.175,173,484,None,Move,browsing
1568808304.1820002,173,484,None,Move,browsing
1568808304.199,173,483,None,Move,browsing
1568808305.069,174,483,None,Move,browsing
1568808305.087,180,483,None,Move,browsing
1568808305.096,190,483,None,Move,browsing
1568808305.104,198,484,None,Move,browsing
1568808305.1120002,209,485,None,Move,browsing
1568808305.12,224,486,None,Move,browsing
1568808305.1279998,241,490,None,Move,browsing
1568808305.1360002,262,493,None,Move,browsing
1568808305.144,288,497,None,Move,browsing
1568808305.15,317,502,None,Move,browsing
1568808305.158,346,507,None,Move,browsing
1568808305.166,375,514,None,Move,browsing
1568808305.174,405,522,None,Move,browsing
1568808305.189,432,530,None,Move,browsing
1568808305.1929998,457,539,None,Move,browsing
1568808305.198,481,545,None,Move,browsing
1568808305.206,497,549,None,Move,browsing
1568808305.212,513,551,None,Move,browsing
1568808305.22,526,554,None,Move,browsing
1568808305.228,540,556,None,Move,browsing
1568808305.236,552,559,None,Move,browsing
1568808305.244,564,561,None,Move,browsing
1568808305.252,575,565,None,Move,browsing
1568808305.2610002,586,567,None,Move,browsing
1568808305.268,595,569,None,Move,browsing
1568808305.2770002,605,572,None,Move,browsing
1568808305.283,613,573,None,Move,browsing
1568808305.29,623,574,None,Move,browsing
1568808305.299,632,576,None,Move,browsing
1568808305.306,643,577,None,Move,browsing
1568808305.314,652,578,None,Move,browsing
1568808305.323,664,578,None,Move,browsing
1568808305.331,676,578,None,Move,browsing
1568808305.339,689,578,None,Move,browsing
1568808305.345,700,578,None,Move,browsing
1568808305.353,712,578,None,Move,browsing
1568808305.361,721,578,None,Move,browsing
1568808305.369,732,578,None,Move,browsing
1568808305.377,741,578,None,Move,browsing
1568808305.3839998,750,578,None,Move,browsing
1568808305.39,760,578,None,Move,browsing
1568808305.3979998,768,578,None,Move,browsing
1568808305.407,773,578,None,Move,browsing
1568808305.414,779,578,None,Move,browsing
1568808305.423,784,578,None,Move,browsing
1568808305.431,787,578,None,Move,browsing
1568808305.439,790,578,None,Move,browsing
1568808305.446,793,578,None,Move,browsing
1568808305.452,796,578,None,Move,browsing
1568808305.46,798,578,None,Move,browsing
1568808305.468,801,578,None,Move,browsing
1568808305.478,803,578,None,Move,browsing
1568808305.484,805,578,None,Move,browsing
1568808305.492,808,578,None,Move,browsing
1568808305.5,811,578,None,Move,browsing
1568808305.508,814,578,None,Move,browsing
1568808305.514,817,578,None,Move,browsing
1568808305.522,820,578,None,Move,browsing
1568808305.53,824,578,None,Move,browsing
1568808305.538,828,578,None,Move,browsing
1568808305.546,832,578,None,Move,browsing
1568808305.554,836,578,None,Move,browsing
1568808305.562,841,578,None,Move,browsing
1568808305.57,847,578,None,Move,browsing
1568808305.576,852,578,None,Move,browsing
1568808305.584,859,578,None,Move,browsing
1568808305.594,865,578,None,Move,browsing
1568808305.6,872,577,None,Move,browsing
1568808305.6079998,878,577,None,Move,browsing
1568808305.6160002,885,577,None,Move,browsing
1568808305.6239998,893,576,None,Move,browsing
1568808305.6320002,901,575,None,Move,browsing
1568808305.641,908,575,None,Move,browsing
1568808305.647,915,574,None,Move,browsing
1568808305.655,921,573,None,Move,browsing
1568808305.663,926,572,None,Move,browsing
1568808305.671,932,571,None,Move,browsing
1568808305.679,936,571,None,Move,browsing
1568808305.687,940,570,None,Move,browsing
1568808305.697,943,570,None,Move,browsing
1568808305.701,946,570,None,Move,browsing
1568808305.709,949,569,None,Move,browsing
1568808305.717,951,569,None,Move,browsing
1568808305.725,953,569,None,Move,browsing
1568808305.732,954,569,None,Move,browsing
1568808305.7410002,955,569,None,Move,browsing
1568808305.748,955,569,None,Move,browsing
1568808305.8720002,955,569,Left,Pressed,browsing
1568808305.9420002,955,569,Left,Released,browsing
1568808306.3279998,955,568,None,Move,browsing
1568808306.708,955,567,None,Move,browsing
1568808306.724,955,567,None,Move,browsing
1568808306.77,954,567,None,Move,browsing
1568808307.072,954,567,None,Move,browsing
1568808307.3660002,954,566,None,Move,browsing
1568808307.3760002,954,566,None,Move,browsing
1568808307.3820002,954,566,None,Move,browsing
1568808307.39,954,565,None,Move,browsing
1568808307.3979998,953,565,None,Move,browsing
1568808307.404,953,565,None,Move,browsing
1568808307.428,952,565,None,Move,browsing
1568808307.663,951,564,None,Move,browsing
1568808307.677,949,563,None,Move,browsing
1568808307.685,947,563,None,Move,browsing
1568808307.6929998,944,562,None,Move,browsing
1568808307.701,937,562,None,Move,browsing
1568808307.708,928,561,None,Move,browsing
1568808307.717,914,559,None,Move,browsing
1568808307.7229998,894,557,None,Move,browsing
1568808307.73,866,556,None,Move,browsing
1568808307.7389998,832,553,None,Move,browsing
1568808307.7470002,799,549,None,Move,browsing
1568808307.754,765,544,None,Move,browsing
1568808307.762,726,541,None,Move,browsing
1568808307.771,686,533,None,Move,browsing
1568808307.7770002,647,528,None,Move,browsing
1568808307.7870002,612,521,None,Move,browsing
1568808307.792,582,513,None,Move,browsing
1568808307.8,555,503,None,Move,browsing
1568808307.809,540,498,None,Move,browsing
1568808307.8170002,524,493,None,Move,browsing
1568808307.824,513,490,None,Move,browsing
1568808307.835,501,487,None,Move,browsing
1568808307.839,490,483,None,Move,browsing
1568808307.847,481,481,None,Move,browsing
1568808307.855,475,480,None,Move,browsing
1568808307.863,470,479,None,Move,browsing
1568808307.871,467,479,None,Move,browsing
1568808307.879,465,479,None,Move,browsing
1568808307.8860002,464,479,None,Move,browsing
1568808308.941,464,479,None,Move,browsing
1568808308.948,464,482,None,Move,browsing
1568808308.954,465,485,None,Move,browsing
1568808308.9629998,465,488,None,Move,browsing
1568808308.9729998,465,491,None,Move,browsing
1568808308.978,465,494,None,Move,browsing
1568808308.9870002,465,496,None,Move,browsing
1568808308.995,464,497,None,Move,browsing
1568808309.002,464,499,None,Move,browsing
1568808309.0089998,463,499,None,Move,browsing
1568808309.0170002,462,500,None,Move,browsing
1568808309.024,461,500,None,Move,browsing
1568808309.033,458,500,None,Move,browsing
1568808309.04,454,499,None,Move,browsing
1568808309.051,448,496,None,Move,browsing
1568808309.056,441,493,None,Move,browsing
1568808309.063,433,490,None,Move,browsing
1568808309.07,421,485,None,Move,browsing
1568808309.0779998,410,478,None,Move,browsing
1568808309.087,396,471,None,Move,browsing
1568808309.094,377,459,None,Move,browsing
1568808309.1020002,357,444,None,Move,browsing
1568808309.11,338,429,None,Move,browsing
1568808309.1179998,320,412,None,Move,browsing
1568808309.1260002,303,400,None,Move,browsing
1568808309.1320002,286,387,None,Move,browsing
1568808309.14,274,376,None,Move,browsing
1568808309.1479998,257,363,None,Move,browsing
1568808309.156,243,353,None,Move,browsing
1568808309.164,226,340,None,Move,browsing
1568808309.1720002,211,329,None,Move,browsing
1568808309.18,199,317,None,Move,browsing
1568808309.188,184,306,None,Move,browsing
1568808309.194,173,296,None,Move,browsing
1568808309.202,161,288,None,Move,browsing
1568808309.21,153,283,None,Move,browsing
1568808309.218,146,281,None,Move,browsing
1568808309.226,140,280,None,Move,browsing
1568808309.235,135,279,None,Move,browsing
1568808309.242,132,278,None,Move,browsing
1568808309.248,129,278,None,Move,browsing
1568808309.256,127,278,None,Move,browsing
1568808309.3179998,127,278,None,Move,browsing
1568808309.326,126,278,None,Move,browsing
1568808309.334,125,277,None,Move,browsing
1568808309.342,123,276,None,Move,browsing
1568808309.35,121,276,None,Move,browsing
1568808309.3579998,119,276,None,Move,browsing
1568808309.3660002,117,276,None,Move,browsing
1568808309.3720002,115,276,None,Move,browsing
1568808309.3820002,113,276,None,Move,browsing
1568808309.3879998,111,276,None,Move,browsing
1568808309.396,109,276,None,Move,browsing
1568808309.404,106,276,None,Move,browsing
1568808309.4120002,104,276,None,Move,browsing
1568808309.42,101,276,None,Move,browsing
1568808309.426,98,277,None,Move,browsing
1568808309.434,95,277,None,Move,browsing
1568808309.4420002,93,277,None,Move,browsing
1568808309.45,90,277,None,Move,browsing
1568808309.46,87,278,None,Move,browsing
1568808309.469,82,279,None,Move,browsing
1568808309.479,78,280,None,Move,browsing
1568808309.4870002,73,281,None,Move,browsing
1568808309.4929998,66,282,None,Move,browsing
1568808309.5010002,61,284,None,Move,browsing
1568808309.506,57,285,None,Move,browsing
1568808309.5129998,52,285,None,Move,browsing
1568808309.521,48,285,None,Move,browsing
1568808309.529,46,285,None,Move,browsing
1568808309.5370002,44,285,None,Move,browsing
1568808309.545,43,285,None,Move,browsing
1568808309.55,42,285,None,Move,browsing
1568808309.562,42,285,None,Move,browsing
1568808309.676,42,286,None,Move,browsing
1568808309.6820002,41,287,None,Move,browsing
1568808309.69,40,289,None,Move,browsing
1568808309.698,40,291,None,Move,browsing
1568808309.706,38,294,None,Move,browsing
1568808309.714,36,297,None,Move,browsing
1568808309.722,35,301,None,Move,browsing
1568808309.73,34,304,None,Move,browsing
1568808309.736,33,307,None,Move,browsing
1568808309.744,32,310,None,Move,browsing
1568808309.752,31,314,None,Move,browsing
1568808309.76,30,319,None,Move,browsing
1568808309.768,30,323,None,Move,browsing
1568808309.776,30,327,None,Move,browsing
1568808309.784,30,332,None,Move,browsing
1568808309.791,30,338,None,Move,browsing
1568808309.799,30,343,None,Move,browsing
1568808309.806,31,349,None,Move,browsing
1568808309.814,31,356,None,Move,browsing
1568808309.823,32,363,None,Move,browsing
1568808309.83,33,369,None,Move,browsing
1568808309.839,35,376,None,Move,browsing
1568808309.847,37,383,None,Move,browsing
1568808309.854,39,391,None,Move,browsing
1568808309.861,41,398,None,Move,browsing
1568808309.869,44,403,None,Move,browsing
1568808309.883,47,409,None,Move,browsing
1568808309.891,48,414,None,Move,browsing
1568808309.899,51,420,None,Move,browsing
1568808309.904,53,424,None,Move,browsing
1568808309.909,55,428,None,Move,browsing
1568808309.917,57,432,None,Move,browsing
1568808309.923,58,435,None,Move,browsing
1568808309.931,60,439,None,Move,browsing
1568808309.939,61,441,None,Move,browsing
1568808309.947,62,443,None,Move,browsing
1568808309.955,64,445,None,Move,browsing
1568808309.962,64,448,None,Move,browsing
1568808309.971,65,450,None,Move,browsing
1568808309.978,66,452,None,Move,browsing
1568808309.984,67,454,None,Move,browsing
1568808309.9929998,67,456,None,Move,browsing
1568808310.0010002,67,458,None,Move,browsing
1568808310.008,67,460,None,Move,browsing
1568808310.0170002,67,462,None,Move,browsing
1568808310.024,67,463,None,Move,browsing
1568808310.033,67,464,None,Move,browsing
1568808310.038,67,465,None,Move,browsing
1568808310.046,67,466,None,Move,browsing
1568808310.054,67,467,None,Move,browsing
1568808310.062,67,467,None,Move,browsing
1568808310.07,67,468,None,Move,browsing
1568808310.0779998,67,469,None,Move,browsing
1568808310.087,67,469,None,Move,browsing
1568808310.094,67,470,None,Move,browsing
1568808310.101,67,470,None,Move,browsing
1568808310.109,67,471,None,Move,browsing
1568808310.1160002,67,471,None,Move,browsing
1568808310.125,66,472,None,Move,browsing
1568808310.133,66,473,None,Move,browsing
1568808310.14,65,473,None,Move,browsing
1568808310.149,65,473,None,Move,browsing
1568808310.156,64,474,None,Move,browsing
1568808310.1620002,64,474,None,Move,browsing
1568808310.17,62,475,None,Move,browsing
1568808310.178,61,476,None,Move,browsing
1568808310.186,59,476,None,Move,browsing
1568808310.194,57,476,None,Move,browsing
1568808310.202,54,476,None,Move,browsing
1568808310.21,51,476,None,Move,browsing
1568808310.218,47,476,None,Move,browsing
1568808310.226,43,476,None,Move,browsing
1568808310.235,40,476,None,Move,browsing
1568808310.242,37,475,None,Move,browsing
1568808310.2489998,34,475,None,Move,browsing
1568808310.256,31,474,None,Move,browsing
1568808310.264,27,473,None,Move,browsing
1568808310.272,26,473,None,Move,browsing
1568808310.28,25,472,None,Move,browsing
1568808310.286,23,472,None,Move,browsing
1568808310.295,23,472,None,Move,browsing
1568808310.303,23,472,None,Move,browsing
1568808310.311,22,472,None,Move,browsing
1568808310.373,22,472,None,Move,browsing
1568808310.3920002,22,472,None,Move,browsing
1568808310.4,22,472,None,Move,browsing
1568808310.41,22,473,None,Move,browsing
1568808310.419,21,473,None,Move,browsing
1568808310.426,21,473,None,Move,browsing
1568808310.435,21,473,None,Move,browsing
1568808310.4429998,21,474,None,Move,browsing
1568808310.451,20,474,None,Move,browsing
1568808310.459,20,474,None,Move,browsing
1568808310.467,19,475,None,Move,browsing
1568808310.48,19,476,None,Move,browsing
1568808310.596,18,476,None,Move,browsing
1568808310.604,18,476,None,Move,browsing
1568808310.6120002,17,476,None,Move,browsing
1568808310.6279998,16,476,None,Move,browsing
1568808310.6360002,15,476,None,Move,browsing
1568808310.645,15,476,None,Move,browsing
1568808310.651,14,476,None,Move,browsing
1568808310.658,14,476,None,Move,browsing
1568808310.666,13,476,None,Move,browsing
1568808310.675,13,476,None,Move,browsing
1568808310.6829998,11,475,None,Move,browsing
1568808310.69,11,475,None,Move,browsing
1568808310.699,10,475,None,Move,browsing
1568808310.707,10,475,None,Move,browsing
1568808310.83,10,475,Left,Pressed,browsing
1568808310.914,10,475,Left,Released,browsing
1568808311.03,10,475,None,Move,browsing
1568808311.038,10,476,None,Move,browsing
1568808311.0470002,13,476,None,Move,browsing
1568808311.054,15,477,None,Move,browsing
1568808311.063,17,478,None,Move,browsing
1568808311.071,19,478,None,Move,browsing
1568808311.076,21,479,None,Move,browsing
1568808311.084,24,479,None,Move,browsing
1568808311.092,27,481,None,Move,browsing
1568808311.101,29,482,None,Move,browsing
1568808311.109,32,483,None,Move,browsing
1568808311.117,35,485,None,Move,browsing
1568808311.125,40,487,None,Move,browsing
1568808311.131,43,488,None,Move,browsing
1568808311.139,48,490,None,Move,browsing
1568808311.147,52,492,None,Move,browsing
1568808311.155,57,494,None,Move,browsing
1568808311.163,60,495,None,Move,browsing
1568808311.171,65,498,None,Move,browsing
1568808311.179,68,501,None,Move,browsing
1568808311.187,73,502,None,Move,browsing
1568808311.195,76,503,None,Move,browsing
1568808311.201,79,505,None,Move,browsing
1568808311.208,82,506,None,Move,browsing
1568808311.216,86,507,None,Move,browsing
1568808311.225,88,508,None,Move,browsing
1568808311.232,89,508,None,Move,browsing
1568808311.2410002,90,508,None,Move,browsing
1568808311.248,91,509,None,Move,browsing
1568808311.2570002,91,509,None,Move,browsing
1568808311.31,91,509,None,Move,browsing
1568808311.3179998,92,509,None,Move,browsing
1568808311.324,92,508,None,Move,browsing
1568808311.332,92,507,None,Move,browsing
1568808311.34,92,505,None,Move,browsing
1568808311.3479998,93,504,None,Move,browsing
1568808311.356,93,503,None,Move,browsing
1568808311.3639998,93,501,None,Move,browsing
1568808311.37,94,499,None,Move,browsing
1568808311.3779998,95,499,None,Move,browsing
1568808311.3860002,95,498,None,Move,browsing
1568808311.394,95,496,None,Move,browsing
1568808311.4020002,95,496,None,Move,browsing
1568808311.41,95,495,None,Move,browsing
1568808311.418,95,494,None,Move,browsing
1568808311.426,95,494,None,Move,browsing
1568808311.4320002,95,493,None,Move,browsing
1568808311.441,95,493,None,Move,browsing
1568808311.457,95,492,None,Move,browsing
1568808311.526,95,492,Left,Pressed,browsing
1568808311.611,95,492,Left,Released,browsing
1568808311.666,95,492,None,Move,browsing
1568808311.675,96,492,None,Move,browsing
1568808311.68,97,493,None,Move,browsing
1568808311.69,99,494,None,Move,browsing
1568808311.697,100,494,None,Move,browsing
1568808311.705,103,495,None,Move,browsing
1568808311.7129998,109,496,None,Move,browsing
1568808311.729,121,498,None,Move,browsing
1568808311.736,125,500,None,Move,browsing
1568808311.744,132,501,None,Move,browsing
1568808311.75,140,503,None,Move,browsing
1568808311.758,150,505,None,Move,browsing
1568808311.766,159,506,None,Move,browsing
1568808311.775,173,507,None,Move,browsing
1568808311.782,183,508,None,Move,browsing
1568808311.79,196,511,None,Move,browsing
1568808311.798,209,512,None,Move,browsing
1568808311.804,221,512,None,Move,browsing
1568808311.814,234,512,None,Move,browsing
1568808311.826,246,512,None,Move,browsing
1568808311.836,274,512,None,Move,browsing
1568808311.85,284,513,None,Move,browsing
1568808311.8620002,304,513,None,Move,browsing
1568808311.869,312,513,None,Move,browsing
1568808311.875,320,513,None,Move,browsing
1568808311.8820002,325,513,None,Move,browsing
1568808311.891,332,513,None,Move,browsing
1568808311.8979998,339,513,None,Move,browsing
1568808311.907,344,513,None,Move,browsing
1568808311.914,351,513,None,Move,browsing
1568808311.9220002,358,513,None,Move,browsing
1568808311.929,364,513,None,Move,browsing
1568808311.936,371,513,None,Move,browsing
1568808311.944,378,513,None,Move,browsing
1568808311.952,385,512,None,Move,browsing
1568808311.961,392,511,None,Move,browsing
1568808311.969,399,510,None,Move,browsing
1568808311.9770002,405,509,None,Move,browsing
1568808311.985,412,508,None,Move,browsing
1568808311.9910002,419,507,None,Move,browsing
1568808311.998,425,506,None,Move,browsing
1568808312.0070002,430,505,None,Move,browsing
1568808312.015,436,504,None,Move,browsing
1568808312.022,442,503,None,Move,browsing
1568808312.03,447,502,None,Move,browsing
1568808312.038,452,500,None,Move,browsing
1568808312.044,456,500,None,Move,browsing
1568808312.052,459,499,None,Move,browsing
1568808312.06,462,498,None,Move,browsing
1568808312.0679998,464,497,None,Move,browsing
1568808312.076,464,497,None,Move,browsing
1568808312.084,465,497,None,Move,browsing
1568808312.092,465,496,None,Move,browsing
1568808312.1920002,466,496,None,Move,browsing
1568808312.202,466,496,None,Move,browsing
1568808312.208,467,495,None,Move,browsing
1568808312.216,468,495,None,Move,browsing
1568808312.222,469,494,None,Move,browsing
1568808312.23,469,493,None,Move,browsing
1568808312.238,471,493,None,Move,browsing
1568808312.2470002,471,493,None,Move,browsing
1568808312.254,472,492,None,Move,browsing
1568808312.262,473,492,None,Move,browsing
1568808312.27,474,492,None,Move,browsing
1568808312.278,475,491,None,Move,browsing
1568808312.284,476,490,None,Move,browsing
1568808312.292,477,490,None,Move,browsing
1568808312.301,477,490,None,Move,browsing
1568808312.316,478,489,None,Move,browsing
1568808312.325,478,489,None,Move,browsing
1568808312.341,479,489,None,Move,browsing
1568808312.363,479,489,None,Move,browsing
1568808312.6120002,481,489,None,Move,browsing
1568808312.619,481,489,None,Move,browsing
1568808312.6260002,482,489,None,Move,browsing
1568808312.6339998,483,489,None,Move,browsing
1568808312.651,484,489,None,Move,browsing
1568808312.657,484,489,None,Move,browsing
1568808312.673,485,488,None,Move,browsing
1568808313.1379998,485,488,None,Move,browsing
1568808313.145,487,487,None,Move,browsing
1568808313.1520002,487,487,None,Move,browsing
1568808313.161,488,486,None,Move,browsing
1568808313.169,490,486,None,Move,browsing
1568808313.177,491,486,None,Move,browsing
1568808313.185,492,485,None,Move,browsing
1568808313.1920002,495,484,None,Move,browsing
1568808313.199,497,483,None,Move,browsing
1568808313.207,499,483,None,Move,browsing
1568808313.215,501,482,None,Move,browsing
1568808313.222,503,482,None,Move,browsing
1568808313.231,509,481,None,Move,browsing
1568808313.2389998,514,480,None,Move,browsing
1568808313.2489998,518,479,None,Move,browsing
1568808313.255,527,478,None,Move,browsing
1568808313.2629998,536,478,None,Move,browsing
1568808313.268,549,478,None,Move,browsing
1568808313.2770002,562,478,None,Move,browsing
1568808313.285,576,477,None,Move,browsing
1568808313.293,592,476,None,Move,browsing
1568808313.3,610,473,None,Move,browsing
1568808313.3079998,628,471,None,Move,browsing
1568808313.3170002,646,468,None,Move,browsing
1568808313.324,672,465,None,Move,browsing
1568808313.331,690,461,None,Move,browsing
1568808313.339,708,459,None,Move,browsing
1568808313.346,722,455,None,Move,browsing
1568808313.354,734,453,None,Move,browsing
1568808313.3620002,743,450,None,Move,browsing
1568808313.37,751,447,None,Move,browsing
1568808313.3779998,757,444,None,Move,browsing
1568808313.3839998,761,441,None,Move,browsing
1568808313.3920002,764,439,None,Move,browsing
1568808313.4,765,437,None,Move,browsing
1568808313.409,765,435,None,Move,browsing
1568808313.418,765,433,None,Move,browsing
1568808313.425,764,431,None,Move,browsing
1568808313.4329998,763,428,None,Move,browsing
1568808313.439,761,425,None,Move,browsing
1568808313.446,759,421,None,Move,browsing
1568808313.455,756,416,None,Move,browsing
1568808313.462,752,410,None,Move,browsing
1568808313.47,748,404,None,Move,browsing
1568808313.479,743,397,None,Move,browsing
1568808313.4870002,736,390,None,Move,browsing
1568808313.495,729,381,None,Move,browsing
1568808313.5029998,721,373,None,Move,browsing
1568808313.5089998,714,365,None,Move,browsing
1568808313.5170002,704,357,None,Move,browsing
1568808313.525,694,349,None,Move,browsing
1568808313.533,682,342,None,Move,browsing
1568808313.541,671,336,None,Move,browsing
1568808313.549,658,329,None,Move,browsing
1568808313.5570002,647,322,None,Move,browsing
1568808313.5670002,639,318,None,Move,browsing
1568808313.572,630,313,None,Move,browsing
1568808313.581,623,309,None,Move,browsing
1568808313.587,617,305,None,Move,browsing
1568808313.6079998,612,301,None,Move,browsing
1568808313.613,604,293,None,Move,browsing
1568808313.6179998,599,289,None,Move,browsing
1568808313.6239998,595,285,None,Move,browsing
1568808313.633,592,282,None,Move,browsing
1568808313.64,588,277,None,Move,browsing
1568808313.649,585,273,None,Move,browsing
1568808313.658,582,269,None,Move,browsing
1568808313.665,580,265,None,Move,browsing
1568808313.6720002,577,262,None,Move,browsing
1568808313.68,576,260,None,Move,browsing
1568808313.686,574,258,None,Move,browsing
1568808313.694,573,256,None,Move,browsing
1568808313.702,572,253,None,Move,browsing
1568808313.71,570,251,None,Move,browsing
1568808313.7270002,569,245,None,Move,browsing
1568808313.734,567,243,None,Move,browsing
1568808313.742,567,241,None,Move,browsing
1568808313.7570002,566,238,None,Move,browsing
1568808313.764,566,237,None,Move,browsing
1568808313.772,565,236,None,Move,browsing
1568808313.785,565,236,None,Move,browsing
1568808313.793,565,235,None,Move,browsing
1568808313.799,565,235,None,Move,browsing
1568808313.804,565,234,None,Move,browsing
1568808313.81,565,234,None,Move,browsing
1568808313.834,565,233,None,Move,browsing
1568808313.842,566,232,None,Move,browsing
1568808313.851,566,232,None,Move,browsing
1568808313.859,566,231,None,Move,browsing
1568808313.867,568,229,None,Move,browsing
1568808313.8739998,569,228,None,Move,browsing
1568808313.881,570,226,None,Move,browsing
1568808313.889,573,225,None,Move,browsing
1568808313.896,575,223,None,Move,browsing
1568808313.905,578,221,None,Move,browsing
1568808313.913,583,218,None,Move,browsing
1568808313.921,588,216,None,Move,browsing
1568808313.929,592,215,None,Move,browsing
1568808313.935,595,213,None,Move,browsing
1568808313.945,599,211,None,Move,browsing
1568808313.951,602,210,None,Move,browsing
1568808313.958,605,208,None,Move,browsing
1568808313.967,607,207,None,Move,browsing
1568808313.974,609,207,None,Move,browsing
1568808313.9829998,611,206,None,Move,browsing
1568808313.99,612,205,None,Move,browsing
1568808313.9970002,615,205,None,Move,browsing
1568808314.005,616,205,None,Move,browsing
1568808314.0129998,617,205,None,Move,browsing
1568808314.021,618,205,None,Move,browsing
1568808314.028,620,205,None,Move,browsing
1568808314.0370002,621,205,None,Move,browsing
1568808314.046,622,205,None,Move,browsing
1568808314.05,624,205,None,Move,browsing
1568808314.059,625,205,None,Move,browsing
1568808314.0679998,626,205,None,Move,browsing
1568808314.075,628,206,None,Move,browsing
1568808314.083,629,206,None,Move,browsing
1568808314.09,629,207,None,Move,browsing
1568808314.0979998,631,207,None,Move,browsing
1568808314.106,631,207,None,Move,browsing
1568808314.1120002,631,207,None,Move,browsing
1568808314.12,632,207,None,Move,browsing
1568808314.161,632,208,None,Move,browsing
1568808314.174,632,208,None,Move,browsing
1568808314.191,633,208,None,Move,browsing
1568808314.2,633,208,None,Move,browsing
1568808314.207,634,208,None,Move,browsing
1568808314.214,635,208,None,Move,browsing
1568808314.222,635,208,None,Move,browsing
1568808314.229,636,209,None,Move,browsing
1568808314.2389998,636,209,None,Move,browsing
1568808314.244,638,210,None,Move,browsing
1568808314.2529998,639,211,None,Move,browsing
1568808314.268,641,213,None,Move,browsing
1568808314.2770002,649,217,None,Move,browsing
1568808314.285,654,220,None,Move,browsing
1568808314.293,660,223,None,Move,browsing
1568808314.3,666,226,None,Move,browsing
1568808314.3070002,672,231,None,Move,browsing
1568808314.315,679,236,None,Move,browsing
1568808314.323,683,239,None,Move,browsing
1568808314.331,686,240,None,Move,browsing
1568808314.341,687,242,None,Move,browsing
1568808314.347,687,245,None,Move,browsing
1568808314.355,687,247,None,Move,browsing
1568808314.36,687,249,None,Move,browsing
1568808314.369,685,251,None,Move,browsing
1568808314.377,681,255,None,Move,browsing
1568808314.3839998,677,259,None,Move,browsing
1568808314.393,672,263,None,Move,browsing
1568808314.401,668,268,None,Move,browsing
1568808314.409,662,274,None,Move,browsing
1568808314.415,659,279,None,Move,browsing
1568808314.4220002,654,284,None,Move,browsing
1568808314.44,645,292,None,Move,browsing
1568808314.446,640,295,None,Move,browsing
1568808314.6320002,644,295,None,Move,browsing
1568808314.64,645,295,None,Move,browsing
1568808314.656,646,294,None,Move,browsing
1568808314.664,646,293,None,Move,browsing
1568808314.671,645,293,None,Move,browsing
1568808314.679,644,293,None,Move,browsing
1568808314.695,643,293,None,Move,browsing
1568808314.7029998,643,293,None,Move,browsing
1568808314.711,642,293,None,Move,browsing
1568808314.719,642,294,None,Move,browsing
1568808314.7489998,642,293,None,Move,browsing
1568808314.756,642,293,None,Move,browsing
1568808314.764,646,293,None,Move,browsing
1568808314.772,649,291,None,Move,browsing
1568808314.779,654,288,None,Move,browsing
1568808314.7870002,660,285,None,Move,browsing
1568808314.796,667,281,None,Move,browsing
1568808314.803,674,274,None,Move,browsing
1568808314.811,680,270,None,Move,browsing
1568808314.819,687,264,None,Move,browsing
1568808314.826,695,259,None,Move,browsing
1568808314.834,704,255,None,Move,browsing
1568808314.84,713,251,None,Move,browsing
1568808314.8479998,723,247,None,Move,browsing
1568808314.856,733,244,None,Move,browsing
1568808314.875,754,234,None,Move,browsing
1568808314.88,762,230,None,Move,browsing
1568808314.8879998,771,226,None,Move,browsing
1568808314.896,777,222,None,Move,browsing
1568808314.904,779,218,None,Move,browsing
1568808314.913,781,216,None,Move,browsing
1568808314.919,781,215,None,Move,browsing
1568808314.926,782,212,None,Move,browsing
1568808314.934,782,211,None,Move,browsing
1568808314.9420002,782,210,None,Move,browsing
1568808314.95,781,209,None,Move,browsing
1568808314.959,779,208,None,Move,browsing
1568808314.968,778,207,None,Move,browsing
1568808314.974,776,206,None,Move,browsing
1568808314.98,773,206,None,Move,browsing
1568808314.99,771,205,None,Move,browsing
1568808314.996,770,204,None,Move,browsing
1568808315.004,768,203,None,Move,browsing
1568808315.0129998,765,203,None,Move,browsing
1568808315.018,764,202,None,Move,browsing
1568808315.0270002,762,201,None,Move,browsing
1568808315.035,761,201,None,Move,browsing
1568808315.043,758,200,None,Move,browsing
1568808315.051,756,200,None,Move,browsing
1568808315.059,754,199,None,Move,browsing
1568808315.0670002,752,199,None,Move,browsing
1568808315.075,750,198,None,Move,browsing
1568808315.083,747,198,None,Move,browsing
1568808315.091,746,197,None,Move,browsing
1568808315.097,745,196,None,Move,browsing
1568808315.105,743,196,None,Move,browsing
1568808315.113,742,196,None,Move,browsing
1568808315.12,742,195,None,Move,browsing
1568808315.129,741,195,None,Move,browsing
1568808315.137,740,195,None,Move,browsing
1568808315.145,740,194,None,Move,browsing
1568808315.166,740,194,None,Move,browsing
1568808315.1820002,740,193,None,Move,browsing
1568808315.196,740,193,None,Move,browsing
1568808315.201,740,192,None,Move,browsing
1568808315.207,740,191,None,Move,browsing
1568808315.212,740,190,None,Move,browsing
1568808315.22,740,190,None,Move,browsing
1568808315.228,740,189,None,Move,browsing
1568808315.236,740,189,None,Move,browsing
1568808315.244,740,188,None,Move,browsing
1568808315.252,740,188,None,Move,browsing
1568808315.262,741,187,None,Move,browsing
1568808315.274,741,186,None,Move,browsing
1568808315.282,742,186,None,Move,browsing
1568808315.306,742,185,None,Move,browsing
1568808315.32,743,185,None,Move,browsing
1568808315.329,743,185,None,Move,browsing
1568808315.336,743,185,None,Move,browsing
1568808316.3739998,745,185,None,Move,browsing
1568808316.3820002,750,188,None,Move,browsing
1568808316.39,760,192,None,Move,browsing
1568808316.4,774,198,None,Move,browsing
1568808316.406,796,205,None,Move,browsing
1568808316.414,826,214,None,Move,browsing
1568808316.4220002,866,223,None,Move,browsing
1568808316.428,920,237,None,Move,browsing
1568808316.436,987,253,None,Move,browsing
1568808316.444,1059,268,None,Move,browsing
1568808316.457,1145,284,None,Move,browsing
1568808316.461,1248,288,None,Move,browsing
1568808316.469,1358,288,None,Move,browsing
1568808316.476,1466,288,None,Move,browsing
1568808316.484,1574,288,None,Move,browsing
1568808316.4910002,1669,283,None,Move,browsing
1568808316.498,1759,276,None,Move,browsing
1568808316.521,1832,272,None,Move,browsing
1568808316.526,1933,254,None,Move,browsing
1568808316.531,1963,246,None,Move,browsing
1568808316.549,1980,239,None,Move,browsing
1568808316.553,1981,238,None,Move,browsing
1568808316.571,1980,238,None,Move,browsing
1568808316.58,1975,238,None,Move,browsing
1568808316.586,1967,238,None,Move,browsing
1568808316.593,1957,238,None,Move,browsing
1568808316.601,1947,238,None,Move,browsing
1568808316.607,1933,238,None,Move,browsing
1568808316.615,1921,240,None,Move,browsing
1568808316.6260002,1910,241,None,Move,browsing
1568808316.6379998,1901,242,None,Move,browsing
1568808316.645,1891,243,None,Move,browsing
1568808316.65,1887,244,None,Move,browsing
1568808316.67,1877,244,None,Move,browsing
1568808316.677,1874,244,None,Move,browsing
1568808316.684,1874,244,None,Move,browsing
1568808316.731,1874,245,None,Move,browsing
1568808316.742,1874,245,None,Move,browsing
1568808316.756,1875,246,None,Move,browsing
1568808316.762,1876,248,None,Move,browsing
1568808316.77,1876,248,None,Move,browsing
1568808316.778,1877,250,None,Move,browsing
1568808316.786,1877,251,None,Move,browsing
1568808316.794,1876,253,None,Move,browsing
1568808316.8,1875,255,None,Move,browsing
1568808316.81,1872,258,None,Move,browsing
1568808316.816,1869,260,None,Move,browsing
1568808316.824,1862,264,None,Move,browsing
1568808316.832,1854,269,None,Move,browsing
1568808316.84,1846,273,None,Move,browsing
1568808316.85,1838,276,None,Move,browsing
1568808316.855,1829,279,None,Move,browsing
1568808316.8620002,1819,282,None,Move,browsing
1568808316.87,1809,284,None,Move,browsing
1568808316.8779998,1798,287,None,Move,browsing
1568808316.8860002,1788,288,None,Move,browsing
1568808316.895,1779,290,None,Move,browsing
1568808316.9020002,1773,292,None,Move,browsing
1568808316.909,1766,295,None,Move,browsing
1568808316.917,1761,297,None,Move,browsing
1568808316.925,1758,298,None,Move,browsing
1568808316.935,1755,301,None,Move,browsing
1568808316.941,1752,303,None,Move,browsing
1568808316.949,1751,305,None,Move,browsing
1568808316.971,1750,307,None,Move,browsing
1568808316.976,1751,312,None,Move,browsing
1568808316.98,1752,314,None,Move,browsing
1568808316.9870002,1756,317,None,Move,browsing
1568808316.995,1758,320,None,Move,browsing
1568808317.0029998,1764,324,None,Move,browsing
1568808317.0110002,1770,328,None,Move,browsing
1568808317.019,1776,332,None,Move,browsing
1568808317.0270002,1781,335,None,Move,browsing
1568808317.035,1786,338,None,Move,browsing
1568808317.041,1790,340,None,Move,browsing
1568808317.051,1792,340,None,Move,browsing
1568808317.0570002,1795,340,None,Move,browsing
1568808317.065,1797,341,None,Move,browsing
1568808317.072,1799,341,None,Move,browsing
1568808317.081,1800,342,None,Move,browsing
1568808317.0879998,1802,343,None,Move,browsing
1568808317.096,1805,346,None,Move,browsing
1568808317.104,1806,349,None,Move,browsing
1568808317.111,1809,352,None,Move,browsing
1568808317.119,1812,357,None,Move,browsing
1568808317.127,1813,360,None,Move,browsing
1568808317.135,1816,364,None,Move,browsing
1568808317.143,1817,365,None,Move,browsing
1568808317.1520002,1818,367,None,Move,browsing
1568808317.157,1818,367,None,Move,browsing
1568808317.164,1818,367,None,Move,browsing
1568808317.18,1818,367,None,Move,browsing
1568808317.188,1817,367,None,Move,browsing
1568808317.196,1816,366,None,Move,browsing
1568808317.204,1814,366,None,Move,browsing
1568808317.212,1812,365,None,Move,browsing
1568808317.22,1809,364,None,Move,browsing
1568808317.226,1808,363,None,Move,browsing
1568808317.234,1806,362,None,Move,browsing
1568808317.242,1804,362,None,Move,browsing
1568808317.2510002,1804,362,None,Move,browsing
1568808317.258,1803,362,None,Move,browsing
1568808317.266,1802,362,None,Move,browsing
1568808317.272,1802,362,None,Move,browsing
1568808317.281,1800,362,None,Move,browsing
1568808317.288,1800,362,None,Move,browsing
1568808317.296,1798,362,None,Move,browsing
1568808317.305,1796,361,None,Move,browsing
1568808317.313,1793,361,None,Move,browsing
1568808317.32,1786,360,None,Move,browsing
1568808317.329,1776,357,None,Move,browsing
1568808317.335,1765,355,None,Move,browsing
1568808317.345,1750,353,None,Move,browsing
1568808317.351,1732,350,None,Move,browsing
1568808317.359,1709,347,None,Move,browsing
1568808317.367,1686,345,None,Move,browsing
1568808317.375,1663,342,None,Move,browsing
1568808317.383,1645,339,None,Move,browsing
1568808317.391,1622,336,None,Move,browsing
1568808317.399,1599,333,None,Move,browsing
1568808317.405,1570,329,None,Move,browsing
1568808317.413,1538,322,None,Move,browsing
1568808317.42,1493,314,None,Move,browsing
1568808317.429,1448,307,None,Move,browsing
1568808317.436,1395,297,None,Move,browsing
1568808317.444,1339,287,None,Move,browsing
1568808317.4529998,1283,277,None,Move,browsing
1568808317.46,1224,265,None,Move,browsing
1568808317.469,1161,255,None,Move,browsing
1568808317.474,1095,248,None,Move,browsing
1568808317.482,1029,242,None,Move,browsing
1568808317.504,972,238,None,Move,browsing
1568808317.508,874,236,None,Move,browsing
1568808317.514,830,236,None,Move,browsing
1568808317.52,792,236,None,Move,browsing
1568808317.528,762,237,None,Move,browsing
1568808317.536,735,237,None,Move,browsing
1568808317.544,705,237,None,Move,browsing
1568808317.552,680,237,None,Move,browsing
1568808317.562,658,237,None,Move,browsing
1568808317.5679998,639,237,None,Move,browsing
1568808317.574,623,237,None,Move,browsing
1568808317.582,609,237,None,Move,browsing
1568808317.591,598,236,None,Move,browsing
1568808317.599,589,235,None,Move,browsing
1568808317.607,582,234,None,Move,browsing
1568808317.615,579,233,None,Move,browsing
1568808317.623,577,232,None,Move,browsing
1568808317.63,576,232,None,Move,browsing
1568808317.66,576,231,None,Move,browsing
1568808317.668,576,231,None,Move,browsing
1568808317.677,576,230,None,Move,browsing
1568808317.684,576,229,None,Move,browsing
1568808317.6929998,576,229,None,Move,browsing
1568808317.7,576,228,None,Move,browsing
1568808317.707,576,228,None,Move,browsing
1568808317.715,576,227,None,Move,browsing
1568808317.7229998,576,226,None,Move,browsing
1568808317.7329998,576,225,None,Move,browsing
1568808317.7389998,577,223,None,Move,browsing
1568808317.7470002,578,222,None,Move,browsing
1568808317.752,578,221,None,Move,browsing
1568808317.7610002,578,219,None,Move,browsing
1568808317.769,578,219,None,Move,browsing
1568808317.781,579,217,None,Move,browsing
1568808317.785,579,216,None,Move,browsing
1568808317.793,580,215,None,Move,browsing
1568808317.801,580,213,None,Move,browsing
1568808317.809,581,211,None,Move,browsing
1568808317.8170002,581,210,None,Move,browsing
1568808317.822,581,208,None,Move,browsing
1568808317.83,581,206,None,Move,browsing
1568808317.8379998,580,204,None,Move,browsing
1568808317.847,578,202,None,Move,browsing
1568808317.856,574,199,None,Move,browsing
1568808317.8620002,570,197,None,Move,browsing
1568808317.87,564,197,None,Move,browsing
1568808317.8779998,556,197,None,Move,browsing
1568808317.8839998,549,197,None,Move,browsing
1568808317.8920002,541,197,None,Move,browsing
1568808317.9,532,197,None,Move,browsing
1568808317.908,524,197,None,Move,browsing
1568808317.916,516,197,None,Move,browsing
1568808317.924,508,196,None,Move,browsing
1568808317.9320002,501,196,None,Move,browsing
1568808317.94,494,196,None,Move,browsing
1568808317.946,489,196,None,Move,browsing
1568808317.954,483,195,None,Move,browsing
1568808317.962,479,194,None,Move,browsing
1568808317.97,474,192,None,Move,browsing
1568808317.978,472,191,None,Move,browsing
1568808317.986,471,191,None,Move,browsing
1568808317.994,470,190,None,Move,browsing
1568808318.002,470,189,None,Move,browsing
1568808318.008,469,189,None,Move,browsing
1568808318.016,469,189,None,Move,browsing
1568808318.033,468,188,None,Move,browsing
1568808318.0570002,468,188,None,Move,browsing
1568808318.065,467,187,None,Move,browsing
1568808318.075,466,187,None,Move,browsing
1568808318.079,466,187,None,Move,browsing
1568808318.087,465,186,None,Move,browsing
1568808318.095,465,185,None,Move,browsing
1568808318.103,465,185,None,Move,browsing
1568808318.111,464,185,None,Move,browsing
1568808318.119,464,185,None,Move,browsing
1568808318.127,463,184,None,Move,browsing
1568808318.133,463,184,None,Move,browsing
1568808318.143,462,184,None,Move,browsing
1568808318.149,462,183,None,Move,browsing
1568808318.157,462,183,None,Move,browsing
1568808318.218,461,183,None,Move,browsing
1568808318.226,460,182,None,Move,browsing
1568808318.234,459,182,None,Move,browsing
1568808318.242,458,181,None,Move,browsing
1568808318.248,457,181,None,Move,browsing
1568808318.256,456,181,None,Move,browsing
1568808318.2670002,455,181,None,Move,browsing
1568808318.272,455,181,None,Move,browsing
1568808318.281,454,181,None,Move,browsing
1568808318.289,453,181,None,Move,browsing
1568808318.2970002,452,180,None,Move,browsing
1568808318.305,452,180,None,Move,browsing
1568808318.311,451,180,None,Move,browsing
1568808318.319,451,180,None,Move,browsing
1568808318.42,451,180,Left,Pressed,browsing
1568808318.49,451,180,Left,Released,browsing
1568808318.566,451,180,None,Move,browsing
1568808318.574,452,181,None,Move,browsing
1568808318.582,456,184,None,Move,browsing
1568808318.59,462,188,None,Move,browsing
1568808318.601,471,192,None,Move,browsing
1568808318.61,481,197,None,Move,browsing
1568808318.615,492,202,None,Move,browsing
1568808318.6239998,504,209,None,Move,browsing
1568808318.629,520,216,None,Move,browsing
1568808318.637,535,224,None,Move,browsing
1568808318.645,553,232,None,Move,browsing
1568808318.654,573,241,None,Move,browsing
1568808318.664,596,250,None,Move,browsing
1568808318.675,662,278,None,Move,browsing
1568808318.6829998,693,291,None,Move,browsing
1568808318.691,723,303,None,Move,browsing
1568808318.701,754,315,None,Move,browsing
1568808318.707,785,327,None,Move,browsing
1568808318.715,813,339,None,Move,browsing
1568808318.722,846,351,None,Move,browsing
1568808318.731,882,362,None,Move,browsing
1568808318.7370002,928,375,None,Move,browsing
1568808318.744,971,388,None,Move,browsing
1568808318.752,1018,404,None,Move,browsing
1568808318.76,1061,417,None,Move,browsing
1568808318.768,1111,425,None,Move,browsing
1568808318.778,1154,434,None,Move,browsing
1568808318.783,1199,442,None,Move,browsing
1568808318.79,1248,443,None,Move,browsing
1568808318.798,1290,447,None,Move,browsing
1568808318.806,1326,452,None,Move,browsing
1568808318.814,1363,458,None,Move,browsing
1568808318.822,1393,458,None,Move,browsing
1568808318.83,1420,458,None,Move,browsing
1568808318.8379998,1442,458,None,Move,browsing
1568808318.846,1457,458,None,Move,browsing
1568808318.8520002,1471,458,None,Move,browsing
1568808318.86,1483,458,None,Move,browsing
1568808318.8679998,1492,458,None,Move,browsing
1568808318.8760002,1502,458,None,Move,browsing
1568808318.8839998,1509,458,None,Move,browsing
1568808318.8920002,1514,458,None,Move,browsing
1568808318.9,1519,458,None,Move,browsing
1568808318.908,1524,458,None,Move,browsing
1568808318.914,1526,458,None,Move,browsing
1568808318.9220002,1529,458,None,Move,browsing
1568808318.93,1530,458,None,Move,browsing
1568808318.938,1531,458,None,Move,browsing
1568808318.948,1532,458,None,Move,browsing
1568808318.962,1532,458,None,Move,browsing
1568808318.976,1532,458,None,Move,browsing
1568808318.984,1532,458,None,Move,browsing
1568808318.994,1532,457,None,Move,browsing
1568808319.0,1532,455,None,Move,browsing
1568808319.008,1535,453,None,Move,browsing
1568808319.0170002,1538,452,None,Move,browsing
1568808319.024,1544,449,None,Move,browsing
1568808319.032,1552,446,None,Move,browsing
1568808319.038,1562,444,None,Move,browsing
1568808319.046,1577,441,None,Move,browsing
1568808319.055,1591,439,None,Move,browsing
1568808319.062,1606,436,None,Move,browsing
1568808319.071,1624,434,None,Move,browsing
1568808319.079,1641,431,None,Move,browsing
1568808319.085,1661,426,None,Move,browsing
1568808319.093,1678,423,None,Move,browsing
1568808319.101,1694,421,None,Move,browsing
1568808319.111,1707,420,None,Move,browsing
1568808319.117,1719,417,None,Move,browsing
1568808319.125,1730,415,None,Move,browsing
1568808319.1320002,1738,413,None,Move,browsing
1568808319.141,1745,411,None,Move,browsing
1568808319.1479998,1751,409,None,Move,browsing
1568808319.154,1753,408,None,Move,browsing
1568808319.1620002,1756,406,None,Move,browsing
1568808319.17,1756,405,None,Move,browsing
1568808319.178,1756,404,None,Move,browsing
1568808319.186,1755,401,None,Move,browsing
1568808319.194,1752,398,None,Move,browsing
1568808319.202,1748,393,None,Move,browsing
1568808319.21,1744,390,None,Move,browsing
1568808319.218,1741,386,None,Move,browsing
1568808319.224,1738,384,None,Move,browsing
1568808319.232,1737,382,None,Move,browsing
1568808319.24,1737,381,None,Move,browsing
1568808319.248,1737,380,None,Move,browsing
1568808319.256,1737,380,None,Move,browsing
1568808319.264,1738,378,None,Move,browsing
1568808319.27,1738,378,None,Move,browsing
1568808319.278,1740,377,None,Move,browsing
1568808319.286,1742,375,None,Move,browsing
1568808319.294,1744,374,None,Move,browsing
1568808319.303,1747,371,None,Move,browsing
1568808319.31,1752,369,None,Move,browsing
1568808319.3179998,1757,367,None,Move,browsing
1568808319.326,1761,364,None,Move,browsing
1568808319.332,1765,361,None,Move,browsing
1568808319.34,1768,359,None,Move,browsing
1568808319.3479998,1772,357,None,Move,browsing
1568808319.3579998,1775,354,None,Move,browsing
1568808319.3639998,1777,353,None,Move,browsing
1568808319.3720002,1779,351,None,Move,browsing
1568808319.381,1780,351,None,Move,browsing
1568808319.3879998,1781,350,None,Move,browsing
1568808319.394,1781,350,None,Move,browsing
1568808319.405,1782,349,None,Move,browsing
1568808319.41,1782,348,None,Move,browsing
1568808319.427,1782,348,None,Move,browsing
1568808319.434,1782,347,None,Move,browsing
1568808319.4429998,1782,346,None,Move,browsing
1568808319.451,1781,345,None,Move,browsing
1568808319.459,1780,344,None,Move,browsing
1568808319.465,1779,343,None,Move,browsing
1568808319.472,1778,341,None,Move,browsing
1568808319.481,1777,341,None,Move,browsing
1568808319.488,1777,340,None,Move,browsing
1568808319.4970002,1777,339,None,Move,browsing
1568808319.504,1777,338,None,Move,browsing
1568808319.512,1777,337,None,Move,browsing
1568808319.521,1777,336,None,Move,browsing
1568808319.5270002,1777,336,None,Move,browsing
1568808319.534,1777,335,None,Move,browsing
1568808319.659,1777,335,Left,Pressed,browsing
1568808319.744,1777,335,Left,Released,browsing
1568808319.7670002,1777,335,None,Move,browsing
1568808319.822,1777,335,None,Move,browsing
1568808319.829,1777,335,None,Move,browsing
1568808319.836,1776,336,None,Move,browsing
1568808319.844,1775,338,None,Move,browsing
1568808319.8520002,1773,339,None,Move,browsing
1568808319.86,1769,342,None,Move,browsing
1568808319.8679998,1764,346,None,Move,browsing
1568808319.8760002,1757,350,None,Move,browsing
1568808319.8839998,1743,358,None,Move,browsing
1568808319.89,1725,366,None,Move,browsing
1568808319.8979998,1700,375,None,Move,browsing
1568808319.906,1660,383,None,Move,browsing
1568808319.916,1610,390,None,Move,browsing
1568808319.923,1549,398,None,Move,browsing
1568808319.93,1483,407,None,Move,browsing
1568808319.938,1410,422,None,Move,browsing
1568808319.946,1339,432,None,Move,browsing
1568808319.952,1269,447,None,Move,browsing
1568808319.961,1202,461,None,Move,browsing
1568808319.968,1135,478,None,Move,browsing
1568808319.976,1071,495,None,Move,browsing
1568808319.9870002,1009,507,None,Move,browsing
1568808319.992,950,524,None,Move,browsing
1568808319.9989998,891,538,None,Move,browsing
1568808320.006,835,548,None,Move,browsing
1568808320.014,784,560,None,Move,browsing
1568808320.022,739,567,None,Move,browsing
1568808320.032,697,574,None,Move,browsing
1568808320.038,654,584,None,Move,browsing
1568808320.046,621,592,None,Move,browsing
1568808320.054,595,597,None,Move,browsing
1568808320.062,577,601,None,Move,browsing
1568808320.0679998,563,603,None,Move,browsing
1568808320.076,552,606,None,Move,browsing
1568808320.084,547,607,None,Move,browsing
1568808320.092,541,609,None,Move,browsing
1568808320.1,538,610,None,Move,browsing
1568808320.1079998,537,611,None,Move,browsing
1568808320.1160002,537,611,None,Move,browsing
1568808320.154,537,611,None,Move,browsing
1568808320.1620002,537,612,None,Move,browsing
1568808320.17,538,612,None,Move,browsing
1568808320.178,539,613,None,Move,browsing
1568808320.188,539,614,None,Move,browsing
1568808320.195,539,614,None,Move,browsing
1568808320.2,540,615,None,Move,browsing
1568808320.208,540,615,None,Move,browsing
1568808320.217,540,616,None,Move,browsing
1568808320.225,540,617,None,Move,browsing
1568808320.2329998,540,618,None,Move,browsing
1568808320.2410002,540,618,None,Move,browsing
1568808320.2470002,540,619,None,Move,browsing
1568808320.255,540,620,None,Move,browsing
1568808320.2629998,540,621,None,Move,browsing
1568808320.271,540,622,None,Move,browsing
1568808320.279,540,622,None,Move,browsing
1568808320.2870002,540,623,None,Move,browsing
1568808320.294,540,623,None,Move,browsing
1568808320.309,539,624,None,Move,browsing
1568808320.3170002,538,625,None,Move,browsing
1568808320.327,537,625,None,Move,browsing
1568808320.332,536,626,None,Move,browsing
1568808320.34,535,626,None,Move,browsing
1568808320.3479998,534,627,None,Move,browsing
1568808320.356,533,628,None,Move,browsing
1568808320.3620002,531,628,None,Move,browsing
1568808320.37,529,628,None,Move,browsing
1568808320.3779998,526,628,None,Move,browsing
1568808320.3860002,524,628,None,Move,browsing
1568808320.394,522,628,None,Move,browsing
1568808320.4020002,520,628,None,Move,browsing
1568808320.411,517,627,None,Move,browsing
1568808320.418,511,626,None,Move,browsing
1568808320.424,507,624,None,Move,browsing
1568808320.4320002,500,621,None,Move,browsing
1568808320.4420002,492,618,None,Move,browsing
1568808320.448,485,614,None,Move,browsing
1568808320.456,477,609,None,Move,browsing
1568808320.464,468,603,None,Move,browsing
1568808320.472,458,596,None,Move,browsing
1568808320.48,448,588,None,Move,browsing
1568808320.486,437,580,None,Move,browsing
1568808320.496,425,571,None,Move,browsing
1568808320.502,411,561,None,Move,browsing
1568808320.5110002,400,553,None,Move,browsing
1568808320.518,391,546,None,Move,browsing
1568808320.5270002,383,540,None,Move,browsing
1568808320.534,374,532,None,Move,browsing
1568808320.544,368,526,None,Move,browsing
1568808320.549,363,521,None,Move,browsing
1568808320.5570002,359,516,None,Move,browsing
1568808320.565,355,510,None,Move,browsing
1568808320.573,353,508,None,Move,browsing
1568808320.581,350,505,None,Move,browsing
1568808320.589,349,505,None,Move,browsing
1568808320.596,348,503,None,Move,browsing
1568808320.605,348,503,None,Move,browsing
1568808320.611,348,503,None,Move,browsing
1568808320.621,347,503,None,Move,browsing
1568808320.689,346,503,None,Move,browsing
1568808320.696,345,502,None,Move,browsing
1568808320.705,343,502,None,Move,browsing
1568808320.712,341,502,None,Move,browsing
1568808320.721,338,502,None,Move,browsing
1568808320.728,335,502,None,Move,browsing
1568808320.7370002,332,502,None,Move,browsing
1568808320.7429998,329,502,None,Move,browsing
1568808320.7529998,326,502,None,Move,browsing
1568808320.7589998,323,502,None,Move,browsing
1568808320.7670002,320,501,None,Move,browsing
1568808320.775,317,501,None,Move,browsing
1568808320.78,315,501,None,Move,browsing
1568808320.791,313,500,None,Move,browsing
1568808320.806,311,499,None,Move,browsing
1568808320.815,309,499,None,Move,browsing
1568808320.821,308,498,None,Move,browsing
1568808320.829,307,497,None,Move,browsing
1568808320.836,305,497,None,Move,browsing
1568808320.844,305,495,None,Move,browsing
1568808320.85,303,495,None,Move,browsing
1568808320.8579998,302,494,None,Move,browsing
1568808320.8660002,300,493,None,Move,browsing
1568808320.8739998,297,492,None,Move,browsing
1568808320.8820002,295,491,None,Move,browsing
1568808320.89,293,490,None,Move,browsing
1568808320.8979998,292,490,None,Move,browsing
1568808320.906,290,489,None,Move,browsing
1568808320.9120002,290,489,None,Move,browsing
1568808320.92,289,489,None,Move,browsing
1568808320.936,288,489,None,Move,browsing
1568808320.998,287,489,None,Move,browsing
1568808321.006,287,489,None,Move,browsing
1568808321.014,286,489,None,Move,browsing
1568808321.0229998,285,489,None,Move,browsing
1568808321.031,284,489,None,Move,browsing
1568808321.036,282,489,None,Move,browsing
1568808321.044,281,489,None,Move,browsing
1568808321.052,279,490,None,Move,browsing
1568808321.06,277,491,None,Move,browsing
1568808321.069,275,491,None,Move,browsing
1568808321.077,273,491,None,Move,browsing
1568808321.084,272,492,None,Move,browsing
1568808321.092,271,492,None,Move,browsing
1568808321.099,269,492,None,Move,browsing
1568808321.106,269,493,None,Move,browsing
1568808321.255,269,493,Left,Pressed,browsing
1568808321.324,269,493,Left,Released,browsing
1568808321.425,269,493,None,Move,browsing
1568808321.445,272,496,None,Move,browsing
1568808321.4629998,276,499,None,Move,browsing
1568808321.469,278,500,None,Move,browsing
1568808321.474,279,501,None,Move,browsing
1568808321.479,280,502,None,Move,browsing
1568808321.486,281,504,None,Move,browsing
1568808321.494,283,506,None,Move,browsing
1568808321.5029998,285,508,None,Move,browsing
1568808321.5110002,287,510,None,Move,browsing
1568808321.516,289,511,None,Move,browsing
1568808321.525,290,513,None,Move,browsing
1568808321.533,292,514,None,Move,browsing
1568808321.543,294,516,None,Move,browsing
1568808321.549,295,518,None,Move,browsing
1568808321.5570002,297,519,None,Move,browsing
1568808321.565,297,522,None,Move,browsing
1568808321.573,299,523,None,Move,browsing
1568808321.579,300,525,None,Move,browsing
1568808321.587,302,527,None,Move,browsing
1568808321.595,303,530,None,Move,browsing
1568808321.603,306,531,None,Move,browsing
1568808321.613,307,533,None,Move,browsing
1568808321.63,309,536,None,Move,browsing
1568808321.64,314,542,None,Move,browsing
1568808321.651,315,544,None,Move,browsing
1568808321.665,317,545,None,Move,browsing
1568808321.677,317,545,None,Move,browsing
1568808321.788,317,545,None,Move,browsing
1568808321.796,317,545,None,Move,browsing
1568808321.805,317,543,None,Move,browsing
1568808321.8170002,317,542,None,Move,browsing
1568808321.822,317,542,None,Move,browsing
1568808321.8279998,317,540,None,Move,browsing
1568808321.834,317,538,None,Move,browsing
1568808321.843,317,536,None,Move,browsing
1568808321.85,317,534,None,Move,browsing
1568808321.859,316,532,None,Move,browsing
1568808321.8660002,316,530,None,Move,browsing
1568808321.8760002,316,528,None,Move,browsing
1568808321.881,316,527,None,Move,browsing
1568808321.8879998,315,527,None,Move,browsing
1568808321.897,315,526,None,Move,browsing
1568808321.913,315,525,None,Move,browsing
1568808321.982,315,525,None,Move,browsing
1568808321.9929998,315,525,None,Move,browsing
1568808322.6239998,315,526,None,Move,browsing
1568808322.6339998,315,528,None,Move,browsing
1568808322.64,315,531,None,Move,browsing
1568808322.649,315,533,None,Move,browsing
1568808322.656,315,536,None,Move,browsing
1568808322.665,315,538,None,Move,browsing
1568808322.671,316,541,None,Move,browsing
1568808322.6820002,316,543,None,Move,browsing
1568808322.687,316,546,None,Move,browsing
1568808322.695,317,549,None,Move,browsing
1568808322.7029998,317,552,None,Move,browsing
1568808322.711,317,556,None,Move,browsing
1568808322.719,318,559,None,Move,browsing
1568808322.726,319,562,None,Move,browsing
1568808322.732,319,564,None,Move,browsing
1568808322.7410002,320,566,None,Move,browsing
1568808322.75,320,568,None,Move,browsing
1568808322.7570002,321,570,None,Move,browsing
1568808322.764,321,571,None,Move,browsing
1568808322.7729998,322,571,None,Move,browsing
1568808322.78,322,572,None,Move,browsing
1568808322.966,322,572,Left,Pressed,browsing
1568808323.021,322,572,Left,Released,browsing
1568808323.075,323,572,None,Move,browsing
1568808323.082,325,572,None,Move,browsing
1568808323.092,327,572,None,Move,browsing
1568808323.097,330,572,None,Move,browsing
1568808323.104,334,572,None,Move,browsing
1568808323.1120002,339,572,None,Move,browsing
1568808323.12,347,572,None,Move,browsing
1568808323.1279998,355,572,None,Move,browsing
1568808323.1360002,367,572,None,Move,browsing
1568808323.144,380,572,None,Move,browsing
1568808323.1520002,399,572,None,Move,browsing
1568808323.161,420,572,None,Move,browsing
1568808323.17,442,572,None,Move,browsing
1568808323.177,468,570,None,Move,browsing
1568808323.184,496,567,None,Move,browsing
1568808323.19,529,567,None,Move,browsing
1568808323.198,556,565,None,Move,browsing
1568808323.206,584,564,None,Move,browsing
1568808323.214,614,564,None,Move,browsing
1568808323.222,642,562,None,Move,browsing
1568808323.228,672,561,None,Move,browsing
1568808323.236,703,558,None,Move,browsing
1568808323.244,734,554,None,Move,browsing
1568808323.252,763,551,None,Move,browsing
1568808323.262,788,548,None,Move,browsing
1568808323.27,812,545,None,Move,browsing
1568808323.276,837,542,None,Move,browsing
1568808323.285,860,539,None,Move,browsing
1568808323.29,881,537,None,Move,browsing
1568808323.299,896,535,None,Move,browsing
1568808323.319,913,533,None,Move,browsing
1568808323.33,982,523,None,Move,browsing
1568808323.337,992,520,None,Move,browsing
1568808323.345,1002,519,None,Move,browsing
1568808323.353,1011,518,None,Move,browsing
1568808323.361,1017,517,None,Move,browsing
1568808323.3679998,1022,516,None,Move,browsing
1568808323.3760002,1026,516,None,Move,browsing
1568808323.3860002,1029,514,None,Move,browsing
1568808323.3920002,1032,513,None,Move,browsing
1568808323.401,1034,512,None,Move,browsing
1568808323.409,1036,512,None,Move,browsing
1568808323.415,1038,511,None,Move,browsing
1568808323.423,1038,511,None,Move,browsing
1568808323.439,1039,510,None,Move,browsing
1568808323.592,1039,509,None,Move,browsing
1568808323.6079998,1039,509,None,Move,browsing
1568808323.646,1039,508,None,Move,browsing
1568808323.67,1040,508,None,Move,browsing
1568808323.678,1041,508,None,Move,browsing
1568808323.686,1041,508,None,Move,browsing
1568808323.697,1042,508,None,Move,browsing
1568808323.704,1042,508,None,Move,browsing
1568808323.708,1043,508,None,Move,browsing
1568808323.719,1043,508,None,Move,browsing
1568808323.725,1044,508,None,Move,browsing
1568808323.732,1045,508,None,Move,browsing
1568808323.7410002,1045,508,None,Move,browsing
1568808323.7489998,1046,508,None,Move,browsing
1568808323.7570002,1046,508,None,Move,browsing
1568808323.765,1047,508,None,Move,browsing
1568808323.774,1047,508,None,Move,browsing
1568808323.779,1047,508,None,Move,browsing
1568808323.7870002,1048,508,None,Move,browsing
1568808323.803,1049,509,None,Move,browsing
1568808323.819,1049,509,None,Move,browsing
1568808323.827,1049,510,None,Move,browsing
1568808323.832,1050,510,None,Move,browsing
1568808323.84,1050,510,None,Move,browsing
1568808323.849,1051,510,None,Move,browsing
1568808323.865,1051,510,None,Move,browsing
1568808323.8720002,1051,511,None,Move,browsing
1568808323.88,1052,511,None,Move,browsing
1568808323.887,1053,512,None,Move,browsing
1568808323.8979998,1053,512,None,Move,browsing
1568808323.911,1054,514,None,Move,browsing
1568808323.918,1055,516,None,Move,browsing
1568808323.926,1057,517,None,Move,browsing
1568808323.934,1058,519,None,Move,browsing
1568808323.9420002,1060,520,None,Move,browsing
1568808323.95,1064,523,None,Move,browsing
1568808323.956,1070,527,None,Move,browsing
1568808323.966,1076,531,None,Move,browsing
1568808323.972,1084,535,None,Move,browsing
1568808323.98,1099,542,None,Move,browsing
1568808323.988,1115,551,None,Move,browsing
1568808323.996,1141,566,None,Move,browsing
1568808324.004,1164,577,None,Move,browsing
1568808324.014,1190,587,None,Move,browsing
1568808324.021,1215,596,None,Move,browsing
1568808324.026,1239,604,None,Move,browsing
1568808324.034,1264,610,None,Move,browsing
1568808324.042,1287,613,None,Move,browsing
1568808324.051,1309,614,None,Move,browsing
1568808324.059,1320,616,None,Move,browsing
1568808324.0670002,1327,619,None,Move,browsing
1568808324.072,1332,622,None,Move,browsing
1568808324.08,1334,624,None,Move,browsing
1568808324.0879998,1334,625,None,Move,browsing
1568808324.097,1334,628,None,Move,browsing
1568808324.3739998,1335,628,None,Move,browsing
1568808324.3879998,1335,626,None,Move,browsing
1568808324.396,1337,625,None,Move,browsing
1568808324.404,1339,624,None,Move,browsing
1568808324.409,1341,623,None,Move,browsing
1568808324.414,1344,622,None,Move,browsing
1568808324.4220002,1347,621,None,Move,browsing
1568808324.43,1349,619,None,Move,browsing
1568808324.438,1350,619,None,Move,browsing
1568808324.444,1351,619,None,Move,browsing
1568808324.452,1352,619,None,Move,browsing
1568808324.46,1353,620,None,Move,browsing
1568808324.468,1353,620,None,Move,browsing
1568808324.484,1354,620,None,Move,browsing
1568808324.4989998,1354,620,None,Move,browsing
1568808324.518,1355,621,None,Move,browsing
1568808324.528,1357,621,None,Move,browsing
1568808324.533,1357,621,None,Move,browsing
1568808324.539,1358,621,None,Move,browsing
1568808324.5470002,1360,621,None,Move,browsing
1568808324.555,1361,621,None,Move,browsing
1568808324.563,1362,621,None,Move,browsing
1568808324.569,1363,621,None,Move,browsing
1568808324.576,1364,621,None,Move,browsing
1568808324.585,1365,621,None,Move,browsing
1568808324.601,1365,621,None,Move,browsing
1568808324.609,1366,621,None,Move,browsing
1568808324.6160002,1366,621,None,Move,browsing
1568808324.623,1367,621,None,Move,browsing
1568808324.754,1367,621,None,Move,browsing
1568808324.803,1368,621,None,Move,browsing
1568808324.8479998,1369,621,None,Move,browsing
1568808324.856,1369,621,None,Move,browsing
1568808324.87,1369,621,None,Move,browsing
1568808324.8779998,1370,621,None,Move,browsing
1568808324.895,1370,621,None,Move,browsing
1568808324.903,1371,621,None,Move,browsing
1568808324.91,1371,621,None,Move,browsing
1568808324.918,1372,621,None,Move,browsing
1568808324.927,1373,621,None,Move,browsing
1568808324.934,1373,621,None,Move,browsing
1568808324.9420002,1374,621,None,Move,browsing
1568808324.949,1374,621,None,Move,browsing
1568808324.965,1374,620,None,Move,browsing
1568808324.9729998,1375,620,None,Move,browsing
1568808325.0029998,1375,620,None,Move,browsing
1568808325.019,1375,619,None,Move,browsing
1568808325.032,1376,619,None,Move,browsing
1568808325.043,1377,619,None,Move,browsing
1568808325.1520002,1377,619,None,Move,browsing
1568808325.18,1378,619,None,Move,browsing
1568808325.196,1378,618,None,Move,browsing
1568808325.212,1378,618,None,Move,browsing
1568808325.242,1379,618,None,Move,browsing
1568808325.258,1379,618,None,Move,browsing
1568808325.266,1379,618,None,Move,browsing
1568808325.584,1379,618,None,Move,browsing
1568808325.592,1379,618,None,Move,browsing
1568808325.599,1379,618,None,Move,browsing
1568808325.606,1379,620,None,Move,browsing
1568808325.6160002,1380,620,None,Move,browsing
1568808325.623,1380,621,None,Move,browsing
1568808325.631,1380,621,None,Move,browsing
1568808325.639,1380,622,None,Move,browsing
1568808325.647,1380,623,None,Move,browsing
1568808325.66,1380,623,None,Move,browsing
1568808325.668,1380,624,None,Move,browsing
1568808325.684,1380,624,None,Move,browsing
1568808325.7,1380,625,None,Move,browsing
1568808325.725,1380,625,None,Move,browsing
1568808325.731,1380,626,None,Move,browsing
1568808325.7470002,1380,626,None,Move,browsing
1568808325.754,1380,627,None,Move,browsing
1568808325.771,1380,628,None,Move,browsing
1568808325.779,1380,628,None,Move,browsing
1568808325.793,1380,629,None,Move,browsing
1568808325.801,1380,629,None,Move,browsing
1568808325.8170002,1380,630,None,Move,browsing
1568808325.824,1380,630,None,Move,browsing
1568808325.841,1380,631,None,Move,browsing
1568808325.94,1380,632,None,Move,browsing
1568808325.956,1380,632,None,Move,browsing
1568808325.97,1380,633,None,Move,browsing
1568808325.978,1380,633,None,Move,browsing
1568808325.986,1380,633,None,Move,browsing
1568808325.994,1380,634,None,Move,browsing
1568808326.002,1380,634,None,Move,browsing
1568808326.01,1380,635,None,Move,browsing
1568808326.026,1380,636,None,Move,browsing
1568808326.033,1380,636,None,Move,browsing
1568808326.041,1380,637,None,Move,browsing
1568808326.064,1380,637,None,Move,browsing
1568808326.081,1380,638,None,Move,browsing
1568808326.087,1380,638,None,Move,browsing
1568808326.103,1380,639,None,Move,browsing
1568808326.1179998,1380,640,None,Move,browsing
1568808326.127,1380,640,None,Move,browsing
1568808326.143,1380,641,None,Move,browsing
1568808326.151,1380,641,None,Move,browsing
1568808326.165,1380,642,None,Move,browsing
1568808326.1720002,1381,642,None,Move,browsing
1568808326.181,1381,642,None,Move,browsing
1568808326.196,1382,643,None,Move,browsing
1568808326.2029998,1382,644,None,Move,browsing
1568808326.218,1382,644,None,Move,browsing
1568808326.2270002,1382,644,None,Move,browsing
1568808326.235,1382,645,None,Move,browsing
1568808326.25,1382,645,None,Move,browsing
1568808326.258,1383,645,None,Move,browsing
1568808326.32,1383,646,None,Move,browsing
1568808326.342,1383,646,None,Move,browsing
1568808326.35,1383,646,None,Move,browsing
1568808326.3820002,1383,647,None,Move,browsing
1568808326.396,1383,648,None,Move,browsing
1568808326.404,1384,648,None,Move,browsing
1568808326.421,1384,648,None,Move,browsing
1568808326.436,1384,649,None,Move,browsing
1568808326.459,1384,649,None,Move,browsing
1568808326.475,1384,650,None,Move,browsing
1568808326.484,1384,650,None,Move,browsing
1568808326.4910002,1384,651,None,Move,browsing
1568808326.506,1384,652,None,Move,browsing
1568808326.5129998,1384,652,None,Move,browsing
1568808326.529,1384,653,None,Move,browsing
1568808326.539,1384,653,None,Move,browsing
1568808326.545,1385,653,None,Move,browsing
1568808326.553,1385,654,None,Move,browsing
1568808326.5670002,1386,654,None,Move,browsing
1568808326.582,1386,655,None,Move,browsing
1568808326.722,1387,655,None,Move,browsing
1568808326.754,1387,655,None,Move,browsing
1568808326.76,1387,655,None,Move,browsing
1568808326.768,1387,654,None,Move,browsing
1568808326.778,1387,653,None,Move,browsing
1568808326.784,1387,652,None,Move,browsing
1568808326.792,1387,650,None,Move,browsing
1568808326.8,1387,648,None,Move,browsing
1568808326.8079998,1387,647,None,Move,browsing
1568808326.814,1387,645,None,Move,browsing
1568808326.823,1386,643,None,Move,browsing
1568808326.833,1385,640,None,Move,browsing
1568808326.839,1385,638,None,Move,browsing
1568808326.847,1385,636,None,Move,browsing
1568808326.855,1384,634,None,Move,browsing
1568808326.863,1383,632,None,Move,browsing
1568808326.871,1383,631,None,Move,browsing
1568808326.879,1382,629,None,Move,browsing
1568808326.885,1382,628,None,Move,browsing
1568808326.893,1381,625,None,Move,browsing
1568808326.901,1380,624,None,Move,browsing
1568808326.909,1380,622,None,Move,browsing
1568808326.917,1380,620,None,Move,browsing
1568808326.925,1380,618,None,Move,browsing
1568808326.9320002,1380,617,None,Move,browsing
1568808326.941,1380,616,None,Move,browsing
1568808326.949,1379,615,None,Move,browsing
1568808326.954,1379,615,None,Move,browsing
1568808326.962,1379,614,None,Move,browsing
1568808326.97,1379,614,None,Move,browsing
1568808326.978,1379,613,None,Move,browsing
1568808326.9870002,1379,612,None,Move,browsing
1568808326.9970002,1379,612,None,Move,browsing
1568808327.008,1379,611,None,Move,browsing
1568808327.0170002,1379,611,None,Move,browsing
1568808327.311,1379,611,None,Move,browsing
1568808327.319,1379,610,None,Move,browsing
1568808327.35,1379,610,None,Move,browsing
1568808327.369,1380,610,None,Move,browsing
1568808327.381,1381,610,None,Move,browsing
1568808328.938,1382,610,None,Move,browsing
1568808328.954,1382,610,None,Move,browsing
1568808328.968,1382,611,None,Move,browsing
1568808328.9770002,1382,611,None,Move,browsing
1568808328.984,1383,612,None,Move,browsing
1568808328.992,1383,613,None,Move,browsing
1568808329.0,1383,614,None,Move,browsing
1568808329.008,1383,614,None,Move,browsing
1568808329.018,1383,616,None,Move,browsing
1568808329.024,1384,616,None,Move,browsing
1568808329.03,1384,617,None,Move,browsing
1568808329.038,1384,618,None,Move,browsing
1568808329.046,1384,619,None,Move,browsing
1568808329.054,1384,620,None,Move,browsing
1568808329.062,1384,621,None,Move,browsing
1568808329.07,1384,622,None,Move,browsing
1568808329.0779998,1384,622,None,Move,browsing
1568808329.087,1384,623,None,Move,browsing
1568808329.092,1384,624,None,Move,browsing
1568808329.1,1384,624,None,Move,browsing
1568808329.109,1384,625,None,Move,browsing
1568808329.117,1384,626,None,Move,browsing
1568808329.125,1384,626,None,Move,browsing
1568808329.1320002,1384,627,None,Move,browsing
1568808329.139,1384,628,None,Move,browsing
1568808329.147,1384,629,None,Move,browsing
1568808329.1620002,1384,629,None,Move,browsing
1568808329.175,1384,630,None,Move,browsing
1568808329.1820002,1384,630,None,Move,browsing
1568808329.189,1384,631,None,Move,browsing
1568808329.195,1384,632,None,Move,browsing
1568808329.2,1384,633,None,Move,browsing
1568808329.208,1384,633,None,Move,browsing
1568808329.225,1384,634,None,Move,browsing
1568808329.2329998,1384,634,None,Move,browsing
1568808329.248,1384,635,None,Move,browsing
1568808329.2570002,1384,635,None,Move,browsing
1568808329.27,1384,636,None,Move,browsing
1568808329.278,1384,637,None,Move,browsing
1568808329.286,1384,637,None,Move,browsing
1568808329.302,1384,638,None,Move,browsing
1568808329.311,1384,638,None,Move,browsing
1568808329.3179998,1384,639,None,Move,browsing
1568808329.326,1384,639,None,Move,browsing
1568808329.34,1384,640,None,Move,browsing
1568808329.35,1384,641,None,Move,browsing
1568808329.356,1384,641,None,Move,browsing
1568808329.3639998,1384,642,None,Move,browsing
1568808329.3720002,1384,642,None,Move,browsing
1568808329.3860002,1384,643,None,Move,browsing
1568808329.395,1384,643,None,Move,browsing
1568808329.403,1384,644,None,Move,browsing
1568808329.419,1384,645,None,Move,browsing
1568808329.427,1384,645,None,Move,browsing
1568808329.435,1384,646,None,Move,browsing
1568808329.45,1384,646,None,Move,browsing
1568808329.457,1384,647,None,Move,browsing
1568808329.464,1384,648,None,Move,browsing
1568808329.4729998,1384,649,None,Move,browsing
1568808329.48,1384,649,None,Move,browsing
1568808329.488,1384,650,None,Move,browsing
1568808329.4970002,1384,650,None,Move,browsing
1568808329.5110002,1384,651,None,Move,browsing
1568808329.519,1384,651,None,Move,browsing
1568808329.559,1384,652,None,Move,browsing
1568808329.605,1384,653,None,Move,browsing
1568808329.6120002,1384,653,None,Move,browsing
1568808329.6260002,1384,654,None,Move,browsing
1568808329.635,1384,654,None,Move,browsing
1568808329.65,1384,655,None,Move,browsing
1568808329.666,1384,655,None,Move,browsing
1568808329.688,1384,656,None,Move,browsing
1568808330.06,1384,656,None,Move,browsing
1568808330.0779998,1384,655,None,Move,browsing
1568808330.089,1384,653,None,Move,browsing
1568808330.0979998,1384,653,None,Move,browsing
1568808330.11,1384,650,None,Move,browsing
1568808330.1160002,1383,649,None,Move,browsing
1568808330.1220002,1383,648,None,Move,browsing
1568808330.13,1382,646,None,Move,browsing
1568808330.1379998,1382,645,None,Move,browsing
1568808330.146,1382,644,None,Move,browsing
1568808330.154,1382,642,None,Move,browsing
1568808330.1620002,1382,641,None,Move,browsing
1568808330.17,1382,639,None,Move,browsing
1568808330.176,1382,638,None,Move,browsing
1568808330.185,1382,636,None,Move,browsing
1568808330.1920002,1382,635,None,Move,browsing
1568808330.2,1382,634,None,Move,browsing
1568808330.208,1382,633,None,Move,browsing
1568808330.216,1382,633,None,Move,browsing
1568808330.224,1382,631,None,Move,browsing
1568808330.232,1382,631,None,Move,browsing
1568808330.238,1382,630,None,Move,browsing
1568808330.246,1382,629,None,Move,browsing
1568808330.262,1382,629,None,Move,browsing
1568808330.272,1382,628,None,Move,browsing
1568808330.286,1382,627,None,Move,browsing
1568808330.302,1382,627,None,Move,browsing
1568808330.309,1382,626,None,Move,browsing
1568808330.324,1382,626,None,Move,browsing
1568808330.341,1382,625,None,Move,browsing
1568808330.3479998,1382,625,None,Move,browsing
1568808330.365,1382,624,None,Move,browsing
1568808330.379,1382,623,None,Move,browsing
1568808330.395,1382,623,None,Move,browsing
1568808330.41,1382,622,None,Move,browsing
1568808330.424,1382,622,None,Move,browsing
1568808330.44,1382,621,None,Move,browsing
1568808330.457,1382,621,None,Move,browsing
1568808330.4729998,1382,620,None,Move,browsing
1568808330.478,1382,619,None,Move,browsing
1568808330.486,1382,619,None,Move,browsing
1568808330.494,1382,618,None,Move,browsing
1568808330.502,1382,618,None,Move,browsing
1568808330.51,1382,617,None,Move,browsing
1568808330.5270002,1382,617,None,Move,browsing
1568808330.534,1382,616,None,Move,browsing
1568808330.54,1382,615,None,Move,browsing
1568808330.548,1382,615,None,Move,browsing
1568808330.556,1382,614,None,Move,browsing
1568808330.566,1382,612,None,Move,browsing
1568808330.572,1382,611,None,Move,browsing
1568808330.58,1383,610,None,Move,browsing
1568808330.5879998,1383,609,None,Move,browsing
1568808330.6020002,1383,609,None,Move,browsing
1568808330.821,1383,608,None,Move,browsing
1568808330.833,1383,607,None,Move,browsing
1568808330.845,1383,606,None,Move,browsing
1568808330.861,1383,606,None,Move,browsing
1568808331.093,1383,606,None,Move,browsing
1568808331.099,1383,606,None,Move,browsing
1568808331.106,1383,607,None,Move,browsing
1568808331.1139998,1383,609,None,Move,browsing
1568808331.1220002,1383,610,None,Move,browsing
1568808331.1339998,1383,612,None,Move,browsing
1568808331.155,1383,616,None,Move,browsing
1568808331.161,1383,617,None,Move,browsing
1568808331.169,1383,618,None,Move,browsing
1568808331.176,1383,619,None,Move,browsing
1568808331.184,1383,620,None,Move,browsing
1568808331.194,1384,621,None,Move,browsing
1568808331.201,1384,623,None,Move,browsing
1568808331.209,1384,624,None,Move,browsing
1568808331.215,1384,625,None,Move,browsing
1568808331.2229998,1385,625,None,Move,browsing
1568808331.231,1385,626,None,Move,browsing
1568808331.2389998,1385,626,None,Move,browsing
1568808331.2470002,1385,627,None,Move,browsing
1568808331.255,1385,627,None,Move,browsing
1568808331.262,1386,628,None,Move,browsing
1568808331.271,1386,629,None,Move,browsing
1568808331.2770002,1386,629,None,Move,browsing
1568808331.285,1386,630,None,Move,browsing
1568808331.292,1386,630,None,Move,browsing
1568808331.303,1386,631,None,Move,browsing
1568808331.31,1386,631,None,Move,browsing
1568808331.3170002,1386,632,None,Move,browsing
1568808331.325,1386,633,None,Move,browsing
1568808331.332,1386,633,None,Move,browsing
1568808331.339,1386,634,None,Move,browsing
1568808331.346,1386,635,None,Move,browsing
1568808331.355,1386,635,None,Move,browsing
1568808331.3660002,1386,636,None,Move,browsing
1568808331.3739998,1386,637,None,Move,browsing
1568808331.3779998,1386,637,None,Move,browsing
1568808331.3860002,1386,638,None,Move,browsing
1568808331.394,1386,639,None,Move,browsing
1568808331.401,1386,640,None,Move,browsing
1568808331.409,1386,640,None,Move,browsing
1568808331.417,1386,641,None,Move,browsing
1568808331.425,1386,642,None,Move,browsing
1568808331.4320002,1386,642,None,Move,browsing
1568808331.44,1386,643,None,Move,browsing
1568808331.448,1386,644,None,Move,browsing
1568808331.456,1386,645,None,Move,browsing
1568808331.462,1386,646,None,Move,browsing
1568808331.47,1386,647,None,Move,browsing
1568808331.478,1385,648,None,Move,browsing
1568808331.488,1385,649,None,Move,browsing
1568808331.494,1385,650,None,Move,browsing
1568808331.502,1385,650,None,Move,browsing
1568808331.51,1385,651,None,Move,browsing
1568808331.518,1385,652,None,Move,browsing
1568808331.525,1385,652,None,Move,browsing
1568808331.532,1385,653,None,Move,browsing
1568808331.54,1385,653,None,Move,browsing
1568808331.548,1385,654,None,Move,browsing
1568808331.5570002,1385,654,None,Move,browsing
1568808331.564,1385,655,None,Move,browsing
1568808331.573,1385,655,None,Move,browsing
1568808331.579,1385,656,None,Move,browsing
1568808331.587,1385,657,None,Move,browsing
1568808331.595,1385,657,None,Move,browsing
1568808331.611,1385,658,None,Move,browsing
1568808331.619,1385,658,None,Move,browsing
1568808331.627,1385,659,None,Move,browsing
1568808331.633,1385,659,None,Move,browsing
1568808331.641,1385,659,None,Move,browsing
1568808331.649,1385,660,None,Move,browsing
1568808331.658,1385,661,None,Move,browsing
1568808331.665,1385,661,None,Move,browsing
1568808331.673,1385,662,None,Move,browsing
1568808331.689,1385,662,None,Move,browsing
1568808331.696,1385,663,None,Move,browsing
1568808331.706,1385,663,None,Move,browsing
1568808331.711,1385,664,None,Move,browsing
1568808331.726,1385,665,None,Move,browsing
1568808331.734,1385,665,None,Move,browsing
1568808331.742,1385,666,None,Move,browsing
1568808331.756,1385,666,None,Move,browsing
1568808331.764,1385,667,None,Move,browsing
1568808331.782,1385,667,None,Move,browsing
1568808331.796,1385,668,None,Move,browsing
1568808331.804,1384,668,None,Move,browsing
1568808331.812,1384,669,None,Move,browsing
1568808331.826,1384,669,None,Move,browsing
1568808331.842,1384,670,None,Move,browsing
1568808331.85,1384,670,None,Move,browsing
1568808331.8660002,1384,671,None,Move,browsing
1568808331.8879998,1384,671,None,Move,browsing
1568808331.8979998,1384,672,None,Move,browsing
1568808331.904,1384,673,None,Move,browsing
1568808331.921,1384,673,None,Move,browsing
1568808331.9420002,1384,674,None,Move,browsing
1568808331.961,1384,675,None,Move,browsing
1568808331.975,1384,676,None,Move,browsing
1568808331.9910002,1384,677,None,Move,browsing
1568808332.0110002,1384,677,None,Move,browsing
1568808332.029,1384,678,None,Move,browsing
1568808332.038,1384,679,None,Move,browsing
1568808332.052,1384,679,None,Move,browsing
1568808332.069,1384,680,None,Move,browsing
1568808332.082,1384,681,None,Move,browsing
1568808332.0979998,1384,681,None,Move,browsing
1568808332.1220002,1384,682,None,Move,browsing
1568808332.393,1385,682,None,Move,browsing
1568808332.417,1385,683,None,Move,browsing
1568808332.439,1385,683,None,Move,browsing
1568808332.508,1385,684,None,Move,browsing
1568808332.554,1385,684,None,Move,browsing
1568808332.6020002,1385,684,None,Move,browsing
1568808332.61,1385,684,None,Move,browsing
1568808333.625,1386,684,None,Move,browsing
1568808333.633,1386,684,None,Move,browsing
1568808333.649,1387,683,None,Move,browsing
1568808333.657,1387,683,None,Move,browsing
1568808333.663,1388,683,None,Move,browsing
1568808333.671,1388,682,None,Move,browsing
1568808333.679,1389,682,None,Move,browsing
1568808333.687,1389,682,None,Move,browsing
1568808333.695,1391,681,None,Move,browsing
1568808333.702,1392,680,None,Move,browsing
1568808333.71,1394,679,None,Move,browsing
1568808333.718,1395,677,None,Move,browsing
1568808333.724,1396,676,None,Move,browsing
1568808333.7329998,1398,674,None,Move,browsing
1568808333.74,1399,672,None,Move,browsing
1568808333.7489998,1401,669,None,Move,browsing
1568808333.756,1403,666,None,Move,browsing
1568808333.765,1403,663,None,Move,browsing
1568808333.772,1405,658,None,Move,browsing
1568808333.779,1406,653,None,Move,browsing
1568808333.786,1407,648,None,Move,browsing
1568808333.796,1407,643,None,Move,browsing
1568808333.802,1407,637,None,Move,browsing
1568808333.81,1407,632,None,Move,browsing
1568808333.8179998,1407,626,None,Move,browsing
1568808333.826,1406,622,None,Move,browsing
1568808333.834,1404,618,None,Move,browsing
1568808333.842,1403,613,None,Move,browsing
1568808333.849,1403,609,None,Move,browsing
1568808333.856,1402,604,None,Move,browsing
1568808333.8639998,1401,599,None,Move,browsing
1568808333.8720002,1400,593,None,Move,browsing
1568808333.88,1399,588,None,Move,browsing
1568808333.8879998,1398,582,None,Move,browsing
1568808333.896,1397,576,None,Move,browsing
1568808333.904,1396,570,None,Move,browsing
1568808333.91,1395,564,None,Move,browsing
1568808333.919,1395,559,None,Move,browsing
1568808333.927,1394,554,None,Move,browsing
1568808333.935,1393,549,None,Move,browsing
1568808333.9429998,1392,544,None,Move,browsing
1568808333.951,1391,540,None,Move,browsing
1568808333.958,1390,535,None,Move,browsing
1568808333.966,1390,531,None,Move,browsing
1568808333.9729998,1389,527,None,Move,browsing
1568808333.981,1388,523,None,Move,browsing
1568808333.9889998,1388,518,None,Move,browsing
1568808333.9970002,1386,515,None,Move,browsing
1568808334.005,1386,512,None,Move,browsing
1568808334.015,1386,509,None,Move,browsing
1568808334.02,1385,506,None,Move,browsing
1568808334.0270002,1384,503,None,Move,browsing
1568808334.0370002,1384,500,None,Move,browsing
1568808334.043,1383,497,None,Move,browsing
1568808334.051,1383,494,None,Move,browsing
1568808334.063,1383,491,None,Move,browsing
1568808334.075,1381,486,None,Move,browsing
1568808334.081,1380,483,None,Move,browsing
1568808334.0879998,1379,481,None,Move,browsing
1568808334.097,1379,479,None,Move,browsing
1568808334.104,1377,477,None,Move,browsing
1568808334.113,1376,474,None,Move,browsing
1568808334.12,1375,472,None,Move,browsing
1568808334.129,1374,469,None,Move,browsing
1568808334.1379998,1373,467,None,Move,browsing
1568808334.1420002,1373,465,None,Move,browsing
1568808334.15,1372,463,None,Move,browsing
1568808334.159,1371,460,None,Move,browsing
1568808334.167,1370,459,None,Move,browsing
1568808334.174,1370,458,None,Move,browsing
1568808334.1820002,1369,456,None,Move,browsing
1568808334.191,1369,456,None,Move,browsing
1568808334.198,1369,455,None,Move,browsing
1568808334.207,1369,454,None,Move,browsing
1568808334.226,1368,453,None,Move,browsing
1568808334.236,1368,453,None,Move,browsing
1568808334.245,1367,452,None,Move,browsing
1568808334.2529998,1367,452,None,Move,browsing
1568808334.2610002,1367,451,None,Move,browsing
1568808334.269,1367,451,None,Move,browsing
1568808334.275,1367,449,None,Move,browsing
1568808334.283,1366,448,None,Move,browsing
1568808334.29,1365,446,None,Move,browsing
1568808334.298,1365,443,None,Move,browsing
1568808334.309,1364,440,None,Move,browsing
1568808334.315,1363,437,None,Move,browsing
1568808334.322,1361,433,None,Move,browsing
1568808334.331,1360,431,None,Move,browsing
1568808334.337,1358,428,None,Move,browsing
1568808334.344,1358,426,None,Move,browsing
1568808334.3520002,1356,424,None,Move,browsing
1568808334.36,1356,423,None,Move,browsing
1568808334.3679998,1356,422,None,Move,browsing
1568808334.3839998,1356,422,None,Move,browsing
1568808334.3920002,1355,422,None,Move,browsing
1568808334.3979998,1355,421,None,Move,browsing
1568808334.406,1355,421,None,Move,browsing
1568808334.414,1355,420,None,Move,browsing
1568808334.43,1355,419,None,Move,browsing
1568808334.446,1355,419,None,Move,browsing
1568808334.452,1355,418,None,Move,browsing
1568808334.46,1355,417,None,Move,browsing
1568808334.47,1355,416,None,Move,browsing
1568808334.476,1355,415,None,Move,browsing
1568808334.485,1355,415,None,Move,browsing
1568808334.492,1355,413,None,Move,browsing
1568808334.5010002,1355,412,None,Move,browsing
1568808334.5089998,1355,412,None,Move,browsing
1568808334.515,1356,410,None,Move,browsing
1568808334.5229998,1356,409,None,Move,browsing
1568808334.531,1356,408,None,Move,browsing
1568808334.539,1356,406,None,Move,browsing
1568808334.549,1357,405,None,Move,browsing
1568808334.555,1357,404,None,Move,browsing
1568808334.563,1358,402,None,Move,browsing
1568808334.569,1359,401,None,Move,browsing
1568808334.577,1359,400,None,Move,browsing
1568808334.585,1359,398,None,Move,browsing
1568808334.593,1360,396,None,Move,browsing
1568808334.601,1361,395,None,Move,browsing
1568808334.6079998,1362,393,None,Move,browsing
1568808334.6160002,1362,392,None,Move,browsing
1568808334.6239998,1363,391,None,Move,browsing
1568808334.631,1363,389,None,Move,browsing
1568808334.6379998,1364,388,None,Move,browsing
1568808334.646,1365,387,None,Move,browsing
1568808334.654,1365,385,None,Move,browsing
1568808334.6620002,1365,385,None,Move,browsing
1568808334.67,1365,384,None,Move,browsing
1568808334.678,1366,383,None,Move,browsing
1568808334.686,1366,382,None,Move,browsing
1568808334.6929998,1366,382,None,Move,browsing
1568808334.701,1366,381,None,Move,browsing
1568808334.719,1366,381,None,Move,browsing
1568808335.298,1366,381,None,Move,browsing
1568808335.306,1366,381,None,Move,browsing
1568808335.32,1366,381,None,Move,browsing
1568808335.3279998,1366,382,None,Move,browsing
1568808335.336,1366,383,None,Move,browsing
1568808335.344,1366,383,None,Move,browsing
1568808335.3520002,1366,384,None,Move,browsing
1568808335.36,1366,384,None,Move,browsing
1568808335.3679998,1366,385,None,Move,browsing
1568808335.3739998,1366,385,None,Move,browsing
1568808335.3820002,1366,386,None,Move,browsing
1568808335.3920002,1366,387,None,Move,browsing
1568808335.406,1366,387,None,Move,browsing
1568808335.414,1366,388,None,Move,browsing
1568808335.423,1366,388,None,Move,browsing
1568808335.431,1366,389,None,Move,browsing
1568808335.437,1366,389,None,Move,browsing
1568808335.461,1366,390,None,Move,browsing
1568808335.631,1366,390,None,Move,browsing
1568808335.646,1366,390,None,Move,browsing
1568808335.676,1366,390,None,Move,browsing
1568808335.686,1366,390,None,Move,browsing
1568808335.7,1367,390,None,Move,browsing
1568808335.721,1368,391,None,Move,browsing
1568808335.7389998,1372,393,None,Move,browsing
1568808335.748,1375,395,None,Move,browsing
1568808335.755,1377,396,None,Move,browsing
1568808335.762,1378,396,None,Move,browsing
1568808335.77,1380,397,None,Move,browsing
1568808335.778,1380,398,None,Move,browsing
1568808335.786,1381,398,None,Move,browsing
1568808335.794,1382,399,None,Move,browsing
1568808335.802,1383,399,None,Move,browsing
1568808335.816,1383,399,None,Move,browsing
1568808335.949,1384,399,None,Move,browsing
1568808335.972,1384,398,None,Move,browsing
1568808336.042,1385,397,None,Move,browsing
1568808336.056,1385,397,None,Move,browsing
1568808336.484,1385,397,Left,Pressed,browsing
1568808336.569,1385,397,Left,Released,browsing
1568808336.6929998,1385,397,None,Move,browsing
1568808336.701,1385,398,None,Move,browsing
1568808336.706,1385,400,None,Move,browsing
1568808336.715,1385,402,None,Move,browsing
1568808336.7229998,1385,404,None,Move,browsing
1568808336.73,1384,406,None,Move,browsing
1568808336.738,1382,409,None,Move,browsing
1568808336.746,1381,412,None,Move,browsing
1568808336.754,1379,416,None,Move,browsing
1568808336.762,1378,418,None,Move,browsing
1568808336.77,1377,421,None,Move,browsing
1568808336.779,1375,424,None,Move,browsing
1568808336.785,1372,428,None,Move,browsing
1568808336.793,1370,431,None,Move,browsing
1568808336.8,1368,436,None,Move,browsing
1568808336.809,1366,439,None,Move,browsing
1568808336.816,1365,442,None,Move,browsing
1568808336.826,1363,446,None,Move,browsing
1568808336.832,1361,450,None,Move,browsing
1568808336.8379998,1360,455,None,Move,browsing
1568808336.846,1360,459,None,Move,browsing
1568808336.854,1359,462,None,Move,browsing
1568808336.8620002,1357,467,None,Move,browsing
1568808336.87,1356,470,None,Move,browsing
1568808336.8779998,1356,474,None,Move,browsing
1568808336.8860002,1358,477,None,Move,browsing
1568808336.894,1359,481,None,Move,browsing
1568808336.9020002,1361,483,None,Move,browsing
1568808336.908,1363,486,None,Move,browsing
1568808336.916,1365,488,None,Move,browsing
1568808336.924,1367,492,None,Move,browsing
1568808336.9320002,1370,495,None,Move,browsing
1568808336.941,1373,499,None,Move,browsing
1568808336.948,1377,502,None,Move,browsing
1568808336.955,1382,506,None,Move,browsing
1568808336.9629998,1387,510,None,Move,browsing
1568808336.97,1393,514,None,Move,browsing
1568808336.979,1399,518,None,Move,browsing
1568808336.9870002,1404,522,None,Move,browsing
1568808336.995,1408,526,None,Move,browsing
1568808337.0029998,1411,530,None,Move,browsing
1568808337.0110002,1413,535,None,Move,browsing
1568808337.019,1414,541,None,Move,browsing
1568808337.025,1414,547,None,Move,browsing
1568808337.033,1414,553,None,Move,browsing
1568808337.044,1414,560,None,Move,browsing
1568808337.05,1413,567,None,Move,browsing
1568808337.0570002,1411,574,None,Move,browsing
1568808337.065,1408,579,None,Move,browsing
1568808337.074,1405,584,None,Move,browsing
1568808337.0779998,1409,583,None,Move,browsing
1568808337.164,1411,579,None,Move,browsing
1568808337.1720002,1414,575,None,Move,browsing
1568808337.18,1408,575,None,Move,browsing
1568808337.188,1397,577,None,Move,browsing
1568808337.194,1388,579,None,Move,browsing
1568808337.202,1381,580,None,Move,browsing
1568808337.21,1375,580,None,Move,browsing
1568808337.218,1370,580,None,Move,browsing
1568808337.226,1366,580,None,Move,browsing
1568808337.234,1364,580,None,Move,browsing
1568808337.242,1363,580,None,Move,browsing
1568808337.25,1363,580,None,Move,browsing
1568808337.258,1365,580,None,Move,browsing
1568808337.265,1370,580,None,Move,browsing
1568808337.272,1377,579,None,Move,browsing
1568808337.28,1385,574,None,Move,browsing
1568808337.288,1397,566,None,Move,browsing
1568808337.296,1408,560,None,Move,browsing
1568808337.305,1421,550,None,Move,browsing
1568808337.313,1433,539,None,Move,browsing
1568808337.32,1448,525,None,Move,browsing
1568808337.327,1464,506,None,Move,browsing
1568808337.334,1480,481,None,Move,browsing
1568808337.343,1496,450,None,Move,browsing
1568808337.351,1509,424,None,Move,browsing
1568808337.359,1520,398,None,Move,browsing
1568808337.3660002,1529,373,None,Move,browsing
1568808337.375,1538,343,None,Move,browsing
1568808337.381,1546,313,None,Move,browsing
1568808337.389,1553,284,None,Move,browsing
1568808337.397,1557,252,None,Move,browsing
1568808337.405,1562,221,None,Move,browsing
1568808337.415,1566,192,None,Move,browsing
1568808337.421,1567,165,None,Move,browsing
1568808337.429,1567,140,None,Move,browsing
1568808337.434,1565,119,None,Move,browsing
1568808337.4429998,1563,102,None,Move,browsing
1568808337.451,1557,82,None,Move,browsing
1568808337.459,1553,70,None,Move,browsing
1568808337.467,1547,60,None,Move,browsing
1568808337.475,1542,54,None,Move,browsing
1568808337.482,1538,50,None,Move,browsing
1568808337.49,1535,49,None,Move,browsing
1568808337.701,1535,48,None,Move,browsing
1568808337.707,1536,48,None,Move,browsing
1568808337.715,1539,45,None,Move,browsing
1568808337.7229998,1544,43,None,Move,browsing
1568808337.731,1551,41,None,Move,browsing
1568808337.7389998,1561,38,None,Move,browsing
1568808337.76,1572,36,None,Move,browsing
1568808337.766,1595,32,None,Move,browsing
1568808337.771,1606,31,None,Move,browsing
1568808337.7770002,1614,28,None,Move,browsing
1568808337.785,1622,27,None,Move,browsing
1568808337.793,1630,26,None,Move,browsing
1568808337.8,1638,24,None,Move,browsing
1568808337.8079998,1647,23,None,Move,browsing
1568808337.815,1655,22,None,Move,browsing
1568808337.825,1663,20,None,Move,browsing
1568808337.831,1669,19,None,Move,browsing
1568808337.8379998,1674,18,None,Move,browsing
1568808337.847,1678,18,None,Move,browsing
1568808337.854,1683,18,None,Move,browsing
1568808337.8620002,1685,17,None,Move,browsing
1568808337.87,1686,17,None,Move,browsing
1568808337.8760002,1687,16,None,Move,browsing
1568808337.908,1687,16,None,Move,browsing
1568808337.916,1683,15,None,Move,browsing
1568808337.924,1679,14,None,Move,browsing
1568808337.93,1671,12,None,Move,browsing
1568808337.938,1659,11,None,Move,browsing
1568808337.946,1642,8,None,Move,browsing
1568808337.954,1617,7,None,Move,browsing
1568808337.962,1586,5,None,Move,browsing
1568808337.97,1559,5,None,Move,browsing
1568808337.978,1526,5,None,Move,browsing
1568808337.986,1499,4,None,Move,browsing
1568808337.994,1466,4,None,Move,browsing
1568808338.0,1438,6,None,Move,browsing
1568808338.008,1404,8,None,Move,browsing
1568808338.016,1381,10,None,Move,browsing
1568808338.024,1361,13,None,Move,browsing
1568808338.032,1343,16,None,Move,browsing
1568808338.043,1330,16,None,Move,browsing
1568808338.049,1318,18,None,Move,browsing
1568808338.054,1309,19,None,Move,browsing
1568808338.063,1305,20,None,Move,browsing
1568808338.07,1301,20,None,Move,browsing
1568808338.079,1300,20,None,Move,browsing
1568808338.232,1300,20,None,Move,browsing
1568808338.24,1301,20,None,Move,browsing
1568808338.248,1303,19,None,Move,browsing
1568808338.256,1306,19,None,Move,browsing
1568808338.265,1309,19,None,Move,browsing
1568808338.272,1314,19,None,Move,browsing
1568808338.28,1319,19,None,Move,browsing
1568808338.286,1324,19,None,Move,browsing
1568808338.294,1328,19,None,Move,browsing
1568808338.302,1331,19,None,Move,browsing
1568808338.31,1334,19,None,Move,browsing
1568808338.3179998,1337,19,None,Move,browsing
1568808338.326,1339,19,None,Move,browsing
1568808338.336,1341,19,None,Move,browsing
1568808338.343,1341,19,None,Move,browsing
1568808338.35,1342,19,None,Move,browsing
1568808338.357,1342,19,None,Move,browsing
1568808338.3639998,1342,19,None,Move,browsing
1568808338.435,1343,19,Left,Pressed,browsing
1568808338.435,1343,19,None,Drag,browsing
1568808338.435,1343,19,Left,Released,browsing
1568808338.574,1343,19,None,Move,browsing
1568808338.583,1343,19,None,Move,browsing
1568808338.599,1344,21,None,Move,browsing
1568808338.604,1344,21,None,Move,browsing
1568808338.613,1345,22,None,Move,browsing
1568808338.6220002,1345,23,None,Move,browsing
1568808338.6279998,1345,24,None,Move,browsing
1568808338.6360002,1346,24,None,Move,browsing
1568808338.645,1346,25,None,Move,browsing
1568808338.6520002,1346,26,None,Move,browsing
1568808338.658,1347,26,None,Move,browsing
1568808338.668,1347,28,None,Move,browsing
1568808338.675,1347,28,None,Move,browsing
1568808338.6820002,1348,29,None,Move,browsing
1568808338.69,1348,29,None,Move,browsing
1568808338.698,1348,30,None,Move,browsing
1568808338.72,1348,31,None,Move,browsing
1568808338.728,1348,32,None,Move,browsing
1568808338.736,1349,33,None,Move,browsing
1568808338.746,1349,34,None,Move,browsing
1568808338.752,1349,34,None,Move,browsing
1568808338.76,1351,35,None,Move,browsing
1568808338.768,1351,36,None,Move,browsing
1568808338.776,1352,37,None,Move,browsing
1568808338.782,1354,38,None,Move,browsing
1568808338.79,1355,39,None,Move,browsing
1568808338.799,1358,40,None,Move,browsing
1568808338.8070002,1359,40,None,Move,browsing
1568808338.815,1360,41,None,Move,browsing
1568808338.823,1362,41,None,Move,browsing
1568808338.83,1363,41,None,Move,browsing
1568808338.839,1363,41,None,Move,browsing
1568808338.845,1364,41,None,Move,browsing
1568808338.947,1365,41,None,Move,browsing
1568808338.954,1365,41,None,Move,browsing
1568808338.9770002,1366,41,None,Move,browsing
1568808339.008,1374,42,None,Move,browsing
1568808339.016,1400,42,None,Move,browsing
1568808339.0270002,1404,42,None,Move,browsing
1568808339.033,1409,42,None,Move,browsing
1568808339.054,1415,42,None,Move,browsing
1568808339.062,1445,42,None,Move,browsing
1568808339.07,1453,42,None,Move,browsing
1568808339.0779998,1461,41,None,Move,browsing
1568808339.084,1468,40,None,Move,browsing
1568808339.092,1475,39,None,Move,browsing
1568808339.113,1481,38,None,Move,browsing
1568808339.1179998,1492,37,None,Move,browsing
1568808339.1239998,1496,37,None,Move,browsing
1568808339.1320002,1500,36,None,Move,browsing
1568808339.1379998,1506,35,None,Move,browsing
1568808339.146,1510,34,None,Move,browsing
1568808339.156,1514,34,None,Move,browsing
1568808339.1620002,1519,33,None,Move,browsing
1568808339.17,1524,32,None,Move,browsing
1568808339.178,1528,32,None,Move,browsing
1568808339.187,1533,31,None,Move,browsing
1568808339.195,1537,31,None,Move,browsing
1568808339.201,1539,30,None,Move,browsing
1568808339.208,1540,30,None,Move,browsing
1568808339.217,1542,30,None,Move,browsing
1568808339.225,1542,29,None,Move,browsing
1568808339.279,1542,29,None,Move,browsing
1568808339.295,1542,28,None,Move,browsing
1568808339.302,1542,28,None,Move,browsing
1568808339.311,1542,27,None,Move,browsing
1568808339.326,1542,26,None,Move,browsing
1568808339.333,1541,26,None,Move,browsing
1568808339.341,1541,25,None,Move,browsing
1568808339.349,1540,25,None,Move,browsing
1568808339.3639998,1540,25,None,Move,browsing
1568808339.3720002,1539,25,None,Move,browsing
1568808339.3860002,1539,24,None,Move,browsing
1568808339.4020002,1538,24,None,Move,browsing
1568808339.41,1538,24,None,Move,browsing
1568808339.418,1538,24,None,Move,browsing
1568808339.428,1537,24,None,Move,browsing
1568808339.44,1536,24,None,Move,browsing
1568808339.448,1536,24,None,Move,browsing
1568808339.464,1535,23,None,Move,browsing
1568808339.518,1535,23,None,Move,browsing
1568808339.5270002,1535,22,None,Move,browsing
1568808339.534,1534,22,None,Move,browsing
1568808339.559,1534,22,None,Move,browsing
1568808339.566,1534,22,None,Move,browsing
1568808339.581,1533,21,None,Move,browsing
1568808339.591,1532,21,None,Move,browsing
1568808339.597,1532,21,None,Move,browsing
1568808339.605,1532,21,None,Move,browsing
1568808339.613,1532,20,None,Move,browsing
1568808339.62,1531,20,None,Move,browsing
1568808339.627,1531,20,None,Move,browsing
1568808339.635,1531,20,None,Move,browsing
1568808340.518,1531,19,None,Move,browsing
1568808340.526,1530,18,None,Move,browsing
1568808340.534,1530,17,None,Move,browsing
1568808340.542,1528,17,None,Move,browsing
1568808340.791,1528,17,None,Move,browsing
1568808341.502,1528,17,None,Move,browsing
1568808341.51,1527,17,None,Move,browsing
1568808341.518,1526,17,None,Move,browsing
1568808341.526,1526,17,None,Move,browsing
1568808341.532,1525,18,None,Move,browsing
1568808341.546,1525,19,None,Move,browsing
1568808341.5570002,1523,19,None,Move,browsing
1568808341.565,1522,20,None,Move,browsing
1568808341.573,1522,20,None,Move,browsing
1568808341.581,1521,21,None,Move,browsing
1568808341.589,1521,21,None,Move,browsing
1568808341.597,1520,21,None,Move,browsing
1568808341.619,1519,21,None,Move,browsing
1568808341.6339998,1519,21,None,Move,browsing
1568808341.643,1518,21,None,Move,browsing
1568808341.65,1517,21,None,Move,browsing
1568808341.657,1517,21,None,Move,browsing
1568808341.664,1515,21,None,Move,browsing
1568808341.6720002,1513,21,None,Move,browsing
1568808341.6820002,1510,21,None,Move,browsing
1568808341.689,1506,21,None,Move,browsing
1568808341.696,1499,20,None,Move,browsing
1568808341.704,1490,20,None,Move,browsing
1568808341.712,1481,20,None,Move,browsing
1568808341.72,1473,20,None,Move,browsing
1568808341.728,1463,20,None,Move,browsing
1568808341.734,1454,20,None,Move,browsing
1568808341.742,1446,20,None,Move,browsing
1568808341.75,1440,20,None,Move,browsing
1568808341.758,1434,21,None,Move,browsing
1568808341.766,1430,22,None,Move,browsing
1568808341.774,1427,22,None,Move,browsing
1568808341.784,1426,22,None,Move,browsing
1568808341.846,1426,22,None,Move,browsing
1568808341.8660002,1427,23,None,Move,browsing
1568808341.8739998,1428,23,None,Move,browsing
1568808341.8820002,1429,24,None,Move,browsing
1568808341.89,1430,25,None,Move,browsing
1568808341.8979998,1432,25,None,Move,browsing
1568808341.905,1435,26,None,Move,browsing
1568808341.9120002,1438,27,None,Move,browsing
1568808341.921,1442,28,None,Move,browsing
1568808341.929,1445,28,None,Move,browsing
1568808341.937,1450,28,None,Move,browsing
1568808341.947,1454,28,None,Move,browsing
1568808341.954,1458,28,None,Move,browsing
1568808341.959,1463,28,None,Move,browsing
1568808341.967,1468,27,None,Move,browsing
1568808341.975,1473,26,None,Move,browsing
1568808341.982,1477,25,None,Move,browsing
1568808341.9910002,1483,24,None,Move,browsing
1568808341.998,1488,23,None,Move,browsing
1568808342.006,1495,23,None,Move,browsing
1568808342.014,1500,22,None,Move,browsing
1568808342.0229998,1505,22,None,Move,browsing
1568808342.029,1510,21,None,Move,browsing
1568808342.036,1516,21,None,Move,browsing
1568808342.045,1518,20,None,Move,browsing
1568808342.053,1521,18,None,Move,browsing
1568808342.061,1522,18,None,Move,browsing
1568808342.082,1522,18,None,Move,browsing
1568808342.091,1521,17,None,Move,browsing
1568808342.0979998,1520,17,None,Move,browsing
1568808342.106,1517,17,None,Move,browsing
1568808342.1139998,1515,17,None,Move,browsing
1568808342.1220002,1512,17,None,Move,browsing
1568808342.13,1508,17,None,Move,browsing
1568808342.1379998,1506,17,None,Move,browsing
1568808342.146,1503,18,None,Move,browsing
1568808342.1520002,1500,18,None,Move,browsing
1568808342.1620002,1497,18,None,Move,browsing
1568808342.168,1494,18,None,Move,browsing
1568808342.176,1491,18,None,Move,browsing
1568808342.184,1488,18,None,Move,browsing
1568808342.1920002,1485,18,None,Move,browsing
1568808342.198,1482,18,None,Move,browsing
1568808342.206,1479,18,None,Move,browsing
1568808342.214,1476,18,None,Move,browsing
1568808342.222,1474,18,None,Move,browsing
1568808342.23,1472,18,None,Move,browsing
1568808342.2410002,1470,18,None,Move,browsing
1568808342.246,1469,18,None,Move,browsing
1568808342.254,1468,18,None,Move,browsing
1568808342.262,1468,18,None,Move,browsing
1568808342.371,1468,18,None,Move,browsing
1568808342.3779998,1468,18,None,Move,browsing
1568808342.3860002,1468,19,None,Move,browsing
1568808342.3920002,1470,19,None,Move,browsing
1568808342.4,1470,19,None,Move,browsing
1568808342.41,1471,19,None,Move,browsing
1568808342.417,1472,20,None,Move,browsing
1568808342.424,1473,20,None,Move,browsing
1568808342.54,1473,20,Left,Pressed,browsing
1568808342.627,1473,20,Left,Released,browsing
1568808342.65,1473,20,None,Move,browsing
1568808342.659,1474,20,None,Move,browsing
1568808342.665,1476,21,None,Move,browsing
1568808342.676,1479,21,None,Move,browsing
1568808342.6920002,1489,21,None,Move,browsing
1568808342.711,1514,19,None,Move,browsing
1568808342.722,1521,18,None,Move,browsing
1568808342.734,1526,18,None,Move,browsing
1568808342.744,1541,16,None,Move,browsing
1568808342.754,1549,16,None,Move,browsing
1568808342.765,1561,16,None,Move,browsing
1568808342.7729998,1567,16,None,Move,browsing
1568808342.783,1571,16,None,Move,browsing
1568808342.791,1577,17,None,Move,browsing
1568808342.8,1580,18,None,Move,browsing
1568808342.8070002,1584,18,None,Move,browsing
1568808342.8179998,1587,19,None,Move,browsing
1568808342.8279998,1592,19,None,Move,browsing
1568808342.839,1594,19,None,Move,browsing
1568808342.845,1596,19,None,Move,browsing
1568808342.855,1598,19,None,Move,browsing
1568808342.861,1599,19,None,Move,browsing
1568808342.871,1600,19,None,Move,browsing
1568808342.879,1601,19,None,Move,browsing
1568808342.89,1603,19,None,Move,browsing
1568808342.903,1604,19,None,Move,browsing
1568808342.911,1605,19,None,Move,browsing
1568808342.923,1608,19,None,Move,browsing
1568808342.9329998,1611,19,None,Move,browsing
1568808342.94,1613,18,None,Move,browsing
1568808342.949,1616,18,None,Move,browsing
1568808342.9629998,1620,18,None,Move,browsing
1568808342.971,1623,18,None,Move,browsing
1568808342.9770002,1626,18,None,Move,browsing
1568808342.984,1628,18,None,Move,browsing
1568808342.9910002,1630,17,None,Move,browsing
1568808342.9970002,1630,17,None,Move,browsing
1568808343.028,1630,16,None,Move,browsing
1568808343.036,1630,16,None,Move,browsing
1568808343.044,1630,16,None,Move,browsing
1568808343.053,1628,16,None,Move,browsing
1568808343.059,1626,16,None,Move,browsing
1568808343.066,1622,16,None,Move,browsing
1568808343.075,1618,16,None,Move,browsing
1568808343.083,1611,16,None,Move,browsing
1568808343.091,1603,16,None,Move,browsing
1568808343.099,1595,15,None,Move,browsing
1568808343.107,1587,14,None,Move,browsing
1568808343.115,1579,14,None,Move,browsing
1568808343.121,1570,14,None,Move,browsing
1568808343.129,1560,14,None,Move,browsing
1568808343.137,1552,14,None,Move,browsing
1568808343.144,1544,14,None,Move,browsing
1568808343.1520002,1536,15,None,Move,browsing
1568808343.1620002,1529,15,None,Move,browsing
1568808343.168,1521,15,None,Move,browsing
1568808343.176,1510,15,None,Move,browsing
1568808343.186,1500,15,None,Move,browsing
1568808343.195,1490,14,None,Move,browsing
1568808343.206,1469,14,None,Move,browsing
1568808343.216,1460,14,None,Move,browsing
1568808343.2229998,1450,14,None,Move,browsing
1568808343.23,1441,14,None,Move,browsing
1568808343.2389998,1433,14,None,Move,browsing
1568808343.2470002,1428,14,None,Move,browsing
1568808343.255,1422,14,None,Move,browsing
1568808343.2629998,1419,14,None,Move,browsing
1568808343.272,1417,14,None,Move,browsing
1568808343.281,1416,14,None,Move,browsing
1568808343.346,1416,14,None,Move,browsing
1568808343.36,1417,14,None,Move,browsing
1568808343.3679998,1417,14,None,Move,browsing
1568808343.38,1418,14,None,Move,browsing
1568808343.387,1419,15,None,Move,browsing
1568808343.393,1419,16,None,Move,browsing
1568808343.401,1419,18,None,Move,browsing
1568808343.408,1419,19,None,Move,browsing
1568808343.417,1419,22,None,Move,browsing
1568808343.424,1417,27,None,Move,browsing
1568808343.4320002,1414,34,None,Move,browsing
1568808343.438,1408,45,None,Move,browsing
1568808343.447,1398,60,None,Move,browsing
1568808343.457,1384,77,None,Move,browsing
1568808343.462,1366,102,None,Move,browsing
1568808343.48,1317,166,None,Move,browsing
1568808343.4870002,1286,202,None,Move,browsing
1568808343.492,1251,239,None,Move,browsing
1568808343.5010002,1214,278,None,Move,browsing
1568808343.508,1170,328,None,Move,browsing
1568808343.516,1123,375,None,Move,browsing
1568808343.524,1075,426,None,Move,browsing
1568808343.532,1024,476,None,Move,browsing
1568808343.538,974,526,None,Move,browsing
1568808343.546,913,578,None,Move,browsing
1568808343.554,861,620,None,Move,browsing
1568808343.562,836,648,None,Move,browsing
1568808343.572,815,690,None,Move,browsing
1568808343.5779998,802,737,None,Move,browsing
1568808343.586,796,789,None,Move,browsing
1568808343.594,786,848,None,Move,browsing
1568808343.6020002,786,902,None,Move,browsing
1568808343.6079998,786,953,None,Move,browsing
1568808343.6160002,793,1006,None,Move,browsing
1568808343.6239998,800,1048,None,Move,browsing
1568808343.6320002,809,1083,None,Move,browsing
1568808343.64,819,1110,None,Move,browsing
1568808343.6479998,828,1104,None,Move,browsing
1568808343.656,838,1097,None,Move,browsing
1568808343.664,850,1100,None,Move,browsing
1568808343.674,861,1096,None,Move,browsing
1568808343.679,872,1093,None,Move,browsing
1568808343.686,880,1086,None,Move,browsing
1568808343.694,888,1085,None,Move,browsing
1568808343.702,899,1082,None,Move,browsing
1568808343.71,915,1079,None,Move,browsing
1568808343.718,931,1076,None,Move,browsing
1568808343.726,938,1074,None,Move,browsing
1568808343.734,940,1074,None,Move,browsing
1568808343.74,941,1073,None,Move,browsing
1568808343.748,942,1072,None,Move,browsing
1568808343.756,942,1071,None,Move,browsing
1568808343.764,942,1070,None,Move,browsing
1568808343.772,942,1069,None,Move,browsing
1568808343.78,942,1068,None,Move,browsing
1568808343.79,941,1066,None,Move,browsing
1568808343.796,939,1064,None,Move,browsing
1568808343.805,937,1060,None,Move,browsing
1568808343.81,934,1058,None,Move,browsing
1568808343.8179998,933,1056,None,Move,browsing
1568808343.826,931,1054,None,Move,browsing
1568808343.834,930,1051,None,Move,browsing
1568808343.842,929,1050,None,Move,browsing
1568808343.849,929,1049,None,Move,browsing
1568808343.856,928,1049,None,Move,browsing
1568808343.9429998,927,1049,None,Move,browsing
1568808343.972,927,1049,None,Move,browsing
1568808343.981,928,1049,None,Move,browsing
1568808343.988,929,1049,None,Move,browsing
1568808343.996,930,1049,None,Move,browsing
1568808344.004,931,1049,None,Move,browsing
1568808344.012,933,1048,None,Move,browsing
1568808344.02,935,1047,None,Move,browsing
1568808344.028,936,1047,None,Move,browsing
1568808344.034,937,1047,None,Move,browsing
1568808344.042,938,1047,None,Move,browsing
1568808344.05,939,1047,None,Move,browsing
1568808344.084,939,1047,None,Move,browsing
1568808344.0979998,938,1047,None,Move,browsing
1568808344.104,938,1047,None,Move,browsing
1568808344.1120002,937,1047,None,Move,browsing
1568808344.12,936,1047,None,Move,browsing
1568808344.1279998,935,1048,None,Move,browsing
1568808344.1360002,933,1049,None,Move,browsing
1568808344.144,930,1050,None,Move,browsing
1568808344.153,925,1051,None,Move,browsing
1568808344.158,921,1052,None,Move,browsing
1568808344.166,917,1054,None,Move,browsing
1568808344.174,913,1055,None,Move,browsing
1568808344.1820002,907,1056,None,Move,browsing
1568808344.19,904,1056,None,Move,browsing
1568808344.198,901,1057,None,Move,browsing
1568808344.206,897,1058,None,Move,browsing
1568808344.214,894,1058,None,Move,browsing
1568808344.22,892,1058,None,Move,browsing
1568808344.228,889,1058,None,Move,browsing
1568808344.236,887,1058,None,Move,browsing
1568808344.244,885,1058,None,Move,browsing
1568808344.252,883,1058,None,Move,browsing
1568808344.26,881,1058,None,Move,browsing
1568808344.268,880,1058,None,Move,browsing
1568808344.276,878,1057,None,Move,browsing
1568808344.282,877,1057,None,Move,browsing
1568808344.29,876,1056,None,Move,browsing
1568808344.301,876,1056,None,Move,browsing
1568808344.3079998,875,1056,None,Move,browsing
1568808344.3679998,875,1056,None,Move,browsing
1568808344.3839998,874,1055,None,Move,browsing
1568808344.3920002,874,1055,None,Move,browsing
1568808344.3979998,872,1055,None,Move,browsing
1568808344.406,871,1055,None,Move,browsing
1568808344.414,870,1055,None,Move,browsing
1568808344.4220002,869,1055,None,Move,browsing
1568808344.43,867,1055,None,Move,browsing
1568808344.438,867,1055,None,Move,browsing
1568808344.524,867,1055,Left,Pressed,browsing
1568808344.6160002,867,1055,Left,Released,browsing
1568808344.717,867,1055,None,Move,development
1568808344.725,868,1055,None,Move,development
1568808344.732,870,1055,None,Move,development
1568808344.74,873,1055,None,Move,development
1568808344.748,877,1055,None,Move,development
1568808344.756,883,1054,None,Move,development
1568808344.764,890,1052,None,Move,development
1568808344.771,898,1051,None,Move,development
1568808344.778,906,1050,None,Move,development
1568808344.788,917,1046,None,Move,development
1568808344.794,928,1044,None,Move,development
1568808344.802,938,1041,None,Move,development
1568808344.81,952,1036,None,Move,development
1568808344.8179998,964,1032,None,Move,development
1568808344.826,975,1027,None,Move,development
1568808344.832,987,1023,None,Move,development
1568808344.84,1002,1016,None,Move,development
1568808344.8479998,1013,1010,None,Move,development
1568808344.856,1024,1005,None,Move,development
1568808344.8639998,1035,997,None,Move,development
1568808344.8720002,1044,990,None,Move,development
1568808344.88,1051,982,None,Move,development
1568808344.8879998,1058,974,None,Move,development
1568808344.894,1062,966,None,Move,development
1568808344.9020002,1065,956,None,Move,development
1568808344.91,1066,945,None,Move,development
1568808344.918,1066,935,None,Move,development
1568808344.926,1066,921,None,Move,development
1568808344.934,1060,907,None,Move,development
1568808344.9420002,1052,887,None,Move,development
1568808344.948,1041,864,None,Move,development
1568808344.956,1025,839,None,Move,development
1568808344.964,1008,812,None,Move,development
1568808344.972,987,785,None,Move,development
1568808344.98,960,756,None,Move,development
1568808344.988,933,725,None,Move,development
1568808344.996,904,698,None,Move,development
1568808345.006,868,668,None,Move,development
1568808345.0110002,835,640,None,Move,development
1568808345.028,761,591,None,Move,development
1568808345.034,727,571,None,Move,development
1568808345.042,699,552,None,Move,development
1568808345.051,675,536,None,Move,development
1568808345.059,661,526,None,Move,development
1568808345.0670002,651,517,None,Move,development
1568808345.073,643,509,None,Move,development
1568808345.081,636,503,None,Move,development
1568808345.089,631,498,None,Move,development
1568808345.097,627,493,None,Move,development
1568808345.104,624,491,None,Move,development
1568808345.113,622,489,None,Move,development
1568808345.12,622,489,None,Move,development
1568808345.1279998,621,489,None,Move,development
1568808345.1339998,621,488,None,Move,development
1568808345.204,620,488,None,Move,development
1568808345.212,619,487,None,Move,development
1568808345.222,617,486,None,Move,development
1568808345.228,615,486,None,Move,development
1568808345.236,612,484,None,Move,development
1568808345.244,606,483,None,Move,development
1568808345.252,599,481,None,Move,development
1568808345.258,588,478,None,Move,development
1568808345.266,571,473,None,Move,development
1568808345.274,547,467,None,Move,development
1568808345.282,515,460,None,Move,development
1568808345.29,477,449,None,Move,development
1568808345.3,437,440,None,Move,development
1568808345.306,394,431,None,Move,development
1568808345.314,350,418,None,Move,development
1568808345.322,306,403,None,Move,development
1568808345.3279998,260,387,None,Move,development
1568808345.337,214,372,None,Move,development
1568808345.344,172,355,None,Move,development
1568808345.3660002,128,339,None,Move,development
1568808345.371,61,311,None,Move,development
1568808345.3760002,40,299,None,Move,development
1568808345.3820002,23,288,None,Move,development
1568808345.39,16,283,None,Move,development
1568808345.3979998,13,278,None,Move,development
1568808345.406,12,277,None,Move,development
1568808345.414,11,275,None,Move,development
1568808345.4220002,10,272,None,Move,development
1568808345.43,10,269,None,Move,development
1568808345.436,11,266,None,Move,development
1568808345.445,13,264,None,Move,development
1568808345.4529998,15,262,None,Move,development
1568808345.461,17,259,None,Move,development
1568808345.468,19,258,None,Move,development
1568808345.4770002,21,257,None,Move,development
1568808345.485,22,256,None,Move,development
1568808345.492,23,254,None,Move,development
1568808345.498,25,254,None,Move,development
1568808345.506,26,253,None,Move,development
1568808345.514,28,252,None,Move,development
1568808345.522,31,250,None,Move,development
1568808345.53,33,249,None,Move,development
1568808345.538,36,247,None,Move,development
1568808345.546,41,245,None,Move,development
1568808345.554,46,243,None,Move,development
1568808345.56,51,241,None,Move,development
1568808345.5679998,55,240,None,Move,development
1568808345.576,60,237,None,Move,development
1568808345.584,65,235,None,Move,development
1568808345.592,68,232,None,Move,development
1568808345.6,72,230,None,Move,development
1568808345.6079998,74,226,None,Move,development
1568808345.6160002,78,223,None,Move,development
1568808345.6220002,83,219,None,Move,development
1568808345.6320002,87,215,None,Move,development
1568808345.6379998,94,210,None,Move,development
1568808345.646,101,205,None,Move,development
1568808345.654,109,199,None,Move,development
1568808345.6620002,118,194,None,Move,development
1568808345.67,127,189,None,Move,development
1568808345.678,135,182,None,Move,development
1568808345.684,144,176,None,Move,development
1568808345.6929998,153,169,None,Move,development
1568808345.7,161,164,None,Move,development
1568808345.71,169,160,None,Move,development
1568808345.717,177,154,None,Move,development
1568808345.724,187,149,None,Move,development
1568808345.732,196,142,None,Move,development
1568808345.738,204,136,None,Move,development
1568808345.746,210,131,None,Move,development
1568808345.776,215,127,None,Move,development
1568808345.781,218,123,None,Move,development
1568808345.786,218,123,None,Move,development
1568808345.795,217,123,None,Move,development
1568808345.8,216,123,None,Move,development
1568808345.812,216,123,None,Move,development
1568808345.8170002,215,123,None,Move,development
1568808345.825,215,123,None,Move,development
1568808345.833,214,124,None,Move,development
1568808345.841,214,126,None,Move,development
1568808345.849,213,127,None,Move,development
1568808345.857,213,129,None,Move,development
1568808345.863,211,132,None,Move,development
1568808345.871,209,135,None,Move,development
1568808345.88,208,137,None,Move,development
1568808345.8860002,206,139,None,Move,development
1568808345.894,205,141,None,Move,development
1568808345.9020002,203,143,None,Move,development
1568808345.91,200,145,None,Move,development
1568808345.931,198,147,None,Move,development
1568808345.935,193,152,None,Move,development
1568808345.94,189,154,None,Move,development
1568808345.948,184,158,None,Move,development
1568808345.956,178,161,None,Move,development
1568808345.964,172,164,None,Move,development
1568808345.972,166,168,None,Move,development
1568808345.978,160,172,None,Move,development
1568808345.986,154,176,None,Move,development
1568808345.994,148,180,None,Move,development
1568808346.002,145,184,None,Move,development
1568808346.01,141,187,None,Move,development
1568808346.018,139,191,None,Move,development
1568808346.026,137,193,None,Move,development
1568808346.034,136,194,None,Move,development
1568808346.042,136,196,None,Move,development
1568808346.048,136,197,None,Move,development
1568808346.056,137,198,None,Move,development
1568808346.064,137,200,None,Move,development
1568808346.072,139,200,None,Move,development
1568808346.08,140,202,None,Move,development
1568808346.0879998,141,203,None,Move,development
1568808346.096,142,204,None,Move,development
1568808346.104,144,205,None,Move,development
1568808346.1120002,145,206,None,Move,development
1568808346.1179998,147,207,None,Move,development
1568808346.1260002,150,208,None,Move,development
1568808346.1339998,154,209,None,Move,development
1568808346.1420002,159,210,None,Move,development
1568808346.15,165,211,None,Move,development
1568808346.158,173,212,None,Move,development
1568808346.167,181,213,None,Move,development
1568808346.1720002,189,214,None,Move,development
1568808346.18,198,215,None,Move,development
1568808346.189,206,216,None,Move,development
1568808346.197,213,218,None,Move,development
1568808346.205,217,219,None,Move,development
1568808346.212,219,220,None,Move,development
1568808346.222,221,221,None,Move,development
1568808346.2270002,224,222,None,Move,development
1568808346.235,225,222,None,Move,development
1568808346.242,226,223,None,Move,development
1568808346.258,226,224,None,Move,development
1568808346.274,226,224,None,Move,development
1568808346.282,226,225,None,Move,development
1568808346.288,226,225,None,Move,development
1568808346.296,225,227,None,Move,development
1568808346.304,225,228,None,Move,development
1568808346.312,223,229,None,Move,development
1568808346.32,222,231,None,Move,development
1568808346.3279998,220,234,None,Move,development
1568808346.336,218,236,None,Move,development
1568808346.342,214,240,None,Move,development
1568808346.35,211,242,None,Move,development
1568808346.3579998,205,245,None,Move,development
1568808346.3660002,199,249,None,Move,development
1568808346.3879998,191,253,None,Move,development
1568808346.394,174,259,None,Move,development
1568808346.3979998,165,261,None,Move,development
1568808346.406,156,262,None,Move,development
1568808346.4120002,144,262,None,Move,development
1568808346.42,131,262,None,Move,development
1568808346.428,118,262,None,Move,development
1568808346.438,107,262,None,Move,development
1568808346.444,98,262,None,Move,development
1568808346.452,88,262,None,Move,development
1568808346.46,82,262,None,Move,development
1568808346.468,76,262,None,Move,development
1568808346.474,71,262,None,Move,development
1568808346.482,68,262,None,Move,development
1568808346.49,67,262,None,Move,development
1568808346.498,66,262,None,Move,development
1568808346.506,65,262,None,Move,development
1568808346.53,65,262,None,Move,development
1568808346.5370002,65,261,None,Move,development
1568808346.545,66,258,None,Move,development
1568808346.554,67,257,None,Move,development
1568808346.561,68,255,None,Move,development
1568808346.569,69,253,None,Move,development
1568808346.577,71,250,None,Move,development
1568808346.585,72,248,None,Move,development
1568808346.593,74,247,None,Move,development
1568808346.599,75,245,None,Move,development
1568808346.607,76,244,None,Move,development
1568808346.615,77,242,None,Move,development
1568808346.6220002,78,242,None,Move,development
1568808346.63,78,241,None,Move,development
1568808346.6379998,78,240,None,Move,development
1568808346.646,79,240,None,Move,development
1568808346.6520002,79,239,None,Move,development
1568808346.66,80,238,None,Move,development
1568808346.668,80,236,None,Move,development
1568808346.676,80,236,None,Move,development
1568808346.684,80,235,None,Move,development
1568808346.6920002,80,233,None,Move,development
1568808346.7,80,233,None,Move,development
1568808346.706,80,232,None,Move,development
1568808346.714,80,230,None,Move,development
1568808346.722,80,230,None,Move,development
1568808346.73,80,229,None,Move,development
1568808346.738,79,229,None,Move,development
1568808346.746,79,229,None,Move,development
1568808346.754,78,229,None,Move,development
1568808346.762,77,228,None,Move,development
1568808346.77,76,228,None,Move,development
1568808346.776,75,228,None,Move,development
1568808346.784,73,228,None,Move,development
1568808346.792,71,228,None,Move,development
1568808346.8,69,229,None,Move,development
1568808346.8079998,67,229,None,Move,development
1568808346.816,65,229,None,Move,development
1568808346.824,63,229,None,Move,development
1568808346.832,60,230,None,Move,development
1568808346.8379998,58,231,None,Move,development
1568808346.846,57,231,None,Move,development
1568808346.854,55,231,None,Move,development
1568808346.8620002,55,231,None,Move,development
1568808346.8779998,54,231,None,Move,development
1568808347.018,54,231,Left,Pressed,development
1568808347.094,54,231,Left,Released,development
1568808347.1179998,54,232,None,Move,development
1568808347.1260002,55,232,None,Move,development
1568808347.1339998,56,233,None,Move,development
1568808347.1420002,60,233,None,Move,development
1568808347.1479998,64,233,None,Move,development
1568808347.156,68,234,None,Move,development
1568808347.164,74,235,None,Move,development
1568808347.1720002,80,235,None,Move,development
1568808347.18,89,236,None,Move,development
1568808347.188,97,236,None,Move,development
1568808347.194,105,236,None,Move,development
1568808347.202,111,236,None,Move,development
1568808347.21,117,236,None,Move,development
1568808347.218,121,234,None,Move,development
1568808347.226,123,234,None,Move,development
1568808347.234,123,234,None,Move,development
1568808347.242,124,234,None,Move,development
1568808347.3879998,124,234,None,Move,development
1568808347.476,124,234,None,Move,development
1568808347.482,124,235,None,Move,development
1568808347.498,124,235,None,Move,development
1568808347.847,124,235,Right,Pressed,development
1568808347.946,124,235,Right,Released,development
1568808348.048,124,235,None,Move,development
1568808348.056,124,235,None,Move,development
1568808348.064,125,236,None,Move,development
1568808348.07,126,236,None,Move,development
1568808348.0779998,127,236,None,Move,development
1568808348.086,127,237,None,Move,development
1568808348.095,129,237,None,Move,development
1568808348.1020002,129,238,None,Move,development
1568808348.111,130,238,None,Move,development
1568808348.1179998,131,238,None,Move,development
1568808348.1239998,132,238,None,Move,development
1568808348.133,132,238,None,Move,development
1568808348.141,133,238,None,Move,development
1568808348.149,133,238,None,Move,development
1568808348.157,134,238,None,Move,development
1568808348.179,134,239,None,Move,development
1568808348.195,135,239,None,Move,development
1568808348.202,136,239,None,Move,development
1568808348.21,136,240,None,Move,development
1568808348.218,137,240,None,Move,development
1568808348.226,139,241,None,Move,development
1568808348.234,140,241,None,Move,development
1568808348.24,141,242,None,Move,development
1568808348.248,142,242,None,Move,development
1568808348.256,144,244,None,Move,development
1568808348.265,146,245,None,Move,development
1568808348.272,150,246,None,Move,development
1568808348.283,154,248,None,Move,development
1568808348.288,160,250,None,Move,development
1568808348.296,163,251,None,Move,development
1568808348.305,167,253,None,Move,development
1568808348.311,172,254,None,Move,development
1568808348.3179998,175,256,None,Move,development
1568808348.327,179,258,None,Move,development
1568808348.335,181,261,None,Move,development
1568808348.342,183,263,None,Move,development
1568808348.351,184,267,None,Move,development
1568808348.3579998,185,270,None,Move,development
1568808348.3660002,186,273,None,Move,development
1568808348.3720002,187,276,None,Move,development
1568808348.38,188,281,None,Move,development
1568808348.3879998,188,286,None,Move,development
1568808348.396,188,290,None,Move,development
1568808348.41,188,294,None,Move,development
1568808348.415,188,297,None,Move,development
1568808348.421,188,300,None,Move,development
1568808348.428,188,302,None,Move,development
1568808348.434,188,304,None,Move,development
1568808348.4420002,188,306,None,Move,development
1568808348.451,188,307,None,Move,development
1568808348.459,188,308,None,Move,development
1568808348.467,188,309,None,Move,development
1568808348.4829998,187,309,None,Move,development
1568808348.498,187,310,None,Move,development
1568808348.506,186,311,None,Move,development
1568808348.5129998,186,312,None,Move,development
1568808348.521,186,312,None,Move,development
1568808348.529,185,313,None,Move,development
1568808348.5370002,185,313,None,Move,development
1568808348.545,184,313,None,Move,development
1568808348.577,183,314,None,Move,development
1568808348.583,183,315,None,Move,development
1568808348.59,183,317,None,Move,development
1568808348.5979998,182,320,None,Move,development
1568808348.606,182,321,None,Move,development
1568808348.66,182,321,None,Move,development
1568808348.667,182,322,None,Move,development
1568808348.675,182,323,None,Move,development
1568808348.6829998,183,325,None,Move,development
1568808348.6920002,186,325,None,Move,development
1568808348.698,190,326,None,Move,development
1568808348.706,197,327,None,Move,development
1568808348.714,204,328,None,Move,development
1568808348.7229998,211,328,None,Move,development
1568808348.731,218,328,None,Move,development
1568808348.736,222,328,None,Move,development
1568808348.746,227,328,None,Move,development
1568808348.7529998,232,327,None,Move,development
1568808348.76,235,326,None,Move,development
1568808348.769,239,324,None,Move,development
1568808348.7770002,244,322,None,Move,development
1568808348.785,247,321,None,Move,development
1568808348.793,249,319,None,Move,development
1568808348.799,251,318,None,Move,development
1568808348.809,252,316,None,Move,development
1568808348.815,253,315,None,Move,development
1568808348.823,254,313,None,Move,development
1568808348.831,254,312,None,Move,development
1568808348.839,255,311,None,Move,development
1568808348.847,255,310,None,Move,development
1568808348.853,255,309,None,Move,development
1568808348.863,255,308,None,Move,development
1568808348.8679998,255,307,None,Move,development
1568808348.8760002,255,306,None,Move,development
1568808348.8839998,255,305,None,Move,development
1568808348.8920002,255,304,None,Move,development
1568808348.9,255,303,None,Move,development
1568808348.908,255,302,None,Move,development
1568808348.915,255,302,None,Move,development
1568808348.9220002,255,301,None,Move,development
1568808348.93,255,300,None,Move,development
1568808348.939,255,299,None,Move,development
1568808348.946,255,299,None,Move,development
1568808348.955,255,298,None,Move,development
1568808348.965,255,297,None,Move,development
1568808348.976,255,296,None,Move,development
1568808348.992,255,296,None,Move,development
1568808349.1620002,255,295,None,Move,development
1568808349.171,255,295,None,Move,development
1568808349.179,255,294,None,Move,development
1568808349.195,255,294,None,Move,development
1568808349.45,255,294,None,Move,development
1568808349.458,256,294,None,Move,development
1568808349.464,257,294,None,Move,development
1568808349.472,259,294,None,Move,development
1568808349.48,260,294,None,Move,development
1568808349.4889998,262,294,None,Move,development
1568808349.4989998,264,294,None,Move,development
1568808349.505,267,295,None,Move,development
1568808349.512,270,295,None,Move,development
1568808349.518,274,295,None,Move,development
1568808349.5270002,280,296,None,Move,development
1568808349.535,289,296,None,Move,development
1568808349.543,302,296,None,Move,development
1568808349.551,315,296,None,Move,development
1568808349.559,329,296,None,Move,development
1568808349.5670002,341,296,None,Move,development
1568808349.575,352,296,None,Move,development
1568808349.583,362,296,None,Move,development
1568808349.589,371,296,None,Move,development
1568808349.597,377,296,None,Move,development
1568808349.604,383,296,None,Move,development
1568808349.6120002,389,296,None,Move,development
1568808349.62,392,297,None,Move,development
1568808349.63,395,297,None,Move,development
1568808349.6360002,398,297,None,Move,development
1568808349.644,400,297,None,Move,development
1568808349.65,401,298,None,Move,development
1568808349.659,403,298,None,Move,development
1568808349.669,404,298,None,Move,development
1568808349.675,404,298,None,Move,development
1568808349.6829998,405,298,None,Move,development
1568808349.699,406,299,None,Move,development
1568808349.717,406,300,None,Move,development
1568808349.729,407,300,None,Move,development
1568808349.7370002,407,300,None,Move,development
1568808349.745,408,301,None,Move,development
1568808349.752,408,301,None,Move,development
1568808349.7610002,409,302,None,Move,development
1568808349.7670002,410,302,None,Move,development
1568808349.775,412,303,None,Move,development
1568808349.785,412,303,None,Move,development
1568808349.79,413,304,None,Move,development
1568808349.799,415,305,None,Move,development
1568808349.806,417,306,None,Move,development
1568808349.815,419,307,None,Move,development
1568808349.822,422,308,None,Move,development
1568808349.83,426,310,None,Move,development
1568808349.837,429,311,None,Move,development
1568808349.845,433,313,None,Move,development
1568808349.8520002,438,315,None,Move,development
1568808349.861,442,316,None,Move,development
1568808349.8679998,447,317,None,Move,development
1568808349.8760002,452,318,None,Move,development
1568808349.8860002,457,319,None,Move,development
1568808349.891,461,319,None,Move,development
1568808349.8979998,465,319,None,Move,development
1568808349.908,469,319,None,Move,development
1568808349.914,475,319,None,Move,development
1568808349.9220002,479,320,None,Move,development
1568808349.93,483,321,None,Move,development
1568808349.938,489,321,None,Move,development
1568808349.944,492,322,None,Move,development
1568808349.952,495,322,None,Move,development
1568808349.96,498,323,None,Move,development
1568808349.968,500,323,None,Move,development
1568808349.976,501,323,None,Move,development
1568808349.985,502,323,None,Move,development
1568808349.992,502,323,None,Move,development
1568808350.01,503,323,None,Move,development
1568808350.015,503,324,None,Move,development
1568808350.039,504,325,None,Move,development
1568808350.055,504,325,None,Move,development
1568808350.063,505,326,None,Move,development
1568808350.069,505,326,None,Move,development
1568808350.079,506,327,None,Move,development
1568808350.085,506,327,None,Move,development
1568808350.093,507,328,None,Move,development
1568808350.101,508,328,None,Move,development
1568808350.109,508,329,None,Move,development
1568808350.117,509,329,None,Move,development
1568808350.131,509,329,None,Move,development
1568808351.54,509,329,Left,Pressed,development
1568808351.603,509,329,Left,Released,development
1568808351.72,513,330,None,Move,development
1568808351.73,520,331,None,Move,development
1568808351.735,528,331,None,Move,development
1568808351.7429998,537,331,None,Move,development
1568808351.75,548,331,None,Move,development
1568808351.758,562,331,None,Move,development
1568808351.766,578,331,None,Move,development
1568808351.776,600,331,None,Move,development
1568808351.78,622,331,None,Move,development
1568808351.788,645,334,None,Move,development
1568808351.796,670,335,None,Move,development
1568808351.804,693,337,None,Move,development
1568808351.812,719,340,None,Move,development
1568808351.82,747,343,None,Move,development
1568808351.8279998,772,344,None,Move,development
1568808351.836,798,347,None,Move,development
1568808351.844,826,350,None,Move,development
1568808351.8520002,855,354,None,Move,development
1568808351.859,883,357,None,Move,development
1568808351.8660002,909,360,None,Move,development
1568808351.875,932,363,None,Move,development
1568808351.8820002,952,365,None,Move,development
1568808351.89,972,365,None,Move,development
1568808351.8979998,985,365,None,Move,development
1568808351.907,998,365,None,Move,development
1568808351.913,1009,365,None,Move,development
1568808351.92,1018,365,None,Move,development
1568808351.928,1025,365,None,Move,development
1568808351.937,1029,365,None,Move,development
1568808351.945,1032,365,None,Move,development
1568808351.9529998,1033,368,None,Move,development
1568808351.961,1033,372,None,Move,development
1568808351.969,1029,378,None,Move,development
1568808351.975,1025,383,None,Move,development
1568808351.9829998,1016,388,None,Move,development
1568808352.339,1015,387,None,Move,development
1568808352.347,1015,386,None,Move,development
1568808352.365,1015,383,None,Move,development
1568808352.371,1015,383,None,Move,development
1568808352.379,1015,382,None,Move,development
1568808352.387,1015,381,None,Move,development
1568808352.393,1015,380,None,Move,development
1568808352.401,1016,379,None,Move,development
1568808352.409,1016,378,None,Move,development
1568808352.417,1016,377,None,Move,development
1568808352.431,1016,376,None,Move,development
1568808352.436,1016,375,None,Move,development
1568808352.441,1016,374,None,Move,development
1568808352.448,1016,374,None,Move,development
1568808352.454,1016,373,None,Move,development
1568808352.462,1015,372,None,Move,development
1568808352.47,1015,371,None,Move,development
1568808352.481,1015,371,None,Move,development
1568808352.4870002,1014,370,None,Move,development
1568808352.494,1014,370,None,Move,development
1568808352.5029998,1014,369,None,Move,development
1568808352.51,1013,369,None,Move,development
1568808352.518,1012,369,None,Move,development
1568808352.524,1012,369,None,Move,development
1568808352.533,1011,369,None,Move,development
1568808352.54,1011,370,None,Move,development
1568808352.549,1010,370,None,Move,development
1568808352.556,1010,371,None,Move,development
1568808352.564,1010,372,None,Move,development
1568808352.572,1010,372,None,Move,development
1568808352.58,1010,373,None,Move,development
1568808352.586,1010,373,None,Move,development
1568808352.596,1010,375,None,Move,development
1568808352.6020002,1011,376,None,Move,development
1568808352.61,1012,377,None,Move,development
1568808352.6179998,1013,378,None,Move,development
1568808352.6260002,1013,379,None,Move,development
1568808352.6339998,1014,379,None,Move,development
1568808352.641,1014,379,None,Move,development
1568808352.65,1015,379,None,Move,development
1568808352.657,1015,380,None,Move,development
1568808352.664,1016,380,None,Move,development
1568808352.673,1017,381,None,Move,development
1568808352.681,1018,381,None,Move,development
1568808352.688,1019,382,None,Move,development
1568808352.697,1021,383,None,Move,development
1568808352.702,1023,384,None,Move,development
1568808352.71,1024,384,None,Move,development
1568808352.719,1026,385,None,Move,development
1568808352.7270002,1028,386,None,Move,development
1568808352.735,1031,386,None,Move,development
1568808352.7429998,1033,386,None,Move,development
1568808352.7510002,1036,387,None,Move,development
1568808352.7570002,1038,387,None,Move,development
1568808352.765,1041,387,None,Move,development
1568808352.775,1043,388,None,Move,development
1568808352.781,1046,388,None,Move,development
1568808352.789,1049,388,None,Move,development
1568808352.7970002,1052,388,None,Move,development
1568808352.805,1054,388,None,Move,development
1568808352.813,1057,388,None,Move,development
1568808352.82,1060,388,None,Move,development
1568808352.827,1062,388,None,Move,development
1568808352.835,1065,388,None,Move,development
1568808352.843,1067,388,None,Move,development
1568808352.85,1068,388,None,Move,development
1568808352.859,1069,388,None,Move,development
1568808352.867,1069,388,None,Move,development
1568808353.052,1069,388,None,Move,development
1568808353.06,1069,388,None,Move,development
1568808353.074,1069,387,None,Move,development
1568808353.082,1069,387,None,Move,development
1568808353.09,1069,386,None,Move,development
1568808353.0979998,1068,386,None,Move,development
1568808353.106,1068,386,None,Move,development
1568808353.115,1068,385,None,Move,development
1568808353.123,1068,385,None,Move,development
1568808353.137,1068,384,None,Move,development
1568808353.154,1067,384,None,Move,development
1568808353.1620002,1067,383,None,Move,development
1568808353.17,1067,383,None,Move,development
1568808353.185,1066,382,None,Move,development
1568808353.199,1066,382,None,Move,development
1568808353.207,1066,381,None,Move,development
1568808353.215,1065,381,None,Move,development
1568808353.2229998,1065,380,None,Move,development
1568808353.252,1065,380,None,Move,development
1568808353.268,1064,379,None,Move,development
1568808353.286,1064,379,None,Move,development
1568808353.306,1064,378,None,Move,development
1568808353.33,1064,378,None,Move,development
1568808353.462,1063,378,None,Move,development
1568808353.471,1063,376,None,Move,development
1568808353.478,1062,376,None,Move,development
1568808353.486,1062,376,None,Move,development
1568808353.492,1061,375,None,Move,development
1568808353.5,1061,375,None,Move,development
1568808353.508,1061,375,None,Move,development
1568808353.518,1060,374,None,Move,development
1568808353.532,1060,374,None,Move,development
1568808353.54,1060,373,None,Move,development
1568808353.548,1060,373,None,Move,development
1568808353.555,1060,372,None,Move,development
1568808353.573,1060,372,None,Move,development
1568808353.579,1059,371,None,Move,development
1568808353.609,1059,371,None,Move,development
1568808354.605,1058,371,None,Move,development
1568808354.609,1056,371,None,Move,development
1568808354.6179998,1053,371,None,Move,development
1568808354.6239998,1047,371,None,Move,development
1568808354.6320002,1040,372,None,Move,development
1568808354.64,1031,375,None,Move,development
1568808354.6479998,1021,377,None,Move,development
1568808354.654,1011,378,None,Move,development
1568808354.6620002,997,380,None,Move,development
1568808354.676,984,382,None,Move,development
1568808354.686,946,390,None,Move,development
1568808354.694,929,393,None,Move,development
1568808354.702,911,395,None,Move,development
1568808354.711,894,400,None,Move,development
1568808354.717,881,402,None,Move,development
1568808354.724,868,407,None,Move,development
1568808354.732,855,409,None,Move,development
1568808354.74,843,411,None,Move,development
1568808354.75,832,415,None,Move,development
1568808354.756,824,417,None,Move,development
1568808354.764,815,418,None,Move,development
1568808354.772,807,419,None,Move,development
1568808354.778,802,420,None,Move,development
1568808354.788,796,421,None,Move,development
1568808354.794,793,421,None,Move,development
1568808354.802,791,421,None,Move,development
1568808354.81,789,422,None,Move,development
1568808354.8179998,788,422,None,Move,development
1568808355.075,788,422,Left,Pressed,development
1568808355.075,788,422,None,Drag,development
1568808355.075,788,422,Left,Released,development
1568808355.19,788,422,None,Move,development
1568808355.198,788,421,None,Move,development
1568808355.206,790,419,None,Move,development
1568808355.2129998,791,418,None,Move,development
1568808355.22,794,415,None,Move,development
1568808355.228,796,412,None,Move,development
1568808355.2370002,799,408,None,Move,development
1568808355.244,802,406,None,Move,development
1568808355.2529998,805,402,None,Move,development
1568808355.26,807,399,None,Move,development
1568808355.2670002,810,395,None,Move,development
1568808355.274,812,393,None,Move,development
1568808355.283,813,390,None,Move,development
1568808355.291,815,387,None,Move,development
1568808355.301,816,384,None,Move,development
1568808355.3070002,816,381,None,Move,development
1568808355.315,816,379,None,Move,development
1568808355.323,816,378,None,Move,development
1568808355.329,816,377,None,Move,development
1568808355.337,816,376,None,Move,development
1568808355.345,816,375,None,Move,development
1568808355.353,815,374,None,Move,development
1568808355.361,815,374,None,Move,development
1568808355.377,814,373,None,Move,development
1568808355.4770002,814,373,None,Move,development
1568808355.4929998,813,373,None,Move,development
1568808355.5010002,813,373,None,Move,development
1568808355.5070002,813,374,None,Move,development
1568808355.515,811,375,None,Move,development
1568808355.5229998,811,376,None,Move,development
1568808355.531,810,379,None,Move,development
1568808355.539,809,381,None,Move,development
1568808355.5470002,808,383,None,Move,development
1568808355.555,808,385,None,Move,development
1568808355.563,807,387,None,Move,development
1568808355.5679998,807,389,None,Move,development
1568808355.577,807,391,None,Move,development
1568808355.584,807,392,None,Move,development
1568808355.592,807,393,None,Move,development
1568808355.6,807,393,None,Move,development
1568808355.609,807,394,None,Move,development
1568808355.617,807,394,None,Move,development
1568808355.625,808,394,None,Move,development
1568808355.7489998,808,394,Left,Pressed,development
1568808355.833,808,394,Left,Released,development
1568808355.887,808,394,None,Move,development
1568808355.895,808,393,None,Move,development
1568808355.903,808,392,None,Move,development
1568808355.911,808,390,None,Move,development
1568808355.919,808,389,None,Move,development
1568808355.929,808,387,None,Move,development
1568808355.935,808,386,None,Move,development
1568808355.941,808,384,None,Move,development
1568808355.948,808,383,None,Move,development
1568808355.957,808,382,None,Move,development
1568808355.964,808,380,None,Move,development
1568808355.975,808,379,None,Move,development
1568808355.98,808,378,None,Move,development
1568808355.9870002,807,377,None,Move,development
1568808355.994,807,377,None,Move,development
1568808356.0029998,806,377,None,Move,development
1568808356.0110002,806,375,None,Move,development
1568808356.019,806,375,None,Move,development
1568808356.034,805,374,None,Move,development
1568808356.042,804,374,None,Move,development
1568808356.05,804,374,None,Move,development
1568808356.0570002,804,374,None,Move,development
1568808356.065,804,373,None,Move,development
1568808356.072,803,373,None,Move,development
1568808356.0879998,803,372,None,Move,development
1568808356.096,803,372,None,Move,development
1568808356.1379998,802,372,None,Move,development
1568808356.198,802,372,None,Move,development
1568808356.204,801,372,None,Move,development
1568808356.212,800,373,None,Move,development
1568808356.222,798,373,None,Move,development
1568808356.229,796,375,None,Move,development
1568808356.235,794,376,None,Move,development
1568808356.242,792,377,None,Move,development
1568808356.25,790,378,None,Move,development
1568808356.2589998,787,379,None,Move,development
1568808356.2670002,786,380,None,Move,development
1568808356.275,785,381,None,Move,development
1568808356.283,783,381,None,Move,development
1568808356.42,783,381,Left,Pressed,development
1568808356.5070002,783,381,Left,Released,development
1568808356.577,783,381,None,Move,development
1568808356.585,786,381,None,Move,development
1568808356.593,787,381,None,Move,development
1568808356.6,790,381,None,Move,development
1568808356.607,792,381,None,Move,development
1568808356.615,795,381,None,Move,development
1568808356.623,797,381,None,Move,development
1568808356.631,800,381,None,Move,development
1568808356.639,803,381,None,Move,development
1568808356.647,806,381,None,Move,development
1568808356.655,808,381,None,Move,development
1568808356.6720002,812,381,None,Move,development
1568808356.6820002,813,381,None,Move,development
1568808356.6929998,814,381,None,Move,development
1568808356.77,814,381,None,Move,development
1568808356.778,814,382,None,Move,development
1568808356.784,813,382,None,Move,development
1568808356.794,811,382,None,Move,development
1568808356.8,809,382,None,Move,development
1568808356.8079998,806,382,None,Move,development
1568808356.816,803,382,None,Move,development
1568808356.824,798,381,None,Move,development
1568808356.832,792,380,None,Move,development
1568808356.84,786,379,None,Move,development
1568808356.8479998,778,377,None,Move,development
1568808356.854,773,376,None,Move,development
1568808356.8620002,767,375,None,Move,development
1568808356.87,764,374,None,Move,development
1568808356.8779998,761,373,None,Move,development
1568808356.8860002,760,372,None,Move,development
1568808356.895,759,371,None,Move,development
1568808356.9,758,370,None,Move,development
1568808356.909,757,369,None,Move,development
1568808356.916,757,369,None,Move,development
1568808356.925,757,368,None,Move,development
1568808356.9320002,757,367,None,Move,development
1568808356.941,756,367,None,Move,development
1568808356.948,756,366,None,Move,development
1568808356.956,756,366,None,Move,development
1568808356.9729998,756,365,None,Move,development
1568808356.99,756,365,None,Move,development
1568808356.998,756,364,None,Move,development
1568808357.019,756,363,None,Move,development
1568808357.1339998,756,363,None,Move,development
1568808357.145,756,363,None,Move,development
1568808357.15,758,363,None,Move,development
1568808357.159,759,363,None,Move,development
1568808357.164,760,363,None,Move,development
1568808357.1720002,762,363,None,Move,development
1568808357.196,764,363,None,Move,development
1568808357.204,770,363,None,Move,development
1568808357.212,771,363,None,Move,development
1568808357.22,772,363,None,Move,development
1568808357.226,772,363,None,Move,development
1568808357.234,773,363,None,Move,development
1568808357.242,773,363,None,Move,development
1568808357.2589998,774,363,None,Move,development
1568808357.272,774,363,None,Move,development
1568808357.42,774,363,None,Move,development
1568808357.44,774,363,None,Move,development
1568808357.45,774,363,None,Move,development
1568808357.457,774,364,None,Move,development
1568808357.4629998,773,364,None,Move,development
1568808357.468,773,364,None,Move,development
1568808357.475,772,364,None,Move,development
1568808357.482,772,364,None,Move,development
1568808357.49,771,364,None,Move,development
1568808357.644,770,364,None,Move,development
1568808357.6520002,770,364,None,Move,development
1568808357.66,770,364,None,Move,development
1568808357.684,770,364,None,Move,development
1568808357.6920002,769,364,None,Move,development
1568808357.699,769,363,None,Move,development
1568808357.707,769,363,None,Move,development
1568808357.716,769,363,None,Move,development
1568808357.73,769,362,None,Move,development
1568808357.752,769,362,None,Move,development
1568808357.855,769,362,Left,Pressed,development
1568808357.925,769,362,Left,Released,development
1568808357.9870002,769,362,None,Move,development
1568808357.995,769,363,None,Move,development
1568808358.0,769,364,None,Move,development
1568808358.01,770,365,None,Move,development
1568808358.0170002,772,367,None,Move,development
1568808358.024,773,368,None,Move,development
1568808358.032,776,370,None,Move,development
1568808358.04,780,372,None,Move,development
1568808358.048,786,375,None,Move,development
1568808358.0570002,792,378,None,Move,development
1568808358.065,798,381,None,Move,development
1568808358.07,805,385,None,Move,development
1568808358.0779998,812,390,None,Move,development
1568808358.086,821,395,None,Move,development
1568808358.095,829,400,None,Move,development
1568808358.103,838,406,None,Move,development
1568808358.11,847,413,None,Move,development
1568808358.1179998,855,421,None,Move,development
1568808358.1239998,864,430,None,Move,development
1568808358.1320002,876,445,None,Move,development
1568808358.14,887,462,None,Move,development
1568808358.1479998,901,479,None,Move,development
1568808358.156,914,496,None,Move,development
1568808358.164,926,513,None,Move,development
1568808358.1720002,938,531,None,Move,development
1568808358.18,947,552,None,Move,development
1568808358.186,954,571,None,Move,development
1568808358.194,958,590,None,Move,development
1568808358.202,960,608,None,Move,development
1568808358.21,960,624,None,Move,development
1568808358.218,960,641,None,Move,development
1568808358.226,960,657,None,Move,development
1568808358.235,960,671,None,Move,development
1568808358.2429998,959,683,None,Move,development
1568808358.248,958,695,None,Move,development
1568808358.2570002,956,704,None,Move,development
1568808358.264,955,712,None,Move,development
1568808358.2729998,953,717,None,Move,development
1568808358.281,951,721,None,Move,development
1568808358.289,948,726,None,Move,development
1568808358.2970002,946,728,None,Move,development
1568808358.305,944,730,None,Move,development
1568808358.311,942,731,None,Move,development
1568808358.319,941,731,None,Move,development
1568808358.329,940,732,None,Move,development
1568808358.335,938,732,None,Move,development
1568808358.343,937,732,None,Move,development
1568808358.351,936,732,None,Move,development
1568808358.359,934,732,None,Move,development
1568808358.3660002,931,732,None,Move,development
1568808358.373,928,731,None,Move,development
1568808358.381,923,729,None,Move,development
1568808358.389,918,727,None,Move,development
1568808358.397,913,725,None,Move,development
1568808358.404,906,722,None,Move,development
1568808358.4120002,898,719,None,Move,development
1568808358.421,889,716,None,Move,development
1568808358.427,880,712,None,Move,development
1568808358.435,871,708,None,Move,development
1568808358.4420002,858,706,None,Move,development
1568808358.45,851,704,None,Move,development
1568808358.458,846,702,None,Move,development
1568808358.466,842,702,None,Move,development
1568808358.474,838,701,None,Move,development
1568808358.482,835,701,None,Move,development
1568808358.488,832,700,None,Move,development
1568808358.496,830,699,None,Move,development
1568808358.504,829,698,None,Move,development
1568808358.512,827,697,None,Move,development
1568808358.52,827,697,None,Move,development
1568808358.528,826,696,None,Move,development
1568808358.536,826,695,None,Move,development
1568808358.544,825,695,None,Move,development
1568808358.55,825,694,None,Move,development
1568808358.5579998,824,694,None,Move,development
1568808358.5670002,824,693,None,Move,development
1568808358.574,824,692,None,Move,development
1568808358.582,824,692,None,Move,development
1568808358.699,824,692,Left,Pressed,development
1568808358.76,824,692,Left,Released,development
1568808358.798,824,692,None,Move,development
1568808358.806,825,691,None,Move,development
1568808358.816,826,691,None,Move,development
1568808358.823,827,691,None,Move,development
1568808358.83,829,691,None,Move,development
1568808358.839,832,691,None,Move,development
1568808358.845,837,691,None,Move,development
1568808358.8520002,846,691,None,Move,development
1568808358.861,852,692,None,Move,development
1568808358.869,866,693,None,Move,development
1568808358.8760002,880,693,None,Move,development
1568808358.8839998,899,692,None,Move,development
1568808358.8920002,921,692,None,Move,development
1568808358.9,943,692,None,Move,development
1568808358.908,968,691,None,Move,development
1568808358.914,998,691,None,Move,development
1568808358.9220002,1025,691,None,Move,development
1568808358.9320002,1051,688,None,Move,development
1568808358.938,1076,685,None,Move,development
1568808358.946,1099,683,None,Move,development
1568808358.954,1122,681,None,Move,development
1568808358.962,1145,678,None,Move,development
1568808358.97,1158,678,None,Move,development
1568808358.976,1172,678,None,Move,development
1568808358.986,1185,678,None,Move,development
1568808358.992,1196,677,None,Move,development
1568808359.0,1205,677,None,Move,development
1568808359.0089998,1214,676,None,Move,development
1568808359.016,1220,675,None,Move,development
1568808359.024,1225,675,None,Move,development
1568808359.034,1231,674,None,Move,development
1568808359.039,1235,673,None,Move,development
1568808359.0470002,1237,672,None,Move,development
1568808359.055,1239,671,None,Move,development
1568808359.063,1239,671,None,Move,development
1568808359.077,1240,670,None,Move,development
1568808359.087,1240,670,None,Move,development
1568808359.095,1240,669,None,Move,development
1568808359.103,1240,669,None,Move,development
1568808359.109,1240,667,None,Move,development
1568808359.117,1240,667,None,Move,development
1568808359.125,1240,666,None,Move,development
1568808359.1320002,1240,665,None,Move,development
1568808359.14,1240,664,None,Move,development
1568808359.1479998,1239,662,None,Move,development
1568808359.155,1238,661,None,Move,development
1568808359.163,1236,659,None,Move,development
1568808359.171,1234,655,None,Move,development
1568808359.179,1229,651,None,Move,development
1568808359.187,1221,647,None,Move,development
1568808359.194,1214,642,None,Move,development
1568808359.205,1204,637,None,Move,development
1568808359.21,1193,631,None,Move,development
1568808359.216,1182,625,None,Move,development
1568808359.226,1168,621,None,Move,development
1568808359.232,1156,616,None,Move,development
1568808359.24,1142,612,None,Move,development
1568808359.248,1131,607,None,Move,development
1568808359.256,1119,603,None,Move,development
1568808359.264,1107,600,None,Move,development
1568808359.272,1096,595,None,Move,development
1568808359.278,1085,592,None,Move,development
1568808359.286,1075,590,None,Move,development
1568808359.294,1069,588,None,Move,development
1568808359.302,1061,586,None,Move,development
1568808359.31,1055,584,None,Move,development
1568808359.3179998,1051,582,None,Move,development
1568808359.326,1046,581,None,Move,development
1568808359.334,1043,580,None,Move,development
1568808359.34,1042,580,None,Move,development
1568808359.3479998,1041,580,None,Move,development
1568808359.356,1040,580,None,Move,development
1568808359.3639998,1040,580,None,Move,development
1568808359.389,1039,580,None,Move,development
1568808359.397,1038,580,None,Move,development
1568808359.403,1038,580,None,Move,development
1568808359.411,1037,580,None,Move,development
1568808359.419,1037,580,None,Move,development
1568808359.427,1036,580,None,Move,development
1568808359.435,1035,580,None,Move,development
1568808359.4420002,1034,580,None,Move,development
1568808359.451,1032,580,None,Move,development
1568808359.456,1031,580,None,Move,development
1568808359.464,1029,580,None,Move,development
1568808359.472,1027,581,None,Move,development
1568808359.48,1024,581,None,Move,development
1568808359.4889998,1022,581,None,Move,development
1568808359.496,1019,581,None,Move,development
1568808359.505,1016,582,None,Move,development
1568808359.512,1015,582,None,Move,development
1568808359.519,1014,583,None,Move,development
1568808359.526,1013,583,None,Move,development
1568808359.534,1013,583,None,Move,development
1568808359.542,1012,584,None,Move,development
1568808359.551,1012,585,None,Move,development
1568808359.559,1012,585,None,Move,development
1568808359.5670002,1012,585,None,Move,development
1568808359.575,1012,586,None,Move,development
1568808359.58,1011,586,None,Move,development
1568808359.5879998,1011,587,None,Move,development
1568808359.596,1010,589,None,Move,development
1568808359.604,1010,590,None,Move,development
1568808359.615,1010,591,None,Move,development
1568808359.621,1009,592,None,Move,development
1568808359.629,1009,593,None,Move,development
1568808359.637,1009,594,None,Move,development
1568808359.643,1009,594,None,Move,development
1568808359.651,1009,595,None,Move,development
1568808359.705,1008,595,None,Move,development
1568808359.738,1008,595,None,Move,development
1568808359.7670002,1008,595,Left,Pressed,development
1568808359.7670002,1008,595,None,Drag,development
1568808359.774,1008,595,None,Drag,development
1568808359.782,1008,595,None,Drag,development
1568808359.791,1008,595,None,Drag,development
1568808359.801,1008,595,None,Drag,development
1568808359.815,1008,595,None,Drag,development
1568808359.815,1008,595,Left,Released,development
1568808359.8279998,1008,595,None,Move,development
1568808359.89,1008,595,None,Move,development
1568808359.8979998,1009,595,None,Move,development
1568808359.908,1011,595,None,Move,development
1568808359.914,1014,595,None,Move,development
1568808359.9220002,1018,595,None,Move,development
1568808359.93,1024,595,None,Move,development
1568808359.936,1031,595,None,Move,development
1568808359.944,1041,594,None,Move,development
1568808359.952,1050,594,None,Move,development
1568808359.96,1064,594,None,Move,development
1568808359.968,1078,594,None,Move,development
1568808359.976,1090,594,None,Move,development
1568808359.984,1101,594,None,Move,development
1568808359.992,1114,592,None,Move,development
1568808360.0,1124,591,None,Move,development
1568808360.008,1136,589,None,Move,development
1568808360.014,1146,588,None,Move,development
1568808360.024,1155,587,None,Move,development
1568808360.03,1165,585,None,Move,development
1568808360.039,1172,584,None,Move,development
1568808360.0470002,1177,583,None,Move,development
1568808360.055,1183,581,None,Move,development
1568808360.063,1188,579,None,Move,development
1568808360.07,1191,578,None,Move,development
1568808360.077,1194,576,None,Move,development
1568808360.085,1196,574,None,Move,development
1568808360.092,1197,573,None,Move,development
1568808360.1,1199,571,None,Move,development
1568808360.109,1199,569,None,Move,development
1568808360.1160002,1199,567,None,Move,development
1568808360.1260002,1199,565,None,Move,development
1568808360.13,1199,563,None,Move,development
1568808360.139,1199,561,None,Move,development
1568808360.1479998,1199,559,None,Move,development
1568808360.155,1199,557,None,Move,development
1568808360.1620002,1199,554,None,Move,development
1568808360.17,1198,552,None,Move,development
1568808360.178,1198,550,None,Move,development
1568808360.184,1197,548,None,Move,development
1568808360.1920002,1196,546,None,Move,development
1568808360.2,1195,544,None,Move,development
1568808360.208,1195,543,None,Move,development
1568808360.216,1194,541,None,Move,development
1568808360.224,1192,539,None,Move,development
1568808360.232,1191,537,None,Move,development
1568808360.24,1190,536,None,Move,development
1568808360.246,1189,534,None,Move,development
1568808360.254,1187,533,None,Move,development
1568808360.262,1186,531,None,Move,development
1568808360.27,1184,529,None,Move,development
1568808360.278,1183,527,None,Move,development
1568808360.286,1182,525,None,Move,development
1568808360.294,1180,523,None,Move,development
1568808360.302,1179,523,None,Move,development
1568808360.3079998,1179,521,None,Move,development
1568808360.3179998,1178,521,None,Move,development
1568808360.324,1178,521,None,Move,development
1568808360.34,1178,520,None,Move,development
1568808360.465,1178,520,None,Move,development
1568808360.478,1178,519,None,Move,development
1568808360.4870002,1177,519,None,Move,development
1568808360.495,1177,518,None,Move,development
1568808360.526,1176,517,None,Move,development
1568808360.543,1176,517,None,Move,development
1568808360.556,1176,516,None,Move,development
1568808360.564,1175,516,None,Move,development
1568808360.5879998,1175,516,None,Move,development
1568808360.596,1175,516,None,Move,development
1568808360.627,1175,515,None,Move,development
1568808360.6339998,1174,515,None,Move,development
1568808360.6420002,1174,515,None,Move,development
1568808360.65,1174,515,None,Move,development
1568808360.6720002,1174,514,None,Move,development
1568808360.688,1173,514,None,Move,development
1568808360.696,1173,513,None,Move,development
1568808360.712,1173,513,None,Move,development
1568808360.728,1172,512,None,Move,development
1568808360.735,1172,512,None,Move,development
1568808360.75,1171,511,None,Move,development
1568808360.875,1171,511,None,Move,development
1568808360.891,1167,509,None,Move,development
1568808360.899,1165,509,None,Move,development
1568808360.906,1162,509,None,Move,development
1568808360.914,1159,508,None,Move,development
1568808360.92,1156,508,None,Move,development
1568808360.928,1150,508,None,Move,development
1568808360.936,1145,508,None,Move,development
1568808360.947,1141,508,None,Move,development
1568808360.9529998,1135,508,None,Move,development
1568808360.961,1131,508,None,Move,development
1568808360.969,1128,508,None,Move,development
1568808360.9770002,1127,508,None,Move,development
1568808360.9829998,1126,508,None,Move,development
1568808363.408,1126,508,None,Move,development
1568808363.416,1125,508,None,Move,development
1568808363.439,1125,508,None,Move,development
1568808363.462,1124,508,None,Move,development
1568808363.478,1123,509,None,Move,development
1568808363.494,1123,509,None,Move,development
1568808363.508,1123,510,None,Move,development
1568808363.649,1122,510,None,Move,development
1568808363.657,1122,510,None,Move,development
1568808363.7029998,1122,510,None,Move,development
1568808364.918,1122,510,None,Move,development
1568808364.926,1122,509,None,Move,development
1568808364.934,1122,508,None,Move,development
1568808364.9429998,1122,506,None,Move,development
1568808364.951,1122,506,None,Move,development
1568808364.959,1120,506,None,Move,development
1568808364.967,1119,506,None,Move,development
1568808364.9729998,1114,508,None,Move,development
1568808364.981,1109,509,None,Move,development
1568808364.9889998,1103,513,None,Move,development
1568808364.9970002,1097,517,None,Move,development
1568808365.005,1091,522,None,Move,development
1568808365.0129998,1086,527,None,Move,development
1568808365.021,1083,531,None,Move,development
1568808365.029,1081,531,None,Move,development
1568808365.315,1081,531,None,Move,development
1568808365.323,1083,530,None,Move,development
1568808365.34,1085,530,None,Move,development
1568808365.3520002,1086,529,None,Move,development
1568808365.357,1088,528,None,Move,development
1568808365.361,1091,527,None,Move,development
1568808365.3679998,1093,527,None,Move,development
1568808365.377,1096,527,None,Move,development
1568808365.385,1100,526,None,Move,development
1568808365.393,1104,525,None,Move,development
1568808365.399,1107,523,None,Move,development
1568808365.407,1112,522,None,Move,development
1568808365.415,1115,521,None,Move,development
1568808365.423,1120,520,None,Move,development
1568808365.431,1125,518,None,Move,development
1568808365.439,1128,516,None,Move,development
1568808365.447,1133,515,None,Move,development
1568808365.455,1137,513,None,Move,development
1568808365.4629998,1141,511,None,Move,development
1568808365.469,1143,510,None,Move,development
1568808365.476,1144,507,None,Move,development
1568808365.485,1145,506,None,Move,development
1568808365.492,1145,504,None,Move,development
1568808365.5010002,1144,502,None,Move,development
1568808365.508,1142,500,None,Move,development
1568808365.5170002,1141,499,None,Move,development
1568808365.5229998,1139,496,None,Move,development
1568808365.53,1135,495,None,Move,development
1568808365.54,1132,491,None,Move,development
1568808365.546,1127,488,None,Move,development
1568808365.555,1121,486,None,Move,development
1568808365.562,1115,484,None,Move,development
1568808365.57,1107,480,None,Move,development
1568808365.576,1097,478,None,Move,development
1568808365.584,1089,476,None,Move,development
1568808365.592,1079,473,None,Move,development
1568808365.6,1070,470,None,Move,development
1568808365.6079998,1059,468,None,Move,development
1568808365.6160002,1048,464,None,Move,development
1568808365.6239998,1037,462,None,Move,development
1568808365.633,1026,460,None,Move,development
1568808365.64,1015,458,None,Move,development
1568808365.647,1002,454,None,Move,development
1568808365.656,989,451,None,Move,development
1568808365.663,976,449,None,Move,development
1568808365.67,964,445,None,Move,development
1568808365.691,952,442,None,Move,development
1568808365.696,931,437,None,Move,development
1568808365.7029998,924,434,None,Move,development
1568808365.717,917,432,None,Move,development
1568808365.734,893,429,None,Move,development
1568808365.742,887,428,None,Move,development
1568808365.7489998,883,427,None,Move,development
1568808365.7589998,879,425,None,Move,development
1568808365.7629998,876,425,None,Move,development
1568808365.771,874,424,None,Move,development
1568808365.779,873,423,None,Move,development
1568808365.7870002,871,423,None,Move,development
1568808365.795,870,422,None,Move,development
1568808365.803,869,421,None,Move,development
1568808365.811,867,421,None,Move,development
1568808365.8170002,866,419,None,Move,development
1568808365.824,864,418,None,Move,development
1568808365.833,863,417,None,Move,development
1568808365.841,862,416,None,Move,development
1568808365.849,860,415,None,Move,development
1568808365.857,859,414,None,Move,development
1568808365.8639998,858,414,None,Move,development
1568808365.8720002,858,413,None,Move,development
1568808365.88,857,413,None,Move,development
1568808365.887,857,413,None,Move,development
1568808368.801,855,413,None,Move,development
1568808368.809,851,413,None,Move,development
1568808368.816,847,413,None,Move,development
1568808368.822,840,413,None,Move,development
1568808368.831,834,413,None,Move,development
1568808368.8379998,826,413,None,Move,development
1568808368.847,818,413,None,Move,development
1568808368.854,808,413,None,Move,development
1568808368.8620002,800,412,None,Move,development
1568808368.87,793,410,None,Move,development
1568808368.8760002,786,408,None,Move,development
1568808368.8839998,780,406,None,Move,development
1568808368.893,774,403,None,Move,development
1568808368.9,771,400,None,Move,development
1568808368.909,768,396,None,Move,development
1568808368.916,765,393,None,Move,development
1568808368.924,763,389,None,Move,development
1568808368.9320002,760,386,None,Move,development
1568808368.938,759,383,None,Move,development
1568808368.946,757,381,None,Move,development
1568808368.954,757,380,None,Move,development
1568808368.962,756,379,None,Move,development
1568808369.016,756,379,None,Move,development
1568808369.024,757,379,None,Move,development
1568808369.034,759,379,None,Move,development
1568808369.04,760,379,None,Move,development
1568808369.048,761,379,None,Move,development
1568808369.0570002,763,379,None,Move,development
1568808369.065,765,379,None,Move,development
1568808369.071,767,379,None,Move,development
1568808369.079,769,379,None,Move,development
1568808369.087,772,379,None,Move,development
1568808369.095,774,379,None,Move,development
1568808369.103,777,379,None,Move,development
1568808369.11,780,379,None,Move,development
1568808369.1160002,783,378,None,Move,development
1568808369.125,786,378,None,Move,development
1568808369.133,790,378,None,Move,development
1568808369.14,792,378,None,Move,development
1568808369.1520002,794,377,None,Move,development
1568808369.166,795,377,None,Move,development
1568808369.8760002,795,377,Left,Pressed,development
1568808369.939,795,377,Left,Released,development
1568808370.109,796,377,None,Move,development
1568808370.1239998,796,378,None,Move,development
1568808370.1320002,797,380,None,Move,development
1568808370.141,798,381,None,Move,development
1568808370.1479998,799,382,None,Move,development
1568808370.157,799,384,None,Move,development
1568808370.1620002,800,385,None,Move,development
1568808370.171,801,387,None,Move,development
1568808370.178,802,389,None,Move,development
1568808370.187,802,392,None,Move,development
1568808370.194,803,396,None,Move,development
1568808370.202,804,401,None,Move,development
1568808370.21,805,407,None,Move,development
1568808370.216,807,414,None,Move,development
1568808370.224,809,422,None,Move,development
1568808370.232,812,430,None,Move,development
1568808370.24,816,441,None,Move,development
1568808370.25,819,455,None,Move,development
1568808370.256,824,472,None,Move,development
1568808370.264,830,497,None,Move,development
1568808370.272,836,521,None,Move,development
1568808370.28,842,545,None,Move,development
1568808370.286,845,568,None,Move,development
1568808370.294,848,594,None,Move,development
1568808370.302,848,619,None,Move,development
1568808370.314,848,641,None,Move,development
1568808370.319,846,664,None,Move,development
1568808370.326,845,683,None,Move,development
1568808370.335,842,699,None,Move,development
1568808370.343,839,712,None,Move,development
1568808370.349,834,726,None,Move,development
1568808370.357,830,736,None,Move,development
1568808370.367,826,744,None,Move,development
1568808370.373,821,750,None,Move,development
1568808370.381,818,755,None,Move,development
1568808370.389,814,759,None,Move,development
1568808370.397,813,761,None,Move,development
1568808370.405,811,763,None,Move,development
1568808370.411,809,763,None,Move,development
1568808370.419,807,763,None,Move,development
1568808370.427,805,763,None,Move,development
1568808370.435,804,763,None,Move,development
1568808370.4420002,802,763,None,Move,development
1568808370.451,799,763,None,Move,development
1568808370.459,797,763,None,Move,development
1568808370.465,795,763,None,Move,development
1568808370.4729998,793,763,None,Move,development
1568808370.48,791,763,None,Move,development
1568808370.4889998,789,763,None,Move,development
1568808370.4970002,787,763,None,Move,development
1568808370.505,784,763,None,Move,development
1568808370.512,780,763,None,Move,development
1568808370.52,774,761,None,Move,development
1568808370.5270002,769,761,None,Move,development
1568808370.534,766,760,None,Move,development
1568808370.542,763,758,None,Move,development
1568808370.55,760,756,None,Move,development
1568808370.5579998,755,754,None,Move,development
1568808370.566,751,750,None,Move,development
1568808370.574,747,747,None,Move,development
1568808370.582,744,744,None,Move,development
1568808370.5879998,742,742,None,Move,development
1568808370.596,741,739,None,Move,development
1568808370.604,740,737,None,Move,development
1568808370.6120002,740,735,None,Move,development
1568808370.62,740,732,None,Move,development
1568808370.6279998,742,730,None,Move,development
1568808370.6360002,743,727,None,Move,development
1568808370.645,747,723,None,Move,development
1568808370.6520002,752,718,None,Move,development
1568808370.661,757,714,None,Move,development
1568808370.666,761,710,None,Move,development
1568808370.675,766,705,None,Move,development
1568808370.6820002,772,701,None,Move,development
1568808370.691,781,697,None,Move,development
1568808370.699,789,693,None,Move,development
1568808370.707,799,689,None,Move,development
1568808370.7129998,809,684,None,Move,development
1568808370.72,819,680,None,Move,development
1568808370.728,828,676,None,Move,development
1568808370.7370002,839,671,None,Move,development
1568808370.745,852,667,None,Move,development
1568808370.7529998,864,663,None,Move,development
1568808370.7610002,876,660,None,Move,development
1568808370.7670002,887,656,None,Move,development
1568808370.775,899,652,None,Move,development
1568808370.783,913,648,None,Move,development
1568808370.793,925,643,None,Move,development
1568808370.805,938,640,None,Move,development
1568808370.812,950,638,None,Move,development
1568808370.816,962,634,None,Move,development
1568808370.823,973,630,None,Move,development
1568808370.83,984,628,None,Move,development
1568808370.836,992,625,None,Move,development
1568808370.853,1010,618,None,Move,development
1568808370.861,1015,616,None,Move,development
1568808370.869,1019,615,None,Move,development
1568808370.8779998,1022,614,None,Move,development
1568808370.885,1025,613,None,Move,development
1568808370.891,1026,612,None,Move,development
1568808370.8979998,1026,612,None,Move,development
1568808370.914,1026,611,None,Move,development
1568808370.923,1026,611,None,Move,development
1568808370.952,1026,611,None,Move,development
1568808371.022,1026,611,None,Move,development
1568808371.03,1026,610,None,Move,development
1568808371.039,1026,609,None,Move,development
1568808371.046,1026,609,None,Move,development
1568808371.054,1026,608,None,Move,development
1568808371.062,1025,607,None,Move,development
1568808371.07,1024,607,None,Move,development
1568808371.076,1024,607,None,Move,development
1568808371.085,1024,606,None,Move,development
1568808371.093,1024,605,None,Move,development
1568808371.1,1023,605,None,Move,development
1568808371.109,1023,604,None,Move,development
1568808371.117,1023,604,None,Move,development
1568808371.1239998,1023,603,None,Move,development
1568808371.1320002,1022,602,None,Move,development
1568808371.147,1022,601,None,Move,development
1568808371.155,1021,601,None,Move,development
1568808371.173,1021,600,None,Move,development
1568808371.464,1020,600,None,Move,development
1568808371.472,1020,600,None,Move,development
1568808371.48,1019,600,None,Move,development
1568808371.488,1019,599,None,Move,development
1568808371.829,1019,598,None,Move,development
1568808371.836,1019,598,None,Move,development
1568808371.8520002,1018,597,None,Move,development
1568808371.861,1018,597,None,Move,development
1568808371.875,1018,596,None,Move,development
1568808371.8820002,1018,596,None,Move,development
1568808371.8979998,1017,595,None,Move,development
1568808371.907,1017,594,None,Move,development
1568808371.928,1017,594,None,Move,development
1568808371.936,1016,594,None,Move,development
1568808371.945,1016,593,None,Move,development
1568808371.96,1016,593,None,Move,development
1568808372.5570002,1016,592,None,Move,development
1568808372.565,1016,592,None,Move,development
1568808372.573,1015,591,None,Move,development
1568808372.96,1015,590,None,Move,development
1568808375.802,1015,590,None,Move,development
1568808376.779,1015,590,None,Move,development
1568808376.7870002,1014,589,None,Move,development
1568808376.795,1014,589,None,Move,development
1568808376.805,1014,588,None,Move,development
1568808377.12,1014,587,None,Move,development
1568808377.1360002,1014,586,None,Move,development
1568808377.695,1014,586,None,Move,development
1568808377.702,1013,585,None,Move,development
1568808377.708,1013,585,None,Move,development
1568808377.716,1012,584,None,Move,development
1568808377.724,1012,584,None,Move,development
1568808377.7329998,1011,582,None,Move,development
1568808377.7410002,1010,582,None,Move,development
1568808377.775,995,572,None,Move,development
1568808377.7870002,965,553,None,Move,development
1568808377.795,957,546,None,Move,development
1568808377.803,948,540,None,Move,development
1568808377.809,941,534,None,Move,development
1568808377.8170002,931,526,None,Move,development
1568808377.824,922,517,None,Move,development
1568808377.833,910,508,None,Move,development
1568808377.843,898,499,None,Move,development
1568808377.854,887,489,None,Move,development
1568808377.8639998,853,459,None,Move,development
1568808377.8720002,844,452,None,Move,development
1568808377.8779998,835,440,None,Move,development
1568808377.8879998,826,431,None,Move,development
1568808377.894,817,421,None,Move,development
1568808377.9020002,810,412,None,Move,development
1568808377.91,802,405,None,Move,development
1568808377.918,796,397,None,Move,development
1568808377.926,789,391,None,Move,development
1568808377.9329998,786,386,None,Move,development
1568808377.944,782,382,None,Move,development
1568808377.95,779,378,None,Move,development
1568808377.956,777,376,None,Move,development
1568808377.964,775,374,None,Move,development
1568808377.9729998,774,373,None,Move,development
1568808377.98,773,372,None,Move,development
1568808377.995,773,371,None,Move,development
1568808378.159,773,370,None,Move,development
1568808378.168,773,370,None,Move,development
1568808378.178,773,369,None,Move,development
1568808378.186,772,368,None,Move,development
1568808378.1929998,772,368,None,Move,development
1568808378.198,772,367,None,Move,development
1568808378.205,772,366,None,Move,development
1568808378.212,772,366,None,Move,development
1568808378.22,772,365,None,Move,development
1568808378.228,772,365,None,Move,development
1568808378.242,772,364,None,Move,development
1568808378.25,772,364,None,Move,development
1568808378.258,772,363,None,Move,development
1568808378.274,772,362,None,Move,development
1568808378.9020002,772,362,Left,Pressed,development
1568808378.988,772,362,Left,Released,development
1568808379.173,772,362,None,Move,development
1568808379.181,773,362,None,Move,development
1568808379.189,774,363,None,Move,development
1568808379.197,777,363,None,Move,development
1568808379.205,779,364,None,Move,development
1568808379.212,782,364,None,Move,development
1568808379.219,784,365,None,Move,development
1568808379.2270002,786,365,None,Move,development
1568808379.235,788,366,None,Move,development
1568808379.242,790,366,None,Move,development
1568808379.25,794,367,None,Move,development
1568808379.258,797,368,None,Move,development
1568808379.266,800,370,None,Move,development
1568808379.274,803,371,None,Move,development
1568808379.28,808,373,None,Move,development
1568808379.289,811,375,None,Move,development
1568808379.296,817,378,None,Move,development
1568808379.304,823,381,None,Move,development
1568808379.312,830,384,None,Move,development
1568808379.322,839,389,None,Move,development
1568808379.329,847,393,None,Move,development
1568808379.336,856,399,None,Move,development
1568808379.342,865,404,None,Move,development
1568808379.35,876,409,None,Move,development
1568808379.3579998,888,414,None,Move,development
1568808379.3660002,899,420,None,Move,development
1568808379.3739998,911,424,None,Move,development
1568808379.3820002,922,430,None,Move,development
1568808379.39,933,435,None,Move,development
1568808379.3979998,944,440,None,Move,development
1568808379.406,955,444,None,Move,development
1568808379.4120002,966,448,None,Move,development
1568808379.42,976,454,None,Move,development
1568808379.428,985,458,None,Move,development
1568808379.436,989,461,None,Move,development
1568808379.444,996,464,None,Move,development
1568808379.454,1000,467,None,Move,development
1568808379.459,1002,468,None,Move,development
1568808379.468,1004,469,None,Move,development
1568808379.474,1006,470,None,Move,development
1568808379.485,1007,471,None,Move,development
1568808379.4929998,1008,471,None,Move,development
1568808379.5270002,1009,472,None,Move,development
1568808379.5370002,1009,473,None,Move,development
1568808379.7,1009,473,None,Move,development
1568808379.738,1009,473,None,Move,development
1568808379.746,1009,473,None,Move,development
1568808379.754,1009,472,None,Move,development
1568808379.762,1008,472,None,Move,development
1568808379.77,1008,471,None,Move,development
1568808379.776,1007,471,None,Move,development
1568808379.786,1007,471,None,Move,development
1568808379.792,1007,470,None,Move,development
1568808379.8,1006,470,None,Move,development
1568808379.809,1005,470,None,Move,development
1568808379.816,1005,469,None,Move,development
1568808379.8379998,1004,469,None,Move,development
1568808381.574,1004,469,None,Move,development
1568808381.582,1003,469,None,Move,development
1568808381.59,1002,469,None,Move,development
1568808381.5979998,1001,469,None,Move,development
1568808381.604,1001,469,None,Move,development
1568808381.6120002,1000,469,None,Move,development
1568808381.62,1000,469,None,Move,development
1568808381.63,998,469,None,Move,development
1568808381.6360002,998,469,None,Move,development
1568808381.644,997,469,None,Move,development
1568808381.6520002,995,469,None,Move,development
1568808381.66,994,469,None,Move,development
1568808381.668,993,469,None,Move,development
1568808381.674,992,469,None,Move,development
1568808381.691,992,469,None,Move,development
1568808381.9,990,469,None,Move,development
1568808381.909,989,469,None,Move,development
1568808381.915,988,468,None,Move,development
1568808381.924,986,468,None,Move,development
1568808381.93,984,468,None,Move,development
1568808381.939,983,468,None,Move,development
1568808381.946,982,468,None,Move,development
1568808381.955,980,468,None,Move,development
1568808381.962,980,468,None,Move,development
1568808381.971,979,468,None,Move,development
1568808381.976,979,468,None,Move,development
1568808382.149,978,467,None,Move,development
1568808382.248,978,466,None,Move,development
1568808382.256,977,465,None,Move,development
1568808382.264,975,463,None,Move,development
1568808382.272,975,462,None,Move,development
1568808382.279,974,460,None,Move,development
1568808382.2870002,972,458,None,Move,development
1568808382.294,971,457,None,Move,development
1568808382.303,970,455,None,Move,development
1568808382.381,970,455,None,Move,development
1568808382.389,970,455,None,Move,development
1568808382.397,969,456,None,Move,development
1568808382.4020002,969,457,None,Move,development
1568808382.411,969,458,None,Move,development
1568808382.419,968,459,None,Move,development
1568808382.427,968,460,None,Move,development
1568808382.658,968,460,None,Move,development
1568808382.666,968,461,None,Move,development
1568808382.674,968,463,None,Move,development
1568808382.6820002,968,464,None,Move,development
1568808382.69,968,465,None,Move,development
1568808382.701,968,466,None,Move,development
1568808382.705,968,467,None,Move,development
1568808382.7129998,968,469,None,Move,development
1568808382.72,967,470,None,Move,development
1568808382.7410002,967,472,None,Move,development
1568808382.746,966,475,None,Move,development
1568808382.7529998,966,476,None,Move,development
1568808382.7610002,966,477,None,Move,development
1568808382.775,966,478,None,Move,development
1568808382.783,966,478,None,Move,development
1568808382.914,966,478,None,Move,development
1568808382.9220002,966,478,None,Move,development
1568808382.93,966,478,None,Move,development
1568808382.938,965,477,None,Move,development
1568808382.946,965,477,None,Move,development
1568808382.954,965,476,None,Move,development
1568808382.96,965,475,None,Move,development
1568808382.968,965,475,None,Move,development
1568808382.976,965,474,None,Move,development
1568808382.992,965,474,None,Move,development
1568808383.07,965,474,None,Move,development
1568808383.076,965,474,None,Move,development
1568808383.084,965,476,None,Move,development
1568808383.092,965,477,None,Move,development
1568808383.101,965,479,None,Move,development
1568808383.1079998,965,480,None,Move,development
1568808383.1160002,965,481,None,Move,development
1568808383.125,965,482,None,Move,development
1568808383.6820002,965,482,None,Move,development
1568808383.697,966,483,None,Move,development
1568808383.8979998,966,483,None,Move,development
1568808383.906,966,484,None,Move,development
1568808383.914,966,484,None,Move,development
1568808383.9220002,967,484,None,Move,development
1568808383.936,967,484,None,Move,development
1568808383.9529998,968,484,None,Move,development
1568808384.031,968,484,None,Move,development
1568808384.039,968,484,None,Move,development
1568808384.046,968,482,None,Move,development
1568808384.055,968,481,None,Move,development
1568808384.06,968,480,None,Move,development
1568808384.0679998,968,479,None,Move,development
1568808384.076,968,479,None,Move,development
1568808384.084,968,477,None,Move,development
1568808384.092,968,477,None,Move,development
1568808384.1,968,476,None,Move,development
1568808384.1079998,968,475,None,Move,development
1568808384.1160002,969,474,None,Move,development
1568808386.7729998,969,474,None,Move,development
1568808386.78,965,474,None,Move,development
1568808386.801,955,476,None,Move,development
1568808386.806,933,483,None,Move,development
1568808386.811,918,488,None,Move,development
1568808386.819,901,494,None,Move,development
1568808386.829,880,505,None,Move,development
1568808386.835,852,514,None,Move,development
1568808386.843,821,528,None,Move,development
1568808386.851,790,540,None,Move,development
1568808386.859,759,554,None,Move,development
1568808386.867,729,566,None,Move,development
1568808386.875,697,580,None,Move,development
1568808386.881,670,590,None,Move,development
1568808386.8879998,645,599,None,Move,development
1568808386.896,617,609,None,Move,development
1568808386.905,594,618,None,Move,development
1568808386.9120002,576,626,None,Move,development
1568808386.921,560,635,None,Move,development
1568808386.929,549,645,None,Move,development
1568808386.937,536,656,None,Move,development
1568808386.9429998,526,665,None,Move,development
1568808386.951,514,675,None,Move,development
1568808386.961,502,687,None,Move,development
1568808386.967,493,695,None,Move,development
1568808386.974,486,704,None,Move,development
1568808386.982,478,710,None,Move,development
1568808386.988,473,718,None,Move,development
1568808386.996,469,723,None,Move,development
1568808387.004,466,726,None,Move,development
1568808387.012,465,728,None,Move,development
1568808387.02,464,730,None,Move,development
1568808387.028,464,730,None,Move,development
1568808387.036,463,730,None,Move,development
1568808387.044,462,730,None,Move,development
1568808387.052,460,730,None,Move,development
1568808387.0579998,459,730,None,Move,development
1568808387.074,459,730,None,Move,development
1568808387.083,463,730,None,Move,development
1568808387.09,464,730,None,Move,development
1568808387.1820002,468,723,None,Move,development
1568808387.191,471,719,None,Move,development
1568808387.198,473,714,None,Move,development
1568808387.207,474,709,None,Move,development
1568808387.214,474,703,None,Move,development
1568808387.2229998,472,700,None,Move,development
1568808387.23,468,696,None,Move,development
1568808387.238,463,693,None,Move,development
1568808387.2470002,455,690,None,Move,development
1568808387.2529998,447,687,None,Move,development
1568808387.2610002,439,684,None,Move,development
1568808387.269,423,678,None,Move,development
1568808387.2770002,408,673,None,Move,development
1568808387.285,395,670,None,Move,development
1568808387.293,382,667,None,Move,development
1568808387.301,368,664,None,Move,development
1568808387.3070002,357,662,None,Move,development
1568808387.315,348,661,None,Move,development
1568808387.323,338,661,None,Move,development
1568808387.331,335,661,None,Move,development
1568808387.339,332,661,None,Move,development
1568808387.347,331,661,None,Move,development
1568808387.354,331,661,None,Move,development
1568808387.361,334,659,None,Move,development
1568808387.3679998,337,658,None,Move,development
1568808387.377,339,658,None,Move,development
1568808387.385,342,658,None,Move,development
1568808387.393,345,658,None,Move,development
1568808387.4,352,660,None,Move,development
1568808387.409,361,662,None,Move,development
1568808387.416,365,668,None,Move,development
1568808387.4220002,366,673,None,Move,development
1568808387.431,368,679,None,Move,development
1568808387.438,371,685,None,Move,development
1568808387.447,375,692,None,Move,development
1568808387.454,382,701,None,Move,development
1568808387.462,388,709,None,Move,development
1568808387.47,396,717,None,Move,development
1568808387.478,403,724,None,Move,development
1568808387.486,410,730,None,Move,development
1568808387.492,418,738,None,Move,development
1568808387.5,424,743,None,Move,development
1568808387.508,431,748,None,Move,development
1568808387.516,435,752,None,Move,development
1568808387.525,440,757,None,Move,development
1568808387.532,445,762,None,Move,development
1568808387.54,448,766,None,Move,development
1568808387.548,451,771,None,Move,development
1568808387.556,454,777,None,Move,development
1568808387.562,457,784,None,Move,development
1568808387.57,459,793,None,Move,development
1568808387.5779998,461,802,None,Move,development
1568808387.587,463,817,None,Move,development
1568808387.594,468,838,None,Move,development
1568808387.601,474,865,None,Move,development
1568808387.6079998,481,900,None,Move,development
1568808387.6160002,492,943,None,Move,development
1568808387.6239998,503,983,None,Move,development
1568808387.633,512,1021,None,Move,development
1568808387.64,520,1048,None,Move,development
1568808387.649,526,1072,None,Move,development
1568808387.657,527,1092,None,Move,development
1568808387.663,527,1093,None,Move,development
1568808387.671,524,1091,None,Move,development
1568808387.679,515,1089,None,Move,development
1568808387.687,505,1087,None,Move,development
1568808387.695,494,1084,None,Move,development
1568808387.7029998,482,1085,None,Move,development
1568808387.71,469,1083,None,Move,development
1568808387.719,457,1083,None,Move,development
1568808387.7270002,446,1081,None,Move,development
1568808387.7329998,438,1081,None,Move,development
1568808387.74,431,1081,None,Move,development
1568808387.748,428,1080,None,Move,development
1568808387.7570002,427,1079,None,Move,development
1568808387.765,427,1079,None,Move,development
1568808387.775,427,1077,None,Move,development
1568808387.78,428,1074,None,Move,development
1568808387.788,430,1070,None,Move,development
1568808387.794,433,1066,None,Move,development
1568808387.803,436,1061,None,Move,development
1568808387.811,438,1057,None,Move,development
1568808387.819,439,1053,None,Move,development
1568808387.826,440,1051,None,Move,development
1568808387.835,440,1049,None,Move,development
1568808387.84,440,1048,None,Move,development
1568808387.8479998,439,1046,None,Move,development
1568808387.856,436,1045,None,Move,development
1568808387.8639998,433,1045,None,Move,development
1568808387.8720002,429,1045,None,Move,development
1568808387.881,426,1044,None,Move,development
1568808387.8879998,421,1043,None,Move,development
1568808387.897,418,1042,None,Move,development
1568808387.904,416,1041,None,Move,development
1568808387.911,414,1040,None,Move,development
1568808387.919,412,1038,None,Move,development
1568808387.926,411,1035,None,Move,development
1568808387.934,410,1032,None,Move,development
1568808387.9429998,408,1029,None,Move,development
1568808387.951,407,1027,None,Move,development
1568808387.958,406,1026,None,Move,development
1568808387.967,404,1026,None,Move,development
1568808387.9729998,400,1027,None,Move,development
1568808387.981,394,1029,None,Move,development
1568808387.988,386,1030,None,Move,development
1568808387.9970002,378,1031,None,Move,development
1568808388.004,367,1032,None,Move,development
1568808388.0129998,355,1033,None,Move,development
1568808388.021,343,1035,None,Move,development
1568808388.029,331,1037,None,Move,development
1568808388.035,319,1037,None,Move,development
1568808388.043,306,1037,None,Move,development
1568808388.051,294,1037,None,Move,development
1568808388.059,283,1037,None,Move,development
1568808388.0670002,274,1037,None,Move,development
1568808388.075,266,1037,None,Move,development
1568808388.081,258,1037,None,Move,development
1568808388.089,251,1037,None,Move,development
1568808388.097,246,1037,None,Move,development
1568808388.104,240,1037,None,Move,development
1568808388.113,236,1037,None,Move,development
1568808388.12,232,1037,None,Move,development
1568808388.129,228,1038,None,Move,development
1568808388.1360002,225,1038,None,Move,development
1568808388.145,222,1039,None,Move,development
1568808388.151,219,1040,None,Move,development
1568808388.159,217,1040,None,Move,development
1568808388.166,216,1041,None,Move,development
1568808388.175,215,1041,None,Move,development
1568808388.1820002,213,1042,None,Move,development
1568808388.191,212,1042,None,Move,development
1568808388.198,211,1042,None,Move,development
1568808388.206,210,1043,None,Move,development
1568808388.212,209,1045,None,Move,development
1568808388.22,207,1045,None,Move,development
1568808388.228,206,1047,None,Move,development
1568808388.236,204,1048,None,Move,development
1568808388.244,201,1050,None,Move,development
1568808388.252,199,1053,None,Move,development
1568808388.26,196,1054,None,Move,development
1568808388.268,191,1057,None,Move,development
1568808388.276,186,1060,None,Move,development
1568808388.282,182,1062,None,Move,development
1568808388.29,176,1065,None,Move,development
1568808388.298,170,1068,None,Move,development
1568808388.306,163,1071,None,Move,development
1568808388.314,157,1073,None,Move,development
1568808388.322,153,1074,None,Move,development
1568808388.3279998,150,1074,None,Move,development
1568808388.336,146,1074,None,Move,development
1568808388.344,143,1074,None,Move,development
1568808388.3520002,142,1074,None,Move,development
1568808388.361,141,1074,None,Move,development
1568808388.369,140,1074,None,Move,development
1568808388.3760002,138,1074,None,Move,development
1568808388.385,137,1074,None,Move,development
1568808388.39,136,1074,None,Move,development
1568808388.3979998,134,1073,None,Move,development
1568808388.407,133,1073,None,Move,development
1568808388.415,132,1073,None,Move,development
1568808388.423,130,1073,None,Move,development
1568808388.431,129,1073,None,Move,development
1568808388.439,128,1073,None,Move,development
1568808388.447,127,1073,None,Move,development
1568808388.454,126,1073,None,Move,development
1568808388.46,126,1073,None,Move,development
1568808388.468,125,1073,None,Move,development
1568808388.492,124,1073,None,Move,development
1568808388.5,124,1073,None,Move,development
1568808388.522,124,1072,None,Move,development
1568808388.546,123,1072,None,Move,development
1568808388.678,123,1072,Left,Pressed,development
1568808388.678,123,1072,None,Drag,development
1568808388.678,123,1072,Left,Released,development
1568808388.762,123,1072,None,Move,office
1568808388.77,123,1071,None,Move,office
1568808388.796,124,1071,None,Move,office
1568808388.802,125,1070,None,Move,office
1568808388.812,125,1069,None,Move,office
1568808388.82,126,1069,None,Move,office
1568808388.83,126,1068,None,Move,office
1568808388.837,128,1068,None,Move,office
1568808388.849,128,1067,None,Move,office
1568808388.859,130,1066,None,Move,office
1568808388.867,131,1065,None,Move,office
1568808388.8779998,133,1065,None,Move,office
1568808388.893,136,1063,None,Move,office
1568808388.903,142,1060,None,Move,office
1568808388.913,145,1058,None,Move,office
1568808388.929,156,1054,None,Move,office
1568808388.936,164,1051,None,Move,office
1568808388.948,175,1046,None,Move,office
1568808388.955,186,1043,None,Move,office
1568808388.9629998,198,1038,None,Move,office
1568808388.97,208,1034,None,Move,office
1568808388.978,218,1032,None,Move,office
1568808388.992,237,1023,None,Move,office
1568808388.9970002,243,1020,None,Move,office
1568808389.005,248,1017,None,Move,office
1568808389.014,254,1014,None,Move,office
1568808389.021,260,1012,None,Move,office
1568808389.0270002,266,1009,None,Move,office
1568808389.034,272,1005,None,Move,office
1568808389.042,279,1000,None,Move,office
1568808389.05,287,996,None,Move,office
1568808389.056,295,991,None,Move,office
1568808389.064,306,984,None,Move,office
1568808389.072,324,972,None,Move,office
1568808389.08,340,961,None,Move,office
1568808389.0879998,356,950,None,Move,office
1568808389.096,379,935,None,Move,office
1568808389.104,396,920,None,Move,office
1568808389.1120002,414,904,None,Move,office
1568808389.12,430,886,None,Move,office
1568808389.1260002,446,864,None,Move,office
1568808389.1339998,461,838,None,Move,office
1568808389.153,491,780,None,Move,office
1568808389.174,517,718,None,Move,office
1568808389.197,525,623,None,Move,office
1568808389.218,514,580,None,Move,office
1568808389.231,495,532,None,Move,office
1568808389.2389998,482,506,None,Move,office
1568808389.246,467,480,None,Move,office
1568808389.252,449,452,None,Move,office
1568808389.258,426,424,None,Move,office
1568808389.2670002,406,399,None,Move,office
1568808389.285,360,358,None,Move,office
1568808389.299,315,323,None,Move,office
1568808389.3170002,280,300,None,Move,office
1568808389.323,264,291,None,Move,office
1568808389.329,254,285,None,Move,office
1568808389.3379998,245,280,None,Move,office
1568808389.345,237,276,None,Move,office
1568808389.353,231,273,None,Move,office
1568808389.361,227,270,None,Move,office
1568808389.367,225,269,None,Move,office
1568808389.375,225,268,None,Move,office
1568808389.444,225,268,None,Move,office
1568808389.461,225,269,None,Move,office
1568808389.468,226,270,None,Move,office
1568808389.476,227,271,None,Move,office
1568808389.484,228,272,None,Move,office
1568808389.49,231,274,None,Move,office
1568808389.498,234,276,None,Move,office
1568808389.506,237,279,None,Move,office
1568808389.514,244,282,None,Move,office
1568808389.522,250,285,None,Move,office
1568808389.53,257,287,None,Move,office
1568808389.539,266,289,None,Move,office
1568808389.546,274,291,None,Move,office
1568808389.552,281,293,None,Move,office
1568808389.56,289,295,None,Move,office
1568808389.5679998,295,297,None,Move,office
1568808389.576,301,298,None,Move,office
1568808389.584,306,300,None,Move,office
1568808389.592,311,303,None,Move,office
1568808389.6,316,305,None,Move,office
1568808389.606,318,306,None,Move,office
1568808389.6139998,320,308,None,Move,office
1568808389.6220002,322,310,None,Move,office
1568808389.63,324,311,None,Move,office
1568808389.6379998,325,314,None,Move,office
1568808389.647,328,316,None,Move,office
1568808389.655,330,319,None,Move,office
1568808389.663,332,323,None,Move,office
1568808389.669,334,326,None,Move,office
1568808389.677,338,330,None,Move,office
1568808389.684,341,333,None,Move,office
1568808389.6929998,344,337,None,Move,office
1568808389.7,348,341,None,Move,office
1568808389.708,352,344,None,Move,office
1568808389.717,354,348,None,Move,office
1568808389.725,356,350,None,Move,office
1568808389.738,360,356,None,Move,office
1568808389.7470002,361,359,None,Move,office
1568808389.755,361,361,None,Move,office
1568808389.762,361,364,None,Move,office
1568808389.771,361,366,None,Move,office
1568808389.778,361,369,None,Move,office
1568808389.786,360,372,None,Move,office
1568808389.794,360,373,None,Move,office
1568808389.8,360,374,None,Move,office
1568808389.948,360,370,None,Move,office
1568808389.956,360,369,None,Move,office
1568808389.97,360,368,None,Move,office
1568808389.978,360,368,None,Move,office
1568808390.002,362,366,None,Move,office
1568808390.01,363,364,None,Move,office
1568808390.018,364,364,None,Move,office
1568808390.026,365,362,None,Move,office
1568808390.034,366,358,None,Move,office
1568808390.04,366,354,None,Move,office
1568808390.051,364,348,None,Move,office
1568808390.056,363,344,None,Move,office
1568808390.065,363,340,None,Move,office
1568808390.081,368,327,None,Move,office
1568808390.1,376,315,None,Move,office
1568808390.113,382,307,None,Move,office
1568808390.1260002,384,303,None,Move,office
1568808390.135,384,298,None,Move,office
1568808390.143,384,296,None,Move,office
1568808390.151,383,294,None,Move,office
1568808390.156,382,292,None,Move,office
1568808390.165,382,292,None,Move,office
1568808390.173,381,291,None,Move,office
1568808390.181,381,291,None,Move,office
1568808390.188,380,291,None,Move,office
1568808390.196,380,291,None,Move,office
1568808390.204,379,291,None,Move,office
1568808390.342,379,291,Left,Pressed,office
1568808390.4120002,379,291,Left,Released,office
1568808390.498,379,291,None,Move,office
1568808390.506,380,291,None,Move,office
1568808390.514,381,292,None,Move,office
1568808390.52,383,294,None,Move,office
1568808390.528,387,295,None,Move,office
1568808390.536,391,297,None,Move,office
1568808390.546,396,299,None,Move,office
1568808390.552,403,300,None,Move,office
1568808390.56,410,302,None,Move,office
1568808390.5679998,416,303,None,Move,office
1568808390.577,425,304,None,Move,office
1568808390.583,433,305,None,Move,office
1568808390.591,441,306,None,Move,office
1568808390.599,453,307,None,Move,office
1568808390.607,466,309,None,Move,office
1568808390.6139998,481,310,None,Move,office
1568808390.623,497,310,None,Move,office
1568808390.631,514,312,None,Move,office
1568808390.639,531,312,None,Move,office
1568808390.645,547,312,None,Move,office
1568808390.653,562,312,None,Move,office
1568808390.661,575,311,None,Move,office
1568808390.669,585,311,None,Move,office
1568808390.677,594,311,None,Move,office
1568808390.685,599,311,None,Move,office
1568808390.6929998,602,311,None,Move,office
1568808390.701,604,311,None,Move,office
1568808390.706,605,311,None,Move,office
1568808390.768,605,311,None,Move,office
1568808390.776,604,311,None,Move,office
1568808390.784,603,311,None,Move,office
1568808390.798,602,311,None,Move,office
1568808390.803,600,310,None,Move,office
1568808390.809,600,309,None,Move,office
1568808390.816,599,309,None,Move,office
1568808390.824,598,309,None,Move,office
1568808391.296,598,309,None,Move,office
1568808391.304,599,309,None,Move,office
1568808391.31,601,309,None,Move,office
1568808391.3179998,604,309,None,Move,office
1568808391.326,607,309,None,Move,office
1568808391.334,610,309,None,Move,office
1568808391.342,612,309,None,Move,office
1568808391.35,616,309,None,Move,office
1568808391.3579998,619,309,None,Move,office
1568808391.367,623,309,None,Move,office
1568808391.373,628,309,None,Move,office
1568808391.381,632,309,None,Move,office
1568808391.389,634,309,None,Move,office
1568808391.397,637,309,None,Move,office
1568808391.405,639,309,None,Move,office
1568808391.413,641,309,None,Move,office
1568808391.421,642,309,None,Move,office
1568808391.429,645,309,None,Move,office
1568808391.435,646,309,None,Move,office
1568808391.4429998,646,309,None,Move,office
1568808391.451,648,309,None,Move,office
1568808391.458,649,309,None,Move,office
1568808391.467,650,309,None,Move,office
1568808391.475,651,309,None,Move,office
1568808391.482,653,309,None,Move,office
1568808391.4910002,654,309,None,Move,office
1568808391.496,655,309,None,Move,office
1568808391.505,657,309,None,Move,office
1568808391.512,658,309,None,Move,office
1568808391.521,659,309,None,Move,office
1568808391.528,660,309,None,Move,office
1568808391.536,662,309,None,Move,office
1568808391.544,662,309,None,Move,office
1568808391.551,663,309,None,Move,office
1568808391.559,664,309,None,Move,office
1568808391.566,665,309,None,Move,office
1568808391.574,665,309,None,Move,office
1568808393.03,665,308,None,Move,office
1568808393.038,665,306,None,Move,office
1568808393.046,665,306,None,Move,office
1568808393.062,665,305,None,Move,office
1568808393.07,665,305,None,Move,office
1568808393.082,665,304,None,Move,office
1568808393.09,665,304,None,Move,office
1568808393.096,665,303,None,Move,office
1568808393.1079998,665,302,None,Move,office
1568808393.119,665,302,None,Move,office
1568808393.14,665,301,None,Move,office
1568808393.535,665,301,None,Move,office
1568808393.551,662,304,None,Move,office
1568808393.56,658,307,None,Move,office
1568808393.5670002,650,311,None,Move,office
1568808393.575,642,313,None,Move,office
1568808393.581,631,316,None,Move,office
1568808393.589,620,321,None,Move,office
1568808393.599,607,324,None,Move,office
1568808393.6120002,593,328,None,Move,office
1568808393.617,577,332,None,Move,office
1568808393.621,559,336,None,Move,office
1568808393.629,535,341,None,Move,office
1568808393.637,512,344,None,Move,office
1568808393.665,489,347,None,Move,office
1568808393.67,440,352,None,Move,office
1568808393.677,427,352,None,Move,office
1568808393.6820002,413,353,None,Move,office
1568808393.69,403,354,None,Move,office
1568808393.698,392,355,None,Move,office
1568808393.706,385,355,None,Move,office
1568808393.712,381,355,None,Move,office
1568808393.72,378,355,None,Move,office
1568808393.728,376,355,None,Move,office
1568808393.736,375,355,None,Move,office
1568808393.7489998,374,355,None,Move,office
1568808393.79,374,355,None,Move,office
1568808393.798,373,355,None,Move,office
1568808393.8070002,372,355,None,Move,office
1568808393.815,371,355,None,Move,office
1568808393.823,371,355,None,Move,office
1568808393.829,369,356,None,Move,office
1568808393.837,367,356,None,Move,office
1568808393.845,366,356,None,Move,office
1568808393.853,364,356,None,Move,office
1568808393.861,362,356,None,Move,office
1568808393.869,361,357,None,Move,office
1568808393.877,361,357,None,Move,office
1568808393.883,360,357,None,Move,office
1568808393.8979998,359,357,None,Move,office
1568808393.9770002,359,357,None,Move,office
1568808393.985,358,357,None,Move,office
1568808393.992,358,356,None,Move,office
1568808394.0,356,356,None,Move,office
1568808394.006,355,356,None,Move,office
1568808394.014,353,354,None,Move,office
1568808394.022,351,353,None,Move,office
1568808394.03,347,351,None,Move,office
1568808394.038,342,349,None,Move,office
1568808394.046,336,346,None,Move,office
1568808394.055,329,343,None,Move,office
1568808394.06,321,340,None,Move,office
1568808394.0679998,314,337,None,Move,office
1568808394.076,307,333,None,Move,office
1568808394.084,300,328,None,Move,office
1568808394.092,292,322,None,Move,office
1568808394.101,284,317,None,Move,office
1568808394.1079998,278,312,None,Move,office
1568808394.1160002,272,308,None,Move,office
1568808394.125,267,304,None,Move,office
1568808394.13,263,300,None,Move,office
1568808394.1379998,260,298,None,Move,office
1568808394.147,258,295,None,Move,office
1568808394.154,257,293,None,Move,office
1568808394.163,256,292,None,Move,office
1568808394.171,255,290,None,Move,office
1568808394.179,255,289,None,Move,office
1568808394.186,254,288,None,Move,office
1568808394.1929998,253,287,None,Move,office
1568808394.201,253,287,None,Move,office
1568808394.209,253,286,None,Move,office
1568808394.225,253,286,None,Move,office
1568808394.448,253,285,None,Move,office
1568808394.456,253,284,None,Move,office
1568808394.502,253,284,Left,Pressed,office
1568808394.589,253,284,Left,Released,office
1568808394.675,253,285,None,Move,office
1568808394.68,254,287,None,Move,office
1568808394.688,254,289,None,Move,office
1568808394.696,254,290,None,Move,office
1568808394.705,254,292,None,Move,office
1568808394.7129998,255,296,None,Move,office
1568808394.72,255,299,None,Move,office
1568808394.729,256,302,None,Move,office
1568808394.736,258,306,None,Move,office
1568808394.742,260,311,None,Move,office
1568808394.75,261,316,None,Move,office
1568808394.758,265,324,None,Move,office
1568808394.766,267,329,None,Move,office
1568808394.774,271,334,None,Move,office
1568808394.782,275,342,None,Move,office
1568808394.79,280,349,None,Move,office
1568808394.796,285,356,None,Move,office
1568808394.804,290,362,None,Move,office
1568808394.812,295,367,None,Move,office
1568808394.82,300,371,None,Move,office
1568808394.829,303,375,None,Move,office
1568808394.836,308,376,None,Move,office
1568808394.844,311,378,None,Move,office
1568808394.853,313,379,None,Move,office
1568808394.861,315,379,None,Move,office
1568808394.8660002,318,379,None,Move,office
1568808394.8739998,319,379,None,Move,office
1568808394.8820002,320,379,None,Move,office
1568808394.891,322,379,None,Move,office
1568808394.8979998,324,378,None,Move,office
1568808394.907,325,377,None,Move,office
1568808394.914,327,376,None,Move,office
1568808394.921,329,375,None,Move,office
1568808394.928,329,373,None,Move,office
1568808394.937,331,373,None,Move,office
1568808394.945,332,371,None,Move,office
1568808394.9529998,333,370,None,Move,office
1568808394.961,334,368,None,Move,office
1568808394.969,336,366,None,Move,office
1568808394.9770002,337,365,None,Move,office
1568808394.9829998,338,363,None,Move,office
1568808394.9910002,339,361,None,Move,office
1568808394.9989998,339,359,None,Move,office
1568808395.0070002,341,356,None,Move,office
1568808395.015,342,354,None,Move,office
1568808395.0229998,342,351,None,Move,office
1568808395.03,342,348,None,Move,office
1568808395.036,342,345,None,Move,office
1568808395.045,342,342,None,Move,office
1568808395.053,342,339,None,Move,office
1568808395.061,342,337,None,Move,office
1568808395.0679998,342,334,None,Move,office
1568808395.077,342,333,None,Move,office
1568808395.084,341,333,None,Move,office
1568808395.093,341,331,None,Move,office
1568808395.099,341,331,None,Move,office
1568808395.106,341,330,None,Move,office
1568808395.1139998,341,330,None,Move,office
1568808395.1220002,341,329,None,Move,office
1568808395.13,341,328,None,Move,office
1568808395.139,341,327,None,Move,office
1568808395.147,341,327,None,Move,office
1568808395.154,341,326,None,Move,office
1568808395.16,341,325,None,Move,office
1568808395.168,341,324,None,Move,office
1568808395.176,341,324,None,Move,office
1568808395.184,341,323,None,Move,office
1568808395.1929998,341,323,None,Move,office
1568808395.208,341,322,None,Move,office
1568808395.216,341,322,None,Move,office
1568808395.222,341,321,None,Move,office
1568808395.246,341,320,None,Move,office
1568808395.3,341,320,Left,Pressed,office
1568808395.379,341,320,Left,Released,office
