client_timestamp,x,y,button,state,window
1574262098.77,294,381,Left,Pressed,office
1574262098.77,294,381,None,Drag,office
1574262098.79,294,382,None,Drag,office
1574262098.79,294,382,Left,Released,office
1574262116.7489998,299,381,None,Move,office
1574262116.7570002,299,380,None,Move,office
1574262116.765,326,367,None,Move,office
1574262116.7729998,360,355,None,Move,office
1574262116.781,421,338,None,Move,office
1574262116.789,457,332,None,Move,office
1574262116.7970002,471,329,None,Move,office
1574262116.806,471,328,None,Move,office
1574262116.815,472,328,None,Move,office
1574262116.831,471,331,None,Move,office
1574262116.839,471,333,None,Move,office
1574262116.847,471,334,None,Move,office
1574262116.927,471,337,None,Move,office
1574262116.935,471,338,None,Move,office
1574262116.946,471,339,None,Move,office
1574262116.954,471,340,None,Move,office
1574262116.961,470,341,None,Move,office
1574262116.968,468,342,None,Move,office
1574262116.974,468,342,None,Move,office
1574262116.982,463,342,None,Move,office
1574262116.99,458,342,None,Move,office
1574262116.998,454,340,None,Move,office
1574262117.006,451,339,None,Move,office
1574262117.014,447,337,None,Move,office
1574262117.022,444,335,None,Move,office
1574262117.03,438,331,None,Move,office
1574262117.038,427,326,None,Move,office
1574262117.046,413,321,None,Move,office
1574262117.054,398,314,None,Move,office
1574262117.062,381,308,None,Move,office
1574262117.07,365,304,None,Move,office
1574262117.0779998,352,299,None,Move,office
1574262117.086,340,295,None,Move,office
1574262117.094,329,293,None,Move,office
1574262117.1020002,328,293,None,Move,office
1574262117.11,327,293,None,Move,office
1574262117.198,326,291,None,Move,office
1574262117.2129998,326,291,None,Move,office
1574262117.231,329,287,None,Move,office
1574262117.238,330,286,None,Move,office
1574262117.2470002,331,286,None,Move,office
1574262117.254,332,285,None,Move,office
1574262117.262,334,284,None,Move,office
1574262117.27,335,284,None,Move,office
1574262117.278,335,284,None,Move,office
1574262117.286,338,284,None,Move,office
1574262117.294,339,284,None,Move,office
1574262117.302,340,284,None,Move,office
1574262117.31,345,284,None,Move,office
1574262117.3179998,348,284,None,Move,office
1574262117.326,352,284,None,Move,office
1574262117.334,356,284,None,Move,office
1574262117.342,359,284,None,Move,office
1574262117.35,363,284,None,Move,office
1574262117.3579998,365,284,None,Move,office
1574262117.3660002,366,284,None,Move,office
1574262117.3739998,367,284,None,Move,office
1574262117.39,369,284,None,Move,office
1574262117.3979998,369,284,None,Move,office
1574262117.55,369,284,None,Move,office
1574262117.566,369,285,None,Move,office
1574262117.575,368,286,None,Move,office
1574262117.5979998,365,287,None,Move,office
1574262117.607,364,287,None,Move,office
1574262117.6139998,364,288,None,Move,office
1574262117.711,362,290,None,Move,office
1574262117.731,359,291,None,Move,office
1574262117.746,357,291,None,Move,office
1574262117.755,355,291,None,Move,office
1574262117.7610002,354,291,None,Move,office
1574262117.87,353,291,None,Move,office
1574262117.8779998,352,291,None,Move,office
1574262117.8860002,351,292,None,Move,office
1574262117.9020002,350,292,None,Move,office
1574262117.91,349,292,None,Move,office
1574262117.982,349,293,None,Move,office
1574262118.0470002,349,293,Left,Pressed,office
1574262118.146,349,293,Left,Released,office
1574262118.226,349,293,None,Move,office
1574262118.235,350,293,None,Move,office
1574262118.242,350,293,None,Move,office
1574262118.2510002,351,292,None,Move,office
1574262118.258,352,292,None,Move,office
1574262118.587,352,292,Left,Pressed,office
1574262118.6820002,352,292,Left,Released,office
1574262118.778,352,292,Left,Pressed,office
1574262118.891,352,292,Left,Released,office
1574262119.17,353,292,None,Move,office
1574262119.178,353,296,None,Move,office
1574262119.186,353,300,None,Move,office
1574262119.194,353,304,None,Move,office
1574262119.202,352,306,None,Move,office
1574262119.21,350,312,None,Move,office
1574262119.218,348,316,None,Move,office
1574262119.226,344,322,None,Move,office
1574262119.234,341,328,None,Move,office
1574262119.242,336,334,None,Move,office
1574262119.25,330,340,None,Move,office
1574262119.258,323,346,None,Move,office
1574262119.266,319,352,None,Move,office
1574262119.274,312,359,None,Move,office
1574262119.282,305,367,None,Move,office
1574262119.29,299,372,None,Move,office
1574262119.298,291,377,None,Move,office
1574262119.306,284,381,None,Move,office
1574262119.314,278,383,None,Move,office
1574262119.33,273,386,None,Move,office
1574262119.34,272,386,None,Move,office
1574262119.347,271,386,None,Move,office
1574262119.411,270,386,None,Move,office
1574262119.43,269,386,None,Move,office
1574262119.474,267,386,None,Move,office
1574262119.484,267,386,None,Move,office
1574262119.506,265,386,None,Move,office
1574262119.515,264,386,None,Move,office
1574262119.5229998,261,386,None,Move,office
1574262119.53,260,386,None,Move,office
1574262119.538,258,386,None,Move,office
1574262119.5470002,256,386,None,Move,office
1574262119.554,254,386,None,Move,office
1574262119.562,251,386,None,Move,office
1574262119.57,246,386,None,Move,office
1574262119.5779998,243,386,None,Move,office
1574262119.586,243,386,None,Move,office
1574262119.594,242,386,None,Move,office
1574262119.762,242,386,Left,Pressed,office
1574262119.89,242,386,Left,Released,office
1574262119.97,242,386,Left,Pressed,office
1574262120.131,242,386,Left,Released,office
1574262120.3379998,241,386,None,Move,office
1574262120.346,243,382,None,Move,office
1574262120.354,247,379,None,Move,office
1574262120.3620002,248,377,None,Move,office
1574262120.37,249,377,None,Move,office
1574262122.414,249,377,None,Move,office
1574262122.462,250,377,None,Move,office
1574262122.495,251,377,None,Move,office
1574262122.502,251,376,None,Move,office
1574262122.5110002,252,372,None,Move,office
1574262122.518,258,367,None,Move,office
1574262122.526,258,363,None,Move,office
1574262122.535,262,357,None,Move,office
1574262122.542,265,346,None,Move,office
1574262122.55,271,336,None,Move,office
1574262122.5579998,277,328,None,Move,office
1574262122.566,281,322,None,Move,office
1574262122.574,284,316,None,Move,office
1574262122.583,289,312,None,Move,office
1574262122.59,290,310,None,Move,office
1574262122.599,294,308,None,Move,office
1574262122.607,297,306,None,Move,office
1574262122.615,300,304,None,Move,office
1574262122.623,303,303,None,Move,office
1574262122.631,311,302,None,Move,office
1574262122.6379998,321,300,None,Move,office
1574262122.647,330,296,None,Move,office
1574262122.655,339,295,None,Move,office
1574262122.663,347,293,None,Move,office
1574262122.671,354,293,None,Move,office
1574262122.679,359,292,None,Move,office
1574262122.687,361,292,None,Move,office
1574262122.695,362,292,None,Move,office
1574262122.7670002,362,292,None,Move,office
1574262122.783,364,292,None,Move,office
1574262122.79,366,294,None,Move,office
1574262122.799,367,296,None,Move,office
1574262122.806,371,298,None,Move,office
1574262122.814,374,299,None,Move,office
1574262122.823,378,299,None,Move,office
1574262122.831,382,299,None,Move,office
1574262122.839,387,299,None,Move,office
1574262122.846,388,299,None,Move,office
1574262122.855,392,299,None,Move,office
1574262122.863,393,299,None,Move,office
1574262122.871,393,299,None,Move,office
1574262122.927,394,299,None,Move,office
1574262122.935,396,299,None,Move,office
1574262122.9420002,397,299,None,Move,office
1574262122.951,398,299,None,Move,office
1574262123.039,399,299,None,Move,office
1574262123.054,400,299,None,Move,office
1574262123.0679998,401,299,None,Move,office
1574262123.0779998,402,298,None,Move,office
1574262123.086,403,298,None,Move,office
1574262123.095,404,298,None,Move,office
1574262123.101,407,296,None,Move,office
1574262123.109,408,295,None,Move,office
1574262123.117,410,295,None,Move,office
1574262123.1260002,411,293,None,Move,office
1574262123.1339998,413,292,None,Move,office
1574262123.1420002,414,292,None,Move,office
1574262123.15,415,292,None,Move,office
1574262123.158,416,292,None,Move,office
1574262123.363,417,292,None,Move,office
1574262123.379,418,292,None,Move,office
1574262123.395,418,292,None,Move,office
1574262123.41,421,290,None,Move,office
1574262123.418,421,289,None,Move,office
1574262123.619,421,289,Left,Pressed,office
1574262123.73,421,289,Left,Released,office
1574262123.811,421,289,Left,Pressed,office
1574262123.954,421,289,Left,Released,office
1574262124.258,421,292,None,Move,office
1574262124.266,421,292,None,Move,office
1574262124.274,422,295,None,Move,office
1574262124.282,422,296,None,Move,office
1574262124.29,422,299,None,Move,office
1574262124.298,422,303,None,Move,office
1574262124.311,423,308,None,Move,office
1574262124.319,424,312,None,Move,office
1574262124.326,425,316,None,Move,office
1574262124.332,425,321,None,Move,office
1574262124.3379998,426,328,None,Move,office
1574262124.346,428,336,None,Move,office
1574262124.354,430,347,None,Move,office
1574262124.3620002,433,359,None,Move,office
1574262124.37,436,372,None,Move,office
1574262124.3779998,437,386,None,Move,office
1574262124.3860002,438,399,None,Move,office
1574262124.394,441,413,None,Move,office
1574262124.4020002,444,425,None,Move,office
1574262124.41,445,436,None,Move,office
1574262124.418,446,448,None,Move,office
1574262124.426,447,458,None,Move,office
1574262124.434,447,470,None,Move,office
1574262124.4420002,447,482,None,Move,office
1574262124.45,447,493,None,Move,office
1574262124.458,447,505,None,Move,office
1574262124.466,447,517,None,Move,office
1574262124.474,447,528,None,Move,office
1574262124.482,447,540,None,Move,office
1574262124.49,447,552,None,Move,office
1574262124.498,445,562,None,Move,office
1574262124.506,442,569,None,Move,office
1574262124.514,440,577,None,Move,office
1574262124.522,436,582,None,Move,office
1574262124.53,435,583,None,Move,office
1574262124.538,432,585,None,Move,office
1574262124.546,428,587,None,Move,office
1574262124.554,427,588,None,Move,office
1574262124.562,424,590,None,Move,office
1574262124.57,423,590,None,Move,office
1574262124.5779998,421,590,None,Move,office
1574262124.586,416,590,None,Move,office
1574262124.594,411,590,None,Move,office
1574262124.6020002,406,590,None,Move,office
1574262124.61,403,590,None,Move,office
1574262124.6179998,398,590,None,Move,office
1574262124.6260002,395,590,None,Move,office
1574262124.6339998,390,590,None,Move,office
1574262124.6420002,382,588,None,Move,office
1574262124.65,375,586,None,Move,office
1574262124.658,368,582,None,Move,office
1574262124.666,361,579,None,Move,office
1574262124.674,353,576,None,Move,office
1574262124.6820002,347,572,None,Move,office
1574262124.69,347,572,None,Move,office
1574262124.77,347,572,Left,Pressed,office
1574262124.85,347,572,Left,Released,office
1574262124.86,347,570,None,Move,office
1574262124.871,347,569,None,Move,office
1574262124.8760002,350,566,None,Move,office
1574262124.885,352,565,None,Move,office
1574262124.89,357,565,None,Move,office
1574262124.8979998,364,563,None,Move,office
1574262124.906,382,557,None,Move,office
1574262124.915,422,547,None,Move,office
1574262124.9220002,479,535,None,Move,office
1574262124.93,552,522,None,Move,office
1574262124.938,638,509,None,Move,office
1574262124.946,721,496,None,Move,office
1574262124.954,797,486,None,Move,office
1574262124.962,857,474,None,Move,office
1574262124.97,904,463,None,Move,office
1574262124.978,936,451,None,Move,office
1574262124.986,957,443,None,Move,office
1574262124.994,969,436,None,Move,office
1574262125.002,975,431,None,Move,office
1574262125.01,977,429,None,Move,office
1574262125.018,977,427,None,Move,office
1574262125.026,977,426,None,Move,office
1574262125.034,978,423,None,Move,office
1574262125.042,978,422,None,Move,office
1574262125.049,978,416,None,Move,office
1574262125.0579998,979,416,None,Move,office
1574262125.066,979,413,None,Move,office
1574262125.074,980,413,None,Move,office
1574262125.09,981,410,None,Move,office
1574262125.0979998,981,409,None,Move,office
1574262125.106,981,406,None,Move,office
1574262125.1139998,981,405,None,Move,office
1574262125.1220002,981,405,None,Move,office
1574262125.13,981,404,None,Move,office
1574262125.1379998,982,402,None,Move,office
1574262125.146,984,396,None,Move,office
1574262125.154,985,396,None,Move,office
1574262125.1620002,985,393,None,Move,office
1574262125.17,986,389,None,Move,office
1574262125.178,986,388,None,Move,office
1574262125.186,986,387,None,Move,office
1574262125.194,986,385,None,Move,office
1574262125.202,988,384,None,Move,office
1574262125.21,988,380,None,Move,office
1574262125.25,988,378,None,Move,office
1574262125.258,988,376,None,Move,office
1574262125.282,988,373,None,Move,office
1574262125.29,988,372,None,Move,office
1574262125.298,988,369,None,Move,office
1574262125.306,988,368,None,Move,office
1574262125.314,988,365,None,Move,office
1574262125.322,988,364,None,Move,office
1574262125.426,988,364,None,Move,office
1574262125.4429998,988,364,Left,Pressed,office
1574262125.554,988,364,Left,Released,office
1574262125.57,989,364,None,Move,office
1574262125.587,990,364,None,Move,office
1574262125.714,991,365,None,Move,office
1574262125.726,992,365,None,Move,office
1574262125.7470002,993,365,None,Move,office
1574262125.7629998,995,367,None,Move,office
1574262125.771,996,368,None,Move,office
1574262125.778,997,369,None,Move,office
1574262125.7870002,998,369,None,Move,office
1574262125.811,1001,372,None,Move,office
1574262125.819,1001,373,None,Move,office
1574262125.827,1002,373,None,Move,office
1574262125.835,1003,373,None,Move,office
1574262125.843,1004,373,None,Move,office
1574262125.85,1004,373,None,Move,office
1574262125.8579998,1007,374,None,Move,office
1574262125.8660002,1007,374,None,Move,office
1574262125.875,1008,374,None,Move,office
1574262125.8820002,1011,376,None,Move,office
1574262125.955,1011,376,None,Move,office
1574262126.178,1012,377,Left,Pressed,office
1574262126.179,1012,377,None,Drag,office
1574262126.195,1013,381,None,Drag,office
1574262126.2029998,1013,382,None,Drag,office
1574262126.211,1013,387,None,Drag,office
1574262126.218,1013,391,None,Drag,office
1574262126.226,1013,393,None,Drag,office
1574262126.234,1013,397,None,Drag,office
1574262126.242,1013,401,None,Drag,office
1574262126.2510002,1013,405,None,Drag,office
1574262126.262,1013,410,None,Drag,office
1574262126.271,1013,413,None,Drag,office
1574262126.278,1013,417,None,Drag,office
1574262126.286,1013,421,None,Drag,office
1574262126.295,1013,424,None,Drag,office
1574262126.302,1013,424,None,Drag,office
1574262126.311,1013,427,None,Drag,office
1574262126.3179998,1013,427,None,Drag,office
1574262126.326,1013,429,None,Drag,office
1574262126.335,1013,430,None,Drag,office
1574262126.343,1012,431,None,Drag,office
1574262126.35,1012,432,None,Drag,office
1574262126.3579998,1012,434,None,Drag,office
1574262126.367,1012,436,None,Drag,office
1574262126.3739998,1012,437,None,Drag,office
1574262126.375,1012,437,Left,Released,office
1574262126.63,1011,437,None,Move,office
1574262126.6479998,1009,438,None,Move,office
1574262126.655,1008,438,None,Move,office
1574262126.6620002,1007,442,None,Move,office
1574262126.669,1004,443,None,Move,office
1574262126.678,999,446,None,Move,office
1574262126.686,995,447,None,Move,office
1574262126.695,991,447,None,Move,office
1574262126.702,988,447,None,Move,office
1574262126.711,983,448,None,Move,office
1574262126.718,975,449,None,Move,office
1574262126.726,963,450,None,Move,office
1574262126.734,949,452,None,Move,office
1574262126.7429998,934,453,None,Move,office
1574262126.75,916,454,None,Move,office
1574262126.758,898,456,None,Move,office
1574262126.766,877,457,None,Move,office
1574262126.774,852,459,None,Move,office
1574262126.782,825,459,None,Move,office
1574262126.79,798,459,None,Move,office
1574262126.798,774,459,None,Move,office
1574262126.8070002,746,459,None,Move,office
1574262126.815,715,459,None,Move,office
1574262126.822,685,459,None,Move,office
1574262126.83,657,459,None,Move,office
1574262126.8379998,627,459,None,Move,office
1574262126.846,599,459,None,Move,office
1574262126.855,572,459,None,Move,office
1574262126.8620002,548,459,None,Move,office
1574262126.871,527,459,None,Move,office
1574262126.8779998,507,459,None,Move,office
1574262126.8860002,486,459,None,Move,office
1574262126.894,468,459,None,Move,office
1574262126.903,450,459,None,Move,office
1574262126.911,432,459,None,Move,office
1574262126.918,415,459,None,Move,office
1574262126.926,399,459,None,Move,office
1574262126.934,382,459,None,Move,office
1574262126.9429998,366,459,None,Move,office
1574262126.951,349,459,None,Move,office
1574262126.958,334,459,None,Move,office
1574262126.966,321,457,None,Move,office
1574262126.974,309,456,None,Move,office
1574262126.982,299,455,None,Move,office
1574262126.99,290,452,None,Move,office
1574262126.998,289,452,None,Move,office
1574262127.03,289,451,None,Move,office
1574262127.038,288,448,None,Move,office
1574262127.046,288,448,None,Move,office
1574262127.055,287,446,None,Move,office
1574262127.063,287,445,None,Move,office
1574262127.071,286,443,None,Move,office
1574262127.0779998,286,441,None,Move,office
1574262127.086,286,439,None,Move,office
1574262127.094,284,437,None,Move,office
1574262127.1020002,284,433,None,Move,office
1574262127.11,281,430,None,Move,office
1574262127.1179998,281,429,None,Move,office
1574262127.1260002,279,427,None,Move,office
1574262127.135,275,424,None,Move,office
1574262127.1420002,273,423,None,Move,office
1574262127.15,270,421,None,Move,office
1574262127.158,267,420,None,Move,office
1574262127.166,266,420,None,Move,office
1574262127.174,266,419,None,Move,office
1574262127.1820002,265,419,None,Move,office
1574262127.19,264,415,None,Move,office
1574262127.199,264,415,None,Move,office
1574262127.207,264,414,None,Move,office
1574262127.238,263,413,None,Move,office
1574262127.246,263,412,None,Move,office
1574262127.303,263,412,Left,Pressed,office
1574262127.462,263,412,Left,Released,office
1574262134.458,265,412,None,Move,office
1574262134.466,266,412,None,Move,office
1574262134.474,271,414,None,Move,office
1574262134.482,277,416,None,Move,office
1574262134.49,279,416,None,Move,office
1574262134.498,279,416,None,Move,office
1574262135.533,281,416,None,Move,office
1574262135.542,282,416,None,Move,office
1574262135.549,281,416,None,Move,office
1574262135.5579998,280,415,None,Move,office
1574262135.566,279,414,None,Move,office
1574262135.574,277,412,None,Move,office
1574262141.6339998,277,412,None,Move,office
1574262141.644,278,412,None,Move,office
1574262141.65,283,412,None,Move,office
1574262141.659,288,412,None,Move,office
1574262141.667,293,412,None,Move,office
1574262141.675,294,412,None,Move,office
1574262141.6820002,296,412,None,Move,office
1574262141.69,299,412,None,Move,office
1574262141.698,305,412,None,Move,office
1574262141.706,309,412,None,Move,office
1574262141.714,315,412,None,Move,office
1574262141.722,327,412,None,Move,office
1574262141.73,340,412,None,Move,office
1574262141.738,357,412,None,Move,office
1574262141.748,375,412,None,Move,office
1574262141.754,395,412,None,Move,office
1574262141.762,413,412,None,Move,office
1574262141.77,433,412,None,Move,office
1574262141.778,454,412,None,Move,office
1574262141.786,475,412,None,Move,office
1574262141.794,496,413,None,Move,office
1574262141.802,514,413,None,Move,office
1574262141.81,533,416,None,Move,office
1574262141.8179998,547,417,None,Move,office
1574262141.826,560,417,None,Move,office
1574262141.834,570,417,None,Move,office
1574262141.842,580,417,None,Move,office
1574262141.85,590,417,None,Move,office
1574262141.8579998,598,417,None,Move,office
1574262141.8660002,607,417,None,Move,office
1574262141.8739998,615,417,None,Move,office
1574262141.8820002,624,417,None,Move,office
1574262141.89,630,417,None,Move,office
1574262141.8979998,631,417,None,Move,office
1574262142.2429998,630,419,None,Move,office
1574262142.25,630,420,None,Move,office
1574262142.258,625,421,None,Move,office
1574262142.266,621,422,None,Move,office
1574262142.274,618,423,None,Move,office
1574262142.282,609,424,None,Move,office
1574262142.29,597,425,None,Move,office
1574262142.298,582,425,None,Move,office
1574262142.306,566,425,None,Move,office
1574262142.314,548,425,None,Move,office
1574262142.322,525,425,None,Move,office
1574262142.33,497,425,None,Move,office
1574262142.3379998,467,425,None,Move,office
1574262142.346,433,425,None,Move,office
1574262142.354,399,425,None,Move,office
1574262142.3620002,365,425,None,Move,office
1574262142.371,334,425,None,Move,office
1574262142.3779998,310,425,None,Move,office
1574262142.3860002,292,425,None,Move,office
1574262142.394,278,425,None,Move,office
1574262142.4020002,268,425,None,Move,office
1574262142.41,268,425,None,Move,office
1574262142.643,268,425,Left,Pressed,office
1574262142.77,268,425,Left,Released,office
1574262142.851,267,425,None,Move,office
1574262142.867,267,427,None,Move,office
1574262142.875,267,427,None,Move,office
1574262150.6020002,267,428,None,Move,office
1574262155.854,268,423,None,Move,office
1574262155.8660002,268,423,None,Move,office
1574262155.871,271,413,None,Move,office
1574262155.8779998,275,406,None,Move,office
1574262155.998,275,406,None,Move,office
1574262156.01,279,406,None,Move,office
1574262156.0229998,303,404,None,Move,office
1574262156.032,319,401,None,Move,office
1574262156.039,335,398,None,Move,office
1574262156.046,350,397,None,Move,office
1574262156.054,361,397,None,Move,office
1574262156.062,368,397,None,Move,office
1574262156.07,369,397,None,Move,office
1574262156.375,370,395,None,Move,office
1574262156.3860002,371,394,None,Move,office
1574262156.393,370,390,None,Move,office
1574262156.3979998,369,384,None,Move,office
1574262156.407,367,376,None,Move,office
1574262156.415,365,365,None,Move,office
1574262156.4220002,365,354,None,Move,office
1574262156.43,363,340,None,Move,office
1574262156.438,361,328,None,Move,office
1574262156.446,361,320,None,Move,office
1574262156.454,361,318,None,Move,office
1574262156.462,361,318,None,Move,office
1574262156.582,361,317,None,Move,office
1574262156.6139998,362,317,None,Move,office
1574262156.629,363,317,None,Move,office
1574262156.6620002,366,318,None,Move,office
1574262156.671,367,318,None,Move,office
1574262156.695,368,320,None,Move,office
1574262156.702,369,322,None,Move,office
1574262156.71,370,323,None,Move,office
1574262156.758,372,323,None,Move,office
1574262156.765,372,323,None,Move,office
1574262156.822,374,323,None,Move,office
1574262156.83,375,323,None,Move,office
1574262156.854,375,324,None,Move,office
1574262156.87,377,326,None,Move,office
1574262156.879,378,329,None,Move,office
1574262156.887,380,332,None,Move,office
1574262156.894,382,336,None,Move,office
1574262156.9020002,382,339,None,Move,office
1574262156.91,383,342,None,Move,office
1574262156.918,384,345,None,Move,office
1574262156.926,385,351,None,Move,office
1574262156.935,386,356,None,Move,office
1574262156.9420002,387,362,None,Move,office
1574262156.95,387,369,None,Move,office
1574262156.958,387,375,None,Move,office
1574262156.966,387,382,None,Move,office
1574262156.974,387,389,None,Move,office
1574262156.982,387,394,None,Move,office
1574262156.99,387,399,None,Move,office
1574262156.998,387,404,None,Move,office
1574262157.006,387,410,None,Move,office
1574262157.014,387,415,None,Move,office
1574262157.022,387,416,None,Move,office
1574262157.03,386,416,None,Move,office
1574262157.038,384,417,None,Move,office
1574262157.046,383,419,None,Move,office
1574262157.055,380,422,None,Move,office
1574262157.076,378,422,None,Move,office
1574262157.081,370,426,None,Move,office
1574262157.087,366,426,None,Move,office
1574262157.094,360,426,None,Move,office
1574262157.103,348,426,None,Move,office
1574262157.111,335,426,None,Move,office
1574262157.1179998,319,426,None,Move,office
1574262157.1260002,300,426,None,Move,office
1574262157.135,282,427,None,Move,office
1574262157.1420002,264,429,None,Move,office
1574262157.151,247,432,None,Move,office
1574262157.159,232,433,None,Move,office
1574262157.166,220,436,None,Move,office
1574262157.175,208,438,None,Move,office
1574262157.1820002,199,441,None,Move,office
1574262157.19,191,443,None,Move,office
1574262157.198,182,446,None,Move,office
1574262157.205,173,448,None,Move,office
1574262157.215,163,451,None,Move,office
1574262157.222,152,455,None,Move,office
1574262157.231,142,457,None,Move,office
1574262157.238,130,461,None,Move,office
1574262157.2470002,119,465,None,Move,office
1574262157.255,107,468,None,Move,office
1574262157.262,97,471,None,Move,office
1574262157.27,88,473,None,Move,office
1574262157.278,80,474,None,Move,office
1574262157.286,71,476,None,Move,office
1574262157.294,66,477,None,Move,office
1574262157.302,60,478,None,Move,office
1574262157.311,56,479,None,Move,office
1574262157.3179998,52,481,None,Move,office
1574262157.326,48,482,None,Move,office
1574262157.334,44,483,None,Move,office
1574262157.342,42,484,None,Move,office
1574262157.35,38,485,None,Move,office
1574262157.3579998,37,485,None,Move,office
1574262157.542,36,485,None,Move,office
1574262157.559,37,484,None,Move,office
1574262157.5670002,38,484,None,Move,office
1574262157.575,43,483,None,Move,office
1574262157.583,48,483,None,Move,office
1574262157.591,54,483,None,Move,office
1574262157.599,60,483,None,Move,office
1574262157.607,70,483,None,Move,office
1574262157.615,82,483,None,Move,office
1574262157.623,94,483,None,Move,office
1574262157.631,105,483,None,Move,office
1574262157.639,119,483,None,Move,office
1574262157.646,132,485,None,Move,office
1574262157.655,144,486,None,Move,office
1574262157.663,156,486,None,Move,office
1574262157.671,166,487,None,Move,office
1574262157.679,174,487,None,Move,office
1574262157.687,176,487,None,Move,office
1574262157.695,181,487,None,Move,office
1574262157.702,185,488,None,Move,office
1574262157.71,186,488,None,Move,office
1574262157.718,188,488,None,Move,office
1574262157.726,191,490,None,Move,office
1574262157.735,191,491,None,Move,office
1574262157.742,194,491,None,Move,office
1574262157.7510002,196,492,None,Move,office
1574262157.7589998,198,494,None,Move,office
1574262157.7670002,201,495,None,Move,office
1574262157.775,205,498,None,Move,office
1574262157.783,209,498,None,Move,office
1574262157.791,213,500,None,Move,office
1574262157.799,217,503,None,Move,office
1574262157.8070002,223,505,None,Move,office
1574262157.815,229,509,None,Move,office
1574262157.823,234,510,None,Move,office
1574262157.831,240,515,None,Move,office
1574262157.839,245,518,None,Move,office
1574262157.847,252,522,None,Move,office
1574262157.855,259,525,None,Move,office
1574262157.863,263,527,None,Move,office
1574262157.87,268,531,None,Move,office
1574262157.879,275,534,None,Move,office
1574262157.8860002,283,538,None,Move,office
1574262157.893,288,541,None,Move,office
1574262157.903,294,545,None,Move,office
1574262157.91,303,549,None,Move,office
1574262157.919,311,552,None,Move,office
1574262157.926,319,556,None,Move,office
1574262157.935,328,560,None,Move,office
1574262157.9420002,340,563,None,Move,office
1574262157.95,356,567,None,Move,office
1574262157.958,374,570,None,Move,office
1574262157.966,397,573,None,Move,office
1574262157.974,426,579,None,Move,office
1574262157.982,458,580,None,Move,office
1574262157.99,486,582,None,Move,office
1574262157.998,517,582,None,Move,office
1574262158.006,551,582,None,Move,office
1574262158.014,588,582,None,Move,office
1574262158.022,626,582,None,Move,office
1574262158.03,660,582,None,Move,office
1574262158.038,694,582,None,Move,office
1574262158.046,730,577,None,Move,office
1574262158.054,763,571,None,Move,office
1574262158.062,787,564,None,Move,office
1574262158.07,808,556,None,Move,office
1574262158.0779998,833,545,None,Move,office
1574262158.086,849,538,None,Move,office
1574262158.094,864,531,None,Move,office
1574262158.1020002,875,526,None,Move,office
1574262158.11,884,521,None,Move,office
1574262158.1179998,891,517,None,Move,office
1574262158.1260002,892,516,None,Move,office
1574262158.1339998,895,516,None,Move,office
1574262158.1420002,895,515,None,Move,office
1574262158.15,896,513,None,Move,office
1574262158.158,898,511,None,Move,office
1574262158.166,900,509,None,Move,office
1574262158.174,900,507,None,Move,office
1574262158.1820002,901,503,None,Move,office
1574262158.19,902,501,None,Move,office
1574262158.198,902,498,None,Move,office
1574262158.206,904,495,None,Move,office
1574262158.214,905,492,None,Move,office
1574262158.222,907,491,None,Move,office
1574262158.23,908,487,None,Move,office
1574262158.238,910,485,None,Move,office
1574262158.246,911,482,None,Move,office
1574262158.255,912,480,None,Move,office
1574262158.262,912,477,None,Move,office
1574262158.27,912,476,None,Move,office
1574262158.279,912,474,None,Move,office
1574262158.286,912,472,None,Move,office
1574262158.294,912,468,None,Move,office
1574262158.302,912,467,None,Move,office
1574262158.31,912,467,None,Move,office
1574262158.3179998,910,465,None,Move,office
1574262158.326,910,465,None,Move,office
1574262158.343,909,464,None,Move,office
1574262158.3579998,907,464,None,Move,office
1574262158.367,907,464,None,Move,office
1574262158.375,905,464,None,Move,office
1574262158.383,902,464,None,Move,office
1574262158.39,899,464,None,Move,office
1574262158.3979998,895,464,None,Move,office
1574262158.406,892,464,None,Move,office
1574262158.414,890,464,None,Move,office
1574262158.4220002,885,464,None,Move,office
1574262158.43,882,464,None,Move,office
1574262158.438,881,464,None,Move,office
1574262158.447,880,464,None,Move,office
1574262158.454,879,464,None,Move,office
1574262158.4870002,878,464,None,Move,office
1574262158.494,877,464,None,Move,office
1574262158.502,876,464,None,Move,office
1574262158.51,875,464,None,Move,office
1574262158.519,873,464,None,Move,office
1574262158.5270002,871,464,None,Move,office
1574262158.534,869,464,None,Move,office
1574262158.542,868,464,None,Move,office
1574262158.6620002,866,462,None,Move,office
1574262158.675,866,461,None,Move,office
1574262159.033,866,461,Left,Pressed,office
1574262159.033,866,461,None,Drag,office
1574262159.05,866,462,None,Drag,office
1574262159.0579998,865,465,None,Drag,office
1574262159.066,865,470,None,Drag,office
1574262159.074,865,474,None,Drag,office
1574262159.082,865,476,None,Drag,office
1574262159.09,864,479,None,Drag,office
1574262159.0979998,864,483,None,Drag,office
1574262159.106,864,488,None,Drag,office
1574262159.1139998,864,493,None,Drag,office
1574262159.123,863,499,None,Drag,office
1574262159.13,863,505,None,Drag,office
1574262159.1379998,863,510,None,Drag,office
1574262159.146,862,516,None,Drag,office
1574262159.155,862,520,None,Drag,office
1574262159.1620002,862,522,None,Drag,office
1574262159.171,862,523,None,Drag,office
1574262159.171,862,523,Left,Released,office
1574262159.587,862,523,None,Move,office
1574262159.601,862,520,None,Move,office
1574262159.609,862,517,None,Move,office
1574262160.946,862,516,None,Move,office
1574262160.957,862,515,None,Move,office
1574262160.962,860,514,None,Move,office
1574262160.97,857,513,None,Move,office
1574262160.978,852,513,None,Move,office
1574262160.986,846,513,None,Move,office
1574262160.994,837,513,None,Move,office
1574262161.002,827,513,None,Move,office
1574262161.01,814,513,None,Move,office
1574262161.018,799,513,None,Move,office
1574262161.026,782,512,None,Move,office
1574262161.034,761,509,None,Move,office
1574262161.042,732,503,None,Move,office
1574262161.05,698,495,None,Move,office
1574262161.0579998,664,485,None,Move,office
1574262161.066,626,473,None,Move,office
1574262161.074,592,461,None,Move,office
1574262161.082,559,447,None,Move,office
1574262161.091,530,431,None,Move,office
1574262161.0979998,500,415,None,Move,office
1574262161.106,477,401,None,Move,office
1574262161.115,457,389,None,Move,office
1574262161.123,438,379,None,Move,office
1574262161.13,419,370,None,Move,office
1574262161.1379998,399,360,None,Move,office
1574262161.146,383,351,None,Move,office
1574262161.154,367,343,None,Move,office
1574262161.1620002,353,334,None,Move,office
1574262161.17,341,327,None,Move,office
1574262161.178,328,320,None,Move,office
1574262161.186,318,314,None,Move,office
1574262161.194,307,307,None,Move,office
1574262161.202,298,301,None,Move,office
1574262161.21,289,294,None,Move,office
1574262161.218,279,287,None,Move,office
1574262161.226,269,282,None,Move,office
1574262161.234,258,277,None,Move,office
1574262161.242,249,272,None,Move,office
1574262161.25,238,266,None,Move,office
1574262161.258,229,260,None,Move,office
1574262161.266,227,258,None,Move,office
1574262161.274,222,251,None,Move,office
1574262161.283,219,248,None,Move,office
1574262161.29,217,243,None,Move,office
1574262161.298,215,240,None,Move,office
1574262161.306,213,234,None,Move,office
1574262161.319,212,229,None,Move,office
1574262161.327,212,225,None,Move,office
1574262161.334,211,223,None,Move,office
1574262161.342,211,219,None,Move,office
1574262161.35,210,217,None,Move,office
1574262161.3579998,210,211,None,Move,office
1574262161.3660002,210,207,None,Move,office
1574262161.375,210,203,None,Move,office
1574262161.3820002,210,200,None,Move,office
1574262161.39,210,193,None,Move,office
1574262161.3979998,210,191,None,Move,office
1574262161.406,210,184,None,Move,office
1574262161.414,210,177,None,Move,office
1574262161.4220002,212,176,None,Move,office
1574262161.43,214,170,None,Move,office
1574262161.438,215,163,None,Move,office
1574262161.446,216,158,None,Move,office
1574262161.454,216,156,None,Move,office
1574262161.462,216,154,None,Move,office
1574262161.47,217,148,None,Move,office
1574262161.478,217,148,None,Move,office
1574262161.486,217,147,None,Move,office
1574262161.494,217,145,None,Move,office
1574262161.502,217,142,None,Move,office
1574262161.51,217,139,None,Move,office
1574262161.518,217,139,None,Move,office
1574262161.526,217,137,None,Move,office
1574262161.534,217,135,None,Move,office
1574262161.542,217,133,None,Move,office
1574262161.551,217,130,None,Move,office
1574262161.559,217,129,None,Move,office
1574262161.566,217,125,None,Move,office
1574262161.574,217,123,None,Move,office
1574262161.582,217,119,None,Move,office
1574262161.59,217,118,None,Move,office
1574262161.5979998,217,115,None,Move,office
1574262161.606,217,114,None,Move,office
1574262161.6139998,217,113,None,Move,office
1574262161.6220002,216,108,None,Move,office
1574262161.63,216,107,None,Move,office
1574262161.6379998,216,105,None,Move,office
1574262161.647,215,102,None,Move,office
1574262161.655,215,99,None,Move,office
1574262161.6620002,215,98,None,Move,office
1574262161.687,215,97,None,Move,office
1574262161.694,214,93,None,Move,office
1574262161.702,213,90,None,Move,office
1574262161.711,213,89,None,Move,office
1574262161.718,213,88,None,Move,office
1574262161.7270002,213,85,None,Move,office
1574262161.783,213,83,None,Move,office
1574262161.79,213,82,None,Move,office
1574262161.799,211,80,None,Move,office
1574262161.806,211,78,None,Move,office
1574262161.813,211,75,None,Move,office
1574262161.822,211,74,None,Move,office
1574262161.83,211,69,None,Move,office
1574262161.8379998,211,67,None,Move,office
1574262161.846,211,66,None,Move,office
1574262161.854,211,65,None,Move,office
1574262161.8620002,211,61,None,Move,office
1574262161.87,211,60,None,Move,office
1574262161.879,211,57,None,Move,office
1574262161.887,211,55,None,Move,office
1574262161.895,211,54,None,Move,office
1574262161.9020002,211,52,None,Move,office
1574262161.911,211,51,None,Move,office
1574262161.927,211,51,None,Move,office
1574262161.934,211,47,None,Move,office
1574262161.9429998,211,47,None,Move,office
1574262161.974,211,46,None,Move,office
1574262161.982,211,43,None,Move,office
1574262162.0070002,211,43,None,Move,office
1574262162.014,211,41,None,Move,office
1574262162.022,211,39,None,Move,office
1574262162.03,211,39,None,Move,office
1574262162.039,211,38,None,Move,office
1574262162.0470002,211,37,None,Move,office
1574262162.055,211,36,None,Move,office
1574262162.062,211,35,None,Move,office
1574262162.1179998,211,32,None,Move,office
1574262162.1260002,211,31,None,Move,office
1574262162.165,212,30,None,Move,office
1574262162.174,212,29,None,Move,office
1574262162.246,214,29,None,Move,office
1574262162.254,214,28,None,Move,office
1574262162.294,216,27,None,Move,office
1574262162.302,217,26,None,Move,office
1574262162.31,217,26,None,Move,office
1574262162.326,218,26,None,Move,office
1574262162.343,219,26,None,Move,office
1574262162.375,219,25,None,Move,office
1574262162.383,222,25,None,Move,office
1574262162.502,222,25,Left,Pressed,office
1574262162.5979998,222,25,Left,Released,office
1574262162.758,226,27,None,Move,office
1574262162.77,232,33,None,Move,office
1574262162.775,238,39,None,Move,office
1574262162.782,244,46,None,Move,office
1574262162.79,249,49,None,Move,office
1574262162.798,258,57,None,Move,office
1574262162.8070002,271,67,None,Move,office
1574262162.814,283,76,None,Move,office
1574262162.822,297,88,None,Move,office
1574262162.83,312,100,None,Move,office
1574262162.8379998,330,112,None,Move,office
1574262162.846,347,125,None,Move,office
1574262162.854,365,138,None,Move,office
1574262162.8620002,383,151,None,Move,office
1574262162.87,397,163,None,Move,office
1574262162.879,410,172,None,Move,office
1574262162.887,422,182,None,Move,office
1574262162.894,433,193,None,Move,office
1574262162.9020002,444,206,None,Move,office
1574262162.91,457,218,None,Move,office
1574262162.919,470,229,None,Move,office
1574262162.926,484,241,None,Move,office
1574262162.935,497,252,None,Move,office
1574262162.9420002,508,262,None,Move,office
1574262162.95,518,268,None,Move,office
1574262162.958,528,275,None,Move,office
1574262162.966,538,282,None,Move,office
1574262162.974,549,288,None,Move,office
1574262162.982,560,295,None,Move,office
1574262162.99,569,302,None,Move,office
1574262162.998,576,307,None,Move,office
1574262163.006,581,309,None,Move,office
1574262163.014,586,312,None,Move,office
1574262163.021,591,315,None,Move,office
1574262163.029,594,318,None,Move,office
1574262163.0370002,595,320,None,Move,office
1574262163.0470002,596,321,None,Move,office
1574262163.055,597,323,None,Move,office
1574262163.063,598,327,None,Move,office
1574262163.07,599,331,None,Move,office
1574262163.0779998,600,334,None,Move,office
1574262163.086,601,335,None,Move,office
1574262163.094,602,338,None,Move,office
1574262163.1020002,602,342,None,Move,office
1574262163.11,602,345,None,Move,office
1574262163.1179998,603,348,None,Move,office
1574262163.1260002,603,351,None,Move,office
1574262163.135,603,355,None,Move,office
1574262163.143,603,358,None,Move,office
1574262163.151,603,360,None,Move,office
1574262163.158,603,365,None,Move,office
1574262163.167,603,370,None,Move,office
1574262163.174,603,375,None,Move,office
1574262163.1820002,603,381,None,Move,office
1574262163.19,603,384,None,Move,office
1574262163.198,603,388,None,Move,office
1574262163.206,602,390,None,Move,office
1574262163.214,602,392,None,Move,office
1574262163.222,601,392,None,Move,office
1574262163.23,601,394,None,Move,office
1574262163.238,600,396,None,Move,office
1574262163.246,600,397,None,Move,office
1574262163.27,598,400,None,Move,office
1574262163.279,597,400,None,Move,office
1574262163.303,596,401,None,Move,office
1574262163.351,595,402,None,Move,office
1574262163.3660002,594,403,None,Move,office
1574262163.3739998,592,403,None,Move,office
1574262163.3820002,591,403,None,Move,office
1574262163.39,590,403,None,Move,office
1574262163.3979998,588,403,None,Move,office
1574262163.407,587,403,None,Move,office
1574262163.414,584,403,None,Move,office
1574262163.4220002,583,403,None,Move,office
1574262163.43,581,403,None,Move,office
1574262163.438,579,403,None,Move,office
1574262163.446,576,403,None,Move,office
1574262163.454,573,403,None,Move,office
1574262163.462,570,403,None,Move,office
1574262163.47,568,403,None,Move,office
1574262163.478,565,403,None,Move,office
1574262163.486,564,404,None,Move,office
1574262163.494,560,404,None,Move,office
1574262163.502,559,404,None,Move,office
1574262163.51,558,404,None,Move,office
1574262163.67,557,404,None,Move,office
1574262163.691,555,404,None,Move,office
1574262163.7029998,554,403,None,Move,office
1574262163.711,553,402,None,Move,office
1574262163.718,552,402,None,Move,office
1574262163.766,552,401,None,Move,office
1574262163.774,551,400,None,Move,office
1574262163.782,551,400,None,Move,office
1574262163.79,549,397,None,Move,office
1574262163.798,549,396,None,Move,office
1574262163.813,548,395,None,Move,office
1574262163.822,548,394,None,Move,office
1574262163.831,548,393,None,Move,office
1574262164.0070002,548,393,None,Move,office
1574262164.0229998,548,392,None,Move,office
1574262164.167,548,392,Left,Pressed,office
1574262164.33,548,392,Left,Released,office
1574262166.074,544,390,None,Move,office
1574262166.082,544,389,None,Move,office
1574262166.09,541,392,None,Move,office
1574262166.0979998,538,395,None,Move,office
1574262166.106,537,396,None,Move,office
1574262166.346,537,396,Left,Pressed,office
1574262166.41,537,396,Left,Released,office
1574262166.6020002,537,398,None,Move,office
1574262166.613,537,399,None,Move,office
1574262166.62,537,400,None,Move,office
1574262166.6260002,537,401,None,Move,office
1574262166.635,539,403,None,Move,office
1574262166.643,539,403,None,Move,office
1574262166.847,539,403,Left,Pressed,office
1574262166.958,539,403,Left,Released,office
1574262168.606,539,404,None,Move,office
1574262168.637,539,406,None,Move,office
1574262168.646,539,406,None,Move,office
1574262168.654,539,407,None,Move,office
1574262168.67,539,409,None,Move,office
1574262168.678,539,410,None,Move,office
1574262168.686,539,411,None,Move,office
1574262168.694,539,413,None,Move,office
1574262168.702,538,416,None,Move,office
1574262168.71,537,418,None,Move,office
1574262168.718,537,418,None,Move,office
1574262168.726,536,419,None,Move,office
1574262168.75,534,422,None,Move,office
1574262168.758,533,423,None,Move,office
1574262168.766,532,424,None,Move,office
1574262168.774,532,425,None,Move,office
1574262168.91,532,426,None,Move,office
1574262168.918,530,427,None,Move,office
1574262168.926,530,428,None,Move,office
1574262168.934,528,431,None,Move,office
1574262168.9420002,528,432,None,Move,office
1574262169.091,528,432,Left,Pressed,office
1574262169.202,528,432,Left,Released,office
1574262169.212,528,433,None,Move,office
1574262169.226,526,435,None,Move,office
1574262169.234,525,435,None,Move,office
1574262170.89,524,435,None,Move,office
1574262170.901,523,435,None,Move,office
1574262170.907,521,434,None,Move,office
1574262170.915,518,430,None,Move,office
1574262170.9220002,515,422,None,Move,office
1574262170.931,509,412,None,Move,office
1574262170.939,505,400,None,Move,office
1574262170.947,500,384,None,Move,office
1574262170.955,496,369,None,Move,office
1574262170.962,491,352,None,Move,office
1574262170.971,487,337,None,Move,office
1574262170.978,482,319,None,Move,office
1574262170.986,477,306,None,Move,office
1574262170.994,472,292,None,Move,office
1574262171.002,469,280,None,Move,office
1574262171.01,468,268,None,Move,office
1574262171.019,465,258,None,Move,office
1574262171.026,463,249,None,Move,office
1574262171.034,460,242,None,Move,office
1574262171.043,458,235,None,Move,office
1574262171.05,456,229,None,Move,office
1574262171.0579998,455,225,None,Move,office
1574262171.066,454,220,None,Move,office
1574262171.074,453,216,None,Move,office
1574262171.082,451,210,None,Move,office
1574262171.09,450,206,None,Move,office
1574262171.0979998,449,203,None,Move,office
1574262171.106,448,197,None,Move,office
1574262171.115,445,191,None,Move,office
1574262171.1220002,444,186,None,Move,office
1574262171.13,443,181,None,Move,office
1574262171.1379998,442,175,None,Move,office
1574262171.146,439,171,None,Move,office
1574262171.154,438,169,None,Move,office
1574262171.1620002,437,167,None,Move,office
1574262171.169,435,162,None,Move,office
1574262171.178,433,159,None,Move,office
1574262171.186,432,159,None,Move,office
1574262171.194,432,158,None,Move,office
1574262171.21,431,157,None,Move,office
1574262171.226,430,157,None,Move,office
1574262171.234,429,155,None,Move,office
1574262171.242,427,155,None,Move,office
1574262171.25,424,152,None,Move,office
1574262171.258,423,151,None,Move,office
1574262171.266,421,149,None,Move,office
1574262171.274,415,145,None,Move,office
1574262171.282,409,140,None,Move,office
1574262171.29,406,138,None,Move,office
1574262171.298,402,136,None,Move,office
1574262171.306,399,136,None,Move,office
1574262171.315,395,134,None,Move,office
1574262171.323,390,130,None,Move,office
1574262171.33,384,127,None,Move,office
1574262171.3379998,378,123,None,Move,office
1574262171.346,372,120,None,Move,office
1574262171.354,365,116,None,Move,office
1574262171.3620002,356,112,None,Move,office
1574262171.37,344,108,None,Move,office
1574262171.3779998,332,104,None,Move,office
1574262171.3860002,318,100,None,Move,office
1574262171.394,303,96,None,Move,office
1574262171.4020002,289,92,None,Move,office
1574262171.41,276,89,None,Move,office
1574262171.418,263,85,None,Move,office
1574262171.426,253,81,None,Move,office
1574262171.434,246,79,None,Move,office
1574262171.4420002,245,78,None,Move,office
1574262171.45,244,78,None,Move,office
1574262171.467,242,75,None,Move,office
1574262171.474,241,75,None,Move,office
1574262171.486,240,75,None,Move,office
1574262171.502,239,73,None,Move,office
1574262171.51,238,72,None,Move,office
1574262171.518,236,71,None,Move,office
1574262171.53,235,70,None,Move,office
1574262171.536,231,66,None,Move,office
1574262171.542,230,66,None,Move,office
1574262171.5670002,230,63,None,Move,office
1574262171.574,230,62,None,Move,office
1574262171.583,230,62,None,Move,office
1574262171.59,230,60,None,Move,office
1574262171.599,230,56,None,Move,office
1574262171.606,230,56,None,Move,office
1574262171.631,230,53,None,Move,office
1574262171.6379998,230,53,None,Move,office
1574262171.6620002,230,52,None,Move,office
1574262171.694,230,50,None,Move,office
1574262171.702,230,50,None,Move,office
1574262171.711,230,47,None,Move,office
1574262171.718,229,45,None,Move,office
1574262171.726,228,44,None,Move,office
1574262171.742,227,40,None,Move,office
1574262171.75,227,40,None,Move,office
1574262171.758,226,39,None,Move,office
1574262171.7670002,226,38,None,Move,office
1574262171.774,226,37,None,Move,office
1574262171.782,226,36,None,Move,office
1574262171.79,226,35,None,Move,office
1574262171.8070002,225,34,None,Move,office
1574262171.815,225,32,None,Move,office
1574262171.871,225,31,None,Move,office
1574262172.03,225,31,None,Move,office
1574262172.046,225,28,None,Move,office
1574262172.054,225,28,None,Move,office
1574262172.062,224,25,None,Move,office
1574262172.07,224,25,None,Move,office
1574262172.19,224,25,Left,Pressed,office
1574262172.319,224,25,Left,Released,office
1574262172.822,224,24,None,Move,office
1574262172.843,224,27,None,Move,office
1574262172.857,224,31,None,Move,office
1574262172.865,224,38,None,Move,office
1574262172.871,224,48,None,Move,office
1574262172.877,226,60,None,Move,office
1574262172.891,227,73,None,Move,office
1574262172.896,230,85,None,Move,office
1574262172.9020002,232,97,None,Move,office
1574262172.91,235,111,None,Move,office
1574262172.918,238,124,None,Move,office
1574262172.927,241,138,None,Move,office
1574262172.934,245,155,None,Move,office
1574262172.9420002,251,172,None,Move,office
1574262172.95,259,193,None,Move,office
1574262172.958,270,219,None,Move,office
1574262172.966,283,248,None,Move,office
1574262172.975,298,274,None,Move,office
1574262172.982,313,301,None,Move,office
1574262172.9910002,331,328,None,Move,office
1574262172.998,345,351,None,Move,office
1574262173.006,359,372,None,Move,office
1574262173.014,372,389,None,Move,office
1574262173.022,386,405,None,Move,office
1574262173.03,397,417,None,Move,office
1574262173.038,407,430,None,Move,office
1574262173.046,416,439,None,Move,office
1574262173.054,424,447,None,Move,office
1574262173.062,431,455,None,Move,office
1574262173.07,439,462,None,Move,office
1574262173.0779998,445,469,None,Move,office
1574262173.086,453,476,None,Move,office
1574262173.094,461,484,None,Move,office
1574262173.1020002,472,492,None,Move,office
1574262173.11,481,500,None,Move,office
1574262173.1179998,490,510,None,Move,office
1574262173.1260002,500,518,None,Move,office
1574262173.1339998,509,527,None,Move,office
1574262173.1420002,519,536,None,Move,office
1574262173.15,529,545,None,Move,office
1574262173.158,539,553,None,Move,office
1574262173.166,549,561,None,Move,office
1574262173.174,560,569,None,Move,office
1574262173.181,571,577,None,Move,office
1574262173.19,580,583,None,Move,office
1574262173.198,591,590,None,Move,office
1574262173.206,600,597,None,Move,office
1574262173.214,609,602,None,Move,office
1574262173.222,617,607,None,Move,office
1574262173.231,626,614,None,Move,office
1574262173.238,634,619,None,Move,office
1574262173.246,641,624,None,Move,office
1574262173.254,647,630,None,Move,office
1574262173.262,653,635,None,Move,office
1574262173.27,658,638,None,Move,office
1574262173.278,662,641,None,Move,office
1574262173.286,665,645,None,Move,office
1574262173.294,670,650,None,Move,office
1574262173.302,673,656,None,Move,office
1574262173.31,678,663,None,Move,office
1574262173.3179998,683,671,None,Move,office
1574262173.326,688,677,None,Move,office
1574262173.334,693,683,None,Move,office
1574262173.342,696,687,None,Move,office
1574262173.35,701,692,None,Move,office
1574262173.3579998,701,692,None,Move,office
1574262173.3660002,704,694,None,Move,office
1574262173.3739998,705,695,None,Move,office
1574262174.1179998,704,694,None,Move,office
1574262174.1260002,703,693,None,Move,office
1574262174.1339998,701,690,None,Move,office
1574262174.1420002,697,685,None,Move,office
1574262174.15,694,683,None,Move,office
1574262174.157,688,678,None,Move,office
1574262174.166,682,672,None,Move,office
1574262174.174,678,670,None,Move,office
1574262174.1820002,672,666,None,Move,office
1574262174.19,663,662,None,Move,office
1574262174.198,653,658,None,Move,office
1574262174.206,642,654,None,Move,office
1574262174.214,632,650,None,Move,office
1574262174.222,621,648,None,Move,office
1574262174.23,610,645,None,Move,office
1574262174.238,598,643,None,Move,office
1574262174.246,586,640,None,Move,office
1574262174.254,572,637,None,Move,office
1574262174.262,558,633,None,Move,office
1574262174.27,545,629,None,Move,office
1574262174.278,531,626,None,Move,office
1574262174.286,518,624,None,Move,office
1574262174.294,504,621,None,Move,office
1574262174.302,491,619,None,Move,office
1574262174.315,477,618,None,Move,office
1574262174.322,464,615,None,Move,office
1574262174.33,453,613,None,Move,office
1574262174.3379998,443,612,None,Move,office
1574262174.346,435,610,None,Move,office
1574262174.354,428,610,None,Move,office
1574262174.3620002,423,610,None,Move,office
1574262174.371,417,610,None,Move,office
1574262174.3779998,412,610,None,Move,office
1574262174.3860002,407,610,None,Move,office
1574262174.394,401,611,None,Move,office
1574262174.4020002,394,614,None,Move,office
1574262174.41,387,618,None,Move,office
1574262174.418,378,621,None,Move,office
1574262174.426,371,625,None,Move,office
1574262174.434,362,629,None,Move,office
1574262174.4420002,353,634,None,Move,office
1574262174.45,342,641,None,Move,office
1574262174.458,331,646,None,Move,office
1574262174.466,321,651,None,Move,office
1574262174.475,310,657,None,Move,office
1574262174.482,299,661,None,Move,office
1574262174.49,289,663,None,Move,office
1574262174.498,280,667,None,Move,office
1574262174.506,271,670,None,Move,office
1574262174.514,264,673,None,Move,office
1574262174.522,257,677,None,Move,office
1574262174.53,249,681,None,Move,office
1574262174.538,242,684,None,Move,office
1574262174.546,233,690,None,Move,office
1574262174.554,224,695,None,Move,office
1574262174.562,215,700,None,Move,office
1574262174.57,207,705,None,Move,office
1574262174.5779998,200,710,None,Move,office
1574262174.587,192,715,None,Move,office
1574262174.595,185,720,None,Move,office
1574262174.603,177,725,None,Move,office
1574262174.61,171,730,None,Move,office
1574262174.619,169,732,None,Move,office
1574262174.6260002,167,736,None,Move,office
1574262174.635,165,738,None,Move,office
1574262174.643,163,744,None,Move,office
1574262174.651,158,750,None,Move,office
1574262174.659,157,755,None,Move,office
1574262174.667,157,759,None,Move,office
1574262174.675,155,764,None,Move,office
1574262174.6820002,154,768,None,Move,office
1574262174.691,152,774,None,Move,office
1574262174.698,150,782,None,Move,office
1574262174.707,147,791,None,Move,office
1574262174.715,143,802,None,Move,office
1574262174.722,140,814,None,Move,office
1574262174.731,138,824,None,Move,office
1574262174.738,135,833,None,Move,office
1574262174.7470002,133,840,None,Move,office
1574262174.755,131,847,None,Move,office
1574262174.762,129,853,None,Move,office
1574262174.771,129,854,None,Move,office
1574262174.779,128,855,None,Move,office
1574262174.875,127,855,None,Move,office
1574262174.885,126,855,None,Move,office
1574262174.896,125,855,None,Move,office
1574262174.906,124,855,None,Move,office
1574262174.9120002,122,855,None,Move,office
1574262174.919,121,855,None,Move,office
1574262174.925,120,854,None,Move,office
1574262174.931,117,854,None,Move,office
1574262174.938,116,852,None,Move,office
1574262174.946,114,851,None,Move,office
1574262174.954,111,849,None,Move,office
1574262174.962,111,848,None,Move,office
1574262174.97,110,846,None,Move,office
1574262174.978,107,844,None,Move,office
1574262174.986,102,842,None,Move,office
1574262174.994,101,841,None,Move,office
1574262175.002,98,840,None,Move,office
1574262175.01,96,839,None,Move,office
1574262175.019,92,839,None,Move,office
1574262175.0270002,89,836,None,Move,office
1574262175.034,86,834,None,Move,office
1574262175.043,84,833,None,Move,office
1574262175.051,82,832,None,Move,office
1574262175.0579998,81,830,None,Move,office
1574262175.066,78,830,None,Move,office
1574262175.074,77,830,None,Move,office
1574262175.115,76,828,None,Move,office
1574262175.123,73,827,None,Move,office
1574262175.147,71,825,None,Move,office
1574262175.155,71,824,None,Move,office
1574262175.195,68,824,None,Move,office
1574262175.202,68,824,None,Move,office
1574262175.4020002,68,824,Left,Pressed,office
1574262175.515,68,824,Left,Released,office
1574262175.546,68,824,None,Move,office
1574262175.562,68,824,None,Move,office
1574262175.571,69,824,None,Move,office
1574262182.8620002,73,823,None,Move,office
1574262182.875,73,823,None,Move,office
1574262182.883,111,809,None,Move,office
1574262182.891,166,788,None,Move,office
1574262182.899,293,727,None,Move,office
1574262182.907,446,657,None,Move,office
1574262182.914,599,586,None,Move,office
1574262182.9220002,748,527,None,Move,office
1574262182.93,886,490,None,Move,office
1574262182.937,1013,467,None,Move,office
1574262182.946,1142,456,None,Move,office
1574262182.954,1278,451,None,Move,office
1574262182.962,1423,458,None,Move,office
1574262182.97,1483,468,None,Move,office
1574262182.978,1589,487,None,Move,office
1574262182.986,1717,518,None,Move,office
1574262182.994,1852,558,None,Move,office
1574262183.002,1984,604,None,Move,office
1574262183.01,2038,649,None,Move,office
1574262183.018,2015,696,None,Move,office
1574262183.026,1996,741,None,Move,office
1574262183.034,1977,784,None,Move,office
1574262183.042,1962,827,None,Move,office
1574262183.05,1953,866,None,Move,office
1574262183.0579998,1943,903,None,Move,office
1574262183.066,1938,936,None,Move,office
1574262183.074,1934,963,None,Move,office
1574262183.083,1927,984,None,Move,office
1574262183.091,1925,1002,None,Move,office
1574262183.099,1923,1015,None,Move,office
1574262183.107,1923,1029,None,Move,office
1574262183.115,1922,1043,None,Move,office
1574262183.123,1922,1056,None,Move,office
1574262183.131,1921,1067,None,Move,office
1574262183.139,1922,1075,None,Move,office
1574262183.147,1920,1084,None,Move,office
1574262183.155,1919,1086,None,Move,office
1574262183.1620002,1919,1087,None,Move,office
1574262183.171,1916,1088,None,Move,office
1574262183.178,1912,1088,None,Move,office
1574262183.186,1907,1088,None,Move,office
1574262183.195,1902,1087,None,Move,office
1574262183.202,1897,1085,None,Move,office
1574262183.21,1893,1083,None,Move,office
1574262183.218,1891,1081,None,Move,office
1574262183.226,1886,1081,None,Move,office
1574262183.235,1880,1080,None,Move,office
1574262183.242,1878,1081,None,Move,office
1574262183.25,1875,1080,None,Move,office
1574262183.258,1871,1080,None,Move,office
1574262183.266,1867,1080,None,Move,office
1574262183.275,1862,1080,None,Move,office
1574262183.283,1856,1081,None,Move,office
1574262183.291,1851,1080,None,Move,office
1574262183.298,1847,1080,None,Move,office
1574262183.3070002,1843,1080,None,Move,office
1574262183.347,1840,1079,None,Move,office
1574262183.355,1840,1079,None,Move,office
1574262183.427,1839,1079,None,Move,office
1574262183.458,1838,1079,None,Move,office
1574262183.468,1837,1078,None,Move,office
1574262183.474,1834,1076,None,Move,office
1574262183.482,1833,1075,None,Move,office
1574262183.49,1831,1074,None,Move,office
1574262183.498,1830,1071,None,Move,office
1574262183.5070002,1829,1070,None,Move,office
1574262183.514,1827,1068,None,Move,office
1574262183.522,1826,1067,None,Move,office
1574262183.53,1824,1065,None,Move,office
1574262183.539,1822,1062,None,Move,office
1574262183.5470002,1821,1062,None,Move,office
1574262183.65,1821,1062,Left,Pressed,office
1574262183.7770002,1821,1062,Left,Released,file system
1574262184.393,1821,1060,None,Move,file system
1574262184.401,1821,1059,None,Move,file system
1574262184.409,1821,1055,None,Move,file system
1574262184.417,1821,1051,None,Move,file system
1574262184.425,1820,1038,None,Move,file system
1574262184.434,1817,1014,None,Move,file system
1574262184.4420002,1815,990,None,Move,file system
1574262184.45,1811,957,None,Move,file system
1574262184.458,1805,921,None,Move,file system
1574262184.466,1797,878,None,Move,file system
1574262184.474,1786,834,None,Move,file system
1574262184.482,1775,797,None,Move,file system
1574262184.49,1768,764,None,Move,file system
1574262184.498,1758,736,None,Move,file system
1574262184.5070002,1752,718,None,Move,file system
1574262184.515,1747,704,None,Move,file system
1574262184.522,1740,689,None,Move,file system
1574262184.531,1736,677,None,Move,file system
1574262184.5370002,1731,666,None,Move,file system
1574262184.5470002,1727,657,None,Move,file system
1574262184.554,1724,650,None,Move,file system
1574262184.562,1721,646,None,Move,file system
1574262184.57,1717,638,None,Move,file system
1574262184.5779998,1717,638,None,Move,file system
1574262184.6179998,1714,634,None,Move,file system
1574262184.6260002,1713,633,None,Move,file system
1574262184.6339998,1713,633,None,Move,file system
1574262184.666,1713,632,None,Move,file system
1574262184.6820002,1712,631,None,Move,file system
1574262184.826,1712,630,None,Move,file system
1574262184.837,1712,628,None,Move,file system
1574262184.843,1712,622,None,Move,file system
1574262184.85,1712,621,None,Move,file system
1574262184.8579998,1712,616,None,Move,file system
1574262184.8660002,1714,610,None,Move,file system
1574262184.8739998,1716,603,None,Move,file system
1574262184.883,1721,595,None,Move,file system
1574262184.89,1728,589,None,Move,file system
1574262184.899,1734,581,None,Move,file system
1574262184.906,1736,577,None,Move,file system
1574262184.915,1739,574,None,Move,file system
1574262184.9220002,1741,573,None,Move,file system
1574262184.93,1742,572,None,Move,file system
1574262184.954,1743,571,None,Move,file system
1574262184.97,1744,570,None,Move,file system
1574262184.978,1745,568,None,Move,file system
1574262184.986,1747,566,None,Move,file system
1574262184.994,1750,566,None,Move,file system
1574262185.002,1751,565,None,Move,file system
1574262185.0110002,1752,565,None,Move,file system
1574262185.13,1752,565,None,Move,file system
1574262185.146,1759,563,None,Move,file system
1574262185.153,1762,563,None,Move,file system
1574262185.1620002,1765,563,None,Move,file system
1574262185.17,1771,563,None,Move,file system
1574262185.179,1777,563,None,Move,file system
1574262185.187,1787,563,None,Move,file system
1574262185.194,1797,563,None,Move,file system
1574262185.202,1810,562,None,Move,file system
1574262185.21,1822,562,None,Move,file system
1574262185.218,1833,561,None,Move,file system
1574262185.226,1842,559,None,Move,file system
1574262185.234,1844,559,None,Move,file system
1574262185.322,1844,559,None,Move,file system
1574262185.329,1843,559,None,Move,file system
1574262185.337,1838,561,None,Move,file system
1574262185.346,1835,562,None,Move,file system
1574262185.354,1830,563,None,Move,file system
1574262185.3620002,1826,563,None,Move,file system
1574262185.37,1821,563,None,Move,file system
1574262185.379,1814,564,None,Move,file system
1574262185.387,1806,566,None,Move,file system
1574262185.395,1795,567,None,Move,file system
1574262185.4020002,1784,568,None,Move,file system
1574262185.41,1770,568,None,Move,file system
1574262185.419,1755,570,None,Move,file system
1574262185.426,1740,571,None,Move,file system
1574262185.434,1724,571,None,Move,file system
1574262185.4420002,1707,572,None,Move,file system
1574262185.45,1692,574,None,Move,file system
1574262185.458,1679,576,None,Move,file system
1574262185.467,1665,579,None,Move,file system
1574262185.474,1655,580,None,Move,file system
1574262185.482,1646,582,None,Move,file system
1574262185.49,1639,583,None,Move,file system
1574262185.643,1637,584,None,Move,file system
1574262185.654,1637,585,None,Move,file system
1574262185.659,1638,586,None,Move,file system
1574262185.667,1642,587,None,Move,file system
1574262185.674,1646,587,None,Move,file system
1574262185.6820002,1651,587,None,Move,file system
1574262185.69,1658,587,None,Move,file system
1574262185.698,1668,587,None,Move,file system
1574262185.706,1679,587,None,Move,file system
1574262185.714,1691,587,None,Move,file system
1574262185.722,1703,587,None,Move,file system
1574262185.73,1714,587,None,Move,file system
1574262185.738,1724,587,None,Move,file system
1574262185.746,1733,587,None,Move,file system
1574262185.754,1740,587,None,Move,file system
1574262185.762,1740,587,None,Move,file system
1574262186.582,1740,588,None,Move,file system
1574262186.5979998,1733,591,None,Move,file system
1574262186.606,1720,594,None,Move,file system
1574262186.6139998,1691,597,None,Move,file system
1574262186.6220002,1646,601,None,Move,file system
1574262186.63,1591,606,None,Move,file system
1574262186.6379998,1525,611,None,Move,file system
1574262186.646,1450,616,None,Move,file system
1574262186.654,1369,618,None,Move,file system
1574262186.6620002,1287,623,None,Move,file system
1574262186.67,1208,628,None,Move,file system
1574262186.678,1133,633,None,Move,file system
1574262186.686,1061,638,None,Move,file system
1574262186.694,996,641,None,Move,file system
1574262186.702,938,646,None,Move,file system
1574262186.71,883,650,None,Move,file system
1574262186.718,834,655,None,Move,file system
1574262186.726,789,659,None,Move,file system
1574262186.734,750,663,None,Move,file system
1574262186.742,714,667,None,Move,file system
1574262186.7510002,685,670,None,Move,file system
1574262186.758,663,674,None,Move,file system
1574262186.766,646,676,None,Move,file system
1574262186.774,631,678,None,Move,file system
1574262186.782,619,681,None,Move,file system
1574262186.79,611,683,None,Move,file system
1574262186.799,605,685,None,Move,file system
1574262186.806,603,687,None,Move,file system
1574262186.815,602,687,None,Move,file system
1574262186.822,601,687,None,Move,file system
1574262186.83,600,687,None,Move,file system
1574262186.8379998,599,688,None,Move,file system
1574262186.846,598,688,None,Move,file system
1574262186.854,597,688,None,Move,file system
1574262186.8620002,594,688,None,Move,file system
1574262186.919,589,690,None,Move,file system
1574262186.926,585,690,None,Move,file system
1574262186.935,579,693,None,Move,file system
1574262186.941,574,693,None,Move,file system
1574262186.95,569,693,None,Move,file system
1574262186.958,561,694,None,Move,file system
1574262186.967,546,696,None,Move,file system
1574262186.975,527,696,None,Move,file system
1574262186.982,507,696,None,Move,file system
1574262186.99,482,697,None,Move,file system
1574262186.998,453,701,None,Move,file system
1574262187.006,425,703,None,Move,file system
1574262187.014,400,706,None,Move,file system
1574262187.022,374,710,None,Move,file system
1574262187.03,351,715,None,Move,file system
1574262187.038,328,718,None,Move,file system
1574262187.046,302,723,None,Move,file system
1574262187.054,280,726,None,Move,file system
1574262187.062,260,731,None,Move,file system
1574262187.07,240,736,None,Move,file system
1574262187.0779998,219,742,None,Move,file system
1574262187.086,200,750,None,Move,file system
1574262187.094,185,757,None,Move,file system
1574262187.1020002,169,764,None,Move,file system
1574262187.11,157,770,None,Move,file system
1574262187.1179998,146,777,None,Move,file system
1574262187.1260002,139,782,None,Move,file system
1574262187.1339998,138,784,None,Move,file system
1574262187.1420002,136,788,None,Move,file system
1574262187.15,135,790,None,Move,file system
1574262187.158,134,793,None,Move,file system
1574262187.166,133,795,None,Move,file system
1574262187.174,131,799,None,Move,file system
1574262187.1820002,130,803,None,Move,file system
1574262187.19,130,806,None,Move,file system
1574262187.198,130,807,None,Move,file system
1574262187.222,129,809,None,Move,file system
1574262187.228,127,811,None,Move,file system
1574262187.242,126,813,None,Move,file system
1574262187.3660002,124,814,None,Move,file system
1574262187.375,123,814,None,Move,file system
1574262187.406,121,814,None,Move,file system
1574262187.4120002,111,814,None,Move,file system
1574262187.425,102,814,None,Move,file system
1574262187.456,92,814,None,Move,file system
1574262187.59,92,814,Left,Pressed,file system
1574262187.702,92,814,Left,Released,office
1574262188.1260002,91,813,None,Move,office
1574262203.63,89,809,None,Move,office
1574262203.6379998,88,809,None,Move,office
1574262203.646,83,808,None,Move,office
1574262203.654,82,806,None,Move,office
1574262203.694,81,806,None,Move,office
1574262203.758,80,806,None,Move,office
1574262203.7670002,79,806,None,Move,office
1574262203.79,77,806,None,Move,office
1574262203.798,76,806,None,Move,office
1574262203.806,76,807,None,Move,office
1574262203.815,72,807,None,Move,office
1574262203.822,72,809,None,Move,office
1574262203.83,72,810,None,Move,office
1574262203.887,71,810,None,Move,office
1574262203.894,69,810,None,Move,office
1574262203.9020002,69,810,None,Move,office
1574262203.919,68,810,None,Move,office
1574262203.935,66,810,None,Move,office
1574262203.9420002,65,810,None,Move,office
1574262203.95,62,810,None,Move,office
1574262203.958,61,810,None,Move,office
1574262203.966,57,810,None,Move,office
1574262203.974,54,811,None,Move,office
1574262203.982,53,811,None,Move,office
1574262203.99,50,811,None,Move,office
1574262203.998,48,811,None,Move,office
1574262204.006,47,813,None,Move,office
1574262204.014,45,813,None,Move,office
1574262204.022,43,813,None,Move,office
1574262204.03,43,813,None,Move,office
1574262204.038,41,813,None,Move,office
1574262204.046,40,813,None,Move,office
1574262204.054,38,813,None,Move,office
1574262204.0779998,36,813,None,Move,office
1574262204.087,36,813,None,Move,office
1574262204.095,34,813,None,Move,office
1574262204.103,34,813,None,Move,office
1574262204.127,33,813,None,Move,office
1574262204.1339998,31,813,None,Move,office
1574262204.143,28,813,None,Move,office
1574262204.15,26,813,None,Move,office
1574262204.158,23,813,None,Move,office
1574262204.166,23,813,None,Move,office
1574262204.174,22,813,None,Move,office
1574262204.1820002,19,813,None,Move,office
1574262204.19,19,813,None,Move,office
1574262204.198,18,813,None,Move,office
1574262204.206,16,813,None,Move,office
1574262204.214,15,813,None,Move,office
1574262204.319,15,813,Left,Pressed,office
1574262204.445,15,813,Left,Released,office
1574262204.575,15,813,Right,Pressed,office
1574262204.686,15,813,Right,Released,office
1574262204.814,14,813,None,Move,office
1574262204.833,15,813,None,Move,office
1574262204.846,15,813,None,Move,office
1574262204.8620002,16,813,None,Move,office
1574262204.8779998,17,812,None,Move,office
1574262204.8860002,18,810,None,Move,office
1574262204.894,21,809,None,Move,office
1574262204.9020002,22,809,None,Move,office
1574262204.91,23,809,None,Move,office
1574262204.918,26,807,None,Move,office
1574262204.926,30,805,None,Move,office
1574262204.934,32,804,None,Move,office
1574262204.9420002,35,800,None,Move,office
1574262204.95,38,798,None,Move,office
1574262204.962,41,795,None,Move,office
1574262204.97,43,792,None,Move,office
1574262204.978,47,789,None,Move,office
1574262204.986,50,786,None,Move,office
1574262204.994,50,784,None,Move,office
1574262205.002,52,781,None,Move,office
1574262205.01,55,778,None,Move,office
1574262205.018,56,773,None,Move,office
1574262205.026,57,770,None,Move,office
1574262205.034,58,765,None,Move,office
1574262205.042,59,755,None,Move,office
1574262205.05,60,746,None,Move,office
1574262205.0579998,60,736,None,Move,office
1574262205.066,60,728,None,Move,office
1574262205.074,60,718,None,Move,office
1574262205.082,63,706,None,Move,office
1574262205.09,64,694,None,Move,office
1574262205.0979998,65,684,None,Move,office
1574262205.106,67,675,None,Move,office
1574262205.1139998,67,668,None,Move,office
1574262205.1220002,68,660,None,Move,office
1574262205.13,68,651,None,Move,office
1574262205.1379998,68,644,None,Move,office
1574262205.146,68,638,None,Move,office
1574262205.154,68,631,None,Move,office
1574262205.1620002,68,626,None,Move,office
1574262205.17,68,620,None,Move,office
1574262205.178,69,615,None,Move,office
1574262205.186,70,610,None,Move,office
1574262205.194,70,606,None,Move,office
1574262205.202,70,603,None,Move,office
1574262205.21,70,599,None,Move,office
1574262205.218,70,599,None,Move,office
1574262205.226,70,598,None,Move,office
1574262205.234,71,596,None,Move,office
1574262205.242,71,594,None,Move,office
1574262205.25,71,591,None,Move,office
1574262205.258,71,591,None,Move,office
1574262205.266,71,589,None,Move,office
1574262205.274,71,588,None,Move,office
1574262205.282,71,585,None,Move,office
1574262205.29,71,584,None,Move,office
1574262205.298,71,583,None,Move,office
1574262205.306,71,582,None,Move,office
1574262205.314,71,581,None,Move,office
1574262205.322,71,581,None,Move,office
1574262205.33,71,579,None,Move,office
1574262205.3379998,71,578,None,Move,office
1574262205.346,72,576,None,Move,office
1574262205.354,72,574,None,Move,office
1574262205.3620002,72,573,None,Move,office
1574262205.37,73,570,None,Move,office
1574262205.3779998,73,569,None,Move,office
1574262205.394,73,567,None,Move,office
1574262205.4020002,73,566,None,Move,office
1574262205.41,74,565,None,Move,office
1574262205.418,75,564,None,Move,office
1574262205.522,75,564,Left,Pressed,office
1574262205.6020002,75,564,Left,Released,office
1574262205.666,76,564,None,Move,office
1574262205.674,76,565,None,Move,office
1574262205.6820002,76,570,None,Move,office
1574262205.69,76,573,None,Move,office
1574262205.698,76,576,None,Move,office
1574262205.706,76,583,None,Move,office
1574262205.714,77,591,None,Move,office
1574262205.722,78,603,None,Move,office
1574262205.73,79,618,None,Move,office
1574262205.738,81,635,None,Move,office
1574262205.746,82,656,None,Move,office
1574262205.754,82,680,None,Move,office
1574262205.762,82,707,None,Move,office
1574262205.77,82,731,None,Move,office
1574262205.778,82,755,None,Move,office
1574262205.786,84,783,None,Move,office
1574262205.794,86,808,None,Move,office
1574262205.802,87,829,None,Move,office
1574262205.81,87,846,None,Move,office
1574262205.8179998,87,859,None,Move,office
1574262205.826,87,873,None,Move,office
1574262205.834,87,883,None,Move,office
1574262205.842,87,891,None,Move,office
1574262205.85,87,895,None,Move,office
1574262205.8579998,87,897,None,Move,office
1574262205.8660002,87,898,None,Move,office
1574262206.042,87,898,None,Move,office
1574262206.052,87,896,None,Move,office
1574262206.0579998,87,892,None,Move,office
1574262206.066,87,887,None,Move,office
1574262206.074,87,884,None,Move,office
1574262206.082,87,880,None,Move,office
1574262206.09,87,876,None,Move,office
1574262206.0979998,87,871,None,Move,office
1574262206.106,87,866,None,Move,office
1574262206.1139998,87,859,None,Move,office
1574262206.1220002,87,854,None,Move,office
1574262206.13,87,850,None,Move,office
1574262206.1379998,87,848,None,Move,office
1574262206.146,87,846,None,Move,office
1574262206.154,87,845,None,Move,office
1574262206.1620002,87,844,None,Move,office
1574262206.17,87,843,None,Move,office
1574262206.178,87,842,None,Move,office
1574262206.186,87,841,None,Move,office
1574262206.194,87,838,None,Move,office
1574262206.207,87,837,None,Move,office
1574262206.258,87,835,None,Move,office
1574262206.276,87,833,None,Move,office
1574262206.291,87,830,None,Move,office
1574262206.301,87,829,None,Move,office
1574262206.3070002,87,827,None,Move,office
1574262206.314,87,827,None,Move,office
1574262206.322,87,825,None,Move,office
1574262206.33,87,825,None,Move,office
1574262206.3379998,87,823,None,Move,office
1574262206.346,87,822,None,Move,office
1574262206.354,87,822,None,Move,office
1574262206.37,87,821,None,Move,office
1574262206.3860002,87,819,None,Move,office
1574262206.394,87,818,None,Move,office
1574262206.4020002,87,816,None,Move,office
1574262206.41,87,816,None,Move,office
1574262206.418,87,813,None,Move,office
1574262206.426,87,812,None,Move,office
1574262206.594,87,812,Left,Pressed,office
1574262206.722,87,812,Left,Released,office
1574262211.53,88,810,None,Move,office
1574262211.54,88,809,None,Move,office
1574262211.546,95,802,None,Move,office
1574262211.555,108,789,None,Move,office
1574262211.563,131,767,None,Move,office
1574262211.57,166,733,None,Move,office
1574262211.577,212,693,None,Move,office
1574262211.585,267,650,None,Move,office
1574262211.593,331,606,None,Move,office
1574262211.601,401,565,None,Move,office
1574262211.609,478,520,None,Move,office
1574262211.617,562,474,None,Move,office
1574262211.6260002,635,435,None,Move,office
1574262211.6339998,695,402,None,Move,office
1574262211.6420002,731,381,None,Move,office
1574262211.65,748,370,None,Move,office
1574262211.658,759,360,None,Move,office
1574262211.666,767,353,None,Move,office
1574262211.674,772,345,None,Move,office
1574262211.6820002,776,336,None,Move,office
1574262211.69,780,329,None,Move,office
1574262211.698,782,322,None,Move,office
1574262211.706,783,313,None,Move,office
1574262211.714,784,304,None,Move,office
1574262211.722,784,298,None,Move,office
1574262211.73,784,289,None,Move,office
1574262211.742,780,280,None,Move,office
1574262211.7510002,775,269,None,Move,office
1574262211.758,768,259,None,Move,office
1574262211.766,765,254,None,Move,office
1574262211.775,759,248,None,Move,office
1574262211.782,750,239,None,Move,office
1574262211.79,740,231,None,Move,office
1574262211.798,729,221,None,Move,office
1574262211.806,717,212,None,Move,office
1574262211.814,704,203,None,Move,office
1574262211.822,692,196,None,Move,office
1574262211.83,681,190,None,Move,office
1574262211.8379998,671,184,None,Move,office
1574262211.846,659,180,None,Move,office
1574262211.854,647,176,None,Move,office
1574262211.863,631,172,None,Move,office
1574262211.87,614,168,None,Move,office
1574262211.8779998,598,165,None,Move,office
1574262211.8860002,579,164,None,Move,office
1574262211.894,559,162,None,Move,office
1574262211.9020002,538,162,None,Move,office
1574262211.91,517,162,None,Move,office
1574262211.918,497,162,None,Move,office
1574262211.926,473,162,None,Move,office
1574262211.934,452,162,None,Move,office
1574262211.9420002,432,162,None,Move,office
1574262211.95,413,161,None,Move,office
1574262211.958,397,160,None,Move,office
1574262211.966,382,157,None,Move,office
1574262211.974,370,154,None,Move,office
1574262211.982,368,152,None,Move,office
1574262211.99,367,152,None,Move,office
1574262211.998,364,147,None,Move,office
1574262212.006,361,140,None,Move,office
1574262212.014,359,135,None,Move,office
1574262212.022,357,133,None,Move,office
1574262212.03,354,129,None,Move,office
1574262212.039,350,123,None,Move,office
1574262212.0470002,346,115,None,Move,office
1574262212.055,341,106,None,Move,office
1574262212.063,338,100,None,Move,office
1574262212.069,335,95,None,Move,office
1574262212.0779998,334,91,None,Move,office
1574262212.087,334,87,None,Move,office
1574262212.094,334,82,None,Move,office
1574262212.1020002,334,78,None,Move,office
1574262212.11,334,73,None,Move,office
1574262212.1179998,334,73,None,Move,office
1574262212.1260002,333,68,None,Move,office
1574262212.135,332,68,None,Move,office
1574262212.1420002,332,64,None,Move,office
1574262212.15,332,61,None,Move,office
1574262212.158,332,60,None,Move,office
1574262212.174,332,59,None,Move,office
1574262212.191,332,58,None,Move,office
1574262212.198,331,58,None,Move,office
1574262212.206,329,56,None,Move,office
1574262212.214,327,55,None,Move,office
1574262212.222,322,55,None,Move,office
1574262212.23,320,55,None,Move,office
1574262212.238,317,55,None,Move,office
1574262212.246,311,55,None,Move,office
1574262212.255,302,55,None,Move,office
1574262212.262,294,55,None,Move,office
1574262212.27,284,55,None,Move,office
1574262212.279,275,55,None,Move,office
1574262212.286,274,55,None,Move,office
1574262212.294,273,55,None,Move,office
1574262212.3820002,272,54,None,Move,office
1574262212.39,272,53,None,Move,office
1574262212.446,272,51,None,Move,office
1574262212.454,272,51,None,Move,office
1574262212.462,272,50,None,Move,office
1574262212.47,272,48,None,Move,office
1574262212.478,272,47,None,Move,office
1574262212.486,271,45,None,Move,office
1574262212.494,271,42,None,Move,office
1574262212.5010002,271,41,None,Move,office
1574262212.5110002,271,38,None,Move,office
1574262212.518,271,37,None,Move,office
1574262212.526,271,34,None,Move,office
1574262212.534,271,33,None,Move,office
1574262212.686,271,31,None,Move,office
1574262212.694,271,30,None,Move,office
1574262212.702,270,27,None,Move,office
1574262212.71,270,26,None,Move,office
1574262212.8620002,268,26,None,Move,office
1574262212.873,267,25,None,Move,office
1574262212.895,267,25,Left,Pressed,office
1574262213.006,267,25,Left,Released,office
1574262213.51,267,25,Left,Pressed,office
1574262213.6220002,267,25,Left,Released,office
1574262214.206,266,25,None,Move,office
1574262214.214,265,25,None,Move,office
1574262214.334,264,25,None,Move,office
1574262214.342,263,25,None,Move,office
1574262214.81,263,27,None,Move,office
1574262214.822,263,27,None,Move,office
1574262214.827,261,30,None,Move,office
1574262214.834,261,31,None,Move,office
1574262214.843,260,34,None,Move,office
1574262214.85,259,38,None,Move,office
1574262214.857,257,42,None,Move,office
1574262214.8660002,257,43,None,Move,office
1574262214.8739998,257,45,None,Move,office
1574262214.881,257,49,None,Move,office
1574262214.89,257,53,None,Move,office
1574262214.8979998,257,58,None,Move,office
1574262214.907,256,65,None,Move,office
1574262214.914,256,76,None,Move,office
1574262214.9220002,256,91,None,Move,office
1574262214.93,256,111,None,Move,office
1574262214.937,256,135,None,Move,office
1574262214.947,256,166,None,Move,office
1574262214.954,257,201,None,Move,office
1574262214.962,259,242,None,Move,office
1574262214.97,263,284,None,Move,office
1574262214.978,270,327,None,Move,office
1574262214.986,276,373,None,Move,office
1574262214.994,288,420,None,Move,office
1574262215.002,299,467,None,Move,office
1574262215.01,310,511,None,Move,office
1574262215.018,320,548,None,Move,office
1574262215.0270002,327,575,None,Move,office
1574262215.034,334,599,None,Move,office
1574262215.042,337,616,None,Move,office
1574262215.05,341,631,None,Move,office
1574262215.0579998,344,641,None,Move,office
1574262215.0670002,346,652,None,Move,office
1574262215.075,349,662,None,Move,office
1574262215.083,351,671,None,Move,office
1574262215.09,354,678,None,Move,office
1574262215.0979998,356,685,None,Move,office
1574262215.106,358,689,None,Move,office
1574262215.1139998,360,693,None,Move,office
1574262215.1220002,362,696,None,Move,office
1574262215.13,364,698,None,Move,office
1574262215.1379998,366,701,None,Move,office
1574262215.146,368,703,None,Move,office
1574262215.155,369,703,None,Move,office
1574262215.1620002,370,704,None,Move,office
1574262215.17,372,705,None,Move,office
1574262215.178,373,707,None,Move,office
1574262215.186,376,710,None,Move,office
1574262215.194,381,713,None,Move,office
1574262215.202,385,716,None,Move,office
1574262215.21,388,719,None,Move,office
1574262215.218,391,722,None,Move,office
1574262215.226,397,728,None,Move,office
1574262215.234,403,734,None,Move,office
1574262215.242,409,740,None,Move,office
1574262215.25,415,745,None,Move,office
1574262215.258,420,750,None,Move,office
1574262215.266,424,753,None,Move,office
1574262215.274,428,756,None,Move,office
1574262215.283,433,761,None,Move,office
1574262215.291,438,767,None,Move,office
1574262215.298,443,774,None,Move,office
1574262215.306,449,780,None,Move,office
1574262215.314,457,788,None,Move,office
1574262215.322,464,796,None,Move,office
1574262215.33,472,805,None,Move,office
1574262215.3379998,479,816,None,Move,office
1574262215.35,487,827,None,Move,office
1574262215.356,495,838,None,Move,office
1574262215.363,503,848,None,Move,office
1574262215.37,511,856,None,Move,office
1574262215.3779998,517,862,None,Move,office
1574262215.3860002,525,869,None,Move,office
1574262215.394,531,873,None,Move,office
1574262215.4020002,537,877,None,Move,office
1574262215.41,541,880,None,Move,office
1574262215.417,546,884,None,Move,office
1574262215.426,548,886,None,Move,office
1574262215.434,551,888,None,Move,office
1574262215.4420002,553,890,None,Move,office
1574262215.45,555,892,None,Move,office
1574262215.458,556,893,None,Move,office
1574262215.467,557,893,None,Move,office
1574262215.475,558,894,None,Move,office
1574262215.482,559,895,None,Move,office
1574262215.49,562,897,None,Move,office
1574262215.498,564,899,None,Move,office
1574262215.506,566,900,None,Move,office
1574262215.514,568,902,None,Move,office
1574262215.522,568,903,None,Move,office
1574262215.531,569,904,None,Move,office
1574262215.8820002,569,904,Left,Pressed,office
1574262215.995,569,904,Left,Released,office
1574262216.091,570,905,None,Move,office
1574262216.0979998,570,906,None,Move,office
1574262216.106,570,907,None,Move,office
1574262216.1139998,568,907,None,Move,office
1574262216.1220002,566,908,None,Move,office
1574262216.13,563,908,None,Move,office
1574262216.1379998,559,908,None,Move,office
1574262216.146,553,908,None,Move,office
1574262216.154,545,908,None,Move,office
1574262216.1620002,535,908,None,Move,office
1574262216.17,524,908,None,Move,office
1574262216.178,514,908,None,Move,office
1574262216.186,506,908,None,Move,office
1574262216.194,498,908,None,Move,office
1574262216.202,489,908,None,Move,office
1574262216.21,481,908,None,Move,office
1574262216.218,471,908,None,Move,office
1574262216.226,462,908,None,Move,office
1574262216.234,452,908,None,Move,office
1574262216.242,442,908,None,Move,office
1574262216.25,431,908,None,Move,office
1574262216.258,417,908,None,Move,office
1574262216.266,401,908,None,Move,office
1574262216.274,386,908,None,Move,office
1574262216.282,369,908,None,Move,office
1574262216.29,353,908,None,Move,office
1574262216.298,338,907,None,Move,office
1574262216.306,323,905,None,Move,office
1574262216.314,308,904,None,Move,office
1574262216.322,294,902,None,Move,office
1574262216.33,279,901,None,Move,office
1574262216.3379998,264,898,None,Move,office
1574262216.346,249,897,None,Move,office
1574262216.355,234,896,None,Move,office
1574262216.363,217,894,None,Move,office
1574262216.37,201,891,None,Move,office
1574262216.3779998,184,889,None,Move,office
1574262216.3860002,169,886,None,Move,office
1574262216.395,155,883,None,Move,office
1574262216.4020002,143,880,None,Move,office
1574262216.41,133,879,None,Move,office
1574262216.418,126,877,None,Move,office
1574262216.427,124,877,None,Move,office
1574262216.434,123,877,None,Move,office
1574262216.4420002,122,877,None,Move,office
1574262216.45,121,877,None,Move,office
1574262216.5070002,119,876,None,Move,office
1574262216.514,118,876,None,Move,office
1574262216.522,117,876,None,Move,office
1574262216.53,113,875,None,Move,office
1574262216.538,110,874,None,Move,office
1574262216.5470002,106,873,None,Move,office
1574262216.554,102,871,None,Move,office
1574262216.562,100,871,None,Move,office
1574262216.57,98,870,None,Move,office
1574262216.5779998,97,870,None,Move,office
1574262216.666,96,870,None,Move,office
1574262216.6820002,95,867,None,Move,office
1574262216.69,94,866,None,Move,office
1574262216.714,92,864,None,Move,office
1574262216.722,91,864,None,Move,office
1574262217.274,91,864,None,Move,office
1574262217.29,91,863,None,Move,office
1574262217.298,91,862,None,Move,office
1574262217.306,92,859,None,Move,office
1574262217.314,97,854,None,Move,office
1574262217.322,100,850,None,Move,office
1574262217.33,103,849,None,Move,office
1574262217.3379998,106,847,None,Move,office
1574262217.346,111,843,None,Move,office
1574262217.355,120,836,None,Move,office
1574262217.363,129,830,None,Move,office
1574262217.37,140,821,None,Move,office
1574262217.3779998,154,812,None,Move,office
1574262217.3860002,168,803,None,Move,office
1574262217.394,187,791,None,Move,office
1574262217.4020002,209,770,None,Move,office
1574262217.41,231,742,None,Move,office
1574262217.418,249,715,None,Move,office
1574262217.426,264,689,None,Move,office
1574262217.434,280,656,None,Move,office
1574262217.4420002,296,627,None,Move,office
1574262217.45,309,601,None,Move,office
1574262217.458,320,575,None,Move,office
1574262217.466,326,555,None,Move,office
1574262217.474,331,535,None,Move,office
1574262217.482,334,512,None,Move,office
1574262217.49,339,489,None,Move,office
1574262217.498,343,460,None,Move,office
1574262217.506,344,432,None,Move,office
1574262217.514,346,400,None,Move,office
1574262217.522,348,376,None,Move,office
1574262217.53,348,345,None,Move,office
1574262217.538,348,324,None,Move,office
1574262217.5470002,347,299,None,Move,office
1574262217.554,346,281,None,Move,office
1574262217.563,341,262,None,Move,office
1574262217.572,339,245,None,Move,office
1574262217.5779998,336,232,None,Move,office
1574262217.586,333,218,None,Move,office
1574262217.595,331,206,None,Move,office
1574262217.606,327,196,None,Move,office
1574262217.6120002,325,187,None,Move,office
1574262217.6179998,321,177,None,Move,office
1574262217.631,319,168,None,Move,office
1574262217.6379998,315,159,None,Move,office
1574262217.646,311,151,None,Move,office
1574262217.654,308,144,None,Move,office
1574262217.6620002,307,142,None,Move,office
1574262217.67,305,141,None,Move,office
1574262217.679,304,135,None,Move,office
1574262217.686,303,133,None,Move,office
1574262217.694,300,129,None,Move,office
1574262217.702,298,126,None,Move,office
1574262217.711,294,122,None,Move,office
1574262217.718,291,119,None,Move,office
1574262217.726,288,114,None,Move,office
1574262217.734,285,112,None,Move,office
1574262217.742,279,108,None,Move,office
1574262217.75,277,107,None,Move,office
1574262217.758,273,105,None,Move,office
1574262217.766,270,103,None,Move,office
1574262217.775,267,101,None,Move,office
1574262217.782,264,100,None,Move,office
1574262217.79,260,95,None,Move,office
1574262217.798,259,95,None,Move,office
1574262217.806,257,91,None,Move,office
1574262217.814,256,88,None,Move,office
1574262217.822,255,87,None,Move,office
1574262217.83,255,85,None,Move,office
1574262217.8379998,254,80,None,Move,office
1574262217.846,252,78,None,Move,office
1574262217.854,252,76,None,Move,office
1574262217.8620002,252,75,None,Move,office
1574262217.87,252,71,None,Move,office
1574262217.8779998,252,70,None,Move,office
1574262217.8860002,252,67,None,Move,office
1574262217.894,252,64,None,Move,office
1574262217.9020002,252,64,None,Move,office
1574262217.91,252,61,None,Move,office
1574262217.918,252,56,None,Move,office
1574262217.926,252,55,None,Move,office
1574262217.934,252,54,None,Move,office
1574262217.9420002,252,51,None,Move,office
1574262217.95,252,46,None,Move,office
1574262217.958,252,45,None,Move,office
1574262217.967,252,43,None,Move,office
1574262217.9729998,252,40,None,Move,office
1574262217.982,252,37,None,Move,office
1574262217.99,252,37,None,Move,office
1574262217.998,252,32,None,Move,office
1574262218.006,252,32,None,Move,office
1574262218.014,252,30,None,Move,office
1574262218.022,252,29,None,Move,office
1574262218.03,252,27,None,Move,office
1574262218.038,252,26,None,Move,office
1574262218.062,252,24,None,Move,office
1574262218.07,252,23,None,Move,office
1574262218.111,252,21,None,Move,office
1574262218.119,252,20,None,Move,office
1574262218.222,252,20,Left,Pressed,office
1574262218.35,252,20,Left,Released,office
1574262218.966,251,21,None,Move,office
1574262218.974,251,21,None,Move,office
1574262218.982,251,24,None,Move,office
1574262218.99,250,29,None,Move,office
1574262218.9970002,248,44,None,Move,office
1574262219.006,246,70,None,Move,office
1574262219.014,244,111,None,Move,office
1574262219.022,242,162,None,Move,office
1574262219.03,239,224,None,Move,office
1574262219.038,237,292,None,Move,office
1574262219.046,234,367,None,Move,office
1574262219.054,232,448,None,Move,office
1574262219.062,229,523,None,Move,office
1574262219.07,227,594,None,Move,office
1574262219.0779998,224,659,None,Move,office
1574262219.086,224,717,None,Move,office
1574262219.094,222,765,None,Move,office
1574262219.103,220,803,None,Move,office
1574262219.111,219,831,None,Move,office
1574262219.119,215,854,None,Move,office
1574262219.127,211,874,None,Move,office
1574262219.135,208,887,None,Move,office
1574262219.143,205,899,None,Move,office
1574262219.151,205,900,None,Move,office
1574262219.206,204,900,None,Move,office
1574262219.2229998,203,900,None,Move,office
1574262219.238,202,898,None,Move,office
1574262219.2470002,200,898,None,Move,office
1574262219.254,197,898,None,Move,office
1574262219.262,193,897,None,Move,office
1574262219.271,190,896,None,Move,office
1574262219.279,186,895,None,Move,office
1574262219.2870002,182,894,None,Move,office
1574262219.295,178,894,None,Move,office
1574262219.822,177,890,None,Move,office
1574262219.833,177,889,None,Move,office
1574262219.839,177,888,None,Move,office
1574262219.845,177,887,None,Move,office
1574262219.854,177,881,None,Move,office
1574262219.8620002,177,874,None,Move,office
1574262219.87,181,860,None,Move,office
1574262219.8779998,186,838,None,Move,office
1574262219.8860002,192,802,None,Move,office
1574262219.894,199,747,None,Move,office
1574262219.9020002,209,684,None,Move,office
1574262219.911,214,612,None,Move,office
1574262219.918,216,534,None,Move,office
1574262219.927,219,462,None,Move,office
1574262219.935,219,391,None,Move,office
1574262219.9420002,221,327,None,Move,office
1574262219.95,223,265,None,Move,office
1574262219.958,223,214,None,Move,office
1574262219.966,223,180,None,Move,office
1574262219.974,223,156,None,Move,office
1574262219.982,223,138,None,Move,office
1574262219.9889998,223,125,None,Move,office
1574262219.9970002,222,114,None,Move,office
1574262220.0070002,221,114,None,Move,office
1574262220.014,221,112,None,Move,office
1574262220.022,221,111,None,Move,office
1574262220.03,221,111,None,Move,office
1574262220.038,221,108,None,Move,office
1574262220.062,221,107,None,Move,office
1574262220.07,221,106,None,Move,office
1574262220.141,219,104,None,Move,office
1574262220.15,219,104,None,Move,office
1574262220.158,219,103,None,Move,office
1574262220.167,219,102,None,Move,office
1574262220.175,219,100,None,Move,office
1574262220.1820002,219,99,None,Move,office
1574262220.19,219,98,None,Move,office
1574262220.199,219,97,None,Move,office
1574262220.207,219,96,None,Move,office
1574262220.214,219,95,None,Move,office
1574262220.222,219,91,None,Move,office
1574262220.23,219,90,None,Move,office
1574262220.238,219,90,None,Move,office
1574262220.246,219,89,None,Move,office
1574262220.254,219,86,None,Move,office
1574262220.262,220,80,None,Move,office
1574262220.27,223,77,None,Move,office
1574262220.278,225,75,None,Move,office
1574262220.286,229,68,None,Move,office
1574262220.294,234,62,None,Move,office
1574262220.302,237,58,None,Move,office
1574262220.31,240,55,None,Move,office
1574262220.3179998,243,52,None,Move,office
1574262220.326,248,46,None,Move,office
1574262220.334,254,40,None,Move,office
1574262220.342,260,37,None,Move,office
1574262220.35,264,32,None,Move,office
1574262220.3579998,265,31,None,Move,office
1574262220.3660002,269,28,None,Move,office
1574262220.3739998,269,27,None,Move,office
1574262220.3820002,271,25,None,Move,office
1574262220.39,272,25,None,Move,office
1574262220.446,273,25,None,Move,office
1574262220.454,274,25,None,Move,office
1574262220.462,275,25,None,Move,office
1574262220.47,276,25,None,Move,office
1574262220.526,278,25,None,Move,office
1574262220.534,278,25,None,Move,office
1574262220.562,280,25,None,Move,office
1574262220.57,280,25,None,Move,office
1574262220.61,281,25,None,Move,office
1574262220.6260002,283,23,None,Move,office
1574262220.6339998,284,22,None,Move,office
1574262220.6420002,284,22,None,Move,office
1574262220.658,285,22,None,Move,office
1574262220.666,286,22,None,Move,office
1574262220.674,286,22,None,Move,office
1574262220.69,287,22,None,Move,office
1574262220.706,288,21,None,Move,office
1574262220.722,289,21,None,Move,office
1574262220.734,290,21,None,Move,office
1574262220.77,292,21,None,Move,office
1574262220.778,293,21,None,Move,office
1574262220.786,295,20,None,Move,office
1574262220.794,295,20,None,Move,office
1574262220.819,298,20,None,Move,office
1574262220.827,299,20,None,Move,office
1574262220.834,299,20,None,Move,office
1574262220.851,301,19,None,Move,office
1574262220.859,302,18,None,Move,office
1574262220.867,302,17,None,Move,office
1574262220.883,303,17,None,Move,office
1574262220.994,305,17,None,Move,office
1574262221.002,306,17,None,Move,office
1574262221.01,307,17,None,Move,office
1574262221.074,308,17,None,Move,office
1574262221.082,309,17,None,Move,office
1574262221.171,309,17,Left,Pressed,office
1574262221.283,309,17,Left,Released,office
1574262223.7270002,310,17,None,Move,office
1574262223.742,310,17,None,Move,office
1574262223.7510002,308,17,None,Move,office
1574262223.758,306,18,None,Move,office
1574262223.7670002,305,18,None,Move,office
1574262223.774,303,19,None,Move,office
1574262223.783,302,19,None,Move,office
1574262223.998,301,19,None,Move,office
1574262224.11,300,19,None,Move,office
1574262224.1260002,300,19,None,Move,office
1574262224.1339998,299,20,None,Move,office
1574262224.1420002,297,20,None,Move,office
1574262224.15,295,20,None,Move,office
1574262224.158,292,21,None,Move,office
1574262224.166,291,21,None,Move,office
1574262224.174,288,21,None,Move,office
1574262224.1820002,285,21,None,Move,office
1574262224.19,282,22,None,Move,office
1574262224.198,280,22,None,Move,office
1574262224.207,277,22,None,Move,office
1574262224.214,275,22,None,Move,office
1574262224.222,272,24,None,Move,office
1574262224.23,271,25,None,Move,office
1574262224.238,270,25,None,Move,office
1574262224.2470002,267,25,None,Move,office
1574262224.255,264,25,None,Move,office
1574262224.262,263,25,None,Move,office
1574262224.27,262,25,None,Move,office
1574262224.286,260,25,None,Move,office
1574262224.294,259,25,None,Move,office
1574262224.303,258,25,None,Move,office
1574262224.319,257,25,None,Move,office
1574262224.326,256,25,None,Move,office
1574262224.335,255,25,None,Move,office
1574262224.383,254,25,None,Move,office
1574262224.71,253,26,None,Move,office
1574262224.721,252,26,None,Move,office
1574262224.7270002,253,26,None,Move,office
1574262224.734,253,27,None,Move,office
1574262224.823,254,27,None,Move,office
1574262225.1020002,254,27,Left,Pressed,office
1574262225.1820002,254,27,Left,Released,office
1574262225.462,255,27,None,Move,office
1574262225.47,255,27,None,Move,office
1574262225.4770002,255,30,None,Move,office
1574262225.485,255,31,None,Move,office
1574262225.4929998,255,35,None,Move,office
1574262225.502,255,44,None,Move,office
1574262225.51,253,59,None,Move,office
1574262225.5170002,250,78,None,Move,office
1574262225.526,247,107,None,Move,office
1574262225.534,245,145,None,Move,office
1574262225.546,243,193,None,Move,office
1574262225.554,240,248,None,Move,office
1574262225.562,236,310,None,Move,office
1574262225.57,231,372,None,Move,office
1574262225.5779998,226,437,None,Move,office
1574262225.586,219,503,None,Move,office
1574262225.594,209,569,None,Move,office
1574262225.6020002,202,634,None,Move,office
1574262225.611,194,697,None,Move,office
1574262225.6179998,185,753,None,Move,office
1574262225.6260002,176,803,None,Move,office
1574262225.635,168,843,None,Move,office
1574262225.643,160,876,None,Move,office
1574262225.65,152,903,None,Move,office
1574262225.658,144,925,None,Move,office
1574262225.666,139,940,None,Move,office
1574262225.674,133,952,None,Move,office
1574262225.6820002,129,961,None,Move,office
1574262225.69,129,961,None,Move,office
1574262225.698,126,963,None,Move,office
1574262225.706,124,963,None,Move,office
1574262225.714,123,963,None,Move,office
1574262225.738,121,963,None,Move,office
1574262225.7470002,121,963,None,Move,office
1574262225.755,118,963,None,Move,office
1574262225.762,117,963,None,Move,office
1574262225.771,116,963,None,Move,office
1574262225.778,112,961,None,Move,office
1574262225.786,107,958,None,Move,office
1574262225.794,102,950,None,Move,office
1574262225.802,102,949,None,Move,office
1574262225.81,101,949,None,Move,office
1574262225.867,100,948,None,Move,office
1574262225.899,100,945,None,Move,office
1574262225.907,100,944,None,Move,office
1574262225.917,100,941,None,Move,office
1574262225.926,100,938,None,Move,office
1574262225.934,98,933,None,Move,office
1574262225.94,98,932,None,Move,office
1574262225.946,98,930,None,Move,office
1574262225.955,98,928,None,Move,office
1574262226.0110002,98,928,Left,Pressed,office
1574262226.1379998,98,928,Left,Released,office
1574262226.17,98,926,None,Move,office
1574262226.178,98,926,None,Move,office
1574262226.202,96,924,None,Move,office
1574262226.21,96,922,None,Move,office
1574262226.218,94,920,None,Move,office
1574262226.226,93,916,None,Move,office
1574262226.234,91,910,None,Move,office
1574262226.242,90,908,None,Move,office
1574262226.25,90,905,None,Move,office
1574262226.258,87,899,None,Move,office
1574262226.266,87,894,None,Move,office
1574262226.274,86,890,None,Move,office
1574262226.282,86,885,None,Move,office
1574262226.291,86,883,None,Move,office
1574262226.299,86,881,None,Move,office
1574262226.306,86,879,None,Move,office
1574262226.314,86,879,None,Move,office
1574262226.322,86,876,None,Move,office
1574262226.33,86,875,None,Move,office
1574262226.3379998,86,874,None,Move,office
1574262226.346,86,870,None,Move,office
1574262226.354,86,869,None,Move,office
1574262226.658,86,869,Left,Pressed,office
1574262226.738,86,869,Left,Released,office
1574262226.978,86,867,None,Move,office
1574262226.986,86,866,None,Move,office
1574262226.995,84,865,None,Move,office
1574262227.002,81,862,None,Move,office
1574262227.01,77,859,None,Move,office
1574262227.019,75,857,None,Move,office
1574262227.026,71,853,None,Move,office
1574262227.034,69,852,None,Move,office
1574262227.042,67,851,None,Move,office
1574262227.05,63,851,None,Move,office
1574262227.0579998,60,850,None,Move,office
1574262227.066,59,850,None,Move,office
1574262227.074,59,850,None,Move,office
1574262227.082,57,850,None,Move,office
1574262227.139,56,850,None,Move,office
1574262227.146,56,849,None,Move,office
1574262227.187,55,848,None,Move,office
1574262227.2029998,53,848,None,Move,office
1574262227.21,51,848,None,Move,office
1574262227.219,48,848,None,Move,office
1574262227.226,46,848,None,Move,office
1574262227.234,42,848,None,Move,office
1574262227.242,40,848,None,Move,office
1574262227.25,38,848,None,Move,office
1574262227.258,34,848,None,Move,office
1574262227.266,32,848,None,Move,office
1574262227.274,30,848,None,Move,office
1574262227.3620002,29,848,None,Move,office
1574262227.37,27,848,None,Move,office
1574262227.379,27,847,None,Move,office
1574262227.3879998,27,846,None,Move,office
1574262227.522,27,846,Left,Pressed,office
1574262227.633,27,846,Left,Released,office
1574262227.699,27,846,Right,Pressed,office
1574262227.826,27,846,Right,Released,office
1574262227.906,27,845,None,Move,office
1574262227.914,27,844,None,Move,office
1574262227.9220002,30,842,None,Move,office
1574262227.93,31,841,None,Move,office
1574262227.938,36,837,None,Move,office
1574262227.946,37,837,None,Move,office
1574262227.9529998,39,836,None,Move,office
1574262227.961,41,833,None,Move,office
1574262227.97,42,832,None,Move,office
1574262227.978,44,830,None,Move,office
1574262227.986,46,829,None,Move,office
1574262227.995,46,828,None,Move,office
1574262228.051,50,824,None,Move,office
1574262228.0579998,52,822,None,Move,office
1574262228.066,53,821,None,Move,office
1574262228.074,53,818,None,Move,office
1574262228.082,57,813,None,Move,office
1574262228.091,59,809,None,Move,office
1574262228.0979998,63,803,None,Move,office
1574262228.106,68,797,None,Move,office
1574262228.1139998,69,794,None,Move,office
1574262228.1220002,71,789,None,Move,office
1574262228.13,75,780,None,Move,office
1574262228.1379998,81,769,None,Move,office
1574262228.146,86,760,None,Move,office
1574262228.154,90,750,None,Move,office
1574262228.163,94,739,None,Move,office
1574262228.171,96,727,None,Move,office
1574262228.178,99,717,None,Move,office
1574262228.187,103,705,None,Move,office
1574262228.195,107,694,None,Move,office
1574262228.202,110,682,None,Move,office
1574262228.21,112,672,None,Move,office
1574262228.218,113,660,None,Move,office
1574262228.232,115,650,None,Move,office
1574262228.238,117,640,None,Move,office
1574262228.2429998,120,631,None,Move,office
1574262228.25,121,621,None,Move,office
1574262228.258,122,612,None,Move,office
1574262228.266,122,604,None,Move,office
1574262228.274,122,597,None,Move,office
1574262228.282,122,590,None,Move,office
1574262228.29,122,583,None,Move,office
1574262228.298,122,577,None,Move,office
1574262228.306,124,568,None,Move,office
1574262228.314,124,561,None,Move,office
1574262228.322,124,554,None,Move,office
1574262228.33,124,549,None,Move,office
1574262228.3379998,125,542,None,Move,office
1574262228.346,125,541,None,Move,office
1574262228.354,125,538,None,Move,office
1574262228.3620002,125,534,None,Move,office
1574262228.37,126,529,None,Move,office
1574262228.3779998,127,525,None,Move,office
1574262228.3860002,128,520,None,Move,office
1574262228.394,129,513,None,Move,office
1574262228.4020002,130,506,None,Move,office
1574262228.41,130,499,None,Move,office
1574262228.418,130,492,None,Move,office
1574262228.426,130,487,None,Move,office
1574262228.434,130,480,None,Move,office
1574262228.4420002,130,473,None,Move,office
1574262228.45,130,468,None,Move,office
1574262228.458,130,465,None,Move,office
1574262228.466,130,459,None,Move,office
1574262228.474,130,458,None,Move,office
1574262228.482,130,453,None,Move,office
1574262228.49,130,450,None,Move,office
1574262228.498,130,449,None,Move,office
1574262228.506,130,445,None,Move,office
1574262228.514,130,440,None,Move,office
1574262228.522,130,437,None,Move,office
1574262228.53,130,436,None,Move,office
1574262228.538,130,435,None,Move,office
1574262228.55,130,433,None,Move,office
1574262228.5579998,130,430,None,Move,office
1574262228.566,130,429,None,Move,office
1574262228.574,130,427,None,Move,office
1574262228.582,130,426,None,Move,office
1574262228.59,130,425,None,Move,office
1574262228.5979998,130,423,None,Move,office
1574262228.606,130,422,None,Move,office
1574262228.63,130,421,None,Move,office
1574262228.8379998,130,419,None,Move,office
1574262228.846,130,418,None,Move,office
1574262228.918,130,418,Left,Pressed,office
1574262228.998,130,418,Left,Released,office
1574262229.014,129,418,None,Move,office
1574262229.03,127,421,None,Move,office
1574262229.038,124,423,None,Move,office
1574262229.0470002,123,425,None,Move,office
1574262229.054,123,429,None,Move,office
1574262229.062,123,434,None,Move,office
1574262229.071,123,438,None,Move,office
1574262229.0779998,123,440,None,Move,office
1574262229.086,122,447,None,Move,office
1574262229.094,122,457,None,Move,office
1574262229.1020002,121,469,None,Move,office
1574262229.11,119,484,None,Move,office
1574262229.1179998,119,504,None,Move,office
1574262229.1260002,119,531,None,Move,office
1574262229.1339998,119,562,None,Move,office
1574262229.1420002,119,596,None,Move,office
1574262229.15,119,630,None,Move,office
1574262229.158,119,668,None,Move,office
1574262229.166,119,702,None,Move,office
1574262229.174,117,733,None,Move,office
1574262229.1820002,114,762,None,Move,office
1574262229.19,110,788,None,Move,office
1574262229.198,107,810,None,Move,office
1574262229.206,104,829,None,Move,office
1574262229.214,101,844,None,Move,office
1574262229.222,99,858,None,Move,office
1574262229.23,96,870,None,Move,office
1574262229.238,95,880,None,Move,office
1574262229.246,94,881,None,Move,office
1574262229.254,91,884,None,Move,office
1574262229.262,91,886,None,Move,office
1574262229.334,89,888,None,Move,office
1574262229.341,88,889,None,Move,office
1574262229.35,87,889,None,Move,office
1574262229.3660002,86,889,None,Move,office
1574262229.3739998,85,889,None,Move,office
1574262229.3820002,83,890,None,Move,office
1574262229.39,81,890,None,Move,office
1574262229.3979998,78,892,None,Move,office
1574262229.406,78,893,None,Move,office
1574262229.414,74,894,None,Move,office
1574262229.4220002,70,894,None,Move,office
1574262229.431,68,894,None,Move,office
1574262229.438,63,894,None,Move,office
1574262229.446,58,894,None,Move,office
1574262229.455,52,894,None,Move,office
1574262229.462,48,891,None,Move,office
1574262229.47,44,889,None,Move,office
1574262229.478,40,886,None,Move,office
1574262229.486,35,884,None,Move,office
1574262229.494,32,883,None,Move,office
1574262229.502,26,881,None,Move,office
1574262229.51,22,879,None,Move,office
1574262229.518,16,877,None,Move,office
1574262229.526,15,877,None,Move,office
1574262229.718,15,877,Left,Pressed,office
1574262229.847,15,877,Left,Released,office
1574262230.006,15,877,None,Move,office
1574262230.373,15,875,None,Move,office
1574262230.381,15,874,None,Move,office
1574262230.405,15,873,None,Move,office
1574262230.414,15,872,None,Move,office
1574262230.4220002,15,871,None,Move,office
1574262230.43,15,870,None,Move,office
1574262230.663,15,868,Left,Pressed,office
1574262230.663,15,868,None,Drag,office
1574262230.6829998,15,868,None,Drag,office
1574262230.6829998,15,868,Left,Released,office
1574262230.903,15,868,Right,Pressed,office
1574262231.03,15,868,Right,Released,office
1574262231.206,15,867,None,Move,office
1574262231.218,17,865,None,Move,office
1574262231.224,21,862,None,Move,office
1574262231.23,28,859,None,Move,office
1574262231.238,36,855,None,Move,office
1574262231.2470002,43,850,None,Move,office
1574262231.255,51,847,None,Move,office
1574262231.262,58,844,None,Move,office
1574262231.271,64,839,None,Move,office
1574262231.279,67,836,None,Move,office
1574262231.2870002,72,830,None,Move,office
1574262231.295,77,823,None,Move,office
1574262231.303,85,812,None,Move,office
1574262231.31,91,801,None,Move,office
1574262231.3179998,98,792,None,Move,office
1574262231.327,103,783,None,Move,office
1574262231.334,108,775,None,Move,office
1574262231.342,113,768,None,Move,office
1574262231.35,116,760,None,Move,office
1574262231.359,118,753,None,Move,office
1574262231.3660002,120,746,None,Move,office
1574262231.375,123,739,None,Move,office
1574262231.3820002,125,730,None,Move,office
1574262231.391,128,723,None,Move,office
1574262231.3979998,130,717,None,Move,office
1574262231.407,131,710,None,Move,office
1574262231.414,132,703,None,Move,office
1574262231.4220002,132,698,None,Move,office
1574262231.431,133,693,None,Move,office
1574262231.439,134,689,None,Move,office
1574262231.446,134,685,None,Move,office
1574262231.455,134,680,None,Move,office
1574262231.462,134,678,None,Move,office
1574262231.47,134,677,None,Move,office
1574262231.478,134,676,None,Move,office
1574262231.4870002,134,674,None,Move,office
1574262231.494,134,672,None,Move,office
1574262231.502,134,671,None,Move,office
1574262231.5089998,134,671,None,Move,office
1574262231.543,134,668,None,Move,office
1574262231.55,134,666,None,Move,office
1574262231.562,134,665,None,Move,office
1574262231.571,134,662,None,Move,office
1574262231.594,134,662,None,Move,office
1574262231.603,134,658,None,Move,office
1574262231.6260002,134,656,None,Move,office
1574262231.6339998,134,654,None,Move,office
1574262231.6420002,134,651,None,Move,office
1574262231.65,133,649,None,Move,office
1574262231.658,133,647,None,Move,office
1574262231.667,133,646,None,Move,office
1574262231.674,133,643,None,Move,office
1574262231.6820002,133,642,None,Move,office
1574262231.8660002,133,642,None,Move,office
1574262231.8739998,133,640,None,Move,office
1574262231.8820002,133,639,None,Move,office
1574262231.89,133,637,None,Move,office
1574262231.8979998,133,633,None,Move,office
1574262231.906,133,631,None,Move,office
1574262231.914,133,629,None,Move,office
1574262231.9220002,133,627,None,Move,office
1574262231.93,133,627,None,Move,office
1574262232.026,133,627,Left,Pressed,office
1574262232.1379998,133,627,Left,Released,office
1574262232.186,131,629,None,Move,office
1574262232.195,130,630,None,Move,office
1574262232.202,129,633,None,Move,office
1574262232.21,128,639,None,Move,office
1574262232.218,128,642,None,Move,office
1574262232.226,128,645,None,Move,office
1574262232.234,127,650,None,Move,office
1574262232.242,126,659,None,Move,office
1574262232.25,126,669,None,Move,office
1574262232.258,126,681,None,Move,office
1574262232.266,126,694,None,Move,office
1574262232.274,126,709,None,Move,office
1574262232.282,126,724,None,Move,office
1574262232.29,126,737,None,Move,office
1574262232.298,124,749,None,Move,office
1574262232.306,124,759,None,Move,office
1574262232.314,124,769,None,Move,office
1574262232.322,123,777,None,Move,office
1574262232.33,123,784,None,Move,office
1574262232.3379998,123,785,None,Move,office
1574262232.346,123,787,None,Move,office
1574262232.354,123,790,None,Move,office
1574262232.3620002,122,794,None,Move,office
1574262232.37,121,795,None,Move,office
1574262232.3779998,120,801,None,Move,office
1574262232.3860002,120,804,None,Move,office
1574262232.394,120,806,None,Move,office
1574262232.4020002,120,808,None,Move,office
1574262232.41,119,808,None,Move,office
1574262232.418,118,811,None,Move,office
1574262232.426,116,813,None,Move,office
1574262232.434,115,813,None,Move,office
1574262232.4420002,115,813,None,Move,office
1574262232.458,114,814,None,Move,office
1574262232.466,114,816,None,Move,office
1574262232.474,113,817,None,Move,office
1574262232.482,112,818,None,Move,office
1574262232.49,110,819,None,Move,office
1574262232.498,109,819,None,Move,office
1574262232.506,108,820,None,Move,office
1574262232.514,106,820,None,Move,office
1574262232.522,104,820,None,Move,office
1574262232.53,100,824,None,Move,office
1574262232.538,98,824,None,Move,office
1574262232.546,96,824,None,Move,office
1574262232.554,93,824,None,Move,office
1574262232.562,89,826,None,Move,office
1574262232.57,88,826,None,Move,office
1574262232.5779998,85,826,None,Move,office
1574262232.586,82,826,None,Move,office
1574262232.594,80,829,None,Move,office
1574262232.6020002,78,829,None,Move,office
1574262232.61,75,832,None,Move,office
1574262232.6179998,73,832,None,Move,office
1574262232.6260002,69,834,None,Move,office
1574262232.6339998,68,835,None,Move,office
1574262232.6420002,67,836,None,Move,office
1574262232.65,66,836,None,Move,office
1574262232.658,64,840,None,Move,office
1574262232.666,64,840,None,Move,office
1574262232.674,63,841,None,Move,office
1574262232.73,62,842,None,Move,office
1574262232.738,62,843,None,Move,office
1574262232.7470002,62,844,None,Move,office
1574262232.755,61,845,None,Move,office
1574262232.906,61,848,None,Move,office
1574262232.916,61,848,None,Move,office
1574262232.9220002,61,849,None,Move,office
1574262232.93,61,850,None,Move,office
1574262232.955,60,851,None,Move,office
1574262233.035,60,852,None,Move,office
1574262233.042,60,853,None,Move,office
1574262233.083,62,856,None,Move,office
1574262233.094,63,857,None,Move,office
1574262233.514,62,857,None,Move,office
1574262233.522,61,856,None,Move,office
1574262233.53,59,856,None,Move,office
1574262233.538,57,855,None,Move,office
1574262233.545,52,853,None,Move,office
1574262233.553,46,851,None,Move,office
1574262233.562,42,850,None,Move,office
1574262233.569,39,849,None,Move,office
1574262233.5779998,35,847,None,Move,office
1574262233.586,35,846,None,Move,office
1574262233.6420002,31,844,None,Move,office
1574262233.65,30,844,None,Move,office
1574262233.738,30,844,None,Move,office
1574262233.748,28,843,None,Move,office
1574262233.754,27,843,None,Move,office
1574262233.762,27,843,None,Move,office
1574262233.77,26,841,None,Move,office
1574262233.778,26,841,None,Move,office
1574262233.8179998,24,839,None,Move,office
1574262233.826,24,838,None,Move,office
1574262233.914,24,838,Left,Pressed,office
1574262234.0579998,24,838,Left,Released,office
1574262234.09,24,838,Right,Pressed,office
1574262234.219,24,838,Right,Released,office
1574262234.298,24,837,None,Move,office
1574262234.314,24,836,None,Move,office
1574262234.322,24,835,None,Move,office
1574262234.331,24,834,None,Move,office
1574262234.339,25,832,None,Move,office
1574262234.346,27,832,None,Move,office
1574262234.354,31,829,None,Move,office
1574262234.3620002,35,828,None,Move,office
1574262234.37,35,827,None,Move,office
1574262234.3779998,39,824,None,Move,office
1574262234.3860002,43,821,None,Move,office
1574262234.394,47,820,None,Move,office
1574262234.4020002,51,818,None,Move,office
1574262234.41,57,815,None,Move,office
1574262234.418,64,811,None,Move,office
1574262234.426,70,808,None,Move,office
1574262234.435,76,804,None,Move,office
1574262234.4420002,84,799,None,Move,office
1574262234.451,90,794,None,Move,office
1574262234.458,96,788,None,Move,office
1574262234.466,102,783,None,Move,office
1574262234.474,108,776,None,Move,office
1574262234.482,113,768,None,Move,office
1574262234.49,118,761,None,Move,office
1574262234.498,123,752,None,Move,office
1574262234.506,129,739,None,Move,office
1574262234.514,134,729,None,Move,office
1574262234.526,138,717,None,Move,office
1574262234.534,141,705,None,Move,office
1574262234.543,143,693,None,Move,office
1574262234.55,146,683,None,Move,office
1574262234.5579998,147,672,None,Move,office
1574262234.566,147,666,None,Move,office
1574262234.574,147,659,None,Move,office
1574262234.582,147,654,None,Move,office
1574262234.59,147,648,None,Move,office
1574262234.5979998,147,643,None,Move,office
1574262234.606,147,640,None,Move,office
1574262234.6139998,147,637,None,Move,office
1574262234.6220002,147,633,None,Move,office
1574262234.63,147,632,None,Move,office
1574262234.6379998,147,629,None,Move,office
1574262234.646,147,627,None,Move,office
1574262234.654,147,626,None,Move,office
1574262234.6620002,147,624,None,Move,office
1574262234.67,147,622,None,Move,office
1574262234.678,147,620,None,Move,office
1574262234.702,147,618,None,Move,office
1574262234.71,147,617,None,Move,office
1574262234.718,147,614,None,Move,office
1574262234.7270002,147,613,None,Move,office
1574262234.75,147,610,None,Move,office
1574262234.758,147,609,None,Move,office
1574262234.7670002,147,608,None,Move,office
1574262234.775,147,608,None,Move,office
1574262234.782,147,607,None,Move,office
1574262234.7970002,147,603,None,Move,office
1574262234.805,147,602,None,Move,office
1574262234.926,147,602,Left,Pressed,office
1574262235.038,147,602,Left,Released,office
1574262235.1020002,147,602,None,Move,office
1574262235.1179998,147,604,None,Move,office
1574262235.1260002,147,610,None,Move,office
1574262235.1339998,147,622,None,Move,office
1574262235.154,147,661,None,Move,office
1574262235.164,147,692,None,Move,office
1574262235.171,147,723,None,Move,office
1574262235.18,147,753,None,Move,office
1574262235.185,147,777,None,Move,office
1574262235.1920002,147,798,None,Move,office
1574262235.198,147,814,None,Move,office
1574262235.206,147,828,None,Move,office
1574262235.214,147,839,None,Move,office
1574262235.222,147,849,None,Move,office
1574262235.23,147,856,None,Move,office
1574262235.238,147,860,None,Move,office
1574262235.246,147,863,None,Move,office
1574262235.2529998,147,864,None,Move,office
1574262235.342,146,864,None,Move,office
1574262235.361,145,864,None,Move,office
1574262235.3739998,142,866,None,Move,office
1574262235.3820002,140,866,None,Move,office
1574262235.391,135,866,None,Move,office
1574262235.3979998,134,866,None,Move,office
1574262235.406,131,866,None,Move,office
1574262235.414,129,866,None,Move,office
1574262235.427,127,866,None,Move,office
1574262235.436,126,866,None,Move,office
1574262235.4420002,123,866,None,Move,office
1574262235.448,120,866,None,Move,office
1574262235.4529998,115,864,None,Move,office
1574262235.461,111,863,None,Move,office
1574262235.47,107,861,None,Move,office
1574262235.4829998,102,857,None,Move,office
1574262235.4910002,99,856,None,Move,office
1574262235.498,93,853,None,Move,office
1574262235.5029998,90,851,None,Move,office
1574262235.51,87,849,None,Move,office
1574262235.518,85,847,None,Move,office
1574262235.526,85,847,None,Move,office
1574262235.534,82,846,None,Move,office
1574262235.5470002,81,845,None,Move,office
1574262235.806,81,845,Left,Pressed,office
1574262235.806,81,845,None,Drag,office
1574262235.8070002,81,845,Left,Released,office
1574262235.854,79,846,None,Move,office
1574262235.8620002,78,846,None,Move,office
1574262245.762,78,847,None,Move,office
1574262245.779,78,847,None,Move,office
1574262245.786,78,847,None,Move,office
1574262245.794,78,842,None,Move,office
1574262245.802,78,836,None,Move,office
1574262245.81,78,830,None,Move,office
1574262245.8179998,78,828,None,Move,office
1574262245.826,78,826,None,Move,office
1574262245.834,78,826,None,Move,office
1574262245.8579998,78,825,None,Move,office
1574262245.8739998,78,823,None,Move,office
1574262245.8820002,78,823,None,Move,office
1574262245.907,78,822,None,Move,office
1574262245.914,78,819,None,Move,office
1574262245.9220002,77,818,None,Move,office
1574262245.93,77,816,None,Move,office
1574262246.002,77,812,None,Move,office
1574262246.012,77,812,None,Move,office
1574262246.141,77,811,Left,Pressed,office
1574262246.141,77,811,None,Drag,office
1574262246.141,77,811,Left,Released,office
1574262246.2329998,77,811,None,Move,office
1574262259.8620002,77,811,None,Move,office
1574262259.8779998,77,810,None,Move,office
1574262259.8860002,77,811,None,Move,office
1574262259.894,79,814,None,Move,office
1574262259.9020002,79,814,None,Move,office
1574262259.91,80,815,None,Move,office
1574262259.9420002,81,815,None,Move,office
1574262259.95,82,816,None,Move,office
1574262259.958,84,817,None,Move,office
1574262259.966,87,819,None,Move,office
1574262259.975,89,820,None,Move,office
1574262259.982,93,821,None,Move,office
1574262259.99,97,822,None,Move,office
1574262259.998,100,823,None,Move,office
1574262260.006,104,825,None,Move,office
1574262260.014,109,826,None,Move,office
1574262260.022,116,829,None,Move,office
1574262260.03,123,830,None,Move,office
1574262260.038,130,831,None,Move,office
1574262260.046,137,832,None,Move,office
1574262260.054,143,836,None,Move,office
1574262260.062,149,838,None,Move,office
1574262260.07,153,839,None,Move,office
1574262260.0779998,154,839,None,Move,office
1574262260.15,158,842,None,Move,office
1574262260.158,159,843,None,Move,office
1574262260.166,161,843,None,Move,office
1574262260.174,165,845,None,Move,office
1574262260.1820002,169,849,None,Move,office
1574262260.19,172,850,None,Move,office
1574262260.198,177,851,None,Move,office
1574262260.206,184,853,None,Move,office
1574262260.214,191,854,None,Move,office
1574262260.222,200,855,None,Move,office
1574262260.23,210,855,None,Move,office
1574262260.238,218,855,None,Move,office
1574262260.246,228,855,None,Move,office
1574262260.255,240,855,None,Move,office
1574262260.262,252,855,None,Move,office
1574262260.271,262,855,None,Move,office
1574262260.279,272,855,None,Move,office
1574262260.2870002,282,855,None,Move,office
1574262260.294,283,855,None,Move,office
1574262260.303,287,854,None,Move,office
1574262260.55,289,853,None,Move,office
1574262260.562,290,853,None,Move,office
1574262260.5679998,292,851,None,Move,office
1574262260.574,294,848,None,Move,office
1574262260.583,296,847,None,Move,office
1574262260.591,298,846,None,Move,office
1574262260.5979998,299,846,None,Move,office
1574262260.606,300,845,None,Move,office
1574262260.6139998,301,845,None,Move,office
1574262260.6220002,303,845,None,Move,office
1574262260.966,301,845,Left,Pressed,office
1574262260.966,301,845,None,Drag,office
1574262260.974,298,844,None,Drag,office
1574262260.982,289,843,None,Drag,office
1574262260.99,279,843,None,Drag,office
1574262260.998,267,841,None,Drag,office
1574262261.006,254,840,None,Drag,office
1574262261.014,243,837,None,Drag,office
1574262261.022,235,835,None,Drag,office
1574262261.03,228,834,None,Drag,office
1574262261.038,222,831,None,Drag,office
1574262261.046,220,831,None,Drag,office
1574262261.055,220,831,None,Drag,office
1574262261.095,218,831,None,Drag,office
1574262261.1020002,217,831,None,Drag,office
1574262261.11,215,831,None,Drag,office
1574262261.1179998,210,830,None,Drag,office
1574262261.1260002,205,830,None,Drag,office
1574262261.1339998,202,830,None,Drag,office
1574262261.1420002,199,830,None,Drag,office
1574262261.15,196,830,None,Drag,office
1574262261.158,192,829,None,Drag,office
1574262261.166,188,828,None,Drag,office
1574262261.174,182,827,None,Drag,office
1574262261.1820002,179,827,None,Drag,office
1574262261.19,175,827,None,Drag,office
1574262261.198,170,826,None,Drag,office
1574262261.207,165,826,None,Drag,office
1574262261.214,158,826,None,Drag,office
1574262261.222,151,826,None,Drag,office
1574262261.23,150,826,None,Drag,office
1574262261.238,146,825,None,Drag,office
1574262261.246,143,825,None,Drag,office
1574262261.255,142,825,None,Drag,office
1574262261.262,139,825,None,Drag,office
1574262261.271,136,825,None,Drag,office
1574262261.279,131,825,None,Drag,office
1574262261.2870002,128,825,None,Drag,office
1574262261.294,123,825,None,Drag,office
1574262261.302,119,825,None,Drag,office
1574262261.31,114,825,None,Drag,office
1574262261.3179998,111,825,None,Drag,office
1574262261.326,107,825,None,Drag,office
1574262261.334,104,824,None,Drag,office
1574262261.342,102,824,None,Drag,office
1574262261.35,101,824,None,Drag,office
1574262261.542,101,824,None,Drag,office
1574262261.554,96,824,None,Drag,office
1574262261.559,95,824,None,Drag,office
1574262261.5670002,94,824,None,Drag,office
1574262261.5670002,94,824,Left,Released,office
1574262262.006,93,822,None,Move,office
1574262262.014,95,818,None,Move,office
1574262262.022,103,810,None,Move,office
1574262262.03,111,798,None,Move,office
1574262262.038,120,784,None,Move,office
1574262262.046,128,768,None,Move,office
1574262262.055,139,743,None,Move,office
1574262262.062,150,714,None,Move,office
1574262262.07,162,686,None,Move,office
1574262262.0779998,176,654,None,Move,office
1574262262.09,190,619,None,Move,office
1574262262.0979998,200,585,None,Move,office
1574262262.106,209,548,None,Move,office
1574262262.1139998,215,505,None,Move,office
1574262262.1220002,221,466,None,Move,office
1574262262.13,225,434,None,Move,office
1574262262.1379998,227,406,None,Move,office
1574262262.147,229,374,None,Move,office
1574262262.154,229,343,None,Move,office
1574262262.1620002,229,316,None,Move,office
1574262262.17,229,295,None,Move,office
1574262262.178,229,277,None,Move,office
1574262262.186,229,259,None,Move,office
1574262262.195,230,241,None,Move,office
1574262262.202,230,223,None,Move,office
1574262262.21,230,205,None,Move,office
1574262262.218,230,190,None,Move,office
1574262262.226,230,175,None,Move,office
1574262262.234,230,163,None,Move,office
1574262262.242,230,153,None,Move,office
1574262262.25,230,146,None,Move,office
1574262262.258,230,140,None,Move,office
1574262262.266,230,134,None,Move,office
1574262262.274,230,134,None,Move,office
1574262262.282,230,129,None,Move,office
1574262262.291,230,127,None,Move,office
1574262262.298,230,126,None,Move,office
1574262262.314,230,124,None,Move,office
1574262262.322,230,123,None,Move,office
1574262262.33,229,121,None,Move,office
1574262262.3379998,229,121,None,Move,office
1574262262.3779998,228,120,None,Move,office
1574262262.393,227,119,None,Move,office
1574262262.4420002,223,120,None,Move,office
1574262262.45,221,125,None,Move,office
1574262262.458,219,131,None,Move,office
1574262262.466,218,134,None,Move,office
1574262262.474,216,139,None,Move,office
1574262262.482,215,146,None,Move,office
1574262262.4910002,214,153,None,Move,office
1574262262.498,214,154,None,Move,office
1574262262.506,213,156,None,Move,office
1574262262.514,213,157,None,Move,office
1574262262.522,213,158,None,Move,office
1574262262.53,213,159,None,Move,office
1574262262.907,212,160,None,Move,office
1574262262.9220002,209,160,None,Move,office
1574262262.93,208,159,None,Move,office
1574262262.938,208,159,None,Move,office
1574262262.955,208,156,None,Move,office
1574262262.962,208,155,None,Move,office
1574262263.066,208,155,Left,Pressed,office
1574262263.194,208,155,Left,Released,office
1574262263.842,208,155,None,Move,office
1574262263.8579998,208,155,None,Move,office
1574262263.8660002,209,155,None,Move,office
1574262263.8739998,210,155,None,Move,office
1574262263.8820002,210,155,None,Move,office
1574262263.8920002,211,155,None,Move,office
1574262263.97,213,155,None,Move,office
1574262263.988,216,155,None,Move,office
1574262263.998,216,155,None,Move,office
1574262264.0029998,220,155,None,Move,office
1574262264.0089998,220,156,None,Move,office
1574262264.034,221,156,None,Move,office
1574262264.4989998,221,156,Left,Pressed,office
1574262264.627,221,156,Left,Released,office
1574262264.938,222,157,None,Move,office
1574262264.954,222,158,None,Move,office
1574262264.962,224,159,None,Move,office
1574262264.97,224,160,None,Move,office
1574262264.978,225,161,None,Move,office
1574262264.986,225,161,None,Move,office
1574262264.994,225,164,None,Move,office
1574262265.006,226,165,None,Move,office
1574262265.022,226,167,None,Move,office
1574262265.03,226,168,None,Move,office
1574262265.038,226,168,None,Move,office
1574262265.055,227,172,None,Move,office
1574262265.062,227,173,None,Move,office
1574262265.086,227,176,None,Move,office
1574262265.094,227,177,None,Move,office
1574262265.1020002,227,178,None,Move,office
1574262265.11,227,181,None,Move,office
1574262265.1179998,227,182,None,Move,office
1574262265.1260002,227,182,None,Move,office
1574262265.15,227,186,None,Move,office
1574262265.158,227,186,None,Move,office
1574262265.438,225,189,None,Move,office
1574262265.449,224,190,None,Move,office
1574262265.47,224,191,None,Move,office
1574262265.478,224,192,None,Move,office
1574262265.486,224,193,None,Move,office
1574262265.494,223,195,None,Move,office
1574262265.502,223,199,None,Move,office
1574262265.51,223,199,None,Move,office
1574262265.518,223,200,None,Move,office
1574262265.526,222,205,None,Move,office
1574262265.533,222,208,None,Move,office
1574262265.542,220,210,None,Move,office
1574262265.55,220,213,None,Move,office
1574262265.5579998,220,217,None,Move,office
1574262265.566,220,220,None,Move,office
1574262265.574,220,223,None,Move,office
1574262265.582,219,226,None,Move,office
1574262265.59,219,228,None,Move,office
1574262265.5979998,219,230,None,Move,office
1574262265.606,219,232,None,Move,office
1574262265.6139998,219,232,None,Move,office
1574262265.63,219,233,None,Move,office
1574262265.8379998,218,233,None,Move,office
1574262265.85,218,230,None,Move,office
1574262265.855,218,228,None,Move,office
1574262265.8620002,214,223,None,Move,office
1574262265.87,213,217,None,Move,office
1574262265.8779998,212,212,None,Move,office
1574262265.8860002,212,205,None,Move,office
1574262265.894,212,201,None,Move,office
1574262265.9020002,211,196,None,Move,office
1574262265.91,210,195,None,Move,office
1574262265.918,210,194,None,Move,office
1574262265.926,210,193,None,Move,office
1574262265.934,210,191,None,Move,office
1574262265.941,210,190,None,Move,office
1574262265.95,210,188,None,Move,office
1574262265.958,210,188,None,Move,office
1574262265.966,210,187,None,Move,office
1574262266.063,210,186,None,Move,office
1574262266.07,210,185,None,Move,office
1574262266.0779998,210,184,None,Move,office
1574262266.094,210,183,None,Move,office
1574262266.1020002,210,181,None,Move,office
1574262266.11,210,180,None,Move,office
1574262266.1179998,210,179,None,Move,office
1574262266.207,210,179,Left,Pressed,office
1574262266.35,210,179,Left,Released,office
1574262266.679,210,178,None,Move,office
1574262266.695,212,181,None,Move,office
1574262266.702,214,182,None,Move,office
1574262266.71,216,185,None,Move,office
1574262266.718,219,191,None,Move,office
1574262266.726,222,195,None,Move,office
1574262266.734,227,201,None,Move,office
1574262266.742,230,205,None,Move,office
1574262266.75,235,211,None,Move,office
1574262266.758,241,219,None,Move,office
1574262266.766,251,231,None,Move,office
1574262266.775,265,251,None,Move,office
1574262266.782,288,282,None,Move,office
1574262266.79,318,323,None,Move,office
1574262266.798,353,368,None,Move,office
1574262266.806,392,419,None,Move,office
1574262266.814,431,467,None,Move,office
1574262266.822,469,513,None,Move,office
1574262266.83,501,551,None,Move,office
1574262266.8379998,529,583,None,Move,office
1574262266.846,550,608,None,Move,office
1574262266.854,565,626,None,Move,office
1574262266.8620002,571,634,None,Move,office
1574262266.87,574,638,None,Move,office
1574262266.8779998,575,639,None,Move,office
1574262267.2129998,574,636,None,Move,office
1574262267.221,574,636,None,Move,office
1574262267.23,569,630,None,Move,office
1574262267.238,560,616,None,Move,office
1574262267.246,546,590,None,Move,office
1574262267.254,527,551,None,Move,office
1574262267.262,507,508,None,Move,office
1574262267.27,487,466,None,Move,office
1574262267.278,469,424,None,Move,office
1574262267.286,452,385,None,Move,office
1574262267.294,437,350,None,Move,office
1574262267.302,423,318,None,Move,office
1574262267.31,410,292,None,Move,office
1574262267.3179998,400,269,None,Move,office
1574262267.326,393,254,None,Move,office
1574262267.3379998,387,242,None,Move,office
1574262267.343,384,233,None,Move,office
1574262267.35,382,231,None,Move,office
1574262267.3579998,381,228,None,Move,office
1574262267.3660002,381,227,None,Move,office
1574262267.3739998,379,225,None,Move,office
1574262267.3820002,378,224,None,Move,office
1574262267.406,378,224,None,Move,office
1574262267.414,376,223,None,Move,office
1574262267.4220002,375,221,None,Move,office
1574262267.43,375,220,None,Move,office
1574262267.438,374,219,None,Move,office
1574262267.446,372,218,None,Move,office
1574262267.454,369,216,None,Move,office
1574262267.462,366,214,None,Move,office
1574262267.47,363,210,None,Move,office
1574262267.478,363,209,None,Move,office
1574262267.486,362,209,None,Move,office
1574262267.494,360,204,None,Move,office
1574262267.502,359,203,None,Move,office
1574262267.519,359,203,None,Move,office
1574262267.55,359,201,None,Move,office
1574262267.5579998,359,200,None,Move,office
1574262267.566,359,199,None,Move,office
1574262267.574,359,198,None,Move,office
1574262267.582,360,195,None,Move,office
1574262267.59,363,192,None,Move,office
1574262267.5979998,364,190,None,Move,office
1574262267.606,367,187,None,Move,office
1574262267.6139998,369,184,None,Move,office
1574262267.6220002,370,183,None,Move,office
1574262267.63,373,177,None,Move,office
1574262267.6379998,374,176,None,Move,office
1574262267.646,375,175,None,Move,office
1574262267.654,377,171,None,Move,office
1574262267.6620002,377,171,None,Move,office
1574262267.67,378,169,None,Move,office
1574262267.678,378,168,None,Move,office
1574262267.686,379,168,None,Move,office
1574262267.694,381,166,None,Move,office
1574262267.702,381,164,None,Move,office
1574262267.71,381,163,None,Move,office
1574262267.718,382,161,None,Move,office
1574262267.7270002,382,159,None,Move,office
1574262267.734,382,156,None,Move,office
1574262267.742,382,154,None,Move,office
1574262267.75,382,151,None,Move,office
1574262267.758,382,151,None,Move,office
1574262267.774,383,149,None,Move,office
1574262267.782,383,148,None,Move,office
1574262267.822,384,148,None,Move,office
1574262267.918,385,147,None,Move,office
1574262267.939,386,147,None,Move,office
1574262267.95,386,147,Left,Pressed,office
1574262268.0670002,386,147,Left,Released,office
1574262268.13,386,148,None,Move,office
1574262268.141,386,149,None,Move,office
1574262268.147,386,152,None,Move,office
1574262268.153,386,155,None,Move,office
1574262268.1620002,386,158,None,Move,office
1574262268.17,386,159,None,Move,office
1574262268.177,386,163,None,Move,office
1574262268.185,386,165,None,Move,office
1574262268.1929998,386,167,None,Move,office
1574262268.202,386,168,None,Move,office
1574262268.21,386,171,None,Move,office
1574262268.218,386,172,None,Move,office
1574262268.226,386,173,None,Move,office
1574262268.242,386,173,None,Move,office
1574262268.29,386,176,None,Move,office
1574262268.298,386,177,None,Move,office
1574262268.306,386,179,None,Move,office
1574262268.315,386,180,None,Move,office
1574262268.322,386,181,None,Move,office
1574262268.33,386,183,None,Move,office
1574262268.3379998,385,187,None,Move,office
1574262268.347,385,187,None,Move,office
1574262268.482,384,188,None,Move,office
1574262268.494,383,188,None,Move,office
1574262268.563,383,188,Left,Pressed,office
1574262268.7229998,383,188,Left,Released,office
1574262268.85,381,188,None,Move,office
1574262268.8579998,381,188,None,Move,office
1574262268.8660002,377,188,None,Move,office
1574262268.8739998,375,187,None,Move,office
1574262268.8820002,372,186,None,Move,office
1574262268.89,368,185,None,Move,office
1574262268.8979998,364,185,None,Move,office
1574262268.906,363,185,None,Move,office
1574262268.914,358,179,None,Move,office
1574262268.9220002,357,179,None,Move,office
1574262268.93,355,177,None,Move,office
1574262268.938,352,176,None,Move,office
1574262268.946,350,173,None,Move,office
1574262268.954,346,171,None,Move,office
1574262268.962,345,169,None,Move,office
1574262268.97,341,167,None,Move,office
1574262268.978,335,162,None,Move,office
1574262268.986,331,161,None,Move,office
1574262268.994,325,158,None,Move,office
1574262269.002,322,158,None,Move,office
1574262269.01,317,156,None,Move,office
1574262269.018,311,153,None,Move,office
1574262269.026,309,153,None,Move,office
1574262269.034,303,152,None,Move,office
1574262269.042,298,151,None,Move,office
1574262269.05,293,150,None,Move,office
1574262269.0579998,291,149,None,Move,office
1574262269.066,290,149,None,Move,office
1574262269.074,288,148,None,Move,office
1574262269.082,287,147,None,Move,office
1574262269.09,285,146,None,Move,office
1574262269.0979998,284,146,None,Move,office
1574262269.106,283,145,None,Move,office
1574262269.1139998,280,145,None,Move,office
1574262269.1220002,279,143,None,Move,office
1574262269.13,279,142,None,Move,office
1574262269.1379998,276,141,None,Move,office
1574262269.146,275,141,None,Move,office
1574262269.186,273,139,None,Move,office
1574262269.194,273,138,None,Move,office
1574262269.202,272,137,None,Move,office
1574262269.25,270,136,None,Move,office
1574262269.2570002,270,135,None,Move,office
1574262269.61,269,135,None,Move,office
1574262269.6260002,269,138,None,Move,office
1574262269.6339998,269,142,None,Move,office
1574262269.6420002,269,147,None,Move,office
1574262269.65,270,156,None,Move,office
1574262269.658,273,169,None,Move,office
1574262269.666,274,184,None,Move,office
1574262269.674,277,201,None,Move,office
1574262269.6820002,280,218,None,Move,office
1574262269.69,282,235,None,Move,office
1574262269.698,284,251,None,Move,office
1574262269.706,287,268,None,Move,office
1574262269.714,289,285,None,Move,office
1574262269.722,292,300,None,Move,office
1574262269.73,295,313,None,Move,office
1574262269.738,298,327,None,Move,office
1574262269.746,302,342,None,Move,office
1574262269.754,305,357,None,Move,office
1574262269.762,307,371,None,Move,office
1574262269.77,309,383,None,Move,office
1574262269.778,310,395,None,Move,office
1574262269.786,311,405,None,Move,office
1574262269.794,312,417,None,Move,office
1574262269.802,314,428,None,Move,office
1574262269.81,315,440,None,Move,office
1574262269.8179998,315,452,None,Move,office
1574262269.826,315,462,None,Move,office
1574262269.834,315,469,None,Move,office
1574262269.842,315,477,None,Move,office
1574262269.85,315,485,None,Move,office
1574262269.8579998,315,492,None,Move,office
1574262269.8660002,315,499,None,Move,office
1574262269.8739998,315,508,None,Move,office
1574262269.8820002,314,516,None,Move,office
1574262269.89,310,525,None,Move,office
1574262269.8979998,306,536,None,Move,office
1574262269.906,302,546,None,Move,office
1574262269.914,298,558,None,Move,office
1574262269.9220002,292,570,None,Move,office
1574262269.93,287,583,None,Move,office
1574262269.938,280,595,None,Move,office
1574262269.946,273,607,None,Move,office
1574262269.954,267,620,None,Move,office
1574262269.962,260,632,None,Move,office
1574262269.97,253,644,None,Move,office
1574262269.978,245,657,None,Move,office
1574262269.986,238,670,None,Move,office
1574262269.994,231,683,None,Move,office
1574262270.002,224,693,None,Move,office
1574262270.01,218,703,None,Move,office
1574262270.018,211,712,None,Move,office
1574262270.026,206,721,None,Move,office
1574262270.034,201,728,None,Move,office
1574262270.042,196,736,None,Move,office
1574262270.05,191,742,None,Move,office
1574262270.0579998,190,743,None,Move,office
1574262270.066,188,746,None,Move,office
1574262270.074,187,746,None,Move,office
1574262270.082,186,749,None,Move,office
1574262270.09,184,750,None,Move,office
1574262270.0979998,184,750,None,Move,office
1574262270.106,182,752,None,Move,office
1574262270.1139998,181,753,None,Move,office
1574262270.186,179,753,None,Move,office
1574262270.1929998,178,753,None,Move,office
1574262270.202,176,750,None,Move,office
1574262270.21,175,744,None,Move,office
1574262270.218,170,736,None,Move,office
1574262270.226,170,730,None,Move,office
1574262270.234,170,720,None,Move,office
1574262270.242,169,708,None,Move,office
1574262270.25,169,693,None,Move,office
1574262270.258,169,675,None,Move,office
1574262270.266,171,654,None,Move,office
1574262270.274,176,634,None,Move,office
1574262270.282,181,610,None,Move,office
1574262270.29,186,587,None,Move,office
1574262270.298,193,557,None,Move,office
1574262270.306,201,527,None,Move,office
1574262270.314,211,493,None,Move,office
1574262270.322,221,458,None,Move,office
1574262270.33,229,422,None,Move,office
1574262270.3379998,239,388,None,Move,office
1574262270.346,247,357,None,Move,office
1574262270.354,253,333,None,Move,office
1574262270.3620002,260,313,None,Move,office
1574262270.37,264,297,None,Move,office
1574262270.3779998,267,284,None,Move,office
1574262270.3860002,271,272,None,Move,office
1574262270.394,273,260,None,Move,office
1574262270.4020002,276,248,None,Move,office
1574262270.41,277,239,None,Move,office
1574262270.418,278,232,None,Move,office
1574262270.426,280,225,None,Move,office
1574262270.434,281,218,None,Move,office
1574262270.4420002,282,217,None,Move,office
1574262270.45,283,214,None,Move,office
1574262270.457,283,213,None,Move,office
1574262270.466,284,210,None,Move,office
1574262270.474,284,208,None,Move,office
1574262270.482,285,205,None,Move,office
1574262270.49,285,203,None,Move,office
1574262270.498,286,199,None,Move,office
1574262270.506,289,196,None,Move,office
1574262270.514,290,195,None,Move,office
1574262270.522,290,193,None,Move,office
1574262270.53,290,192,None,Move,office
1574262270.538,290,190,None,Move,office
1574262270.546,293,187,None,Move,office
1574262270.554,294,183,None,Move,office
1574262270.562,295,180,None,Move,office
1574262270.57,295,177,None,Move,office
1574262270.5779998,296,176,None,Move,office
1574262270.586,296,173,None,Move,office
1574262270.594,296,173,None,Move,office
1574262270.6020002,296,172,None,Move,office
1574262270.6179998,297,170,None,Move,office
1574262270.6260002,297,169,None,Move,office
1574262270.6339998,298,167,None,Move,office
1574262270.6420002,299,166,None,Move,office
1574262270.65,300,166,None,Move,office
1574262270.658,304,163,None,Move,office
1574262270.666,307,161,None,Move,office
1574262270.673,308,160,None,Move,office
1574262270.6820002,310,158,None,Move,office
1574262270.689,312,157,None,Move,office
1574262270.698,317,156,None,Move,office
1574262270.706,322,153,None,Move,office
1574262270.714,322,153,None,Move,office
1574262270.722,325,152,None,Move,office
1574262270.73,326,152,None,Move,office
1574262270.738,327,152,None,Move,office
1574262270.746,328,152,None,Move,office
1574262270.754,329,152,None,Move,office
1574262270.762,330,152,None,Move,office
1574262270.77,332,151,None,Move,office
1574262271.0779998,332,151,None,Move,office
1574262271.094,338,152,None,Move,office
1574262271.1020002,340,152,None,Move,office
1574262271.11,340,152,None,Move,office
1574262271.1420002,342,152,None,Move,office
1574262271.15,343,152,None,Move,office
1574262271.222,343,152,None,Move,office
1574262271.238,344,152,None,Move,office
1574262271.27,346,152,None,Move,office
1574262271.278,348,153,None,Move,office
1574262271.286,349,153,None,Move,office
1574262271.302,350,153,None,Move,office
1574262271.334,352,153,None,Move,office
1574262271.342,353,153,None,Move,office
1574262271.35,353,153,None,Move,office
1574262271.415,356,153,None,Move,office
1574262271.423,356,153,None,Move,office
1574262271.59,353,153,None,Move,office
1574262271.6,352,153,None,Move,office
1574262271.606,349,153,None,Move,office
1574262271.6139998,344,153,None,Move,office
1574262271.6220002,340,154,None,Move,office
1574262271.63,333,155,None,Move,office
1574262271.639,323,155,None,Move,office
1574262271.646,310,155,None,Move,office
1574262271.654,297,155,None,Move,office
1574262271.6620002,283,155,None,Move,office
1574262271.67,272,155,None,Move,office
1574262271.678,262,155,None,Move,office
1574262271.686,253,155,None,Move,office
1574262271.694,245,155,None,Move,office
1574262271.708,238,155,None,Move,office
1574262271.717,231,156,None,Move,office
1574262271.7229998,224,156,None,Move,office
1574262271.729,219,157,None,Move,office
1574262271.734,213,158,None,Move,office
1574262271.7410002,208,159,None,Move,office
1574262271.75,203,160,None,Move,office
1574262271.758,197,162,None,Move,office
1574262271.766,192,163,None,Move,office
1574262271.774,187,163,None,Move,office
1574262271.782,183,164,None,Move,office
1574262271.79,179,164,None,Move,office
1574262271.846,178,164,None,Move,office
1574262271.854,177,164,None,Move,office
1574262271.8620002,174,164,None,Move,office
1574262271.87,173,164,None,Move,office
1574262271.8779998,171,163,None,Move,office
1574262271.8860002,170,161,None,Move,office
1574262271.894,167,159,None,Move,office
1574262271.9020002,163,157,None,Move,office
1574262271.91,163,157,None,Move,office
1574262271.918,161,157,None,Move,office
1574262271.926,160,155,None,Move,office
1574262271.934,159,153,None,Move,office
1574262271.9420002,159,152,None,Move,office
1574262271.95,158,152,None,Move,office
1574262271.958,157,151,None,Move,office
1574262272.119,157,151,Left,Pressed,office
1574262272.231,157,151,Left,Released,office
1574262272.31,156,151,None,Move,office
1574262272.326,154,155,None,Move,office
1574262272.334,149,159,None,Move,office
1574262272.342,148,162,None,Move,office
1574262272.35,148,165,None,Move,office
1574262272.3579998,147,170,None,Move,office
1574262272.3660002,146,177,None,Move,office
1574262272.3739998,143,187,None,Move,office
1574262272.3820002,141,199,None,Move,office
1574262272.39,139,214,None,Move,office
1574262272.3979998,138,232,None,Move,office
1574262272.406,136,256,None,Move,office
1574262272.414,135,284,None,Move,office
1574262272.4220002,135,311,None,Move,office
1574262272.429,133,339,None,Move,office
1574262272.438,131,371,None,Move,office
1574262272.446,131,405,None,Move,office
1574262272.454,131,442,None,Move,office
1574262272.462,131,486,None,Move,office
1574262272.47,132,531,None,Move,office
1574262272.478,134,579,None,Move,office
1574262272.486,137,624,None,Move,office
1574262272.494,141,666,None,Move,office
1574262272.502,143,704,None,Move,office
1574262272.51,145,739,None,Move,office
1574262272.518,148,768,None,Move,office
1574262272.526,150,793,None,Move,office
1574262272.534,152,817,None,Move,office
1574262272.542,153,839,None,Move,office
1574262272.55,155,857,None,Move,office
1574262272.5579998,156,872,None,Move,office
1574262272.566,156,885,None,Move,office
1574262272.574,156,897,None,Move,office
1574262272.582,156,902,None,Move,office
1574262272.59,156,905,None,Move,office
1574262272.5979998,156,908,None,Move,office
1574262272.606,156,908,None,Move,office
1574262272.678,156,911,None,Move,office
1574262272.686,156,912,None,Move,office
1574262272.6929998,156,915,None,Move,office
1574262272.701,156,917,None,Move,office
1574262272.71,155,919,None,Move,office
1574262272.718,155,920,None,Move,office
1574262272.822,154,920,None,Move,office
1574262272.832,154,919,None,Move,office
1574262272.844,154,917,None,Move,office
1574262272.855,150,911,None,Move,office
1574262272.8639998,147,907,None,Move,office
1574262272.87,145,902,None,Move,office
1574262272.8779998,143,896,None,Move,office
1574262272.8860002,141,890,None,Move,office
1574262272.894,140,890,None,Move,office
1574262272.95,140,890,Left,Pressed,office
1574262273.046,140,890,Left,Released,office
1574262273.0570002,138,888,None,Move,office
1574262273.066,135,887,None,Move,office
1574262273.072,131,886,None,Move,office
1574262273.079,126,884,None,Move,office
1574262273.086,118,882,None,Move,office
1574262273.094,110,879,None,Move,office
1574262273.1020002,97,875,None,Move,office
1574262273.11,87,870,None,Move,office
1574262273.1179998,76,866,None,Move,office
1574262273.1260002,66,860,None,Move,office
1574262273.1339998,57,855,None,Move,office
1574262273.1420002,49,850,None,Move,office
1574262273.15,42,847,None,Move,office
1574262273.158,36,842,None,Move,office
1574262273.166,35,841,None,Move,office
1574262273.174,32,837,None,Move,office
1574262273.1820002,31,837,None,Move,office
1574262273.19,29,835,None,Move,office
1574262273.198,28,834,None,Move,office
1574262273.222,27,832,None,Move,office
1574262273.23,26,832,None,Move,office
1574262273.238,24,830,None,Move,office
1574262273.246,24,829,None,Move,office
1574262273.254,21,826,None,Move,office
1574262273.262,20,825,None,Move,office
1574262273.27,20,824,None,Move,office
1574262273.431,20,823,None,Move,office
1574262273.4420002,19,820,None,Move,office
1574262273.447,19,818,None,Move,office
1574262273.454,19,817,None,Move,office
1574262273.559,19,816,None,Move,office
1574262273.5779998,19,816,Left,Pressed,office
1574262273.671,19,816,Left,Released,office
1574262273.7510002,19,816,Right,Pressed,office
1574262273.879,19,816,Right,Released,office
1574262273.958,19,813,None,Move,office
1574262273.966,19,812,None,Move,office
1574262273.978,19,810,None,Move,office
1574262273.986,19,808,None,Move,office
1574262273.994,21,805,None,Move,office
1574262274.002,22,804,None,Move,office
1574262274.01,22,801,None,Move,office
1574262274.018,23,800,None,Move,office
1574262274.026,27,797,None,Move,office
1574262274.034,28,796,None,Move,office
1574262274.042,30,792,None,Move,office
1574262274.05,31,792,None,Move,office
1574262274.0579998,32,791,None,Move,office
1574262274.091,34,787,None,Move,office
1574262274.0979998,34,786,None,Move,office
1574262274.106,36,783,None,Move,office
1574262274.1139998,37,781,None,Move,office
1574262274.1220002,38,780,None,Move,office
1574262274.13,41,774,None,Move,office
1574262274.1379998,46,767,None,Move,office
1574262274.146,48,764,None,Move,office
1574262274.154,49,757,None,Move,office
1574262274.1620002,52,750,None,Move,office
1574262274.17,52,747,None,Move,office
1574262274.178,55,741,None,Move,office
1574262274.186,57,731,None,Move,office
1574262274.194,59,720,None,Move,office
1574262274.202,61,710,None,Move,office
1574262274.21,64,698,None,Move,office
1574262274.218,65,685,None,Move,office
1574262274.226,66,670,None,Move,office
1574262274.234,69,654,None,Move,office
1574262274.242,72,639,None,Move,office
1574262274.25,73,626,None,Move,office
1574262274.258,76,612,None,Move,office
1574262274.266,77,599,None,Move,office
1574262274.274,79,585,None,Move,office
1574262274.282,80,574,None,Move,office
1574262274.29,81,565,None,Move,office
1574262274.298,81,558,None,Move,office
1574262274.306,81,551,None,Move,office
1574262274.314,81,548,None,Move,office
1574262274.322,81,547,None,Move,office
1574262274.49,81,547,Left,Pressed,office
1574262274.57,81,547,Left,Released,office
1574262274.6820002,82,547,None,Move,office
1574262274.7029998,84,548,None,Move,office
1574262274.717,85,553,None,Move,office
1574262274.731,88,559,None,Move,office
1574262274.74,89,560,None,Move,office
1574262274.9220002,90,561,Left,Pressed,office
1574262274.9220002,90,561,None,Drag,office
1574262274.9220002,90,561,Left,Released,office
1574262275.034,90,562,None,Move,office
1574262275.05,92,563,None,Move,office
1574262275.0570002,95,564,None,Move,office
1574262275.066,99,565,None,Move,office
1574262275.074,104,569,None,Move,office
1574262275.084,110,571,None,Move,office
1574262275.09,117,573,None,Move,office
1574262275.097,128,577,None,Move,office
1574262275.106,142,584,None,Move,office
1574262275.1139998,158,595,None,Move,office
1574262275.1220002,181,607,None,Move,office
1574262275.13,204,621,None,Move,office
1574262275.1379998,228,638,None,Move,office
1574262275.146,256,658,None,Move,office
1574262275.154,284,680,None,Move,office
1574262275.1620002,312,702,None,Move,office
1574262275.17,340,724,None,Move,office
1574262275.178,368,746,None,Move,office
1574262275.186,396,768,None,Move,office
1574262275.194,424,788,None,Move,office
1574262275.202,451,807,None,Move,office
1574262275.21,479,827,None,Move,office
1574262275.219,503,844,None,Move,office
1574262275.226,523,857,None,Move,office
1574262275.234,540,868,None,Move,office
1574262275.242,553,876,None,Move,office
1574262275.25,565,883,None,Move,office
1574262275.258,574,889,None,Move,office
1574262275.266,583,892,None,Move,office
1574262275.274,590,895,None,Move,office
1574262275.282,596,896,None,Move,office
1574262275.29,603,897,None,Move,office
1574262275.298,608,898,None,Move,office
1574262275.306,614,899,None,Move,office
1574262275.314,619,900,None,Move,office
1574262275.322,622,901,None,Move,office
1574262275.33,623,901,None,Move,office
1574262275.466,625,901,None,Move,office
1574262275.485,626,901,None,Move,office
1574262275.593,626,902,Left,Pressed,office
1574262275.593,626,902,None,Drag,office
1574262275.6020002,626,902,None,Drag,office
1574262275.6020002,626,902,Left,Released,office
1574262275.62,624,903,None,Move,office
1574262275.625,620,904,None,Move,office
1574262275.633,614,904,None,Move,office
1574262275.6420002,604,904,None,Move,office
1574262275.65,587,904,None,Move,office
1574262275.658,564,904,None,Move,office
1574262275.666,534,904,None,Move,office
1574262275.674,500,904,None,Move,office
1574262275.6820002,466,904,None,Move,office
1574262275.69,434,903,None,Move,office
1574262275.698,403,901,None,Move,office
1574262275.706,370,897,None,Move,office
1574262275.714,341,892,None,Move,office
1574262275.722,315,888,None,Move,office
1574262275.73,293,885,None,Move,office
1574262275.738,278,881,None,Move,office
1574262275.746,264,877,None,Move,office
1574262275.754,253,873,None,Move,office
1574262275.762,244,868,None,Move,office
1574262275.77,237,864,None,Move,office
1574262275.778,230,860,None,Move,office
1574262275.786,222,858,None,Move,office
1574262275.794,217,857,None,Move,office
1574262275.802,210,856,None,Move,office
1574262275.81,203,856,None,Move,office
1574262275.8179998,195,856,None,Move,office
1574262275.826,186,856,None,Move,office
1574262275.834,180,856,None,Move,office
1574262275.842,174,856,None,Move,office
1574262275.85,169,854,None,Move,office
1574262275.8579998,164,853,None,Move,office
1574262275.8660002,163,853,None,Move,office
1574262275.8739998,162,853,None,Move,office
1574262275.8820002,161,853,None,Move,office
1574262275.89,158,852,None,Move,office
1574262275.903,154,852,None,Move,office
1574262275.911,152,852,None,Move,office
1574262275.917,147,852,None,Move,office
1574262275.9220002,144,852,None,Move,office
1574262275.93,139,852,None,Move,office
1574262275.946,138,852,None,Move,office
1574262275.955,137,852,None,Move,office
1574262275.9629998,137,852,None,Move,office
1574262275.978,135,854,None,Move,office
1574262275.992,134,854,None,Move,office
1574262276.0010002,133,858,None,Move,office
1574262276.008,132,858,None,Move,office
1574262276.015,128,862,None,Move,office
1574262276.02,127,863,None,Move,office
1574262276.026,124,867,None,Move,office
1574262276.034,123,867,None,Move,office
1574262276.042,123,868,None,Move,office
1574262276.106,122,869,None,Move,office
1574262276.1179998,121,869,None,Move,office
1574262276.133,117,870,None,Move,office
1574262276.146,111,870,None,Move,office
1574262276.16,111,870,None,Move,office
1574262276.17,107,870,None,Move,office
1574262276.176,107,870,None,Move,office
1574262276.1820002,105,870,None,Move,office
1574262276.188,102,870,None,Move,office
1574262276.194,102,870,None,Move,office
1574262276.202,101,870,None,Move,office
1574262276.21,98,871,None,Move,office
1574262276.218,97,871,None,Move,office
1574262276.226,95,871,None,Move,office
1574262276.474,95,871,Left,Pressed,office
1574262276.474,95,871,None,Drag,office
1574262276.482,98,872,None,Drag,office
1574262276.49,103,874,None,Drag,office
1574262276.498,108,874,None,Drag,office
1574262276.506,117,876,None,Drag,office
1574262276.514,132,877,None,Drag,office
1574262276.522,150,878,None,Drag,office
1574262276.53,171,878,None,Drag,office
1574262276.538,192,880,None,Drag,office
1574262276.546,220,882,None,Drag,office
1574262276.554,243,885,None,Drag,office
1574262276.562,259,886,None,Drag,office
1574262276.57,271,888,None,Drag,office
1574262276.5779998,281,888,None,Drag,office
1574262276.586,283,888,None,Drag,office
1574262276.594,285,889,None,Drag,office
1574262276.6020002,285,890,None,Drag,office
1574262276.635,286,890,None,Drag,office
1574262276.651,288,890,None,Drag,office
1574262276.658,292,891,None,Drag,office
1574262276.666,295,891,None,Drag,office
1574262276.674,296,891,None,Drag,office
1574262276.6820002,299,892,None,Drag,office
1574262276.69,300,892,None,Drag,office
1574262276.698,302,892,None,Drag,office
1574262276.706,307,892,None,Drag,office
1574262276.714,314,892,None,Drag,office
1574262276.722,319,892,None,Drag,office
1574262276.73,323,892,None,Drag,office
1574262276.738,328,892,None,Drag,office
1574262276.746,335,892,None,Drag,office
1574262276.754,343,892,None,Drag,office
1574262276.762,350,892,None,Drag,office
1574262276.77,352,892,None,Drag,office
1574262276.778,355,892,None,Drag,office
1574262276.786,356,892,None,Drag,office
1574262276.795,357,892,None,Drag,office
1574262276.827,358,892,None,Drag,office
1574262276.834,359,892,None,Drag,office
1574262277.069,360,892,None,Drag,office
1574262277.077,361,892,None,Drag,office
1574262277.085,364,892,None,Drag,office
1574262277.093,371,892,None,Drag,office
1574262277.101,385,891,None,Drag,office
1574262277.11,401,890,None,Drag,office
1574262277.1179998,424,889,None,Drag,office
1574262277.1260002,448,889,None,Drag,office
1574262277.1339998,467,889,None,Drag,office
1574262277.1420002,483,889,None,Drag,office
1574262277.15,493,889,None,Drag,office
1574262277.158,494,889,None,Drag,office
1574262277.159,494,889,Left,Released,office
1574262277.519,494,887,None,Move,office
1574262277.526,494,886,None,Move,office
1574262277.534,491,884,None,Move,office
1574262277.542,485,880,None,Move,office
1574262277.55,482,879,None,Move,office
1574262277.5579998,471,875,None,Move,office
1574262277.565,459,870,None,Move,office
1574262277.574,445,864,None,Move,office
1574262277.582,430,857,None,Move,office
1574262277.59,414,849,None,Move,office
1574262277.5979998,400,840,None,Move,office
1574262277.606,389,831,None,Move,office
1574262277.6139998,379,817,None,Move,office
1574262277.6220002,370,796,None,Move,office
1574262277.63,366,761,None,Move,office
1574262277.6379998,359,718,None,Move,office
1574262277.646,355,673,None,Move,office
1574262277.654,346,623,None,Move,office
1574262277.6620002,339,571,None,Move,office
1574262277.67,332,515,None,Move,office
1574262277.677,325,462,None,Move,office
1574262277.686,321,414,None,Move,office
1574262277.694,317,372,None,Move,office
1574262277.702,315,340,None,Move,office
1574262277.71,315,320,None,Move,office
1574262277.718,315,305,None,Move,office
1574262277.726,315,293,None,Move,office
1574262277.734,315,285,None,Move,office
1574262277.742,315,283,None,Move,office
1574262277.75,315,279,None,Move,office
1574262277.758,315,274,None,Move,office
1574262277.766,315,274,None,Move,office
1574262277.775,315,273,None,Move,office
1574262277.782,315,270,None,Move,office
1574262277.87,311,266,None,Move,office
1574262277.8779998,310,266,None,Move,office
1574262277.885,307,264,None,Move,office
1574262277.894,303,258,None,Move,office
1574262277.9020002,299,256,None,Move,office
1574262277.91,296,254,None,Move,office
1574262277.918,292,251,None,Move,office
1574262277.926,288,249,None,Move,office
1574262277.934,282,245,None,Move,office
1574262277.9420002,276,241,None,Move,office
1574262277.95,272,239,None,Move,office
1574262277.958,268,236,None,Move,office
1574262277.966,264,235,None,Move,office
1574262277.974,258,232,None,Move,office
1574262277.982,252,230,None,Move,office
1574262277.99,247,229,None,Move,office
1574262277.998,243,227,None,Move,office
1574262278.006,237,226,None,Move,office
1574262278.014,230,224,None,Move,office
1574262278.022,223,221,None,Move,office
1574262278.03,214,220,None,Move,office
1574262278.038,206,217,None,Move,office
1574262278.046,198,215,None,Move,office
1574262278.054,193,213,None,Move,office
1574262278.079,191,211,None,Move,office
1574262278.086,190,210,None,Move,office
1574262278.094,189,210,None,Move,office
1574262278.1020002,189,208,None,Move,office
1574262278.11,189,206,None,Move,office
1574262278.1179998,186,203,None,Move,office
1574262278.1260002,186,202,None,Move,office
1574262278.1339998,185,199,None,Move,office
1574262278.1420002,185,196,None,Move,office
1574262278.15,185,196,None,Move,office
1574262278.158,184,194,None,Move,office
1574262278.166,184,193,None,Move,office
1574262278.174,184,190,None,Move,office
1574262278.1820002,184,189,None,Move,office
1574262278.19,184,189,None,Move,office
1574262278.198,184,187,None,Move,office
1574262278.206,184,185,None,Move,office
1574262278.214,184,184,None,Move,office
1574262278.222,183,183,None,Move,office
1574262278.23,182,182,None,Move,office
1574262278.238,182,182,None,Move,office
1574262278.254,182,180,None,Move,office
1574262278.262,181,179,None,Move,office
1574262278.27,181,177,None,Move,office
1574262278.278,180,175,None,Move,office
1574262278.286,178,171,None,Move,office
1574262278.294,176,166,None,Move,office
1574262278.302,175,165,None,Move,office
1574262278.3179998,174,164,None,Move,office
1574262278.326,172,160,None,Move,office
1574262278.334,172,159,None,Move,office
1574262278.342,171,159,None,Move,office
1574262278.35,170,157,None,Move,office
1574262278.3579998,170,156,None,Move,office
1574262278.43,168,155,None,Move,office
1574262278.438,167,154,None,Move,office
1574262278.51,166,152,None,Move,office
1574262278.518,165,151,None,Move,office
1574262278.542,164,150,None,Move,office
1574262278.59,163,150,None,Move,office
1574262278.5979998,162,150,None,Move,office
1574262278.6220002,161,150,None,Move,office
1574262278.6379998,160,150,None,Move,office
1574262278.646,159,150,None,Move,office
1574262278.75,159,150,Left,Pressed,office
1574262278.8779998,159,150,Left,Released,office
1574262279.054,158,150,None,Move,office
1574262279.066,157,150,None,Move,office
1574262279.071,157,154,None,Move,office
1574262279.0779998,156,155,None,Move,office
1574262279.086,156,158,None,Move,office
1574262279.094,156,159,None,Move,office
1574262279.1020002,156,162,None,Move,office
1574262279.11,156,165,None,Move,office
1574262279.1179998,156,168,None,Move,office
1574262279.1260002,156,175,None,Move,office
1574262279.1339998,156,182,None,Move,office
1574262279.1420002,157,192,None,Move,office
1574262279.15,159,202,None,Move,office
1574262279.158,160,214,None,Move,office
1574262279.166,163,228,None,Move,office
1574262279.174,165,243,None,Move,office
1574262279.1820002,168,258,None,Move,office
1574262279.19,172,275,None,Move,office
1574262279.198,177,292,None,Move,office
1574262279.206,183,311,None,Move,office
1574262279.214,191,333,None,Move,office
1574262279.222,199,354,None,Move,office
1574262279.23,208,376,None,Move,office
1574262279.242,216,397,None,Move,office
1574262279.248,224,419,None,Move,office
1574262279.254,232,440,None,Move,office
1574262279.262,242,460,None,Move,office
1574262279.27,251,476,None,Move,office
1574262279.278,260,492,None,Move,office
1574262279.286,268,508,None,Move,office
1574262279.294,275,522,None,Move,office
1574262279.302,284,534,None,Move,office
1574262279.31,292,547,None,Move,office
1574262279.3179998,300,558,None,Move,office
1574262279.326,308,569,None,Move,office
1574262279.334,316,579,None,Move,office
1574262279.342,326,590,None,Move,office
1574262279.35,335,600,None,Move,office
1574262279.3579998,346,609,None,Move,office
1574262279.3660002,357,619,None,Move,office
1574262279.3739998,370,629,None,Move,office
1574262279.3820002,382,637,None,Move,office
1574262279.39,393,646,None,Move,office
1574262279.3979998,404,655,None,Move,office
1574262279.406,413,661,None,Move,office
1574262279.414,421,667,None,Move,office
1574262279.4220002,428,675,None,Move,office
1574262279.43,436,682,None,Move,office
1574262279.438,444,688,None,Move,office
1574262279.446,451,693,None,Move,office
1574262279.454,457,698,None,Move,office
1574262279.462,463,703,None,Move,office
1574262279.469,469,707,None,Move,office
1574262279.478,477,714,None,Move,office
1574262279.486,484,719,None,Move,office
1574262279.494,494,724,None,Move,office
1574262279.502,501,728,None,Move,office
1574262279.51,510,733,None,Move,office
1574262279.518,519,737,None,Move,office
1574262279.526,526,740,None,Move,office
1574262279.534,534,745,None,Move,office
1574262279.542,540,749,None,Move,office
1574262279.55,545,752,None,Move,office
1574262279.5579998,551,757,None,Move,office
1574262279.566,557,762,None,Move,office
1574262279.574,564,768,None,Move,office
1574262279.582,571,775,None,Move,office
1574262279.59,577,781,None,Move,office
1574262279.5979998,584,787,None,Move,office
1574262279.606,590,793,None,Move,office
1574262279.6139998,595,801,None,Move,office
1574262279.6220002,600,807,None,Move,office
1574262279.63,604,813,None,Move,office
1574262279.6379998,608,818,None,Move,office
1574262279.646,611,823,None,Move,office
1574262279.654,614,826,None,Move,office
1574262279.6620002,616,830,None,Move,office
1574262279.67,618,834,None,Move,office
1574262279.678,623,838,None,Move,office
1574262279.686,626,843,None,Move,office
1574262279.694,629,847,None,Move,office
1574262279.702,632,851,None,Move,office
1574262279.71,634,854,None,Move,office
1574262279.718,636,856,None,Move,office
1574262279.726,638,858,None,Move,office
1574262279.734,639,859,None,Move,office
1574262279.758,640,860,None,Move,office
1574262279.766,641,860,None,Move,office
1574262279.8379998,641,860,Left,Pressed,office
1574262279.95,641,860,Left,Released,office
1574262282.302,642,863,None,Move,office
1574262282.31,642,863,None,Move,office
1574262282.3179998,642,868,None,Move,office
1574262282.326,641,873,None,Move,office
1574262282.334,639,881,None,Move,office
1574262282.342,636,888,None,Move,office
1574262282.35,632,897,None,Move,office
1574262282.3579998,627,907,None,Move,office
1574262282.3660002,622,918,None,Move,office
1574262282.3739998,618,927,None,Move,office
1574262282.3820002,615,936,None,Move,office
1574262282.39,612,943,None,Move,office
1574262282.3979998,609,949,None,Move,office
1574262282.406,609,949,None,Move,office
1574262286.082,608,952,None,Move,office
1574262286.0979998,608,953,None,Move,office
1574262286.211,607,953,None,Move,office
1574262286.323,607,953,None,Move,office
1574262286.3379998,607,953,None,Move,office
1574262288.8739998,607,952,None,Move,office
1574262288.89,606,952,None,Move,office
1574262288.906,604,952,None,Move,office
1574262288.914,603,952,None,Move,office
1574262288.9220002,602,951,None,Move,office
1574262288.93,601,951,None,Move,office
1574262289.019,599,949,None,Move,office
1574262289.031,593,947,None,Move,office
1574262289.045,587,946,None,Move,office
1574262289.0570002,581,943,None,Move,office
1574262289.066,571,941,None,Move,office
1574262289.073,558,937,None,Move,office
1574262289.079,545,931,None,Move,office
1574262289.084,529,926,None,Move,office
1574262289.09,512,920,None,Move,office
1574262289.0979998,497,913,None,Move,office
1574262289.106,481,907,None,Move,office
1574262289.1139998,466,900,None,Move,office
1574262289.1220002,452,893,None,Move,office
1574262289.13,440,887,None,Move,office
1574262289.1379998,427,881,None,Move,office
1574262289.146,415,874,None,Move,office
1574262289.154,403,868,None,Move,office
1574262289.1620002,390,861,None,Move,office
1574262289.17,378,854,None,Move,office
1574262289.178,367,847,None,Move,office
1574262289.186,355,840,None,Move,office
1574262289.194,343,833,None,Move,office
1574262289.202,331,827,None,Move,office
1574262289.21,321,821,None,Move,office
1574262289.218,314,818,None,Move,office
1574262289.226,307,814,None,Move,office
1574262289.234,305,813,None,Move,office
1574262289.242,304,812,None,Move,office
1574262291.485,304,812,None,Move,office
1574262291.5010002,304,809,None,Move,office
1574262291.51,304,806,None,Move,office
1574262291.518,304,805,None,Move,office
1574262291.526,304,803,None,Move,office
1574262291.534,301,798,None,Move,office
1574262291.542,301,796,None,Move,office
1574262291.55,301,795,None,Move,office
1574262291.5579998,300,792,None,Move,office
1574262291.566,300,789,None,Move,office
1574262291.574,299,788,None,Move,office
1574262291.582,297,784,None,Move,office
1574262291.59,296,778,None,Move,office
1574262291.5979998,296,771,None,Move,office
1574262291.606,295,766,None,Move,office
1574262291.6139998,290,760,None,Move,office
1574262291.6220002,286,753,None,Move,office
1574262291.63,282,745,None,Move,office
1574262291.6379998,280,741,None,Move,office
1574262291.646,278,734,None,Move,office
1574262291.654,273,726,None,Move,office
1574262291.6620002,268,717,None,Move,office
1574262291.67,261,707,None,Move,office
1574262291.678,256,696,None,Move,office
1574262291.686,252,692,None,Move,office
1574262291.694,246,684,None,Move,office
1574262291.702,240,675,None,Move,office
1574262291.71,233,664,None,Move,office
1574262291.718,225,653,None,Move,office
1574262291.726,217,642,None,Move,office
1574262291.734,209,633,None,Move,office
1574262291.742,201,624,None,Move,office
1574262291.75,193,616,None,Move,office
1574262291.758,185,608,None,Move,office
1574262291.766,179,601,None,Move,office
1574262291.774,173,594,None,Move,office
1574262291.782,166,588,None,Move,office
1574262291.791,162,584,None,Move,office
1574262291.798,158,581,None,Move,office
1574262291.806,153,578,None,Move,office
1574262291.814,149,575,None,Move,office
1574262291.822,145,572,None,Move,office
1574262291.83,139,568,None,Move,office
1574262291.8379998,135,566,None,Move,office
1574262291.846,131,564,None,Move,office
1574262291.854,129,564,None,Move,office
1574262291.8620002,128,564,None,Move,office
1574262291.87,125,564,None,Move,office
1574262291.8779998,123,564,None,Move,office
1574262291.8860002,122,564,None,Move,office
1574262291.894,120,564,None,Move,office
1574262291.9020002,118,564,None,Move,office
1574262291.91,117,564,None,Move,office
1574262291.934,115,564,None,Move,office
1574262291.9420002,115,564,None,Move,office
1574262291.95,112,564,None,Move,office
1574262291.958,112,564,None,Move,office
1574262291.966,107,566,None,Move,office
1574262291.974,106,567,None,Move,office
1574262292.063,105,567,None,Move,office
1574262292.075,105,566,None,Move,office
1574262292.084,106,565,None,Move,office
1574262292.09,107,563,None,Move,office
1574262292.095,109,558,None,Move,office
1574262292.1020002,115,552,None,Move,office
1574262292.11,118,549,None,Move,office
1574262292.1179998,123,543,None,Move,office
1574262292.1260002,128,535,None,Move,office
1574262292.1339998,136,526,None,Move,office
1574262292.1420002,145,515,None,Move,office
1574262292.15,158,504,None,Move,office
1574262292.158,170,493,None,Move,office
1574262292.166,183,481,None,Move,office
1574262292.174,196,472,None,Move,office
1574262292.1820002,206,462,None,Move,office
1574262292.19,217,454,None,Move,office
1574262292.198,228,447,None,Move,office
1574262292.206,237,442,None,Move,office
1574262292.214,245,437,None,Move,office
1574262292.222,250,434,None,Move,office
1574262292.23,252,432,None,Move,office
1574262292.238,254,431,None,Move,office
1574262292.246,257,428,None,Move,office
1574262292.254,258,427,None,Move,office
1574262292.262,258,427,None,Move,office
1574262292.27,259,427,None,Move,office
1574262292.286,261,425,None,Move,office
1574262292.294,263,425,None,Move,office
1574262292.302,265,423,None,Move,office
1574262292.31,266,422,None,Move,office
1574262292.3179998,271,419,None,Move,office
1574262292.326,275,417,None,Move,office
1574262292.334,278,416,None,Move,office
1574262292.342,283,414,None,Move,office
1574262292.35,290,412,None,Move,office
1574262292.3579998,299,408,None,Move,office
1574262292.3660002,310,404,None,Move,office
1574262292.3739998,322,400,None,Move,office
1574262292.3820002,334,398,None,Move,office
1574262292.39,346,393,None,Move,office
1574262292.3979998,360,391,None,Move,office
1574262292.406,372,388,None,Move,office
1574262292.414,383,387,None,Move,office
1574262292.4220002,397,384,None,Move,office
1574262292.43,409,383,None,Move,office
1574262292.438,422,381,None,Move,office
1574262292.446,434,379,None,Move,office
1574262292.454,449,376,None,Move,office
1574262292.462,464,375,None,Move,office
1574262292.47,479,373,None,Move,office
1574262292.478,493,372,None,Move,office
1574262292.486,506,371,None,Move,office
1574262292.494,521,371,None,Move,office
1574262292.502,533,371,None,Move,office
1574262292.51,544,371,None,Move,office
1574262292.518,554,371,None,Move,office
1574262292.526,563,371,None,Move,office
1574262292.534,570,371,None,Move,office
1574262292.542,573,371,None,Move,office
1574262292.55,577,371,None,Move,office
1574262292.5579998,580,371,None,Move,office
1574262292.566,581,371,None,Move,office
1574262292.574,584,371,None,Move,office
1574262292.582,586,371,None,Move,office
1574262292.59,589,372,None,Move,office
1574262292.5979998,592,374,None,Move,office
1574262292.606,593,374,None,Move,office
1574262292.6139998,598,375,None,Move,office
1574262292.6220002,599,376,None,Move,office
1574262292.63,600,376,None,Move,office
1574262292.6379998,603,379,None,Move,office
1574262292.646,604,379,None,Move,office
1574262292.654,607,380,None,Move,office
1574262292.6620002,609,382,None,Move,office
1574262292.67,615,383,None,Move,office
1574262292.678,618,385,None,Move,office
1574262292.686,620,385,None,Move,office
1574262292.694,620,385,None,Move,office
1574262292.702,622,385,None,Move,office
1574262292.71,623,385,None,Move,office
1574262292.91,623,385,Left,Pressed,office
1574262293.069,623,385,Left,Released,office
1574262293.15,621,385,None,Move,office
1574262293.168,617,385,None,Move,office
1574262293.178,613,385,None,Move,office
1574262293.1829998,611,385,None,Move,office
1574262293.19,610,385,None,Move,office
1574262293.198,609,385,None,Move,office
1574262293.206,608,385,None,Move,office
1574262293.246,604,384,None,Move,office
1574262293.254,604,383,None,Move,office
1574262293.294,603,383,None,Move,office
1574262293.3579998,600,383,None,Move,office
1574262293.377,600,383,None,Move,office
1574262293.4220002,600,383,Left,Pressed,office
1574262293.6179998,600,383,Left,Released,office
1574262293.778,599,381,None,Move,office
1574262293.786,602,376,None,Move,office
1574262293.794,609,368,None,Move,office
1574262293.802,609,367,None,Move,office
1574262303.8779998,610,367,None,Move,office
1574262303.9420002,612,366,None,Move,office
1574262303.95,612,365,None,Move,office
1574262304.055,612,368,None,Move,office
1574262304.073,612,376,None,Move,office
1574262304.0879998,608,386,None,Move,office
1574262304.106,605,399,None,Move,office
1574262304.113,602,406,None,Move,office
1574262304.119,600,415,None,Move,office
1574262304.1260002,597,423,None,Move,office
1574262304.1339998,595,431,None,Move,office
1574262304.1420002,593,436,None,Move,office
1574262304.15,591,442,None,Move,office
1574262304.158,590,443,None,Move,office
1574262304.166,589,443,None,Move,office
1574262304.174,586,446,None,Move,office
1574262304.1820002,580,448,None,Move,office
1574262304.19,575,453,None,Move,office
1574262304.198,574,454,None,Move,office
1574262304.206,573,454,None,Move,office
1574262304.214,571,457,None,Move,office
1574262304.222,571,457,None,Move,office
1574262304.23,570,459,None,Move,office
1574262304.238,570,460,None,Move,office
1574262304.438,570,458,None,Move,office
1574262304.451,571,458,None,Move,office
1574262304.456,573,457,None,Move,office
1574262304.462,575,456,None,Move,office
1574262304.47,584,451,None,Move,office
1574262304.478,596,447,None,Move,office
1574262304.486,609,442,None,Move,office
1574262304.494,625,436,None,Move,office
1574262304.502,640,431,None,Move,office
1574262304.51,655,426,None,Move,office
1574262304.518,667,422,None,Move,office
1574262304.526,678,418,None,Move,office
1574262304.534,685,416,None,Move,office
1574262304.542,691,414,None,Move,office
1574262304.55,693,413,None,Move,office
1574262304.5579998,693,412,None,Move,office
1574262304.566,694,411,None,Move,office
1574262304.5979998,696,409,None,Move,office
1574262304.606,696,408,None,Move,office
1574262304.6139998,697,407,None,Move,office
1574262304.6220002,697,406,None,Move,office
1574262304.63,698,405,None,Move,office
1574262304.6379998,698,403,None,Move,office
1574262304.646,699,402,None,Move,office
1574262304.654,699,402,None,Move,office
1574262304.6620002,700,401,None,Move,office
1574262304.67,701,400,None,Move,office
1574262304.678,701,398,None,Move,office
1574262304.686,701,397,None,Move,office
1574262304.694,701,396,None,Move,office
1574262304.706,701,393,None,Move,office
1574262304.712,701,392,None,Move,office
1574262304.718,701,391,None,Move,office
1574262304.726,701,388,None,Move,office
1574262304.734,701,384,None,Move,office
1574262304.742,701,382,None,Move,office
1574262304.75,701,379,None,Move,office
1574262304.758,701,375,None,Move,office
1574262304.766,701,374,None,Move,office
1574262304.871,701,374,Left,Pressed,office
1574262304.982,701,374,Left,Released,office
1574262305.1420002,701,374,None,Move,office
1574262305.1620002,701,376,None,Move,office
1574262305.173,701,378,None,Move,office
1574262305.178,702,380,None,Move,office
1574262305.184,702,381,None,Move,office
1574262305.454,702,381,Left,Pressed,office
1574262305.55,702,381,Left,Released,office
1574262305.566,702,381,None,Move,office
1574262305.574,702,381,None,Move,office
1574262312.79,706,379,None,Move,office
1574262312.798,707,378,None,Move,office
1574262312.806,734,371,None,Move,office
1574262312.814,756,368,None,Move,office
1574262312.822,758,368,None,Move,office
1574262312.83,758,368,None,Move,office
1574262312.8379998,759,369,None,Move,office
1574262312.846,759,373,None,Move,office
1574262312.854,759,377,None,Move,office
1574262312.8660002,759,388,None,Move,office
1574262312.871,759,407,None,Move,office
1574262312.8779998,758,432,None,Move,office
1574262312.8860002,758,470,None,Move,office
1574262312.894,758,510,None,Move,office
1574262312.9020002,758,555,None,Move,office
1574262312.91,758,599,None,Move,office
1574262312.918,759,634,None,Move,office
1574262312.926,761,668,None,Move,office
1574262312.934,765,697,None,Move,office
1574262312.9420002,766,719,None,Move,office
1574262312.95,769,735,None,Move,office
1574262312.958,771,751,None,Move,office
1574262312.966,772,758,None,Move,office
1574262312.974,772,763,None,Move,office
1574262312.981,772,765,None,Move,office
1574262312.99,772,766,None,Move,office
1574262312.998,772,768,None,Move,office
1574262313.006,772,769,None,Move,office
1574262313.014,772,772,None,Move,office
1574262313.022,772,772,None,Move,office
1574262313.0779998,772,772,Left,Pressed,office
1574262313.19,772,772,Left,Released,office
1574262313.201,773,774,None,Move,office
1574262313.21,773,775,None,Move,office
1574262313.215,773,775,None,Move,office
1574262313.224,773,772,None,Move,office
1574262313.23,773,769,None,Move,office
1574262313.2370002,774,764,None,Move,office
1574262313.246,775,755,None,Move,office
1574262313.254,776,745,None,Move,office
1574262313.262,779,731,None,Move,office
1574262313.27,780,718,None,Move,office
1574262313.278,781,704,None,Move,office
1574262313.286,783,691,None,Move,office
1574262313.294,784,678,None,Move,office
1574262313.302,784,664,None,Move,office
1574262313.31,784,653,None,Move,office
1574262313.3179998,784,643,None,Move,office
1574262313.326,784,633,None,Move,office
1574262313.334,784,623,None,Move,office
1574262313.342,784,612,None,Move,office
1574262313.35,784,602,None,Move,office
1574262313.3579998,784,594,None,Move,office
1574262313.3660002,784,586,None,Move,office
1574262313.3739998,784,577,None,Move,office
1574262313.3820002,784,569,None,Move,office
1574262313.39,784,560,None,Move,office
1574262313.3979998,784,552,None,Move,office
1574262313.406,784,545,None,Move,office
1574262313.414,784,537,None,Move,office
1574262313.4220002,783,530,None,Move,office
1574262313.43,780,522,None,Move,office
1574262313.438,779,515,None,Move,office
1574262313.446,778,510,None,Move,office
1574262313.454,778,509,None,Move,office
1574262313.525,778,509,Left,Pressed,office
1574262313.639,778,509,Left,Released,office
1574262313.702,778,509,None,Move,office
1574262313.71,777,505,None,Move,office
1574262313.718,774,501,None,Move,office
1574262313.726,773,495,None,Move,office
1574262313.734,769,493,None,Move,office
1574262313.742,765,490,None,Move,office
1574262313.75,762,487,None,Move,office
1574262313.758,756,481,None,Move,office
1574262313.766,750,476,None,Move,office
1574262313.774,743,470,None,Move,office
1574262313.782,739,466,None,Move,office
1574262313.79,735,464,None,Move,office
1574262313.798,730,459,None,Move,office
1574262313.806,724,454,None,Move,office
1574262313.814,720,450,None,Move,office
1574262313.822,715,444,None,Move,office
1574262313.83,710,438,None,Move,office
1574262313.8379998,706,433,None,Move,office
1574262313.846,705,432,None,Move,office
1574262313.854,701,431,None,Move,office
1574262313.8620002,699,429,None,Move,office
1574262313.87,698,428,None,Move,office
1574262313.8779998,695,423,None,Move,office
1574262313.8860002,692,422,None,Move,office
1574262313.894,689,420,None,Move,office
1574262313.9020002,684,416,None,Move,office
1574262313.91,679,414,None,Move,office
1574262313.923,675,411,None,Move,office
1574262313.931,673,410,None,Move,office
1574262313.936,673,410,None,Move,office
1574262313.9420002,672,409,None,Move,office
1574262314.1339998,670,408,None,Move,office
1574262314.146,670,408,None,Move,office
1574262314.151,670,408,None,Move,office
1574262314.158,670,406,None,Move,office
1574262314.166,671,402,None,Move,office
1574262314.174,672,400,None,Move,office
1574262314.1820002,673,398,None,Move,office
1574262314.19,678,392,None,Move,office
1574262314.198,678,391,None,Move,office
1574262314.206,681,388,None,Move,office
1574262314.214,682,385,None,Move,office
1574262314.222,682,384,None,Move,office
1574262314.342,682,384,Left,Pressed,office
1574262314.454,682,384,Left,Released,office
1574262314.55,682,384,Left,Pressed,office
1574262314.678,682,384,Left,Released,office
1574262315.07,681,384,None,Move,office
1574262315.083,680,384,None,Move,office
1574262315.0879998,677,384,None,Move,office
1574262315.094,672,384,None,Move,office
1574262315.1020002,663,384,None,Move,office
1574262315.11,653,384,None,Move,office
1574262315.1179998,645,384,None,Move,office
1574262315.1260002,637,384,None,Move,office
1574262315.1339998,636,384,None,Move,office
1574262315.1420002,634,384,None,Move,office
1574262315.234,631,383,None,Move,office
1574262315.242,630,383,None,Move,office
1574262315.25,629,383,None,Move,office
1574262315.266,628,383,None,Move,office
1574262315.33,627,383,None,Move,office
1574262315.3379998,626,383,None,Move,office
1574262315.363,625,383,None,Move,office
1574262315.37,624,383,None,Move,office
1574262315.3779998,621,385,None,Move,office
1574262315.3860002,619,386,None,Move,office
1574262315.395,616,388,None,Move,office
1574262315.4020002,614,388,None,Move,office
1574262315.41,611,390,None,Move,office
1574262315.418,611,392,None,Move,office
1574262315.426,610,393,None,Move,office
1574262315.434,608,393,None,Move,office
1574262315.4420002,607,394,None,Move,office
1574262315.45,606,394,None,Move,office
1574262315.458,605,394,None,Move,office
1574262315.4910002,602,394,None,Move,office
1574262315.498,601,394,None,Move,office
1574262315.506,600,394,None,Move,office
1574262315.538,600,394,None,Move,office
1574262315.546,598,394,None,Move,office
1574262315.554,597,394,None,Move,office
1574262315.562,596,394,None,Move,office
1574262315.666,596,394,Left,Pressed,office
1574262315.794,596,394,Left,Released,office
1574262315.801,595,394,None,Move,office
1574262315.8179998,595,394,None,Move,office
1574262315.891,595,394,Left,Pressed,office
1574262316.019,595,394,Left,Released,office
1574262316.0979998,595,393,None,Move,office
1574262316.106,595,392,None,Move,office
1574262316.113,595,390,None,Move,office
1574262316.121,595,389,None,Move,office
1574262316.129,595,388,None,Move,office
1574262316.1379998,595,387,None,Move,office
1574262316.1620002,594,385,None,Move,office
1574262316.17,594,385,None,Move,office
1574262316.274,592,382,None,Move,office
1574262316.285,591,382,None,Move,office
1574262316.514,591,382,Left,Pressed,office
1574262316.627,591,382,Left,Released,office
1574262316.69,591,382,Left,Pressed,office
1574262316.819,591,382,Left,Released,office
1574262316.978,591,382,None,Move,office
1574262316.986,590,382,None,Move,office
1574262316.994,588,383,None,Move,office
1574262317.002,587,383,None,Move,office
1574262317.01,585,384,None,Move,office
1574262317.018,585,385,None,Move,office
1574262317.17,585,386,None,Move,office
1574262317.33,585,386,Left,Pressed,office
1574262317.33,585,386,None,Drag,office
1574262317.346,585,387,None,Drag,office
1574262317.354,587,389,None,Drag,office
1574262317.3620002,591,391,None,Drag,office
1574262317.37,594,391,None,Drag,office
1574262317.3779998,602,391,None,Drag,office
1574262317.3860002,615,391,None,Drag,office
1574262317.394,634,391,None,Drag,office
1574262317.4020002,654,391,None,Drag,office
1574262317.41,674,391,None,Drag,office
1574262317.418,693,391,None,Drag,office
1574262317.426,711,391,None,Drag,office
1574262317.434,722,391,None,Drag,office
1574262317.4420002,729,391,None,Drag,office
1574262317.45,730,391,None,Drag,office
1574262317.45,730,391,Left,Released,office
1574262317.8579998,731,391,None,Move,office
1574262317.8660002,731,386,None,Move,office
1574262317.8739998,731,385,None,Move,office
1574262319.694,731,384,None,Move,office
1574262319.71,728,383,None,Move,office
1574262319.718,726,381,None,Move,office
1574262319.726,723,379,None,Move,office
1574262319.734,722,378,None,Move,office
1574262319.758,719,378,None,Move,office
1574262319.766,712,379,None,Move,office
1574262319.774,701,386,None,Move,office
1574262319.782,689,396,None,Move,office
1574262319.79,676,408,None,Move,office
1574262319.798,663,423,None,Move,office
1574262319.806,651,438,None,Move,office
1574262319.814,642,454,None,Move,office
1574262319.822,637,468,None,Move,office
1574262319.83,634,475,None,Move,office
1574262319.967,634,475,Left,Pressed,office
1574262320.063,634,475,Left,Released,office
1574262320.071,634,477,None,Move,office
1574262320.084,634,476,None,Move,office
1574262320.093,635,473,None,Move,office
1574262320.0979998,637,469,None,Move,office
1574262320.105,641,465,None,Move,office
1574262320.1139998,641,464,None,Move,office
1574262320.12,644,461,None,Move,office
1574262320.1260002,648,456,None,Move,office
1574262320.1339998,653,452,None,Move,office
1574262320.141,659,445,None,Move,office
1574262320.15,665,439,None,Move,office
1574262320.158,670,433,None,Move,office
1574262320.166,675,426,None,Move,office
1574262320.174,680,418,None,Move,office
1574262320.1820002,686,411,None,Move,office
1574262320.19,692,403,None,Move,office
1574262320.198,696,397,None,Move,office
1574262320.206,701,391,None,Move,office
1574262320.214,703,388,None,Move,office
1574262320.222,704,387,None,Move,office
1574262320.23,706,385,None,Move,office
1574262320.238,706,384,None,Move,office
1574262320.271,707,382,None,Move,office
1574262320.278,708,380,None,Move,office
1574262320.286,709,377,None,Move,office
1574262320.294,709,376,None,Move,office
1574262320.302,709,374,None,Move,office
1574262320.31,709,373,None,Move,office
1574262320.3979998,709,373,None,Move,office
1574262320.408,708,373,None,Move,office
1574262320.416,707,373,None,Move,office
1574262320.4220002,704,371,None,Move,office
1574262320.43,698,369,None,Move,office
1574262320.438,694,369,None,Move,office
1574262320.446,691,369,None,Move,office
1574262320.454,686,366,None,Move,office
1574262320.462,677,364,None,Move,office
1574262320.47,668,360,None,Move,office
1574262320.478,660,356,None,Move,office
1574262320.486,652,354,None,Move,office
1574262320.494,647,352,None,Move,office
1574262320.502,646,351,None,Move,office
1574262320.514,645,350,None,Move,office
1574262320.522,644,348,None,Move,office
1574262320.53,644,346,None,Move,office
1574262320.538,644,345,None,Move,office
1574262320.546,643,344,None,Move,office
1574262320.554,643,343,None,Move,office
1574262320.562,640,341,None,Move,office
1574262320.57,639,338,None,Move,office
1574262320.5779998,639,337,None,Move,office
1574262320.586,639,336,None,Move,office
1574262320.594,639,335,None,Move,office
1574262320.6020002,639,334,None,Move,office
1574262320.61,639,334,None,Move,office
1574262320.6260002,639,333,None,Move,office
1574262320.6420002,638,329,None,Move,office
1574262320.65,637,329,None,Move,office
1574262320.674,636,328,None,Move,office
1574262320.6820002,636,326,None,Move,office
1574262320.69,635,322,None,Move,office
1574262320.698,635,319,None,Move,office
1574262320.706,635,315,None,Move,office
1574262320.714,633,312,None,Move,office
1574262320.722,631,309,None,Move,office
1574262320.73,626,305,None,Move,office
1574262320.738,624,302,None,Move,office
1574262320.746,624,300,None,Move,office
1574262320.754,620,296,None,Move,office
1574262320.762,620,295,None,Move,office
1574262320.77,619,292,None,Move,office
1574262320.778,619,289,None,Move,office
1574262320.786,619,286,None,Move,office
1574262320.794,618,283,None,Move,office
1574262320.802,618,283,None,Move,office
1574262320.81,616,278,None,Move,office
1574262320.8179998,616,276,None,Move,office
1574262320.826,616,276,None,Move,office
1574262321.0579998,616,276,None,Move,office
1574262321.074,616,279,None,Move,office
1574262321.082,616,279,None,Move,office
1574262321.09,616,282,None,Move,office
1574262321.0979998,616,283,None,Move,office
1574262321.106,616,284,None,Move,office
1574262321.41,616,285,None,Move,office
1574262321.426,617,286,None,Move,office
1574262321.434,617,287,None,Move,office
1574262321.666,617,287,Left,Pressed,office
1574262321.795,617,287,Left,Released,office
1574262321.8739998,617,287,Left,Pressed,office
1574262322.002,617,287,Left,Released,office
1574262322.018,618,287,None,Move,office
1574262322.1139998,619,287,None,Move,office
1574262322.1239998,621,287,None,Move,office
1574262322.13,623,287,None,Move,office
1574262322.1379998,629,287,None,Move,office
1574262322.146,631,288,None,Move,office
1574262322.154,635,291,None,Move,office
1574262322.1620002,638,292,None,Move,office
1574262322.17,643,295,None,Move,office
1574262322.178,651,300,None,Move,office
1574262322.186,655,303,None,Move,office
1574262322.194,661,310,None,Move,office
1574262322.202,670,316,None,Move,office
1574262322.209,680,324,None,Move,office
1574262322.218,689,332,None,Move,office
1574262322.226,698,340,None,Move,office
1574262322.234,706,346,None,Move,office
1574262322.242,712,353,None,Move,office
1574262322.25,715,355,None,Move,office
1574262322.258,718,357,None,Move,office
1574262322.266,718,358,None,Move,office
1574262322.274,720,360,None,Move,office
1574262322.282,721,360,None,Move,office
1574262322.354,721,361,None,Move,office
1574262322.3620002,722,362,None,Move,office
1574262322.37,723,363,None,Move,office
1574262322.3860002,724,365,None,Move,office
1574262322.394,726,368,None,Move,office
1574262322.4020002,727,371,None,Move,office
1574262322.41,728,371,None,Move,office
1574262322.418,729,374,None,Move,office
1574262322.426,729,374,None,Move,office
1574262322.53,731,376,None,Move,office
1574262322.54,731,378,None,Move,office
1574262322.546,732,379,None,Move,office
1574262322.554,734,381,None,Move,office
1574262322.562,736,383,None,Move,office
1574262322.57,738,385,None,Move,office
1574262322.5779998,738,386,None,Move,office
1574262322.586,738,387,None,Move,office
1574262322.658,738,387,Left,Pressed,office
1574262322.7870002,738,387,Left,Released,office
1574262322.851,738,387,Left,Pressed,office
1574262322.994,738,387,Left,Released,office
1574262323.418,739,389,None,Move,office
1574262323.426,739,389,None,Move,office
1574262323.4329998,741,391,None,Move,office
1574262323.4420002,744,392,None,Move,office
1574262323.449,745,394,None,Move,office
1574262323.458,746,394,None,Move,office
1574262323.466,749,395,None,Move,office
1574262323.474,751,396,None,Move,office
1574262323.482,754,396,None,Move,office
1574262323.49,755,396,None,Move,office
1574262323.502,758,396,None,Move,office
1574262323.51,761,396,None,Move,office
1574262323.518,765,396,None,Move,office
1574262323.526,768,396,None,Move,office
1574262323.534,771,396,None,Move,office
1574262323.542,774,396,None,Move,office
1574262323.55,776,396,None,Move,office
1574262323.5579998,777,396,None,Move,office
1574262323.566,779,396,None,Move,office
1574262323.574,780,396,None,Move,office
1574262323.599,782,397,None,Move,office
1574262323.606,782,397,None,Move,office
1574262323.6139998,784,397,None,Move,office
1574262323.6220002,785,397,None,Move,office
1574262323.63,786,397,None,Move,office
1574262323.6379998,789,397,None,Move,office
1574262323.646,790,397,None,Move,office
1574262323.654,791,397,None,Move,office
1574262323.6620002,792,397,None,Move,office
1574262323.71,793,397,None,Move,office
1574262323.718,794,397,None,Move,office
1574262324.166,795,397,None,Move,office
1574262324.187,796,394,None,Move,office
1574262324.197,797,393,None,Move,office
1574262334.8179998,798,392,None,Move,office
1574262334.826,798,391,None,Move,office
1574262334.834,799,390,None,Move,office
1574262334.842,802,390,None,Move,office
1574262334.85,813,389,None,Move,office
1574262334.8579998,837,384,None,Move,office
1574262334.8660002,887,373,None,Move,office
1574262334.8739998,961,352,None,Move,office
1574262334.8820002,1049,320,None,Move,office
1574262334.89,1141,288,None,Move,office
1574262334.8979998,1216,262,None,Move,office
1574262334.92,1267,246,None,Move,office
1574262334.994,1288,239,None,Move,office
1574262335.0029998,1289,239,None,Move,office
1574262335.0129998,1299,236,None,Move,office
1574262335.019,1308,234,None,Move,office
1574262335.026,1316,233,None,Move,office
1574262335.034,1325,233,None,Move,office
1574262335.042,1328,233,None,Move,office
1574262335.05,1331,233,None,Move,office
1574262335.0579998,1333,233,None,Move,office
1574262335.066,1333,233,None,Move,office
1574262335.074,1335,233,None,Move,office
1574262335.082,1336,233,None,Move,office
1574262335.09,1336,234,None,Move,office
1574262335.0979998,1336,235,None,Move,office
1574262335.1220002,1336,237,None,Move,office
1574262335.13,1336,237,None,Move,office
1574262335.1379998,1336,241,None,Move,office
1574262335.146,1334,246,None,Move,office
1574262335.154,1331,249,None,Move,office
1574262335.1620002,1324,254,None,Move,office
1574262335.17,1311,261,None,Move,office
1574262335.178,1291,270,None,Move,office
1574262335.186,1259,282,None,Move,office
1574262335.194,1218,295,None,Move,office
1574262335.202,1171,306,None,Move,office
1574262335.21,1122,315,None,Move,office
1574262335.222,1069,324,None,Move,office
1574262335.23,1020,331,None,Move,office
1574262335.238,974,335,None,Move,office
1574262335.246,939,339,None,Move,office
1574262335.254,917,341,None,Move,office
1574262335.262,917,341,None,Move,office
1574262335.298,916,342,None,Move,office
1574262335.314,915,343,None,Move,office
1574262335.322,915,344,None,Move,office
1574262335.379,915,345,None,Move,office
1574262335.3860002,915,346,None,Move,office
1574262335.393,915,347,None,Move,office
1574262335.4020002,915,348,None,Move,office
1574262335.409,915,351,None,Move,office
1574262335.418,915,356,None,Move,office
1574262335.426,917,357,None,Move,office
1574262335.434,918,358,None,Move,office
1574262335.4420002,919,360,None,Move,office
1574262335.45,920,363,None,Move,office
1574262335.458,921,364,None,Move,office
1574262335.538,922,364,None,Move,office
1574262335.546,922,367,None,Move,office
1574262335.555,923,372,None,Move,office
1574262335.562,923,373,None,Move,office
1574262335.57,926,375,None,Move,office
1574262335.577,927,376,None,Move,office
1574262335.586,927,377,None,Move,office
1574262335.594,928,377,None,Move,office
1574262335.6020002,930,379,None,Move,office
1574262335.61,930,380,None,Move,office
1574262335.6179998,932,380,None,Move,office
1574262335.6260002,933,380,None,Move,office
1574262335.6339998,933,382,None,Move,office
1574262335.6420002,934,383,None,Move,office
1574262335.65,935,383,None,Move,office
1574262335.778,936,383,None,Move,office
1574262335.798,936,383,None,Move,office
1574262335.873,938,384,None,Move,office
1574262335.881,939,384,None,Move,office
1574262336.05,941,388,None,Move,office
1574262336.0579998,942,388,None,Move,office
1574262336.066,943,389,None,Move,office
1574262336.074,943,390,None,Move,office
1574262336.082,945,391,None,Move,office
1574262336.09,946,391,None,Move,office
1574262336.0979998,948,392,None,Move,office
1574262336.106,949,393,None,Move,office
1574262336.178,949,393,Left,Pressed,office
1574262336.327,949,393,Left,Released,office
1574262336.3739998,949,393,None,Move,office
1574262336.39,948,393,None,Move,office
1574262337.998,949,393,None,Move,office
1574262338.01,950,393,None,Move,office
1574262338.031,953,393,None,Move,office
1574262338.038,957,393,None,Move,office
1574262338.046,959,392,None,Move,office
1574262338.054,960,391,None,Move,office
1574262340.018,960,393,None,Move,office
1574262340.035,960,397,None,Move,office
1574262340.049,959,400,None,Move,office
1574262340.0579998,957,409,None,Move,office
1574262340.066,957,410,None,Move,office
1574262340.074,957,412,None,Move,office
1574262340.082,955,414,None,Move,office
1574262340.09,953,416,None,Move,office
1574262340.0979998,949,419,None,Move,office
1574262340.106,943,420,None,Move,office
1574262340.1139998,941,420,None,Move,office
1574262340.1220002,937,420,None,Move,office
1574262340.13,929,420,None,Move,office
1574262340.1379998,914,420,None,Move,office
1574262340.146,893,418,None,Move,office
1574262340.154,857,412,None,Move,office
1574262340.1620002,813,401,None,Move,office
1574262340.17,763,387,None,Move,office
1574262340.178,708,370,None,Move,office
1574262340.186,650,351,None,Move,office
1574262340.194,592,329,None,Move,office
1574262340.202,534,307,None,Move,office
1574262340.21,479,286,None,Move,office
1574262340.218,430,265,None,Move,office
1574262340.2270002,387,245,None,Move,office
1574262340.234,355,228,None,Move,office
1574262340.242,331,214,None,Move,office
1574262340.25,314,203,None,Move,office
1574262340.258,303,194,None,Move,office
1574262340.266,294,186,None,Move,office
1574262340.274,288,178,None,Move,office
1574262340.282,281,170,None,Move,office
1574262340.29,276,164,None,Move,office
1574262340.298,271,157,None,Move,office
1574262340.306,266,149,None,Move,office
1574262340.314,261,142,None,Move,office
1574262340.322,256,134,None,Move,office
1574262340.33,251,127,None,Move,office
1574262340.337,249,121,None,Move,office
1574262340.346,247,115,None,Move,office
1574262340.354,245,111,None,Move,office
1574262340.3620002,245,110,None,Move,office
1574262340.37,245,109,None,Move,office
1574262340.3860002,242,105,None,Move,office
1574262340.394,241,104,None,Move,office
1574262340.401,240,101,None,Move,office
1574262340.41,239,99,None,Move,office
1574262340.418,239,96,None,Move,office
1574262340.425,237,92,None,Move,office
1574262340.434,237,92,None,Move,office
1574262340.4420002,234,90,None,Move,office
1574262340.45,234,88,None,Move,office
1574262340.458,233,88,None,Move,office
1574262340.466,233,86,None,Move,office
1574262340.474,233,86,None,Move,office
1574262340.482,233,82,None,Move,office
1574262340.49,231,80,None,Move,office
1574262340.498,229,80,None,Move,office
1574262340.506,228,76,None,Move,office
1574262340.514,226,72,None,Move,office
1574262340.522,225,71,None,Move,office
1574262340.53,224,67,None,Move,office
1574262340.538,221,66,None,Move,office
1574262340.546,221,66,None,Move,office
1574262340.554,218,64,None,Move,office
1574262340.562,215,60,None,Move,office
1574262340.57,215,59,None,Move,office
1574262340.594,215,58,None,Move,office
1574262340.6020002,215,57,None,Move,office
1574262340.6420002,215,56,None,Move,office
1574262340.65,215,55,None,Move,office
1574262340.658,213,50,None,Move,office
1574262340.666,212,50,None,Move,office
1574262340.674,212,48,None,Move,office
1574262340.6820002,212,47,None,Move,office
1574262340.69,211,44,None,Move,office
1574262340.697,211,40,None,Move,office
1574262340.706,211,39,None,Move,office
1574262340.714,210,38,None,Move,office
1574262340.722,210,36,None,Move,office
1574262340.73,210,36,None,Move,office
1574262340.738,210,33,None,Move,office
1574262340.746,210,31,None,Move,office
1574262340.754,210,30,None,Move,office
1574262340.762,210,29,None,Move,office
1574262340.802,210,26,None,Move,office
1574262340.81,210,25,None,Move,office
1574262340.867,210,23,None,Move,office
1574262340.875,210,22,None,Move,office
1574262340.899,210,22,None,Move,office
1574262340.946,212,22,None,Move,office
1574262340.954,213,22,None,Move,office
1574262340.964,213,22,None,Move,office
1574262341.042,215,22,None,Move,office
1574262341.053,216,22,None,Move,office
1574262341.0779998,218,24,None,Move,office
1574262341.086,219,25,None,Move,office
1574262341.174,220,25,None,Move,office
1574262341.184,221,25,None,Move,office
1574262341.3660002,222,25,Left,Pressed,office
1574262341.3660002,222,25,None,Drag,office
1574262341.3739998,223,25,None,Drag,office
1574262341.3739998,223,25,Left,Released,office
1574262341.854,226,22,None,Move,office
1574262341.867,227,22,None,Move,office
1574262341.877,228,18,None,Move,office
1574262341.883,228,18,None,Move,office
1574262341.887,233,12,None,Move,office
1574262341.894,235,9,None,Move,office
1574262341.9020002,238,5,None,Move,office
1574262341.91,240,1,None,Move,office
1574262341.918,241,0,None,Move,office
1574262341.934,242,-1,None,Move,office
1574262341.9420002,243,-2,None,Move,office
1574262348.722,244,-1,None,Move,office
1574262348.7329998,244,-1,None,Move,office
1574262348.738,249,-5,None,Move,office
1574262348.746,250,0,None,Move,office
1574262348.994,250,2,None,Move,office
1574262349.002,250,3,None,Move,office
1574262349.01,250,5,None,Move,office
1574262349.018,250,8,None,Move,office
1574262349.026,249,11,None,Move,office
1574262349.034,249,15,None,Move,office
1574262349.042,249,20,None,Move,office
1574262349.05,249,24,None,Move,office
1574262349.0579998,249,27,None,Move,office
1574262349.066,249,28,None,Move,office
1574262349.074,248,29,None,Move,office
1574262349.082,248,30,None,Move,office
1574262349.1220002,247,30,None,Move,office
1574262349.1379998,247,33,None,Move,office
1574262349.146,247,33,None,Move,office
1574262349.154,247,34,None,Move,office
1574262349.1620002,247,38,None,Move,office
1574262349.17,247,40,None,Move,office
1574262349.178,251,46,None,Move,office
1574262349.186,251,48,None,Move,office
1574262349.194,251,52,None,Move,office
1574262349.202,251,57,None,Move,office
1574262349.21,251,64,None,Move,office
1574262349.218,251,74,None,Move,office
1574262349.226,252,87,None,Move,office
1574262349.234,255,102,None,Move,office
1574262349.242,256,119,None,Move,office
1574262349.25,259,138,None,Move,office
1574262349.2570002,264,161,None,Move,office
1574262349.266,271,185,None,Move,office
1574262349.274,278,212,None,Move,office
1574262349.282,287,240,None,Move,office
1574262349.29,297,271,None,Move,office
1574262349.298,307,302,None,Move,office
1574262349.306,317,339,None,Move,office
1574262349.314,325,376,None,Move,office
1574262349.322,331,415,None,Move,office
1574262349.33,338,454,None,Move,office
1574262349.3379998,341,490,None,Move,office
1574262349.346,343,521,None,Move,office
1574262349.354,345,549,None,Move,office
1574262349.3620002,345,577,None,Move,office
1574262349.37,345,604,None,Move,office
1574262349.3779998,345,631,None,Move,office
1574262349.3860002,345,659,None,Move,office
1574262349.394,345,683,None,Move,office
1574262349.4020002,345,703,None,Move,office
1574262349.41,345,721,None,Move,office
1574262349.418,345,736,None,Move,office
1574262349.426,345,748,None,Move,office
1574262349.434,345,755,None,Move,office
1574262349.4420002,345,760,None,Move,office
1574262349.45,345,763,None,Move,office
1574262349.458,345,765,None,Move,office
1574262349.466,345,769,None,Move,office
1574262349.474,345,773,None,Move,office
1574262349.482,345,778,None,Move,office
1574262349.49,345,782,None,Move,office
1574262349.498,344,787,None,Move,office
1574262349.506,343,789,None,Move,office
1574262349.514,342,791,None,Move,office
1574262349.522,341,793,None,Move,office
1574262349.53,341,796,None,Move,office
1574262349.538,341,798,None,Move,office
1574262349.546,339,802,None,Move,office
1574262349.554,336,804,None,Move,office
1574262349.562,336,806,None,Move,office
1574262349.57,333,810,None,Move,office
1574262349.5779998,331,816,None,Move,office
1574262349.586,331,818,None,Move,office
1574262349.594,331,821,None,Move,office
1574262349.6020002,331,825,None,Move,office
1574262349.61,330,829,None,Move,office
1574262349.6179998,329,832,None,Move,office
1574262349.6260002,327,835,None,Move,office
1574262349.6339998,325,839,None,Move,office
1574262349.6420002,324,842,None,Move,office
1574262349.65,323,846,None,Move,office
1574262349.658,323,851,None,Move,office
1574262349.666,323,855,None,Move,office
1574262349.674,322,860,None,Move,office
1574262349.6820002,322,864,None,Move,office
1574262349.69,322,864,None,Move,office
1574262349.698,318,868,None,Move,office
1574262349.706,318,869,None,Move,office
1574262349.729,318,869,None,Move,office
1574262349.746,318,870,None,Move,office
1574262349.99,318,871,None,Move,office
1574262350.002,318,872,None,Move,office
1574262350.008,317,874,None,Move,office
1574262350.014,317,875,None,Move,office
1574262350.022,316,876,None,Move,office
1574262350.03,312,879,None,Move,office
1574262350.038,307,884,None,Move,office
1574262350.046,304,884,None,Move,office
1574262350.054,302,885,None,Move,office
1574262350.062,297,886,None,Move,office
1574262350.07,288,887,None,Move,office
1574262350.0779998,276,888,None,Move,office
1574262350.086,261,890,None,Move,office
1574262350.094,243,891,None,Move,office
1574262350.1020002,222,893,None,Move,office
1574262350.11,198,893,None,Move,office
1574262350.1179998,178,893,None,Move,office
1574262350.1260002,161,893,None,Move,office
1574262350.1339998,146,893,None,Move,office
1574262350.1420002,134,893,None,Move,office
1574262350.15,133,893,None,Move,office
1574262350.158,130,893,None,Move,office
1574262350.278,129,893,None,Move,office
1574262350.293,127,893,None,Move,office
1574262350.304,120,893,None,Move,office
1574262350.31,119,893,None,Move,office
1574262350.3179998,114,893,None,Move,office
1574262350.326,109,893,None,Move,office
1574262350.334,105,893,None,Move,office
1574262350.342,100,893,None,Move,office
1574262350.35,97,893,None,Move,office
1574262350.3579998,94,893,None,Move,office
1574262350.3660002,90,893,None,Move,office
1574262350.3739998,89,893,None,Move,office
1574262350.822,88,893,None,Move,office
1574262350.87,88,893,None,Move,office
1574262355.5170002,91,891,None,Move,office
1574262355.525,92,891,None,Move,office
1574262355.533,95,887,None,Move,office
1574262355.541,96,886,None,Move,office
1574262355.549,100,882,None,Move,office
1574262355.5570002,104,879,None,Move,office
1574262355.566,107,876,None,Move,office
1574262355.574,108,875,None,Move,office
1574262355.5979998,105,876,None,Move,office
1574262355.606,102,878,None,Move,office
1574262355.6139998,97,885,None,Move,office
1574262355.6220002,93,892,None,Move,office
1574262355.63,89,904,None,Move,office
1574262355.6379998,86,925,None,Move,office
1574262355.646,82,961,None,Move,office
1574262355.654,80,1009,None,Move,office
1574262355.6620002,78,1067,None,Move,office
1574262355.67,76,1128,None,Move,office
1574262355.678,73,1144,None,Move,office
1574262355.686,73,1143,None,Move,office
1574262355.694,73,1140,None,Move,office
1574262355.702,73,1133,None,Move,office
1574262355.71,73,1124,None,Move,office
1574262355.718,73,1113,None,Move,office
1574262355.726,73,1106,None,Move,office
1574262355.734,73,1097,None,Move,office
1574262355.742,73,1094,None,Move,office
1574262355.75,72,1092,None,Move,office
1574262355.758,72,1089,None,Move,office
1574262355.766,70,1090,None,Move,office
1574262355.774,69,1087,None,Move,office
1574262355.782,69,1088,None,Move,office
1574262355.79,69,1087,None,Move,office
1574262355.798,69,1087,None,Move,office
1574262355.806,69,1086,None,Move,office
1574262355.814,72,1087,None,Move,office
1574262355.822,74,1084,None,Move,office
1574262355.83,77,1084,None,Move,office
1574262355.8379998,80,1082,None,Move,office
1574262355.846,86,1081,None,Move,office
1574262355.854,93,1080,None,Move,office
1574262355.8620002,103,1080,None,Move,office
1574262355.87,118,1079,None,Move,office
1574262355.8779998,142,1074,None,Move,office
1574262355.8860002,183,1061,None,Move,office
1574262355.894,234,1045,None,Move,office
1574262355.9020002,292,1026,None,Move,office
1574262355.91,354,1003,None,Move,office
1574262355.918,415,981,None,Move,office
1574262355.926,474,959,None,Move,office
1574262355.934,529,940,None,Move,office
1574262355.9420002,580,924,None,Move,office
1574262355.95,621,911,None,Move,office
1574262355.957,649,902,None,Move,office
1574262355.966,665,898,None,Move,office
1574262355.974,666,897,None,Move,office
1574262356.03,672,896,None,Move,office
1574262356.038,672,896,None,Move,office
1574262356.046,675,896,None,Move,office
1574262356.054,676,896,None,Move,office
1574262356.063,676,898,None,Move,office
1574262356.07,676,900,None,Move,office
1574262356.0779998,676,902,None,Move,office
1574262356.086,676,904,None,Move,office
1574262356.094,674,906,None,Move,office
1574262356.1020002,668,911,None,Move,office
1574262356.11,665,916,None,Move,office
1574262356.1179998,663,919,None,Move,office
1574262356.1260002,659,924,None,Move,office
1574262356.1339998,655,928,None,Move,office
1574262356.1420002,649,935,None,Move,office
1574262356.15,642,941,None,Move,office
1574262356.158,632,949,None,Move,office
1574262356.166,625,955,None,Move,office
1574262356.174,617,962,None,Move,office
1574262356.1820002,609,968,None,Move,office
1574262356.19,608,970,None,Move,office
1574262356.198,604,975,None,Move,office
1574262356.206,604,978,None,Move,office
1574262356.214,601,982,None,Move,office
1574262356.222,600,984,None,Move,office
1574262356.23,600,985,None,Move,office
1574262356.238,598,987,None,Move,office
1574262356.246,596,990,None,Move,office
1574262356.254,591,992,None,Move,office
1574262356.262,588,994,None,Move,office
1574262356.27,584,997,None,Move,office
1574262356.278,582,1001,None,Move,office
1574262356.286,580,1001,None,Move,office
1574262356.294,578,1003,None,Move,office
1574262356.302,578,1004,None,Move,office
1574262356.31,577,1004,None,Move,office
1574262356.3179998,573,1007,None,Move,office
1574262356.326,572,1009,None,Move,office
1574262356.334,568,1011,None,Move,office
1574262356.342,567,1014,None,Move,office
1574262356.35,565,1016,None,Move,office
1574262356.3579998,564,1017,None,Move,office
1574262356.3660002,563,1019,None,Move,office
1574262356.3739998,563,1019,None,Move,office
1574262356.3820002,560,1023,None,Move,office
1574262356.39,559,1024,None,Move,office
1574262356.3979998,558,1025,None,Move,office
1574262356.406,557,1026,None,Move,office
1574262356.414,554,1028,None,Move,office
1574262356.4220002,551,1030,None,Move,office
1574262356.43,547,1033,None,Move,office
1574262356.438,544,1035,None,Move,office
1574262356.446,540,1036,None,Move,office
1574262356.454,538,1037,None,Move,office
1574262356.462,535,1038,None,Move,office
1574262356.47,534,1038,None,Move,office
1574262356.51,534,1040,None,Move,office
1574262356.518,534,1040,None,Move,office
1574262356.525,534,1043,None,Move,office
1574262356.534,534,1044,None,Move,office
1574262356.542,534,1048,None,Move,office
1574262356.55,534,1050,None,Move,office
1574262356.5579998,534,1051,None,Move,office
1574262356.566,534,1052,None,Move,office
1574262356.574,534,1052,Left,Pressed,office
1574262356.67,534,1052,Left,Released,office
1574262356.706,534,1052,None,Move,file system
1574262356.722,534,1052,None,Move,file system
1574262356.738,538,1049,None,Move,file system
1574262356.746,539,1048,None,Move,file system
1574262356.802,540,1048,None,Move,file system
1574262356.81,541,1048,None,Move,file system
1574262356.8179998,543,1047,None,Move,file system
1574262356.826,545,1047,None,Move,file system
1574262356.834,547,1047,None,Move,file system
1574262356.842,550,1047,None,Move,file system
1574262356.85,555,1047,None,Move,file system
1574262356.8579998,555,1047,None,Move,file system
1574262356.8660002,559,1047,None,Move,file system
1574262356.8739998,561,1047,None,Move,file system
1574262356.8820002,564,1047,None,Move,file system
1574262356.89,569,1047,None,Move,file system
1574262356.8979998,572,1047,None,Move,file system
1574262356.906,574,1047,None,Move,file system
1574262356.914,578,1047,None,Move,file system
1574262356.9220002,583,1047,None,Move,file system
1574262356.93,588,1047,None,Move,file system
1574262356.938,592,1047,None,Move,file system
1574262356.946,597,1047,None,Move,file system
1574262356.954,604,1047,None,Move,file system
1574262356.962,606,1047,None,Move,file system
1574262356.97,610,1047,None,Move,file system
1574262356.978,613,1047,None,Move,file system
1574262356.986,614,1046,None,Move,file system
1574262356.994,618,1046,None,Move,file system
1574262357.002,620,1045,None,Move,file system
1574262357.01,621,1045,None,Move,file system
1574262357.018,622,1044,None,Move,file system
1574262357.026,624,1043,None,Move,file system
1574262357.034,625,1042,None,Move,file system
1574262357.042,627,1039,None,Move,file system
1574262357.05,629,1036,None,Move,file system
1574262357.0579998,635,1031,None,Move,file system
1574262357.066,637,1029,None,Move,file system
1574262357.074,640,1022,None,Move,file system
1574262357.082,640,1018,None,Move,file system
1574262357.09,641,1014,None,Move,file system
1574262357.0979998,643,1009,None,Move,file system
1574262357.106,644,1000,None,Move,file system
1574262357.1139998,646,993,None,Move,file system
1574262357.1220002,648,984,None,Move,file system
1574262357.13,649,979,None,Move,file system
1574262357.186,649,979,Left,Pressed,file system
1574262357.298,649,979,Left,Released,file system
