client_timestamp,x,y,button,state,window
1571235164.563,125,509,None,Move,office
1571235164.57,131,509,None,Move,office
1571235164.5779998,134,509,None,Move,office
1571235164.586,138,509,None,Move,office
1571235164.594,146,508,None,Move,office
1571235164.6020002,157,505,None,Move,office
1571235164.61,174,502,None,Move,office
1571235164.619,196,498,None,Move,office
1571235164.627,220,491,None,Move,office
1571235164.6339998,248,479,None,Move,office
1571235164.6420002,273,469,None,Move,office
1571235164.65,299,458,None,Move,office
1571235164.658,322,445,None,Move,office
1571235164.666,339,435,None,Move,office
1571235164.675,360,419,None,Move,office
1571235164.6820002,376,403,None,Move,office
1571235164.69,398,382,None,Move,office
1571235164.698,414,367,None,Move,office
1571235164.707,428,351,None,Move,office
1571235164.715,436,340,None,Move,office
1571235164.722,441,328,None,Move,office
1571235164.731,441,326,None,Move,office
1571235164.738,441,324,None,Move,office
1571235164.746,442,317,None,Move,office
1571235164.754,442,312,None,Move,office
1571235164.7629998,442,308,None,Move,office
1571235164.771,442,305,None,Move,office
1571235164.779,442,303,None,Move,office
1571235164.786,442,299,None,Move,office
1571235164.794,442,297,None,Move,office
1571235164.802,442,296,None,Move,office
1571235164.8170002,442,294,None,Move,office
1571235164.835,441,291,None,Move,office
1571235164.843,440,290,None,Move,office
1571235164.867,439,290,None,Move,office
1571235164.8739998,438,289,None,Move,office
1571235164.8820002,437,288,None,Move,office
1571235164.8979998,434,284,None,Move,office
1571235164.907,434,283,None,Move,office
1571235164.915,431,281,None,Move,office
1571235164.9220002,425,273,None,Move,office
1571235164.931,422,270,None,Move,office
1571235164.939,419,263,None,Move,office
1571235164.947,415,258,None,Move,office
1571235164.954,409,251,None,Move,office
1571235164.9629998,407,248,None,Move,office
1571235164.97,403,241,None,Move,office
1571235164.979,402,238,None,Move,office
1571235164.986,400,234,None,Move,office
1571235164.995,399,233,None,Move,office
1571235165.002,398,231,None,Move,office
1571235165.01,397,230,None,Move,office
1571235165.02,396,229,None,Move,office
1571235165.026,396,228,None,Move,office
1571235165.035,396,227,None,Move,office
1571235165.043,395,226,None,Move,office
1571235165.056,394,225,None,Move,office
1571235165.065,392,224,None,Move,office
1571235165.072,392,224,None,Move,office
1571235165.475,392,223,None,Move,office
1571235165.49,391,219,None,Move,office
1571235165.498,391,218,None,Move,office
1571235524.115,398,222,None,Move,office
1571235524.127,399,223,None,Move,office
1571235524.1339998,406,230,None,Move,office
1571235524.139,416,241,None,Move,office
1571235524.146,428,258,None,Move,office
1571235524.154,444,282,None,Move,office
1571235524.1620002,464,309,None,Move,office
1571235524.17,484,337,None,Move,office
1571235524.178,500,361,None,Move,office
1571235524.186,518,388,None,Move,office
1571235524.195,533,415,None,Move,office
1571235524.202,546,441,None,Move,office
1571235524.21,552,461,None,Move,office
1571235524.218,556,478,None,Move,office
1571235524.226,558,495,None,Move,office
1571235524.234,558,508,None,Move,office
1571235524.242,557,520,None,Move,office
1571235524.25,555,529,None,Move,office
1571235524.258,551,536,None,Move,office
1571235524.266,550,538,None,Move,office
1571235524.274,547,539,None,Move,office
1571235524.283,545,541,None,Move,office
1571235524.291,541,542,None,Move,office
1571235524.299,537,544,None,Move,office
1571235524.306,531,546,None,Move,office
1571235524.314,528,547,None,Move,office
1571235524.326,525,548,None,Move,office
1571235524.334,519,550,None,Move,office
1571235524.342,516,551,None,Move,office
1571235524.35,510,553,None,Move,office
1571235524.3579998,503,555,None,Move,office
1571235524.3660002,496,558,None,Move,office
1571235524.375,487,560,None,Move,office
1571235524.3820002,478,563,None,Move,office
1571235524.39,468,564,None,Move,office
1571235524.3979998,458,565,None,Move,office
1571235524.407,446,565,None,Move,office
1571235524.414,434,565,None,Move,office
1571235524.4220002,423,565,None,Move,office
1571235524.43,409,565,None,Move,office
1571235524.438,396,565,None,Move,office
1571235524.446,384,562,None,Move,office
1571235524.454,372,558,None,Move,office
1571235524.462,360,553,None,Move,office
1571235524.47,347,546,None,Move,office
1571235524.478,335,538,None,Move,office
1571235524.486,323,531,None,Move,office
1571235524.494,310,523,None,Move,office
1571235524.502,299,515,None,Move,office
1571235524.51,290,507,None,Move,office
1571235524.518,283,500,None,Move,office
1571235524.526,276,494,None,Move,office
1571235524.534,270,488,None,Move,office
1571235524.542,265,480,None,Move,office
1571235524.55,260,473,None,Move,office
1571235524.5579998,259,471,None,Move,office
1571235524.566,258,470,None,Move,office
1571235524.574,258,469,None,Move,office
1571235524.7270002,258,465,None,Move,office
1571235524.7370002,256,463,None,Move,office
1571235524.742,255,461,None,Move,office
1571235524.75,254,457,None,Move,office
1571235524.758,252,454,None,Move,office
1571235524.7670002,248,448,None,Move,office
1571235524.775,244,442,None,Move,office
1571235524.782,242,435,None,Move,office
1571235524.791,238,427,None,Move,office
1571235524.798,235,423,None,Move,office
1571235524.8070002,233,419,None,Move,office
1571235524.814,231,416,None,Move,office
1571235524.822,230,414,None,Move,office
1571235524.83,229,413,None,Move,office
1571235525.031,230,413,None,Move,office
1571235525.042,231,413,None,Move,office
1571235525.0470002,232,416,None,Move,office
1571235525.054,235,422,None,Move,office
1571235525.062,239,426,None,Move,office
1571235525.07,244,431,None,Move,office
1571235525.0779998,250,437,None,Move,office
1571235525.086,255,443,None,Move,office
1571235525.094,256,446,None,Move,office
1571235525.1020002,259,449,None,Move,office
1571235525.3179998,259,449,Left,Pressed,office
1571235525.3979998,259,449,Left,Released,office
1571235526.11,260,449,None,Move,office
1571235526.1260002,265,447,None,Move,office
1571235526.1339998,270,444,None,Move,office
1571235526.1420002,283,438,None,Move,office
1571235526.15,298,431,None,Move,office
1571235526.158,314,424,None,Move,office
1571235526.166,329,419,None,Move,office
1571235526.174,344,412,None,Move,office
1571235526.188,358,406,None,Move,office
1571235526.1929998,373,402,None,Move,office
1571235526.198,389,398,None,Move,office
1571235526.206,406,392,None,Move,office
1571235526.218,423,389,None,Move,office
1571235526.2229998,440,385,None,Move,office
1571235526.23,455,382,None,Move,office
1571235526.238,467,381,None,Move,office
1571235526.246,475,380,None,Move,office
1571235526.254,482,379,None,Move,office
1571235526.262,491,376,None,Move,office
1571235526.27,498,375,None,Move,office
1571235526.278,500,373,None,Move,office
1571235526.286,506,371,None,Move,office
1571235526.294,507,370,None,Move,office
1571235526.302,508,370,None,Move,office
1571235526.3979998,509,370,None,Move,office
1571235526.407,511,370,None,Move,office
1571235526.414,514,370,None,Move,office
1571235526.4220002,515,369,None,Move,office
1571235526.43,520,368,None,Move,office
1571235526.438,521,368,None,Move,office
1571235526.446,522,367,None,Move,office
1571235526.454,523,365,None,Move,office
1571235526.484,531,360,None,Move,office
1571235526.49,531,359,None,Move,office
1571235526.51,533,358,None,Move,office
1571235526.518,536,356,None,Move,office
1571235526.526,536,355,None,Move,office
1571235526.534,536,354,None,Move,office
1571235526.542,536,352,None,Move,office
1571235526.55,536,351,None,Move,office
1571235526.5579998,536,348,None,Move,office
1571235526.566,536,344,None,Move,office
1571235526.574,536,344,None,Move,office
1571235526.59,535,342,None,Move,office
1571235526.5979998,534,339,None,Move,office
1571235526.606,532,337,None,Move,office
1571235526.6160002,532,337,None,Move,office
1571235526.6220002,530,335,None,Move,office
1571235526.631,529,334,None,Move,office
1571235526.6379998,529,334,None,Move,office
1571235526.646,529,333,None,Move,office
1571235526.654,529,331,None,Move,office
1571235526.6620002,528,329,None,Move,office
1571235526.677,528,328,None,Move,office
1571235526.799,528,328,Left,Pressed,office
1571235526.879,528,328,Left,Released,office
1571235527.41,527,328,None,Move,office
1571235527.426,527,331,None,Move,office
1571235527.434,527,335,None,Move,office
1571235527.4420002,527,339,None,Move,office
1571235527.45,527,345,None,Move,office
1571235527.458,527,353,None,Move,office
1571235527.466,527,362,None,Move,office
1571235527.475,527,369,None,Move,office
1571235527.482,527,375,None,Move,office
1571235527.49,527,378,None,Move,office
1571235527.498,527,379,None,Move,office
1571235527.522,527,379,Left,Pressed,office
1571235527.6339998,527,379,Left,Released,office
1571235533.106,527,380,None,Move,office
1571235533.1139998,527,381,None,Move,office
1571235533.154,527,382,None,Move,office
1571235533.1620002,527,382,None,Move,office
1571235533.17,527,382,None,Move,office
1571235533.178,528,381,None,Move,office
1571235533.186,529,381,None,Move,office
1571235533.2029998,530,379,None,Move,office
1571235533.21,530,378,None,Move,office
1571235533.218,531,377,None,Move,office
1571235533.226,532,375,None,Move,office
1571235533.234,533,374,None,Move,office
1571235533.242,534,373,None,Move,office
1571235533.25,536,371,None,Move,office
1571235533.258,537,369,None,Move,office
1571235533.266,539,367,None,Move,office
1571235533.274,540,367,None,Move,office
1571235533.282,540,365,None,Move,office
1571235533.29,541,363,None,Move,office
1571235533.314,542,363,None,Move,office
1571235533.347,543,362,None,Move,office
1571235533.354,544,360,None,Move,office
1571235533.395,547,358,None,Move,office
1571235533.4020002,549,356,None,Move,office
1571235533.41,550,355,None,Move,office
1571235533.4420002,551,354,None,Move,office
1571235533.45,552,354,None,Move,office
1571235533.475,553,354,None,Move,office
1571235533.4910002,553,354,None,Move,office
1571235533.498,555,353,None,Move,office
1571235533.555,562,350,None,Move,office
1571235533.5670002,563,349,None,Move,office
1571235533.575,565,348,None,Move,office
1571235533.581,566,347,None,Move,office
1571235533.586,568,346,None,Move,office
1571235533.594,569,345,None,Move,office
1571235533.6020002,569,344,None,Move,office
1571235533.61,571,343,None,Move,office
1571235533.619,572,343,None,Move,office
1571235533.6260002,573,343,None,Move,office
1571235533.6339998,576,342,None,Move,office
1571235533.643,577,341,None,Move,office
1571235533.654,578,340,None,Move,office
1571235533.6620002,580,339,None,Move,office
1571235533.67,582,338,None,Move,office
1571235533.678,583,337,None,Move,office
1571235533.686,584,336,None,Move,office
1571235533.702,586,334,None,Move,office
1571235533.71,587,333,None,Move,office
1571235533.718,589,333,None,Move,office
1571235533.726,591,333,None,Move,office
1571235533.734,593,333,None,Move,office
1571235533.742,595,333,None,Move,office
1571235533.75,598,333,None,Move,office
1571235533.758,599,333,None,Move,office
1571235533.766,602,332,None,Move,office
1571235533.774,603,332,None,Move,office
1571235533.782,605,331,None,Move,office
1571235533.79,606,331,None,Move,office
1571235533.798,608,331,None,Move,office
1571235533.806,609,331,None,Move,office
1571235534.055,609,331,Left,Pressed,office
1571235534.151,609,331,Left,Released,office
1571235534.158,609,331,None,Move,office
1571235534.166,608,333,None,Move,office
1571235534.174,605,335,None,Move,office
1571235534.1820002,603,338,None,Move,office
1571235534.19,598,341,None,Move,office
1571235534.198,592,345,None,Move,office
1571235534.206,585,350,None,Move,office
1571235534.214,584,350,None,Move,office
1571235534.222,583,351,None,Move,office
1571235534.23,582,351,None,Move,office
1571235534.294,581,352,None,Move,office
1571235534.31,580,354,None,Move,office
1571235534.3179998,579,355,None,Move,office
1571235534.327,576,356,None,Move,office
1571235534.334,575,358,None,Move,office
1571235534.342,573,359,None,Move,office
1571235534.35,570,364,None,Move,office
1571235534.3579998,565,370,None,Move,office
1571235534.3660002,562,372,None,Move,office
1571235534.3739998,559,378,None,Move,office
1571235534.3820002,554,384,None,Move,office
1571235534.39,551,389,None,Move,office
1571235534.3979998,546,395,None,Move,office
1571235534.406,541,401,None,Move,office
1571235534.414,536,407,None,Move,office
1571235534.4220002,533,412,None,Move,office
1571235534.43,529,418,None,Move,office
1571235534.438,526,424,None,Move,office
1571235534.452,522,430,None,Move,office
1571235534.46,519,436,None,Move,office
1571235534.467,515,442,None,Move,office
1571235534.472,514,443,None,Move,office
1571235534.478,513,447,None,Move,office
1571235534.486,512,449,None,Move,office
1571235534.494,512,450,None,Move,office
1571235534.5070002,511,451,None,Move,office
1571235534.516,510,452,None,Move,office
1571235534.6139998,508,454,None,Move,office
1571235534.6220002,508,455,None,Move,office
1571235534.63,508,456,None,Move,office
1571235534.646,507,457,None,Move,office
1571235534.654,505,459,None,Move,office
1571235534.6620002,504,464,None,Move,office
1571235534.67,503,467,None,Move,office
1571235534.678,501,470,None,Move,office
1571235534.686,500,474,None,Move,office
1571235534.694,499,477,None,Move,office
1571235534.702,499,481,None,Move,office
1571235534.71,497,488,None,Move,office
1571235534.718,496,495,None,Move,office
1571235534.726,495,502,None,Move,office
1571235534.734,494,511,None,Move,office
1571235534.742,493,521,None,Move,office
1571235534.75,490,535,None,Move,office
1571235534.758,487,553,None,Move,office
1571235534.766,482,577,None,Move,office
1571235534.774,476,606,None,Move,office
1571235534.782,472,642,None,Move,office
1571235534.79,470,680,None,Move,office
1571235534.798,468,721,None,Move,office
1571235534.806,468,765,None,Move,office
1571235534.814,468,810,None,Move,office
1571235534.822,468,847,None,Move,office
1571235534.83,468,881,None,Move,office
1571235534.8379998,468,908,None,Move,office
1571235534.846,468,932,None,Move,office
1571235534.854,468,950,None,Move,office
1571235534.867,469,967,None,Move,office
1571235534.8760002,471,981,None,Move,office
1571235534.883,475,993,None,Move,office
1571235534.8879998,479,1002,None,Move,office
1571235534.894,482,1010,None,Move,office
1571235534.9020002,484,1018,None,Move,office
1571235534.91,487,1025,None,Move,office
1571235534.918,489,1032,None,Move,office
1571235534.9320002,491,1039,None,Move,office
1571235534.94,494,1047,None,Move,office
1571235534.945,495,1052,None,Move,office
1571235534.95,496,1057,None,Move,office
1571235534.958,497,1061,None,Move,office
1571235534.974,498,1070,None,Move,office
1571235534.9829998,498,1074,None,Move,office
1571235534.99,498,1077,None,Move,office
1571235534.998,498,1081,None,Move,office
1571235535.006,499,1083,None,Move,office
1571235535.014,501,1082,None,Move,office
1571235535.022,504,1083,None,Move,office
1571235535.03,506,1082,None,Move,office
1571235535.038,508,1081,None,Move,office
1571235535.052,511,1083,None,Move,office
1571235535.06,513,1082,None,Move,office
1571235535.066,513,1080,None,Move,office
1571235535.072,516,1082,None,Move,office
1571235535.0779998,517,1082,None,Move,office
1571235535.086,518,1082,None,Move,office
1571235535.094,519,1081,None,Move,office
1571235535.109,521,1081,None,Move,office
1571235535.129,525,1085,None,Move,office
1571235535.139,527,1079,None,Move,office
1571235535.146,529,1080,None,Move,office
1571235535.1520002,529,1079,None,Move,office
1571235535.158,531,1079,None,Move,office
1571235535.166,534,1079,None,Move,office
1571235535.174,535,1079,None,Move,office
1571235535.1820002,536,1079,None,Move,office
1571235535.19,537,1079,None,Move,office
1571235535.198,538,1079,None,Move,office
1571235535.206,539,1079,None,Move,office
1571235535.214,539,1079,None,Move,office
1571235535.222,540,1079,None,Move,office
1571235535.23,541,1078,None,Move,office
1571235535.238,543,1076,None,Move,office
1571235535.246,544,1074,None,Move,office
1571235535.254,546,1072,None,Move,office
1571235535.262,547,1071,None,Move,office
1571235535.27,548,1071,None,Move,office
1571235535.286,548,1069,None,Move,office
1571235535.294,548,1068,None,Move,office
1571235535.399,548,1068,Left,Pressed,office
1571235535.478,548,1068,Left,Released,office
1571235535.574,549,1068,None,Move,file system
1571235535.586,550,1067,None,Move,file system
1571235535.595,551,1066,None,Move,file system
1571235535.606,556,1064,None,Move,file system
1571235535.6260002,567,1056,None,Move,file system
1571235535.641,577,1049,None,Move,file system
1571235535.655,586,1044,None,Move,file system
1571235535.664,590,1042,None,Move,file system
1571235535.677,594,1039,None,Move,file system
1571235535.688,607,1031,None,Move,file system
1571235535.694,618,1026,None,Move,file system
1571235535.702,630,1020,None,Move,file system
1571235535.712,644,1015,None,Move,file system
1571235535.719,661,1009,None,Move,file system
1571235535.726,681,1004,None,Move,file system
1571235535.734,702,998,None,Move,file system
1571235535.742,723,992,None,Move,file system
1571235535.75,744,985,None,Move,file system
1571235535.758,764,979,None,Move,file system
1571235535.766,780,973,None,Move,file system
1571235535.786,807,962,None,Move,file system
1571235535.7970002,818,957,None,Move,file system
1571235535.806,837,949,None,Move,file system
1571235535.814,845,947,None,Move,file system
1571235535.822,852,944,None,Move,file system
1571235535.83,856,943,None,Move,file system
1571235535.8379998,859,941,None,Move,file system
1571235535.8620002,860,941,None,Move,file system
1571235535.87,861,941,None,Move,file system
1571235535.8779998,864,940,None,Move,file system
1571235535.8860002,868,939,None,Move,file system
1571235535.894,872,938,None,Move,file system
1571235535.9020002,881,937,None,Move,file system
1571235535.91,892,935,None,Move,file system
1571235535.918,907,935,None,Move,file system
1571235535.926,928,935,None,Move,file system
1571235535.934,952,935,None,Move,file system
1571235535.9420002,982,935,None,Move,file system
1571235535.95,1016,935,None,Move,file system
1571235535.958,1050,935,None,Move,file system
1571235535.966,1081,935,None,Move,file system
1571235535.974,1108,935,None,Move,file system
1571235535.982,1129,935,None,Move,file system
1571235535.99,1146,935,None,Move,file system
1571235535.998,1159,935,None,Move,file system
1571235536.006,1164,935,None,Move,file system
1571235536.014,1167,935,None,Move,file system
1571235536.022,1168,935,None,Move,file system
1571235536.03,1170,934,None,Move,file system
1571235536.038,1172,934,None,Move,file system
1571235536.046,1172,934,None,Move,file system
1571235536.054,1173,934,None,Move,file system
1571235536.1820002,1173,934,Left,Pressed,file system
1571235536.279,1173,934,Left,Released,file system
1571235536.566,1175,934,None,Move,office
1571235536.574,1175,934,None,Move,office
1571235536.582,1175,931,None,Move,office
1571235536.59,1172,929,None,Move,office
1571235536.5979998,1169,926,None,Move,office
1571235536.606,1166,923,None,Move,office
1571235536.6139998,1163,923,None,Move,office
1571235536.6220002,1161,921,None,Move,office
1571235536.63,1155,917,None,Move,office
1571235536.639,1151,915,None,Move,office
1571235536.65,1147,913,None,Move,office
1571235536.658,1141,910,None,Move,office
1571235536.666,1134,906,None,Move,office
1571235536.674,1124,900,None,Move,office
1571235536.6820002,1114,893,None,Move,office
1571235536.69,1103,885,None,Move,office
1571235536.698,1090,875,None,Move,office
1571235536.706,1078,864,None,Move,office
1571235536.714,1065,853,None,Move,office
1571235536.722,1051,841,None,Move,office
1571235536.73,1036,829,None,Move,office
1571235536.738,1021,818,None,Move,office
1571235536.746,1003,803,None,Move,office
1571235536.754,985,788,None,Move,office
1571235536.762,964,772,None,Move,office
1571235536.77,943,756,None,Move,office
1571235536.778,921,736,None,Move,office
1571235536.786,901,716,None,Move,office
1571235536.794,881,694,None,Move,office
1571235536.802,861,675,None,Move,office
1571235536.811,844,656,None,Move,office
1571235536.8179998,833,641,None,Move,office
1571235536.826,823,629,None,Move,office
1571235536.834,815,620,None,Move,office
1571235536.9220002,812,617,None,Move,office
1571235536.936,811,616,None,Move,office
1571235536.95,811,616,None,Move,office
1571235537.082,810,619,None,Move,office
1571235537.0979998,809,619,None,Move,office
1571235537.106,805,619,None,Move,office
1571235537.115,802,619,None,Move,office
1571235537.123,796,618,None,Move,office
1571235537.13,785,614,None,Move,office
1571235537.1379998,770,609,None,Move,office
1571235537.146,755,604,None,Move,office
1571235537.154,737,597,None,Move,office
1571235537.1620002,718,587,None,Move,office
1571235537.1720002,702,578,None,Move,office
1571235537.178,688,570,None,Move,office
1571235537.187,677,562,None,Move,office
1571235537.194,668,554,None,Move,office
1571235537.202,665,551,None,Move,office
1571235537.21,663,549,None,Move,office
1571235537.242,662,549,None,Move,office
1571235537.258,661,549,None,Move,office
1571235537.266,661,549,None,Move,office
1571235537.274,661,550,None,Move,office
1571235537.282,661,551,None,Move,office
1571235537.29,661,553,None,Move,office
1571235537.298,661,555,None,Move,office
1571235537.306,661,556,None,Move,office
1571235537.315,661,556,None,Move,office
1571235537.339,659,556,None,Move,office
1571235537.347,658,556,None,Move,office
1571235537.3620002,658,556,None,Move,office
1571235537.3860002,656,556,None,Move,office
1571235537.4020002,654,556,None,Move,office
1571235537.419,653,556,None,Move,office
1571235537.426,650,556,None,Move,office
1571235537.4420002,648,556,None,Move,office
1571235537.45,645,556,None,Move,office
1571235537.458,640,556,None,Move,office
1571235537.467,636,556,None,Move,office
1571235537.474,631,556,None,Move,office
1571235537.482,628,556,None,Move,office
1571235537.49,625,557,None,Move,office
1571235537.498,624,557,None,Move,office
1571235537.506,623,557,None,Move,office
1571235537.515,622,557,None,Move,office
1571235537.899,621,557,None,Move,office
1571235537.915,639,553,None,Move,office
1571235537.9220002,673,543,None,Move,office
1571235537.93,811,506,None,Move,office
1571235537.939,989,458,None,Move,office
1571235537.946,1195,401,None,Move,office
1571235537.955,1427,337,None,Move,office
1571235537.962,1672,272,None,Move,office
1571235537.97,1928,202,None,Move,office
1571235537.978,2171,125,None,Move,office
1571235537.986,2152,48,None,Move,office
1571235537.995,2118,-31,None,Move,office
1571235538.002,2089,-80,None,Move,office
1571235538.01,2053,-70,None,Move,office
1571235538.019,2027,-71,None,Move,office
1571235538.026,1997,-62,None,Move,office
1571235538.034,1975,-51,None,Move,office
1571235538.042,1956,-42,None,Move,office
1571235538.05,1941,-28,None,Move,office
1571235538.0579998,1928,-16,None,Move,office
1571235538.066,1923,-12,None,Move,office
1571235538.074,1920,-10,None,Move,office
1571235538.082,1921,-6,None,Move,office
1571235538.09,1919,-1,None,Move,office
1571235538.0979998,1918,-1,None,Move,office
1571235538.266,1918,-1,None,Move,office
1571235538.282,1919,0,None,Move,office
1571235538.29,1920,0,None,Move,office
1571235538.331,1919,0,Left,Pressed,office
1571235538.411,1919,0,Left,Released,office
1571235538.426,1920,0,None,Move,office
1571235538.435,1920,0,None,Move,office
1571235538.522,1919,0,None,Move,office
1571235538.541,1915,8,None,Move,office
1571235538.552,1914,10,None,Move,office
1571235538.559,1911,13,None,Move,office
1571235538.565,1907,18,None,Move,office
1571235538.571,1904,22,None,Move,office
1571235538.5779998,1899,30,None,Move,office
1571235538.586,1892,40,None,Move,office
1571235538.594,1882,53,None,Move,office
1571235538.6020002,1868,70,None,Move,office
1571235538.61,1848,92,None,Move,office
1571235538.6179998,1822,118,None,Move,office
1571235538.6260002,1786,149,None,Move,office
1571235538.6339998,1748,183,None,Move,office
1571235538.6420002,1705,221,None,Move,office
1571235538.65,1660,259,None,Move,office
1571235538.658,1615,300,None,Move,office
1571235538.666,1569,338,None,Move,office
1571235538.674,1524,376,None,Move,office
1571235538.6820002,1485,410,None,Move,office
1571235538.69,1450,444,None,Move,office
1571235538.698,1420,473,None,Move,office
1571235538.706,1394,499,None,Move,office
1571235538.714,1371,522,None,Move,office
1571235538.722,1349,545,None,Move,office
1571235538.73,1326,567,None,Move,office
1571235538.738,1303,590,None,Move,office
1571235538.746,1281,613,None,Move,office
1571235538.754,1261,632,None,Move,office
1571235538.762,1239,652,None,Move,office
1571235538.77,1220,669,None,Move,office
1571235538.778,1202,684,None,Move,office
1571235538.786,1188,694,None,Move,office
1571235538.794,1174,703,None,Move,office
1571235538.802,1163,708,None,Move,office
1571235538.81,1154,713,None,Move,office
1571235538.8179998,1147,717,None,Move,office
1571235538.826,1141,719,None,Move,office
1571235538.834,1136,720,None,Move,office
1571235538.842,1132,722,None,Move,office
1571235538.85,1128,723,None,Move,office
1571235538.8579998,1122,724,None,Move,office
1571235538.867,1117,724,None,Move,office
1571235538.875,1111,724,None,Move,office
1571235538.883,1104,724,None,Move,office
1571235538.89,1097,724,None,Move,office
1571235538.8979998,1089,724,None,Move,office
1571235538.906,1081,723,None,Move,office
1571235538.914,1074,720,None,Move,office
1571235538.9220002,1068,717,None,Move,office
1571235538.93,1062,712,None,Move,office
1571235538.938,1060,706,None,Move,office
1571235538.946,1059,701,None,Move,office
1571235538.954,1058,696,None,Move,office
1571235538.962,1057,692,None,Move,office
1571235538.97,1057,687,None,Move,office
1571235538.978,1057,683,None,Move,office
1571235538.986,1056,680,None,Move,office
1571235538.994,1056,676,None,Move,office
1571235539.002,1056,671,None,Move,office
1571235539.01,1054,667,None,Move,office
1571235539.018,1053,663,None,Move,office
1571235539.0270002,1051,662,None,Move,office
1571235539.035,1049,659,None,Move,office
1571235539.042,1045,653,None,Move,office
1571235539.05,1042,651,None,Move,office
1571235539.0579998,1039,651,None,Move,office
1571235539.066,1035,647,None,Move,office
1571235539.074,1031,645,None,Move,office
1571235539.082,1025,643,None,Move,office
1571235539.09,1021,641,None,Move,office
1571235539.0979998,1017,638,None,Move,office
1571235539.106,1013,635,None,Move,office
1571235539.1139998,1011,633,None,Move,office
1571235539.1220002,1008,630,None,Move,office
1571235539.13,1006,628,None,Move,office
1571235539.1420002,1004,626,None,Move,office
1571235539.147,1004,626,None,Move,office
1571235539.274,1003,622,None,Move,office
1571235539.293,1001,619,None,Move,office
1571235539.303,1001,618,None,Move,office
1571235539.311,1000,618,None,Move,office
1571235539.3170002,999,617,None,Move,office
1571235539.323,998,615,None,Move,office
1571235539.33,995,611,None,Move,office
1571235539.3379998,995,611,None,Move,office
1571235539.346,994,610,None,Move,office
1571235539.354,993,609,None,Move,office
1571235539.3620002,991,607,None,Move,office
1571235539.37,990,604,None,Move,office
1571235539.3779998,989,603,None,Move,office
1571235539.3860002,987,601,None,Move,office
1571235539.394,987,601,None,Move,office
1571235539.4020002,986,600,None,Move,office
1571235539.41,986,598,None,Move,office
1571235539.418,985,598,None,Move,office
1571235539.426,984,597,None,Move,office
1571235539.594,985,597,None,Move,office
1571235539.6020002,987,597,None,Move,office
1571235539.61,989,597,None,Move,office
1571235539.6179998,991,597,None,Move,office
1571235539.6260002,994,597,None,Move,office
1571235539.6339998,997,597,None,Move,office
1571235539.646,1001,597,None,Move,office
1571235539.654,1005,597,None,Move,office
1571235539.6620002,1010,597,None,Move,office
1571235539.67,1017,597,None,Move,office
1571235539.679,1027,597,None,Move,office
1571235539.686,1040,597,None,Move,office
1571235539.695,1053,597,None,Move,office
1571235539.702,1068,597,None,Move,office
1571235539.71,1081,597,None,Move,office
1571235539.718,1095,597,None,Move,office
1571235539.726,1106,597,None,Move,office
1571235539.734,1116,597,None,Move,office
1571235539.742,1123,597,None,Move,office
1571235539.756,1125,597,None,Move,office
1571235539.935,1125,597,Left,Pressed,office
1571235540.014,1125,597,Left,Released,office
1571235540.11,1125,599,None,Move,office
1571235540.1179998,1125,599,None,Move,office
1571235540.1260002,1120,600,None,Move,office
1571235540.1339998,1115,600,None,Move,office
1571235540.1420002,1111,601,None,Move,office
1571235540.15,1103,602,None,Move,office
1571235540.158,1091,604,None,Move,office
1571235540.166,1077,605,None,Move,office
1571235540.174,1061,605,None,Move,office
1571235540.1820002,1041,605,None,Move,office
1571235540.19,1013,605,None,Move,office
1571235540.198,983,605,None,Move,office
1571235540.206,949,605,None,Move,office
1571235540.214,914,605,None,Move,office
1571235540.222,877,605,None,Move,office
1571235540.23,836,605,None,Move,office
1571235540.238,796,605,None,Move,office
1571235540.246,755,605,None,Move,office
1571235540.254,714,605,None,Move,office
1571235540.262,673,605,None,Move,office
1571235540.27,632,604,None,Move,office
1571235540.278,590,602,None,Move,office
1571235540.286,548,598,None,Move,office
1571235540.294,510,594,None,Move,office
1571235540.302,471,590,None,Move,office
1571235540.31,436,588,None,Move,office
1571235540.3179998,407,584,None,Move,office
1571235540.326,378,580,None,Move,office
1571235540.334,353,579,None,Move,office
1571235540.342,337,577,None,Move,office
1571235540.35,322,575,None,Move,office
1571235540.3579998,310,572,None,Move,office
1571235540.3660002,309,571,None,Move,office
1571235540.3739998,304,569,None,Move,office
1571235540.3820002,304,569,None,Move,office
1571235540.39,300,569,None,Move,office
1571235540.3979998,300,568,None,Move,office
1571235540.414,299,568,None,Move,office
1571235540.43,297,567,None,Move,office
1571235540.438,297,567,None,Move,office
1571235540.446,296,567,None,Move,office
1571235540.495,295,567,None,Move,office
1571235540.502,294,565,None,Move,office
1571235540.51,293,564,None,Move,office
1571235540.518,290,563,None,Move,office
1571235540.526,290,562,None,Move,office
1571235540.543,289,562,None,Move,office
1571235540.559,287,561,None,Move,office
1571235540.566,286,559,None,Move,office
1571235540.575,285,557,None,Move,office
1571235540.582,284,555,None,Move,office
1571235540.59,282,553,None,Move,office
1571235540.5979998,280,551,None,Move,office
1571235540.606,278,548,None,Move,office
1571235540.6139998,275,544,None,Move,office
1571235540.6220002,271,538,None,Move,office
1571235540.63,266,534,None,Move,office
1571235540.6379998,262,526,None,Move,office
1571235540.646,258,523,None,Move,office
1571235540.654,252,517,None,Move,office
1571235540.6620002,248,515,None,Move,office
1571235540.67,245,513,None,Move,office
1571235540.678,243,511,None,Move,office
1571235540.686,242,509,None,Move,office
1571235540.694,242,509,None,Move,office
1571235540.735,242,509,Left,Pressed,office
1571235540.831,242,509,Left,Released,office
1571235540.91,242,508,None,Move,office
1571235540.921,242,507,None,Move,office
1571235540.9320002,242,507,None,Move,office
1571235540.94,242,506,None,Move,office
1571235540.958,243,503,None,Move,office
1571235540.966,244,502,None,Move,office
1571235541.1339998,245,500,None,Move,office
1571235541.1420002,245,499,None,Move,office
1571235541.15,247,499,None,Move,office
1571235541.158,251,497,None,Move,office
1571235541.166,254,497,None,Move,office
1571235541.174,260,494,None,Move,office
1571235541.1820002,274,492,None,Move,office
1571235541.19,295,487,None,Move,office
1571235541.198,338,481,None,Move,office
1571235541.206,397,474,None,Move,office
1571235541.214,490,460,None,Move,office
1571235541.222,616,443,None,Move,office
1571235541.23,790,417,None,Move,office
1571235541.238,981,384,None,Move,office
1571235541.246,1195,345,None,Move,office
1571235541.254,1430,296,None,Move,office
1571235541.262,1678,238,None,Move,office
1571235541.27,1937,164,None,Move,office
1571235541.278,2165,87,None,Move,office
1571235541.286,2142,2,None,Move,office
1571235541.294,2122,-93,None,Move,office
1571235541.302,2097,-93,None,Move,office
1571235541.31,2073,-95,None,Move,office
1571235541.3179998,2044,-93,None,Move,office
1571235541.326,2024,-82,None,Move,office
1571235541.334,1995,-65,None,Move,office
1571235541.342,1972,-53,None,Move,office
1571235541.35,1951,-39,None,Move,office
1571235541.3579998,1932,-20,None,Move,office
1571235541.3660002,1925,-12,None,Move,office
1571235541.3739998,1921,-9,None,Move,office
1571235541.3820002,1920,-1,None,Move,office
1571235541.4220002,1919,0,Left,Pressed,office
1571235541.519,1919,0,Left,Released,office
1571235541.55,1919,2,None,Move,office
1571235541.5579998,1919,2,None,Move,office
1571235541.566,1917,7,None,Move,office
1571235541.574,1914,13,None,Move,office
1571235541.582,1910,19,None,Move,office
1571235541.59,1905,28,None,Move,office
1571235541.5979998,1897,39,None,Move,office
1571235541.606,1887,51,None,Move,office
1571235541.6139998,1875,68,None,Move,office
1571235541.6220002,1860,86,None,Move,office
1571235541.63,1843,105,None,Move,office
1571235541.6379998,1820,127,None,Move,office
1571235541.646,1795,151,None,Move,office
1571235541.654,1766,176,None,Move,office
1571235541.6620002,1734,203,None,Move,office
1571235541.67,1699,232,None,Move,office
1571235541.678,1661,261,None,Move,office
1571235541.686,1623,290,None,Move,office
1571235541.694,1582,319,None,Move,office
1571235541.702,1538,347,None,Move,office
1571235541.71,1491,378,None,Move,office
1571235541.718,1444,408,None,Move,office
1571235541.726,1397,437,None,Move,office
1571235541.734,1350,465,None,Move,office
1571235541.742,1307,490,None,Move,office
1571235541.75,1270,514,None,Move,office
1571235541.758,1240,532,None,Move,office
1571235541.7670002,1210,550,None,Move,office
1571235541.774,1183,565,None,Move,office
1571235541.782,1160,577,None,Move,office
1571235541.79,1144,586,None,Move,office
1571235541.798,1127,597,None,Move,office
1571235541.806,1111,606,None,Move,office
1571235541.814,1097,614,None,Move,office
1571235541.822,1083,621,None,Move,office
1571235541.83,1069,628,None,Move,office
1571235541.8379998,1057,634,None,Move,office
1571235541.846,1047,637,None,Move,office
1571235541.854,1038,640,None,Move,office
1571235541.863,1036,640,None,Move,office
1571235541.87,1033,641,None,Move,office
1571235541.8779998,1033,642,None,Move,office
1571235541.966,1030,639,None,Move,office
1571235541.986,1028,637,None,Move,office
1571235541.998,1028,636,None,Move,office
1571235542.005,1026,634,None,Move,office
1571235542.0110002,1024,631,None,Move,office
1571235542.0170002,1022,628,None,Move,office
1571235542.0229998,1021,623,None,Move,office
1571235542.031,1019,622,None,Move,office
1571235542.038,1019,619,None,Move,office
1571235542.046,1018,618,None,Move,office
1571235542.062,1016,614,None,Move,office
1571235542.07,1015,612,None,Move,office
1571235542.0779998,1012,609,None,Move,office
1571235542.086,1010,606,None,Move,office
1571235542.094,1006,602,None,Move,office
1571235542.1020002,1004,602,None,Move,office
1571235542.11,1000,600,None,Move,office
1571235542.1179998,994,598,None,Move,office
1571235542.1260002,990,596,None,Move,office
1571235542.1339998,986,595,None,Move,office
1571235542.1420002,984,595,None,Move,office
1571235542.15,984,595,None,Move,office
1571235542.158,983,594,None,Move,office
1571235542.238,983,594,Left,Pressed,office
1571235542.35,983,594,Left,Released,office
1571235542.3979998,982,594,None,Move,office
1571235542.778,981,593,None,Move,office
1571235542.786,981,592,None,Move,office
1571235542.794,980,590,None,Move,office
1571235542.802,980,590,None,Move,office
1571235542.81,978,589,None,Move,office
1571235542.8179998,978,588,None,Move,office
1571235542.826,978,587,None,Move,office
1571235542.834,978,586,None,Move,office
1571235542.842,978,584,None,Move,office
1571235542.85,978,584,None,Move,office
1571235542.89,978,583,None,Move,office
1571235543.738,978,581,None,Move,office
1571235543.746,978,581,None,Move,office
1571235543.754,976,575,None,Move,office
1571235543.762,976,573,None,Move,office
1571235543.77,975,570,None,Move,office
1571235543.778,974,566,None,Move,office
1571235543.786,973,562,None,Move,office
1571235543.794,973,557,None,Move,office
1571235543.802,972,551,None,Move,office
1571235543.81,972,548,None,Move,office
1571235543.8179998,972,546,None,Move,office
1571235543.826,972,545,None,Move,office
1571235544.0579998,970,544,None,Move,office
1571235544.066,969,544,None,Move,office
1571235544.074,969,542,None,Move,office
1571235544.082,969,540,None,Move,office
1571235544.09,967,536,None,Move,office
1571235544.0979998,967,531,None,Move,office
1571235544.106,966,531,None,Move,office
1571235544.1139998,966,528,None,Move,office
1571235544.1220002,966,525,None,Move,office
1571235544.13,966,524,None,Move,office
1571235544.57,966,523,None,Move,office
1571235544.714,966,522,None,Move,office
1571235544.722,966,521,None,Move,office
1571235544.81,966,519,None,Move,office
1571235544.8179998,966,519,None,Move,office
1571235544.826,963,518,None,Move,office
1571235544.834,961,518,None,Move,office
1571235544.842,957,518,None,Move,office
1571235544.85,952,518,None,Move,office
1571235544.8579998,949,518,None,Move,office
1571235544.867,944,518,None,Move,office
1571235544.875,941,518,None,Move,office
1571235544.8820002,934,518,None,Move,office
1571235544.89,924,518,None,Move,office
1571235544.8979998,909,521,None,Move,office
1571235544.906,890,524,None,Move,office
1571235544.914,861,527,None,Move,office
1571235544.9220002,826,529,None,Move,office
1571235544.93,788,531,None,Move,office
1571235544.938,754,533,None,Move,office
1571235544.946,719,535,None,Move,office
1571235544.954,691,537,None,Move,office
1571235544.962,670,537,None,Move,office
1571235544.97,669,538,None,Move,office
1571235544.986,669,538,None,Move,office
1571235545.1139998,671,538,None,Move,office
1571235545.1220002,672,538,None,Move,office
1571235545.13,683,535,None,Move,office
1571235545.139,700,532,None,Move,office
1571235545.147,712,530,None,Move,office
1571235545.155,719,529,None,Move,office
1571235545.1620002,721,528,None,Move,office
1571235545.17,721,527,None,Move,office
1571235545.178,720,526,None,Move,office
1571235545.186,715,526,None,Move,office
1571235545.194,710,526,None,Move,office
1571235545.202,697,526,None,Move,office
1571235545.211,676,527,None,Move,office
1571235545.218,637,531,None,Move,office
1571235545.226,581,538,None,Move,office
1571235545.235,512,545,None,Move,office
1571235545.242,436,555,None,Move,office
1571235545.25,357,563,None,Move,office
1571235545.258,281,573,None,Move,office
1571235545.266,209,583,None,Move,office
1571235545.274,143,593,None,Move,office
1571235545.282,86,602,None,Move,office
1571235545.29,40,611,None,Move,office
1571235545.299,7,617,None,Move,office
1571235545.306,-15,620,None,Move,office
1571235545.314,-14,623,None,Move,office
1571235545.322,-1,623,None,Move,office
1571235545.371,-1,623,None,Move,office
1571235545.3779998,-1,623,None,Move,office
1571235545.387,-1,623,None,Move,office
1571235545.395,-4,623,None,Move,office
1571235545.4020002,-2,622,None,Move,office
1571235545.41,0,622,None,Move,office
1571235545.4870002,-2,619,None,Move,office
1571235545.496,-1,619,None,Move,office
1571235545.505,0,617,None,Move,office
1571235545.5110002,-2,613,None,Move,office
1571235545.518,0,611,None,Move,office
1571235545.5270002,0,607,None,Move,office
1571235545.534,0,605,None,Move,office
1571235545.542,0,602,None,Move,office
1571235545.55,0,598,None,Move,office
1571235545.5579998,0,595,None,Move,office
1571235545.566,0,590,None,Move,office
1571235545.574,0,589,None,Move,office
1571235545.582,1,588,None,Move,office
1571235545.59,4,585,None,Move,office
1571235545.5979998,6,584,None,Move,office
1571235545.606,6,584,None,Move,office
1571235545.6139998,9,581,None,Move,office
1571235545.6220002,10,581,None,Move,office
1571235545.63,10,581,None,Move,office
1571235545.6379998,11,580,None,Move,office
1571235545.646,13,580,None,Move,office
1571235545.654,13,580,None,Move,office
1571235545.6620002,15,579,None,Move,office
1571235545.67,19,578,None,Move,office
1571235545.678,19,578,None,Move,office
1571235545.686,22,578,None,Move,office
1571235545.694,24,577,None,Move,office
1571235545.702,24,576,None,Move,office
1571235545.71,27,573,None,Move,office
1571235545.718,28,573,None,Move,office
1571235545.726,28,573,None,Move,office
1571235545.734,32,572,None,Move,office
1571235545.742,32,571,None,Move,office
1571235545.75,36,569,None,Move,office
1571235545.758,42,568,None,Move,office
1571235545.766,47,562,None,Move,office
1571235545.774,51,558,None,Move,office
1571235545.782,55,556,None,Move,office
1571235545.79,58,554,None,Move,office
1571235545.798,62,551,None,Move,office
1571235545.806,65,549,None,Move,office
1571235545.814,67,547,None,Move,office
1571235545.822,69,545,None,Move,office
1571235545.83,69,543,None,Move,office
1571235545.8379998,69,541,None,Move,office
1571235545.846,70,540,None,Move,office
1571235545.854,70,539,None,Move,office
1571235545.95,70,539,Left,Pressed,office
1571235546.0470002,70,539,Left,Released,office
1571235546.1420002,75,536,None,Move,office
1571235546.15,75,536,None,Move,office
1571235546.16,81,535,None,Move,office
1571235546.166,85,535,None,Move,office
1571235546.174,93,534,None,Move,office
1571235546.1820002,106,534,None,Move,office
1571235546.19,124,532,None,Move,office
1571235546.198,149,532,None,Move,office
1571235546.206,180,532,None,Move,office
1571235546.214,211,532,None,Move,office
1571235546.222,242,532,None,Move,office
1571235546.23,269,532,None,Move,office
1571235546.238,296,532,None,Move,office
1571235546.248,314,532,None,Move,office
1571235546.254,329,532,None,Move,office
1571235546.262,343,532,None,Move,office
1571235546.27,353,532,None,Move,office
1571235546.279,359,532,None,Move,office
1571235546.2870002,360,532,None,Move,office
1571235546.294,364,530,None,Move,office
1571235546.302,364,530,None,Move,office
1571235546.31,365,530,None,Move,office
1571235546.319,366,530,None,Move,office
1571235546.326,367,530,None,Move,office
1571235546.334,368,530,None,Move,office
1571235546.342,371,529,None,Move,office
1571235546.351,373,528,None,Move,office
1571235546.3579998,377,525,None,Move,office
1571235546.369,381,524,None,Move,office
1571235546.3739998,385,524,None,Move,office
1571235546.383,387,522,None,Move,office
1571235546.39,390,521,None,Move,office
1571235546.3979998,393,519,None,Move,office
1571235546.406,395,518,None,Move,office
1571235546.415,397,517,None,Move,office
1571235546.4220002,398,516,None,Move,office
1571235546.43,399,514,None,Move,office
1571235546.438,400,513,None,Move,office
1571235546.4529998,401,513,None,Move,office
1571235546.461,402,511,None,Move,office
1571235546.467,403,509,None,Move,office
1571235546.472,404,509,None,Move,office
1571235546.478,407,506,None,Move,office
1571235546.486,408,505,None,Move,office
1571235546.4970002,409,504,None,Move,office
1571235546.502,410,501,None,Move,office
1571235546.51,412,499,None,Move,office
1571235546.518,414,495,None,Move,office
1571235546.5270002,417,491,None,Move,office
1571235546.534,418,488,None,Move,office
1571235546.542,419,485,None,Move,office
1571235546.55,421,481,None,Move,office
1571235546.5579998,422,478,None,Move,office
1571235546.566,425,472,None,Move,office
1571235546.574,425,469,None,Move,office
1571235546.582,428,464,None,Move,office
1571235546.59,428,461,None,Move,office
1571235546.5979998,428,460,None,Move,office
1571235546.606,428,455,None,Move,office
1571235546.62,428,454,None,Move,office
1571235546.627,428,452,None,Move,office
1571235546.635,428,452,None,Move,office
1571235546.67,428,450,None,Move,office
1571235546.689,429,448,None,Move,office
1571235546.718,429,446,None,Move,office
1571235546.726,429,446,None,Move,office
1571235546.814,429,445,None,Move,office
1571235546.83,429,444,None,Move,office
1571235547.006,430,440,None,Move,office
1571235547.014,430,439,None,Move,office
1571235547.022,430,437,None,Move,office
1571235547.03,430,431,None,Move,office
1571235547.038,431,426,None,Move,office
1571235547.046,432,419,None,Move,office
1571235547.054,436,405,None,Move,office
1571235547.062,438,392,None,Move,office
1571235547.07,439,378,None,Move,office
1571235547.0779998,439,366,None,Move,office
1571235547.092,439,355,None,Move,office
1571235547.1,439,353,None,Move,office
1571235547.107,439,352,None,Move,office
1571235547.1120002,439,351,None,Move,office
1571235547.166,439,351,Left,Pressed,office
1571235547.278,439,351,Left,Released,office
1571235547.31,439,351,None,Move,office
1571235547.326,439,355,None,Move,office
1571235547.334,439,359,None,Move,office
1571235547.342,439,361,None,Move,office
1571235547.35,440,368,None,Move,office
1571235547.3579998,441,376,None,Move,office
1571235547.3660002,443,387,None,Move,office
1571235547.3739998,444,398,None,Move,office
1571235547.3820002,447,410,None,Move,office
1571235547.39,449,422,None,Move,office
1571235547.3979998,452,434,None,Move,office
1571235547.406,453,445,None,Move,office
1571235547.414,454,455,None,Move,office
1571235547.4220002,456,462,None,Move,office
1571235547.43,457,469,None,Move,office
1571235547.438,458,474,None,Move,office
1571235547.446,458,478,None,Move,office
1571235547.454,458,480,None,Move,office
1571235547.462,458,480,None,Move,office
1571235547.47,458,482,None,Move,office
1571235547.478,458,482,None,Move,office
1571235547.534,458,482,Left,Pressed,office
1571235547.646,458,482,Left,Released,office
1571235548.3660002,458,484,None,Move,office
1571235548.3739998,458,485,None,Move,office
1571235548.3860002,458,485,None,Move,office
1571235548.394,458,484,None,Move,office
1571235548.4020002,458,482,None,Move,office
1571235548.41,458,479,None,Move,office
1571235548.42,457,477,None,Move,office
1571235548.426,457,477,None,Move,office
1571235548.434,457,473,None,Move,office
1571235548.4420002,457,472,None,Move,office
1571235548.45,457,471,None,Move,office
1571235548.458,457,468,None,Move,office
1571235548.466,456,463,None,Move,office
1571235548.474,456,461,None,Move,office
1571235548.482,456,457,None,Move,office
1571235548.5,453,448,None,Move,office
1571235548.508,453,446,None,Move,office
1571235548.5170002,453,442,None,Move,office
1571235548.522,453,436,None,Move,office
1571235548.53,453,433,None,Move,office
1571235548.538,452,428,None,Move,office
1571235548.553,452,425,None,Move,office
1571235548.561,451,420,None,Move,office
1571235548.5670002,451,419,None,Move,office
1571235548.572,451,417,None,Move,office
1571235548.579,451,413,None,Move,office
1571235548.586,451,410,None,Move,office
1571235548.594,451,409,None,Move,office
1571235548.607,451,408,None,Move,office
1571235548.615,451,404,None,Move,office
1571235548.621,451,403,None,Move,office
1571235548.755,451,403,Left,Pressed,office
1571235548.8660002,451,403,Left,Released,office
1571235548.946,446,402,None,Move,office
1571235548.954,443,402,None,Move,office
1571235548.962,438,402,None,Move,office
1571235548.97,434,403,None,Move,office
1571235548.978,427,406,None,Move,office
1571235548.986,418,409,None,Move,office
1571235548.994,406,412,None,Move,office
1571235549.002,394,415,None,Move,office
1571235549.01,382,417,None,Move,office
1571235549.018,370,420,None,Move,office
1571235549.026,358,423,None,Move,office
1571235549.034,347,425,None,Move,office
1571235549.042,335,427,None,Move,office
1571235549.05,323,429,None,Move,office
1571235549.0579998,311,431,None,Move,office
1571235549.066,299,433,None,Move,office
1571235549.074,285,436,None,Move,office
1571235549.082,272,439,None,Move,office
1571235549.09,258,441,None,Move,office
1571235549.0979998,245,443,None,Move,office
1571235549.106,231,444,None,Move,office
1571235549.1139998,220,445,None,Move,office
1571235549.1220002,211,447,None,Move,office
1571235549.13,204,448,None,Move,office
1571235549.1379998,203,448,None,Move,office
1571235549.282,203,448,Left,Pressed,office
1571235549.347,203,448,Left,Released,office
1571235549.3779998,203,448,None,Move,office
1571235549.394,205,448,None,Move,office
1571235550.7470002,205,448,Left,Pressed,office
1571235550.847,205,448,Left,Released,office
1571235550.911,206,448,None,Move,office
1571235550.926,207,448,None,Move,office
1571235550.9420002,208,447,None,Move,office
1571235550.95,215,445,None,Move,office
1571235550.958,219,444,None,Move,office
1571235550.966,223,442,None,Move,office
1571235550.975,232,438,None,Move,office
1571235550.982,244,434,None,Move,office
1571235550.99,259,430,None,Move,office
1571235550.998,278,427,None,Move,office
1571235551.006,308,419,None,Move,office
1571235551.014,344,413,None,Move,office
1571235551.022,384,407,None,Move,office
1571235551.031,420,401,None,Move,office
1571235551.038,449,396,None,Move,office
1571235551.046,475,392,None,Move,office
1571235551.054,501,389,None,Move,office
1571235551.062,520,386,None,Move,office
1571235551.07,537,383,None,Move,office
1571235551.0779998,547,382,None,Move,office
1571235551.086,547,382,None,Move,office
1571235551.151,550,379,None,Move,office
1571235551.158,551,379,None,Move,office
1571235551.166,552,378,None,Move,office
1571235551.174,555,374,None,Move,office
1571235551.1820002,561,369,None,Move,office
1571235551.19,565,365,None,Move,office
1571235551.198,568,359,None,Move,office
1571235551.206,572,357,None,Move,office
1571235551.214,578,352,None,Move,office
1571235551.222,583,347,None,Move,office
1571235551.23,584,347,None,Move,office
1571235551.238,588,344,None,Move,office
1571235551.246,593,341,None,Move,office
1571235551.255,593,340,None,Move,office
1571235551.262,595,340,None,Move,office
1571235551.27,596,339,None,Move,office
1571235551.278,597,336,None,Move,office
1571235551.286,598,336,None,Move,office
1571235551.326,600,334,None,Move,office
1571235551.334,600,333,None,Move,office
1571235551.343,602,333,None,Move,office
1571235551.35,603,333,None,Move,office
1571235551.3579998,604,332,None,Move,office
1571235551.3660002,605,331,None,Move,office
1571235551.3739998,606,330,None,Move,office
1571235551.39,608,330,None,Move,office
1571235551.3979998,609,330,None,Move,office
1571235551.406,610,330,None,Move,office
1571235551.414,615,329,None,Move,office
1571235551.4220002,619,329,None,Move,office
1571235551.43,624,329,None,Move,office
1571235551.438,628,329,None,Move,office
1571235551.446,632,329,None,Move,office
1571235551.454,637,327,None,Move,office
1571235551.462,644,326,None,Move,office
1571235551.47,649,325,None,Move,office
1571235551.478,653,324,None,Move,office
1571235551.486,655,324,None,Move,office
1571235551.494,656,324,None,Move,office
1571235551.502,657,324,None,Move,office
1571235551.518,660,324,None,Move,office
1571235551.526,660,324,None,Move,office
1571235551.534,662,324,None,Move,office
1571235551.55,664,324,None,Move,office
1571235551.56,665,324,None,Move,office
1571235551.5670002,665,324,None,Move,office
1571235551.8070002,667,323,Left,Pressed,office
1571235551.8070002,667,323,None,Drag,office
1571235551.814,668,323,None,Drag,office
1571235551.822,668,322,None,Drag,office
1571235551.83,668,319,None,Drag,office
1571235551.8379998,668,315,None,Drag,office
1571235551.846,668,309,None,Drag,office
1571235551.854,668,304,None,Drag,office
1571235551.863,668,300,None,Drag,office
1571235551.87,668,295,None,Drag,office
1571235551.879,668,290,None,Drag,office
1571235551.8860002,665,282,None,Drag,office
1571235551.895,664,275,None,Drag,office
1571235551.895,664,275,Left,Released,office
1571235551.91,660,265,None,Move,office
1571235551.918,659,258,None,Move,office
1571235551.927,657,252,None,Move,office
1571235551.935,656,248,None,Move,office
1571235551.9420002,656,248,None,Move,office
1571235552.014,653,248,None,Move,office
1571235552.024,650,254,None,Move,office
1571235552.035,644,260,None,Move,office
1571235552.044,641,263,None,Move,office
1571235552.051,637,269,None,Move,office
1571235552.0570002,636,271,None,Move,office
1571235552.063,631,277,None,Move,office
1571235552.07,626,284,None,Move,office
1571235552.0779998,620,294,None,Move,office
1571235552.086,613,303,None,Move,office
1571235552.094,605,312,None,Move,office
1571235552.1020002,597,321,None,Move,office
1571235552.11,589,331,None,Move,office
1571235552.1179998,580,340,None,Move,office
1571235552.1260002,570,349,None,Move,office
1571235552.1339998,562,359,None,Move,office
1571235552.1420002,555,366,None,Move,office
1571235552.15,548,373,None,Move,office
1571235552.158,542,377,None,Move,office
1571235552.166,538,382,None,Move,office
1571235552.174,537,383,None,Move,office
1571235552.1820002,536,384,None,Move,office
1571235552.19,534,385,None,Move,office
1571235552.198,533,385,None,Move,office
1571235552.206,532,386,None,Move,office
1571235552.214,530,388,None,Move,office
1571235552.222,529,389,None,Move,office
1571235552.23,526,390,None,Move,office
1571235552.238,525,391,None,Move,office
1571235552.246,522,393,None,Move,office
1571235552.254,521,394,None,Move,office
1571235552.262,519,395,None,Move,office
1571235552.27,517,395,None,Move,office
1571235552.278,515,398,None,Move,office
1571235552.286,514,399,None,Move,office
1571235552.294,512,401,None,Move,office
1571235552.302,508,404,None,Move,office
1571235552.31,503,408,None,Move,office
1571235552.3179998,499,413,None,Move,office
1571235552.326,494,419,None,Move,office
1571235552.334,490,423,None,Move,office
1571235552.342,486,429,None,Move,office
1571235552.35,484,433,None,Move,office
1571235552.3579998,479,441,None,Move,office
1571235552.3660002,473,451,None,Move,office
1571235552.3739998,468,460,None,Move,office
1571235552.3820002,463,469,None,Move,office
1571235552.39,459,477,None,Move,office
1571235552.3979998,457,484,None,Move,office
1571235552.406,455,490,None,Move,office
1571235552.414,452,495,None,Move,office
1571235552.4220002,451,497,None,Move,office
1571235552.43,451,500,None,Move,office
1571235552.438,451,501,None,Move,office
1571235552.446,451,503,None,Move,office
1571235552.454,451,505,None,Move,office
1571235552.462,451,505,None,Move,office
1571235552.47,451,507,None,Move,office
1571235552.478,451,508,None,Move,office
1571235552.486,451,509,None,Move,office
1571235552.494,451,510,None,Move,office
1571235552.502,451,511,None,Move,office
1571235552.51,451,512,None,Move,office
1571235552.518,451,513,None,Move,office
1571235552.526,451,514,None,Move,office
1571235552.534,451,518,None,Move,office
1571235552.542,451,519,None,Move,office
1571235552.55,451,519,None,Move,office
1571235552.5579998,451,522,None,Move,office
1571235552.566,451,524,None,Move,office
1571235552.574,451,525,None,Move,office
1571235552.582,451,528,None,Move,office
1571235552.59,451,528,None,Move,office
1571235552.5979998,451,531,None,Move,office
1571235552.606,451,532,None,Move,office
1571235552.6139998,451,534,None,Move,office
1571235552.6220002,451,535,None,Move,office
1571235552.63,451,536,None,Move,office
1571235552.6379998,451,538,None,Move,office
1571235552.646,451,539,None,Move,office
1571235552.654,451,540,None,Move,office
1571235552.766,451,540,Left,Pressed,office
1571235552.894,451,540,Left,Released,office
1571235553.3179998,453,541,None,Move,office
1571235553.335,473,537,None,Move,office
1571235553.345,500,530,None,Move,office
1571235553.353,587,506,None,Move,office
1571235553.36,699,472,None,Move,office
1571235553.3660002,827,432,None,Move,office
1571235553.3739998,979,386,None,Move,office
1571235553.3820002,1148,329,None,Move,office
1571235553.39,1320,270,None,Move,office
1571235553.3979998,1502,204,None,Move,office
1571235553.406,1678,145,None,Move,office
1571235553.414,1837,86,None,Move,office
1571235553.4220002,1980,25,None,Move,office
1571235553.431,2042,-30,None,Move,office
1571235553.438,2022,-50,None,Move,office
1571235553.447,1995,-42,None,Move,office
1571235553.454,1973,-32,None,Move,office
1571235553.462,1953,-23,None,Move,office
1571235553.471,1937,-15,None,Move,office
1571235553.478,1927,-8,None,Move,office
1571235553.4870002,1922,-6,None,Move,office
1571235553.494,1920,-4,None,Move,office
1571235553.502,1919,-1,None,Move,office
1571235553.51,1919,-3,None,Move,office
1571235553.519,1919,-3,None,Move,office
1571235553.5270002,1918,0,None,Move,office
1571235553.535,1917,-1,None,Move,office
1571235553.5579998,1915,-2,None,Move,office
1571235553.5670002,1915,0,None,Move,office
1571235553.574,1913,-1,None,Move,office
1571235553.582,1912,0,None,Move,office
1571235553.59,1910,0,None,Move,office
1571235553.5979998,1907,0,None,Move,office
1571235553.606,1906,0,None,Move,office
1571235553.6139998,1901,0,None,Move,office
1571235553.6220002,1896,0,None,Move,office
1571235553.63,1890,0,None,Move,office
1571235553.6379998,1888,0,None,Move,office
1571235553.646,1884,0,None,Move,office
1571235553.654,1879,0,None,Move,office
1571235553.6620002,1878,0,None,Move,office
1571235553.671,1876,0,None,Move,office
1571235553.679,1872,0,None,Move,office
1571235553.687,1868,0,None,Move,office
1571235553.695,1868,0,None,Move,office
1571235553.702,1864,1,None,Move,office
1571235553.711,1860,4,None,Move,office
1571235553.718,1854,6,None,Move,office
1571235553.726,1849,8,None,Move,office
1571235553.734,1844,11,None,Move,office
1571235553.742,1842,13,None,Move,office
1571235553.75,1840,14,None,Move,office
1571235553.758,1839,15,None,Move,office
1571235553.97,1839,16,Left,Pressed,office
1571235553.97,1839,16,None,Drag,office
1571235553.978,1839,17,None,Drag,office
1571235553.978,1839,17,Left,Released,office
1571235554.106,1839,21,None,Move,office
1571235554.1139998,1839,22,None,Move,office
1571235554.123,1839,23,None,Move,office
1571235554.13,1838,25,None,Move,office
1571235554.1379998,1835,28,None,Move,office
1571235554.146,1834,29,None,Move,office
1571235554.154,1832,30,None,Move,office
1571235554.1620002,1830,33,None,Move,office
1571235554.17,1826,35,None,Move,office
1571235554.178,1820,40,None,Move,office
1571235554.186,1815,42,None,Move,office
1571235554.194,1813,42,None,Move,office
1571235554.202,1809,44,None,Move,office
1571235554.21,1805,45,None,Move,office
1571235554.218,1804,46,None,Move,office
1571235554.228,1800,47,None,Move,office
1571235554.238,1797,49,None,Move,office
1571235554.246,1792,50,None,Move,office
1571235554.254,1789,51,None,Move,office
1571235554.26,1784,52,None,Move,office
1571235554.266,1780,54,None,Move,office
1571235554.274,1774,56,None,Move,office
1571235554.282,1765,60,None,Move,office
1571235554.29,1755,64,None,Move,office
1571235554.298,1743,68,None,Move,office
1571235554.306,1731,72,None,Move,office
1571235554.314,1717,76,None,Move,office
1571235554.322,1702,80,None,Move,office
1571235554.33,1682,85,None,Move,office
1571235554.3379998,1662,89,None,Move,office
1571235554.346,1639,94,None,Move,office
1571235554.354,1613,100,None,Move,office
1571235554.3620002,1584,103,None,Move,office
1571235554.37,1558,108,None,Move,office
1571235554.3779998,1532,112,None,Move,office
1571235554.3860002,1509,117,None,Move,office
1571235554.394,1486,122,None,Move,office
1571235554.4020002,1469,126,None,Move,office
1571235554.41,1452,129,None,Move,office
1571235554.418,1437,133,None,Move,office
1571235554.426,1421,137,None,Move,office
1571235554.434,1406,141,None,Move,office
1571235554.4420002,1391,145,None,Move,office
1571235554.45,1376,150,None,Move,office
1571235554.458,1360,154,None,Move,office
1571235554.466,1345,158,None,Move,office
1571235554.474,1331,162,None,Move,office
1571235554.482,1319,166,None,Move,office
1571235554.4910002,1309,169,None,Move,office
1571235554.498,1300,171,None,Move,office
1571235554.506,1299,171,None,Move,office
1571235554.514,1297,171,None,Move,office
1571235554.522,1296,171,None,Move,office
1571235554.539,1296,171,None,Move,office
1571235554.651,1299,171,None,Move,office
1571235554.67,1307,171,None,Move,office
1571235554.684,1326,168,None,Move,office
1571235554.6920002,1337,167,None,Move,office
1571235554.699,1348,167,None,Move,office
1571235554.706,1354,167,None,Move,office
1571235554.714,1363,167,None,Move,office
1571235554.722,1369,167,None,Move,office
1571235554.73,1376,167,None,Move,office
1571235554.738,1385,169,None,Move,office
1571235554.746,1392,171,None,Move,office
1571235554.755,1397,174,None,Move,office
1571235554.762,1402,178,None,Move,office
1571235554.77,1407,181,None,Move,office
1571235554.778,1411,184,None,Move,office
1571235554.786,1415,186,None,Move,office
1571235554.794,1421,190,None,Move,office
1571235554.802,1427,192,None,Move,office
1571235554.81,1432,194,None,Move,office
1571235554.8179998,1436,196,None,Move,office
1571235554.826,1442,199,None,Move,office
1571235554.834,1448,200,None,Move,office
1571235554.842,1449,202,None,Move,office
1571235554.85,1452,203,None,Move,office
1571235554.8579998,1453,203,None,Move,office
1571235554.9220002,1454,203,None,Move,office
1571235554.938,1452,204,None,Move,office
1571235554.948,1449,206,None,Move,office
1571235554.957,1445,208,None,Move,office
1571235554.964,1441,210,None,Move,office
1571235554.97,1434,214,None,Move,office
1571235554.978,1426,217,None,Move,office
1571235554.986,1417,221,None,Move,office
1571235554.994,1407,226,None,Move,office
1571235555.002,1395,232,None,Move,office
1571235555.01,1384,237,None,Move,office
1571235555.018,1374,241,None,Move,office
1571235555.026,1363,245,None,Move,office
1571235555.034,1351,249,None,Move,office
1571235555.042,1337,253,None,Move,office
1571235555.05,1322,257,None,Move,office
1571235555.0579998,1307,260,None,Move,office
1571235555.066,1293,263,None,Move,office
1571235555.074,1280,264,None,Move,office
1571235555.082,1268,266,None,Move,office
1571235555.09,1258,266,None,Move,office
1571235555.0979998,1250,266,None,Move,office
1571235555.106,1243,266,None,Move,office
1571235555.1139998,1242,266,None,Move,office
1571235555.258,1241,266,None,Move,office
1571235555.269,1240,264,None,Move,office
1571235555.275,1240,263,None,Move,office
1571235555.282,1238,260,None,Move,office
1571235555.291,1237,255,None,Move,office
1571235555.298,1237,248,None,Move,office
1571235555.306,1236,245,None,Move,office
1571235555.314,1234,243,None,Move,office
1571235555.322,1233,242,None,Move,office
1571235555.33,1232,239,None,Move,office
1571235555.3379998,1232,238,None,Move,office
1571235555.4020002,1232,238,Left,Pressed,office
1571235555.498,1232,238,Left,Released,office
1571235555.675,1232,239,None,Move,office
1571235555.696,1232,240,None,Move,office
1571235555.705,1232,242,None,Move,office
1571235555.712,1232,243,None,Move,office
1571235555.719,1232,247,None,Move,office
1571235555.724,1233,248,None,Move,office
1571235555.73,1235,250,None,Move,office
1571235555.738,1236,250,None,Move,office
1571235555.746,1238,252,None,Move,office
1571235555.754,1238,253,None,Move,office
1571235555.762,1241,256,None,Move,office
1571235555.77,1242,258,None,Move,office
1571235555.778,1244,263,None,Move,office
1571235555.786,1246,265,None,Move,office
1571235555.794,1246,266,None,Move,office
1571235555.802,1249,267,None,Move,office
1571235555.81,1249,268,None,Move,office
1571235555.8179998,1250,269,None,Move,office
1571235555.834,1251,270,None,Move,office
1571235555.842,1252,271,None,Move,office
1571235555.85,1253,272,None,Move,office
1571235555.8579998,1256,273,None,Move,office
1571235555.8660002,1259,273,None,Move,office
1571235555.8739998,1265,274,None,Move,office
1571235555.8820002,1270,274,None,Move,office
1571235555.89,1277,274,None,Move,office
1571235555.8979998,1282,274,None,Move,office
1571235555.906,1291,274,None,Move,office
1571235555.914,1304,274,None,Move,office
1571235555.9220002,1321,274,None,Move,office
1571235555.93,1337,274,None,Move,office
1571235555.938,1354,274,None,Move,office
1571235555.946,1372,274,None,Move,office
1571235555.954,1390,274,None,Move,office
1571235555.962,1407,272,None,Move,office
1571235555.97,1420,271,None,Move,office
1571235555.978,1432,270,None,Move,office
1571235555.986,1440,268,None,Move,office
1571235555.994,1446,267,None,Move,office
1571235556.002,1451,266,None,Move,office
1571235556.01,1452,266,None,Move,office
1571235556.018,1454,265,None,Move,office
1571235556.026,1456,265,None,Move,office
1571235556.034,1457,265,None,Move,office
1571235556.042,1458,263,None,Move,office
1571235556.05,1459,262,None,Move,office
1571235556.202,1460,261,None,Move,office
1571235556.218,1460,261,None,Move,office
1571235556.226,1459,261,None,Move,office
1571235556.234,1457,260,None,Move,office
1571235556.242,1456,260,None,Move,office
1571235556.25,1455,259,None,Move,office
1571235556.258,1454,258,None,Move,office
1571235556.266,1452,258,None,Move,office
1571235556.274,1451,257,None,Move,office
1571235556.282,1447,255,None,Move,office
1571235556.29,1441,252,None,Move,office
1571235556.298,1439,252,None,Move,office
1571235556.306,1437,251,None,Move,office
1571235556.314,1435,251,None,Move,office
1571235556.322,1434,251,None,Move,office
1571235556.3779998,1434,250,None,Move,office
1571235556.3979998,1435,248,None,Move,office
1571235556.409,1437,247,None,Move,office
1571235556.416,1439,247,None,Move,office
1571235556.423,1445,246,None,Move,office
1571235556.428,1452,243,None,Move,office
1571235556.434,1462,242,None,Move,office
1571235556.4420002,1475,241,None,Move,office
1571235556.45,1490,239,None,Move,office
1571235556.458,1500,239,None,Move,office
1571235556.466,1509,239,None,Move,office
1571235556.474,1516,237,None,Move,office
1571235556.482,1521,236,None,Move,office
1571235556.666,1522,235,None,Move,office
1571235556.6820002,1522,235,Left,Pressed,office
1571235556.7629998,1522,235,Left,Released,office
1571235556.778,1523,236,None,Move,office
1571235556.786,1524,236,None,Move,office
1571235556.8620002,1524,236,None,Move,office
1571235556.87,1522,237,None,Move,office
1571235556.8779998,1518,238,None,Move,office
1571235556.887,1512,239,None,Move,office
1571235556.894,1508,240,None,Move,office
1571235556.9020002,1503,240,None,Move,office
1571235556.91,1493,241,None,Move,office
1571235556.918,1480,243,None,Move,office
1571235556.926,1461,244,None,Move,office
1571235556.934,1436,246,None,Move,office
1571235556.9420002,1404,248,None,Move,office
1571235556.95,1367,248,None,Move,office
1571235556.958,1326,248,None,Move,office
1571235556.966,1282,248,None,Move,office
1571235556.974,1238,248,None,Move,office
1571235556.982,1197,248,None,Move,office
1571235556.99,1156,248,None,Move,office
1571235556.998,1122,248,None,Move,office
1571235557.006,1091,248,None,Move,office
1571235557.014,1064,248,None,Move,office
1571235557.022,1037,248,None,Move,office
1571235557.03,1009,248,None,Move,office
1571235557.038,982,248,None,Move,office
1571235557.046,951,247,None,Move,office
1571235557.06,918,243,None,Move,office
1571235557.07,879,237,None,Move,office
1571235557.077,844,233,None,Move,office
1571235557.083,808,229,None,Move,office
1571235557.0879998,775,223,None,Move,office
1571235557.094,750,220,None,Move,office
1571235557.1020002,731,217,None,Move,office
1571235557.115,715,214,None,Move,office
1571235557.123,704,213,None,Move,office
1571235557.13,702,212,None,Move,office
1571235557.262,704,212,None,Move,office
1571235557.282,710,212,None,Move,office
1571235557.293,714,212,None,Move,office
1571235557.298,720,212,None,Move,office
1571235557.303,733,212,None,Move,office
1571235557.31,750,212,None,Move,office
1571235557.3179998,774,217,None,Move,office
1571235557.326,803,221,None,Move,office
1571235557.339,833,228,None,Move,office
1571235557.347,859,232,None,Move,office
1571235557.353,875,233,None,Move,office
1571235557.36,892,234,None,Move,office
1571235557.3660002,902,237,None,Move,office
1571235557.3739998,909,238,None,Move,office
1571235557.3820002,910,238,None,Move,office
1571235557.471,910,238,Left,Pressed,office
1571235557.566,910,238,Left,Released,office
1571235557.582,912,240,None,Move,office
1571235557.593,913,240,None,Move,office
1571235557.599,915,240,None,Move,office
1571235557.606,916,240,None,Move,office
1571235557.6139998,917,240,None,Move,office
1571235557.63,920,243,None,Move,office
1571235557.6420002,920,244,None,Move,office
1571235557.649,923,245,None,Move,office
1571235557.656,929,245,None,Move,office
1571235557.6620002,933,245,None,Move,office
1571235557.67,937,245,None,Move,office
1571235557.678,940,246,None,Move,office
1571235557.686,946,246,None,Move,office
1571235557.694,951,246,None,Move,office
1571235557.702,956,246,None,Move,office
1571235557.716,960,246,None,Move,office
1571235557.726,971,246,None,Move,office
1571235557.734,980,246,None,Move,office
1571235557.742,988,246,None,Move,office
1571235557.75,998,246,None,Move,office
1571235557.758,1008,246,None,Move,office
1571235557.766,1020,246,None,Move,office
1571235557.774,1035,246,None,Move,office
1571235557.782,1051,246,None,Move,office
1571235557.795,1066,246,None,Move,office
1571235557.803,1083,246,None,Move,office
1571235557.81,1099,246,None,Move,office
1571235557.816,1114,246,None,Move,office
1571235557.822,1131,246,None,Move,office
1571235557.83,1147,246,None,Move,office
1571235557.8379998,1162,246,None,Move,office
1571235557.846,1177,246,None,Move,office
1571235557.86,1195,246,None,Move,office
1571235557.867,1213,246,None,Move,office
1571235557.875,1234,246,None,Move,office
1571235557.88,1254,246,None,Move,office
1571235557.8879998,1282,246,None,Move,office
1571235557.894,1309,246,None,Move,office
1571235557.9020002,1340,246,None,Move,office
1571235557.916,1374,246,None,Move,office
1571235557.926,1411,246,None,Move,office
1571235557.9320002,1452,246,None,Move,office
1571235557.938,1493,246,None,Move,office
1571235557.9429998,1537,246,None,Move,office
1571235557.95,1574,246,None,Move,office
1571235557.958,1623,243,None,Move,office
1571235557.966,1672,239,None,Move,office
1571235557.981,1727,232,None,Move,office
1571235557.9889998,1781,220,None,Move,office
1571235557.995,1841,208,None,Move,office
1571235558.0010002,1901,196,None,Move,office
1571235558.006,1958,182,None,Move,office
1571235558.014,1974,163,None,Move,office
1571235558.0229998,1974,141,None,Move,office
1571235558.03,1968,118,None,Move,office
1571235558.038,1961,98,None,Move,office
1571235558.046,1957,73,None,Move,office
1571235558.054,1950,51,None,Move,office
1571235558.062,1950,28,None,Move,office
1571235558.076,1944,4,None,Move,office
1571235558.083,1948,-20,None,Move,office
1571235558.09,1941,-21,None,Move,office
1571235558.095,1938,-19,None,Move,office
1571235558.1020002,1932,-17,None,Move,office
1571235558.11,1927,-13,None,Move,office
1571235558.1179998,1925,-10,None,Move,office
1571235558.129,1921,-9,None,Move,office
1571235558.1339998,1922,-9,None,Move,office
1571235558.1420002,1920,-9,None,Move,office
1571235558.158,1919,-6,None,Move,office
1571235558.166,1921,-11,None,Move,office
1571235558.174,1919,-2,None,Move,office
1571235558.1820002,1919,-1,None,Move,office
1571235558.43,1919,0,None,Move,office
1571235558.438,1916,0,None,Move,office
1571235558.446,1912,4,None,Move,office
1571235558.454,1906,5,None,Move,office
1571235558.462,1902,7,None,Move,office
1571235558.47,1898,9,None,Move,office
1571235558.478,1895,10,None,Move,office
1571235558.486,1893,11,None,Move,office
1571235558.494,1889,12,None,Move,office
1571235558.502,1886,12,None,Move,office
1571235558.51,1883,13,None,Move,office
1571235558.518,1882,14,None,Move,office
1571235558.526,1878,15,None,Move,office
1571235558.54,1874,15,None,Move,office
1571235558.5470002,1871,18,None,Move,office
1571235558.554,1868,20,None,Move,office
1571235558.56,1865,21,None,Move,office
1571235558.566,1859,22,None,Move,office
1571235558.574,1852,24,None,Move,office
1571235558.582,1841,28,None,Move,office
1571235558.596,1831,32,None,Move,office
1571235558.603,1819,36,None,Move,office
1571235558.61,1808,40,None,Move,office
1571235558.615,1799,44,None,Move,office
1571235558.6220002,1790,48,None,Move,office
1571235558.63,1783,52,None,Move,office
1571235558.6379998,1777,54,None,Move,office
1571235558.646,1772,56,None,Move,office
1571235558.6620002,1766,60,None,Move,office
1571235558.671,1752,64,None,Move,office
1571235558.678,1743,68,None,Move,office
1571235558.686,1732,72,None,Move,office
1571235558.694,1720,78,None,Move,office
1571235558.702,1709,83,None,Move,office
1571235558.715,1699,88,None,Move,office
1571235558.7229998,1688,93,None,Move,office
1571235558.73,1677,99,None,Move,office
1571235558.736,1668,103,None,Move,office
1571235558.742,1661,105,None,Move,office
1571235558.75,1656,107,None,Move,office
1571235558.758,1648,111,None,Move,office
1571235558.766,1639,113,None,Move,office
1571235558.786,1617,121,None,Move,office
1571235558.798,1602,127,None,Move,office
1571235558.806,1551,143,None,Move,office
1571235558.814,1517,153,None,Move,office
1571235558.822,1480,163,None,Move,office
1571235558.83,1435,176,None,Move,office
1571235558.8379998,1384,193,None,Move,office
1571235558.846,1323,212,None,Move,office
1571235558.854,1255,235,None,Move,office
1571235558.871,1111,294,None,Move,office
1571235558.8779998,1038,325,None,Move,office
1571235558.8860002,969,356,None,Move,office
1571235558.894,909,388,None,Move,office
1571235558.9020002,856,420,None,Move,office
1571235558.91,809,448,None,Move,office
1571235558.918,769,470,None,Move,office
1571235558.926,736,491,None,Move,office
1571235558.94,709,509,None,Move,office
1571235558.947,686,521,None,Move,office
1571235558.954,666,532,None,Move,office
1571235558.96,650,541,None,Move,office
1571235558.966,636,548,None,Move,office
1571235558.974,624,554,None,Move,office
1571235558.982,612,556,None,Move,office
1571235558.9970002,601,559,None,Move,office
1571235559.006,584,561,None,Move,office
1571235559.014,577,562,None,Move,office
1571235559.022,575,562,None,Move,office
1571235559.03,575,562,None,Move,office
1571235559.167,572,562,None,Move,office
1571235559.187,572,562,None,Move,office
1571235559.231,570,563,None,Move,office
1571235559.238,569,566,None,Move,office
1571235559.2470002,568,567,None,Move,office
1571235559.254,566,569,None,Move,office
1571235559.262,563,571,None,Move,office
1571235559.27,559,573,None,Move,office
1571235559.286,557,573,None,Move,office
1571235559.294,553,574,None,Move,office
1571235559.31,547,576,None,Move,office
1571235559.3179998,543,577,None,Move,office
1571235559.326,539,578,None,Move,office
1571235559.342,534,579,None,Move,office
1571235559.35,528,582,None,Move,office
1571235559.359,523,583,None,Move,office
1571235559.3660002,517,584,None,Move,office
1571235559.3739998,516,584,None,Move,office
1571235559.3820002,512,584,None,Move,office
1571235559.39,507,584,None,Move,office
1571235559.3979998,503,584,None,Move,office
1571235559.406,497,584,None,Move,office
1571235559.414,489,584,None,Move,office
1571235559.4220002,480,584,None,Move,office
1571235559.43,469,584,None,Move,office
1571235559.438,457,584,None,Move,office
1571235559.446,445,584,None,Move,office
1571235559.454,434,584,None,Move,office
1571235559.462,422,584,None,Move,office
1571235559.47,408,583,None,Move,office
1571235559.478,395,583,None,Move,office
1571235559.486,380,583,None,Move,office
1571235559.494,364,583,None,Move,office
1571235559.502,347,583,None,Move,office
1571235559.51,329,583,None,Move,office
1571235559.518,313,583,None,Move,office
1571235559.526,298,583,None,Move,office
1571235559.534,286,582,None,Move,office
1571235559.549,284,582,None,Move,office
1571235559.559,278,580,None,Move,office
1571235559.566,274,580,None,Move,office
1571235559.574,269,579,None,Move,office
1571235559.582,263,577,None,Move,office
1571235559.591,257,575,None,Move,office
1571235559.5979998,253,573,None,Move,office
1571235559.606,253,573,None,Move,office
1571235559.6139998,252,572,None,Move,office
1571235559.678,251,571,None,Move,office
1571235559.698,249,568,None,Move,office
1571235559.71,249,566,None,Move,office
1571235559.72,249,561,None,Move,office
1571235559.731,249,559,None,Move,office
1571235559.74,249,558,None,Move,office
1571235559.746,249,558,None,Move,office
1571235559.774,249,557,None,Move,office
1571235559.79,249,556,None,Move,office
1571235559.842,249,554,None,Move,office
1571235559.85,249,553,None,Move,office
1571235559.8579998,249,553,None,Move,office
1571235559.8660002,249,552,None,Move,office
1571235560.202,249,549,None,Move,office
1571235560.214,249,549,None,Move,office
1571235560.219,249,546,None,Move,office
1571235560.226,249,545,None,Move,office
1571235560.234,249,544,None,Move,office
1571235560.25,249,542,None,Move,office
1571235560.258,249,542,None,Move,office
1571235560.283,249,540,None,Move,office
1571235560.29,249,540,None,Move,office
1571235560.299,249,538,None,Move,office
1571235560.306,248,537,None,Move,office
1571235560.314,248,536,None,Move,office
1571235560.322,247,535,None,Move,office
1571235560.346,246,531,None,Move,office
1571235560.355,246,530,None,Move,office
1571235560.3620002,246,527,None,Move,office
1571235560.37,246,524,None,Move,office
1571235560.3779998,246,521,None,Move,office
1571235560.3860002,246,521,None,Move,office
1571235560.394,246,519,None,Move,office
1571235560.4020002,246,518,None,Move,office
1571235561.1220002,245,518,Left,Pressed,office
1571235561.1220002,245,518,None,Drag,office
1571235561.131,244,518,None,Drag,office
1571235561.1379998,242,518,None,Drag,office
1571235561.146,237,518,None,Drag,office
1571235561.154,228,518,None,Drag,office
1571235561.1620002,215,518,None,Drag,office
1571235561.17,197,518,None,Drag,office
1571235561.178,174,518,None,Drag,office
1571235561.186,140,518,None,Drag,office
1571235561.194,103,518,None,Drag,office
1571235561.202,62,518,None,Drag,office
1571235561.21,24,518,None,Drag,office
1571235561.218,-10,518,None,Drag,office
1571235561.226,-30,518,None,Drag,office
1571235561.234,-24,518,None,Drag,office
1571235561.242,-17,516,None,Drag,office
1571235561.25,-12,516,None,Drag,office
1571235561.258,0,516,None,Drag,office
1571235561.258,0,516,Left,Released,office
1571235561.794,-1,516,None,Move,office
1571235562.234,0,516,None,Move,office
1571235562.25,2,517,None,Move,office
1571235562.258,3,517,None,Move,office
1571235562.266,4,517,None,Move,office
1571235562.282,8,519,None,Move,office
1571235562.29,14,520,None,Move,office
1571235562.298,16,520,None,Move,office
1571235562.306,24,523,None,Move,office
1571235562.314,34,525,None,Move,office
1571235562.322,43,528,None,Move,office
1571235562.33,50,530,None,Move,office
1571235562.3379998,57,531,None,Move,office
1571235562.346,59,533,None,Move,office
1571235562.354,61,533,None,Move,office
1571235562.394,64,536,None,Move,office
1571235562.4020002,64,537,None,Move,office
1571235562.41,66,537,None,Move,office
1571235562.418,67,537,None,Move,office
1571235562.426,71,539,None,Move,office
1571235562.434,74,542,None,Move,office
1571235562.4420002,76,543,None,Move,office
1571235562.45,83,545,None,Move,office
1571235562.458,86,545,None,Move,office
1571235562.466,90,548,None,Move,office
1571235562.474,95,551,None,Move,office
1571235562.482,97,551,None,Move,office
1571235562.49,100,554,None,Move,office
1571235562.498,104,555,None,Move,office
1571235562.506,106,557,None,Move,office
1571235562.514,109,560,None,Move,office
1571235562.522,116,566,None,Move,office
1571235562.53,119,567,None,Move,office
1571235562.538,124,568,None,Move,office
1571235562.546,127,571,None,Move,office
1571235562.559,130,571,None,Move,office
1571235562.5670002,132,572,None,Move,office
1571235562.573,134,572,None,Move,office
1571235562.5779998,135,572,None,Move,office
1571235562.586,138,572,None,Move,office
1571235562.604,146,572,None,Move,office
1571235562.613,149,572,None,Move,office
1571235562.62,154,572,None,Move,office
1571235562.6260002,163,572,None,Move,office
1571235562.6339998,173,572,None,Move,office
1571235562.6420002,186,572,None,Move,office
1571235562.657,198,572,None,Move,office
1571235562.666,211,572,None,Move,office
1571235562.674,223,572,None,Move,office
1571235562.68,234,572,None,Move,office
1571235562.685,246,572,None,Move,office
1571235562.691,258,572,None,Move,office
1571235562.698,271,572,None,Move,office
1571235562.706,283,572,None,Move,office
1571235562.721,294,572,None,Move,office
1571235562.731,308,572,None,Move,office
1571235562.738,309,572,None,Move,office
1571235562.83,310,571,None,Move,office
1571235562.85,312,570,None,Move,office
1571235562.861,314,569,None,Move,office
1571235562.869,317,567,None,Move,office
1571235562.8760002,318,567,None,Move,office
1571235562.8820002,320,566,None,Move,office
1571235562.8879998,321,565,None,Move,office
1571235562.894,321,564,None,Move,office
1571235562.9020002,321,563,None,Move,office
1571235562.9420002,323,561,None,Move,office
1571235562.95,324,561,None,Move,office
1571235562.968,324,559,None,Move,office
1571235562.978,325,558,None,Move,office
1571235562.985,326,552,None,Move,office
1571235562.992,330,548,None,Move,office
1571235562.998,332,544,None,Move,office
1571235563.006,333,540,None,Move,office
1571235563.014,335,536,None,Move,office
1571235563.022,335,535,None,Move,office
1571235563.03,335,535,None,Move,office
1571235563.086,335,535,Left,Pressed,office
1571235563.1829998,335,535,Left,Released,office
1571235563.246,336,536,None,Move,office
1571235563.254,337,537,None,Move,office
1571235563.262,339,539,None,Move,office
1571235563.27,341,541,None,Move,office
1571235563.278,344,545,None,Move,office
1571235563.286,345,546,None,Move,office
1571235563.6220002,345,546,None,Move,office
1571235563.6379998,347,542,None,Move,office
1571235563.646,347,541,None,Move,office
1571235563.654,348,539,None,Move,office
1571235563.6620002,349,537,None,Move,office
1571235563.67,350,536,None,Move,office
1571235563.678,350,535,None,Move,office
1571235563.846,351,534,None,Move,office
1571235563.857,353,532,None,Move,office
1571235563.863,354,530,None,Move,office
1571235563.87,354,526,None,Move,office
1571235563.8779998,361,520,None,Move,office
1571235563.8860002,368,512,None,Move,office
1571235563.894,372,508,None,Move,office
1571235563.9020002,383,497,None,Move,office
1571235563.911,397,484,None,Move,office
1571235563.918,408,473,None,Move,office
1571235569.53,407,473,None,Move,office
1571235569.538,406,473,None,Move,office
1571235569.546,403,473,None,Move,office
1571235569.554,398,473,None,Move,office
1571235569.562,389,473,None,Move,office
1571235569.57,381,473,None,Move,office
1571235569.5779998,374,472,None,Move,office
1571235569.586,373,472,None,Move,office
1571235569.6420002,372,472,None,Move,office
1571235569.65,371,472,None,Move,office
1571235569.658,369,472,None,Move,office
1571235569.666,365,472,None,Move,office
1571235569.674,359,473,None,Move,office
1571235569.6820002,354,473,None,Move,office
1571235569.69,349,475,None,Move,office
1571235569.698,342,476,None,Move,office
1571235569.706,333,477,None,Move,office
1571235569.714,323,478,None,Move,office
1571235569.722,313,481,None,Move,office
1571235569.73,302,483,None,Move,office
1571235569.738,293,487,None,Move,office
1571235569.746,286,491,None,Move,office
1571235569.754,279,495,None,Move,office
1571235569.762,273,498,None,Move,office
1571235569.77,271,499,None,Move,office
1571235569.778,268,500,None,Move,office
1571235569.786,266,500,None,Move,office
1571235569.794,262,500,None,Move,office
1571235569.802,257,500,None,Move,office
1571235569.81,253,500,None,Move,office
1571235569.8179998,252,500,None,Move,office
1571235569.826,249,500,None,Move,office
1571235569.834,247,500,None,Move,office
1571235569.842,242,500,None,Move,office
1571235569.85,242,500,None,Move,office
1571235569.8579998,238,500,None,Move,office
1571235569.8660002,233,500,None,Move,office
1571235569.8739998,231,500,None,Move,office
1571235569.8820002,227,500,None,Move,office
1571235569.895,222,500,None,Move,office
1571235569.904,215,500,None,Move,office
1571235569.909,211,500,None,Move,office
1571235569.914,210,500,None,Move,office
1571235569.9220002,208,500,None,Move,office
1571235569.938,207,500,None,Move,office
1571235569.947,205,500,None,Move,office
1571235570.043,205,500,Left,Pressed,office
1571235570.171,205,500,Left,Released,office
1571235570.986,204,502,None,Move,office
1571235570.994,204,503,None,Move,office
1571235571.002,204,505,None,Move,office
1571235571.01,203,509,None,Move,office
1571235571.018,202,512,None,Move,office
1571235571.026,202,513,None,Move,office
1571235571.05,200,516,None,Move,office
1571235571.0579998,198,522,None,Move,office
1571235571.066,195,528,None,Move,office
1571235571.074,193,535,None,Move,office
1571235571.082,191,542,None,Move,office
1571235571.09,188,549,None,Move,office
1571235571.0979998,187,550,None,Move,office
1571235571.106,184,555,None,Move,office
1571235571.1139998,184,556,None,Move,office
1571235571.21,182,558,None,Move,office
1571235571.218,181,559,None,Move,office
1571235571.226,181,561,None,Move,office
1571235571.234,179,566,None,Move,office
1571235571.242,178,569,None,Move,office
1571235571.25,178,570,None,Move,office
1571235571.258,176,574,None,Move,office
1571235571.266,176,575,None,Move,office
1571235571.274,174,577,None,Move,office
1571235571.282,172,579,None,Move,office
1571235571.29,171,582,None,Move,office
1571235571.298,168,586,None,Move,office
1571235571.306,167,590,None,Move,office
1571235571.314,167,591,None,Move,office
1571235571.322,167,592,None,Move,office
1571235571.33,167,593,None,Move,office
1571235571.3379998,166,594,None,Move,office
1571235571.419,166,598,None,Move,office
1571235571.426,166,599,None,Move,office
1571235571.434,166,600,None,Move,office
1571235571.4420002,166,601,None,Move,office
1571235571.755,166,602,None,Move,office
1571235571.946,168,599,None,Move,office
1571235571.968,172,596,None,Move,office
1571235571.9770002,176,595,None,Move,office
1571235571.982,184,592,None,Move,office
1571235571.99,199,590,None,Move,office
1571235571.998,226,585,None,Move,office
1571235572.006,261,581,None,Move,office
1571235572.014,303,577,None,Move,office
1571235572.022,349,572,None,Move,office
1571235572.03,390,570,None,Move,office
1571235572.038,429,566,None,Move,office
1571235572.046,460,564,None,Move,office
1571235572.054,479,561,None,Move,office
1571235572.062,491,559,None,Move,office
1571235572.07,492,558,None,Move,office
1571235572.238,492,559,None,Move,office
1571235572.2489998,492,563,None,Move,office
1571235572.255,492,566,None,Move,office
1571235572.262,491,571,None,Move,office
1571235572.27,490,575,None,Move,office
1571235572.278,489,579,None,Move,office
1571235572.286,489,582,None,Move,office
1571235572.294,488,585,None,Move,office
1571235572.302,488,587,None,Move,office
1571235572.31,488,587,None,Move,office
1571235572.514,487,589,Left,Pressed,office
1571235572.514,487,589,None,Drag,office
1571235572.5229998,486,590,None,Drag,office
1571235572.529,484,591,None,Drag,office
1571235572.535,482,591,None,Drag,office
1571235572.543,477,591,None,Drag,office
1571235572.55,473,591,None,Drag,office
1571235572.5579998,468,591,None,Drag,office
1571235572.566,460,591,None,Drag,office
1571235572.574,450,591,None,Drag,office
1571235572.582,438,591,None,Drag,office
1571235572.59,425,591,None,Drag,office
1571235572.5979998,408,591,None,Drag,office
1571235572.606,390,591,None,Drag,office
1571235572.6139998,367,591,None,Drag,office
1571235572.6220002,343,591,None,Drag,office
1571235572.63,319,591,None,Drag,office
1571235572.6379998,295,591,None,Drag,office
1571235572.646,271,591,None,Drag,office
1571235572.654,251,591,None,Drag,office
1571235572.6620002,230,591,None,Drag,office
1571235572.67,212,591,None,Drag,office
1571235572.678,195,591,None,Drag,office
1571235572.686,179,591,None,Drag,office
1571235572.694,164,591,None,Drag,office
1571235572.702,151,591,None,Drag,office
1571235572.71,137,591,None,Drag,office
1571235572.718,126,591,None,Drag,office
1571235572.726,114,591,None,Drag,office
1571235572.734,104,591,None,Drag,office
1571235572.742,94,591,None,Drag,office
1571235572.75,84,591,None,Drag,office
1571235572.758,74,591,None,Drag,office
1571235572.766,64,591,None,Drag,office
1571235572.774,54,591,None,Drag,office
1571235572.782,44,591,None,Drag,office
1571235572.79,32,591,None,Drag,office
1571235572.798,22,591,None,Drag,office
1571235572.806,14,591,None,Drag,office
1571235572.814,5,591,None,Drag,office
1571235572.822,0,591,None,Drag,office
1571235572.9420002,-4,591,None,Drag,office
1571235572.962,-7,591,None,Drag,office
1571235572.9729998,-4,591,None,Drag,office
1571235572.9729998,-4,591,Left,Released,office
1571235573.151,0,591,None,Move,office
1571235573.158,2,591,None,Move,office
1571235573.166,5,591,None,Move,office
1571235573.174,10,591,None,Move,office
1571235573.1820002,20,591,None,Move,office
1571235573.19,43,591,None,Move,office
1571235573.198,84,591,None,Move,office
1571235573.206,151,591,None,Move,office
1571235573.214,239,591,None,Move,office
1571235573.222,344,591,None,Move,office
1571235573.23,468,591,None,Move,office
1571235573.238,597,593,None,Move,office
1571235573.246,722,598,None,Move,office
1571235573.254,838,606,None,Move,office
1571235573.262,936,612,None,Move,office
1571235573.27,1011,617,None,Move,office
1571235573.278,1063,619,None,Move,office
1571235573.286,1063,619,None,Move,office
1571235573.326,1063,619,None,Move,office
1571235573.334,1060,619,None,Move,office
1571235573.342,1058,619,None,Move,office
1571235573.35,1054,619,None,Move,office
1571235573.3579998,1050,619,None,Move,office
1571235573.3660002,1049,619,None,Move,office
1571235573.3739998,1048,619,None,Move,office
1571235573.39,1046,619,None,Move,office
1571235573.3979998,1044,619,None,Move,office
1571235573.406,1043,619,None,Move,office
1571235573.414,1041,619,None,Move,office
1571235573.4220002,1039,619,None,Move,office
1571235573.43,1035,619,None,Move,office
1571235573.438,1033,619,None,Move,office
1571235573.446,1029,619,None,Move,office
1571235573.454,1024,619,None,Move,office
1571235573.462,1020,619,None,Move,office
1571235573.47,1016,619,None,Move,office
1571235573.478,1011,619,None,Move,office
1571235573.486,1005,619,None,Move,office
1571235573.494,996,619,None,Move,office
1571235573.502,986,619,None,Move,office
1571235573.51,976,619,None,Move,office
1571235573.518,968,619,None,Move,office
1571235573.526,958,619,None,Move,office
1571235573.534,949,619,None,Move,office
1571235573.542,939,619,None,Move,office
1571235573.556,931,619,None,Move,office
1571235573.564,923,619,None,Move,office
1571235573.569,914,619,None,Move,office
1571235573.574,907,620,None,Move,office
1571235573.582,902,621,None,Move,office
1571235573.596,900,622,None,Move,office
1571235573.604,897,622,None,Move,office
1571235573.611,892,623,None,Move,office
1571235573.617,888,624,None,Move,office
1571235573.6220002,883,625,None,Move,office
1571235573.63,876,628,None,Move,office
1571235573.6379998,868,630,None,Move,office
1571235573.646,860,631,None,Move,office
1571235573.654,851,632,None,Move,office
1571235573.6620002,844,635,None,Move,office
1571235573.676,837,637,None,Move,office
1571235573.684,830,640,None,Move,office
1571235573.69,823,641,None,Move,office
1571235573.696,815,643,None,Move,office
1571235573.702,808,646,None,Move,office
1571235573.71,799,648,None,Move,office
1571235573.718,791,649,None,Move,office
1571235573.731,782,651,None,Move,office
1571235573.7389998,773,653,None,Move,office
1571235573.746,765,654,None,Move,office
1571235573.7510002,756,657,None,Move,office
1571235573.758,749,659,None,Move,office
1571235573.766,742,660,None,Move,office
1571235573.774,735,662,None,Move,office
1571235573.782,729,663,None,Move,office
1571235573.796,728,663,None,Move,office
1571235573.804,724,665,None,Move,office
1571235573.81,721,666,None,Move,office
1571235573.816,720,666,None,Move,office
1571235573.822,714,668,None,Move,office
1571235573.83,713,669,None,Move,office
1571235573.8379998,710,669,None,Move,office
1571235573.851,705,670,None,Move,office
1571235573.859,702,671,None,Move,office
1571235573.8660002,697,672,None,Move,office
1571235573.871,690,674,None,Move,office
1571235573.8779998,683,676,None,Move,office
1571235573.8860002,674,679,None,Move,office
1571235573.894,665,681,None,Move,office
1571235573.91,658,683,None,Move,office
1571235573.928,649,688,None,Move,office
1571235573.935,647,692,None,Move,office
1571235573.9420002,645,693,None,Move,office
1571235573.95,644,694,None,Move,office
1571235573.958,644,695,None,Move,office
1571235574.6139998,642,696,None,Move,office
1571235574.6220002,641,696,None,Move,office
1571235574.63,639,696,None,Move,office
1571235574.6379998,636,696,None,Move,office
1571235574.646,634,696,None,Move,office
1571235574.654,627,696,None,Move,office
1571235574.6620002,619,698,None,Move,office
1571235574.67,610,698,None,Move,office
1571235574.678,602,699,None,Move,office
1571235574.686,593,700,None,Move,office
1571235574.694,586,701,None,Move,office
1571235574.702,579,703,None,Move,office
1571235574.71,574,704,None,Move,office
1571235574.718,568,705,None,Move,office
1571235574.726,561,706,None,Move,office
1571235574.734,554,708,None,Move,office
1571235574.742,545,711,None,Move,office
1571235574.75,536,713,None,Move,office
1571235574.758,528,716,None,Move,office
1571235574.766,519,718,None,Move,office
1571235574.774,510,721,None,Move,office
1571235574.782,501,722,None,Move,office
1571235574.79,493,723,None,Move,office
1571235574.798,484,726,None,Move,office
1571235574.806,475,728,None,Move,office
1571235574.814,467,730,None,Move,office
1571235574.822,458,731,None,Move,office
1571235574.83,449,732,None,Move,office
1571235574.8379998,439,733,None,Move,office
1571235574.846,429,735,None,Move,office
1571235574.854,417,737,None,Move,office
1571235574.8620002,405,740,None,Move,office
1571235574.87,392,743,None,Move,office
1571235574.8779998,380,744,None,Move,office
1571235574.8860002,368,747,None,Move,office
1571235574.899,357,749,None,Move,office
1571235574.907,349,750,None,Move,office
1571235574.914,340,752,None,Move,office
1571235574.9220002,339,752,None,Move,office
1571235575.082,339,752,None,Move,office
1571235575.093,343,752,None,Move,office
1571235575.0979998,344,752,None,Move,office
1571235575.106,345,752,None,Move,office
1571235575.1139998,347,752,None,Move,office
1571235575.1220002,349,752,None,Move,office
1571235575.131,351,752,None,Move,office
1571235575.1379998,352,752,None,Move,office
1571235575.146,357,752,None,Move,office
1571235575.154,358,752,None,Move,office
1571235575.1620002,361,752,None,Move,office
1571235575.17,362,752,None,Move,office
1571235575.178,363,752,None,Move,office
1571235575.186,364,752,None,Move,office
1571235575.194,365,752,None,Move,office
1571235575.202,368,752,None,Move,office
1571235575.21,372,751,None,Move,office
1571235575.218,375,751,None,Move,office
1571235575.226,377,751,None,Move,office
1571235575.234,382,750,None,Move,office
1571235575.242,385,750,None,Move,office
1571235575.25,391,750,None,Move,office
1571235575.258,400,750,None,Move,office
1571235575.266,410,750,None,Move,office
1571235575.274,420,750,None,Move,office
1571235575.282,432,750,None,Move,office
1571235575.29,445,750,None,Move,office
1571235575.298,456,750,None,Move,office
1571235575.306,468,750,None,Move,office
1571235575.314,481,750,None,Move,office
1571235575.322,495,750,None,Move,office
1571235575.33,510,750,None,Move,office
1571235575.3379998,523,750,None,Move,office
1571235575.346,536,750,None,Move,office
1571235575.354,546,750,None,Move,office
1571235575.3620002,558,750,None,Move,office
1571235575.37,568,750,None,Move,office
1571235575.3779998,576,750,None,Move,office
1571235575.3860002,585,748,None,Move,office
1571235575.394,595,748,None,Move,office
1571235575.4020002,605,748,None,Move,office
1571235575.41,615,748,None,Move,office
1571235575.418,627,748,None,Move,office
1571235575.426,640,748,None,Move,office
1571235575.434,650,748,None,Move,office
1571235575.4420002,662,748,None,Move,office
1571235575.45,670,748,None,Move,office
1571235575.458,680,748,None,Move,office
1571235575.466,689,747,None,Move,office
1571235575.474,697,746,None,Move,office
1571235575.482,704,745,None,Move,office
1571235575.49,709,745,None,Move,office
1571235575.498,715,744,None,Move,office
1571235575.506,722,744,None,Move,office
1571235575.514,728,744,None,Move,office
1571235575.522,737,742,None,Move,office
1571235575.53,745,742,None,Move,office
1571235575.538,752,742,None,Move,office
1571235575.546,761,741,None,Move,office
1571235575.554,768,741,None,Move,office
1571235575.562,774,741,None,Move,office
1571235575.57,783,740,None,Move,office
1571235575.5779998,790,739,None,Move,office
1571235575.592,795,738,None,Move,office
1571235575.6,799,738,None,Move,office
1571235575.605,803,738,None,Move,office
1571235575.61,807,737,None,Move,office
1571235575.6179998,808,737,None,Move,office
1571235575.6339998,811,737,None,Move,office
1571235575.643,820,736,None,Move,office
1571235575.65,824,736,None,Move,office
1571235575.658,829,736,None,Move,office
1571235575.666,835,736,None,Move,office
1571235575.674,839,736,None,Move,office
1571235575.6820002,846,734,None,Move,office
1571235575.69,847,734,None,Move,office
1571235575.698,852,734,None,Move,office
1571235575.706,855,733,None,Move,office
1571235575.714,856,733,None,Move,office
1571235575.7270002,857,733,None,Move,office
1571235575.735,858,733,None,Move,office
1571235575.8179998,860,732,None,Move,office
1571235575.8379998,862,731,None,Move,office
1571235575.85,863,731,None,Move,office
1571235576.506,861,731,None,Move,office
1571235576.514,860,731,None,Move,office
1571235576.522,858,733,None,Move,office
1571235576.53,857,735,None,Move,office
1571235576.538,855,737,None,Move,office
1571235576.546,853,739,None,Move,office
1571235576.554,852,742,None,Move,office
1571235576.562,851,742,None,Move,office
1571235576.778,851,742,None,Move,office
1571235576.789,851,742,None,Move,office
1571235576.795,851,739,None,Move,office
1571235576.803,851,738,None,Move,office
1571235576.81,851,735,None,Move,office
1571235576.8179998,851,732,None,Move,office
1571235576.826,854,731,None,Move,office
1571235576.834,859,726,None,Move,office
1571235576.842,860,725,None,Move,office
1571235576.85,862,725,None,Move,office
1571235576.8579998,863,725,None,Move,office
1571235576.8660002,865,725,None,Move,office
1571235577.1620002,865,724,Left,Pressed,office
1571235577.1620002,865,724,None,Drag,office
1571235577.17,865,723,None,Drag,office
1571235577.178,860,722,None,Drag,office
1571235577.186,856,722,None,Drag,office
1571235577.194,853,722,None,Drag,office
1571235577.202,848,722,None,Drag,office
1571235577.21,845,722,None,Drag,office
1571235577.218,837,722,None,Drag,office
1571235577.2270002,825,722,None,Drag,office
1571235577.234,809,722,None,Drag,office
1571235577.242,788,722,None,Drag,office
1571235577.25,764,722,None,Drag,office
1571235577.258,740,722,None,Drag,office
1571235577.266,713,722,None,Drag,office
1571235577.274,686,722,None,Drag,office
1571235577.282,662,722,None,Drag,office
1571235577.29,638,722,None,Drag,office
1571235577.298,620,722,None,Drag,office
1571235577.306,601,722,None,Drag,office
1571235577.315,585,722,None,Drag,office
1571235577.322,568,722,None,Drag,office
1571235577.33,554,722,None,Drag,office
1571235577.3379998,540,722,None,Drag,office
1571235577.346,529,722,None,Drag,office
1571235577.354,517,722,None,Drag,office
1571235577.3620002,507,722,None,Drag,office
1571235577.371,497,722,None,Drag,office
1571235577.3779998,488,722,None,Drag,office
1571235577.3860002,482,722,None,Drag,office
1571235577.394,475,722,None,Drag,office
1571235577.4020002,470,722,None,Drag,office
1571235577.41,465,722,None,Drag,office
1571235577.418,459,722,None,Drag,office
1571235577.426,454,722,None,Drag,office
1571235577.434,449,722,None,Drag,office
1571235577.4420002,445,722,None,Drag,office
1571235577.4420002,445,722,Left,Released,office
1571235578.19,445,722,None,Move,office
1571235578.206,443,722,None,Move,office
1571235578.214,441,725,None,Move,office
1571235578.222,439,729,None,Move,office
1571235578.23,434,735,None,Move,office
1571235578.238,428,744,None,Move,office
1571235578.246,418,755,None,Move,office
1571235578.254,409,767,None,Move,office
1571235578.262,397,780,None,Move,office
1571235578.27,386,791,None,Move,office
1571235578.278,375,800,None,Move,office
1571235578.286,365,810,None,Move,office
1571235578.294,354,817,None,Move,office
1571235578.302,343,822,None,Move,office
1571235578.31,333,827,None,Move,office
1571235578.3179998,331,828,None,Move,office
1571235578.326,329,829,None,Move,office
1571235578.334,328,829,None,Move,office
1571235578.3979998,328,829,Left,Pressed,office
1571235578.494,328,829,Left,Released,office
1571235578.51,325,829,None,Move,office
1571235578.518,324,829,None,Move,office
1571235578.542,324,829,None,Move,office
1571235578.55,323,829,None,Move,office
1571235578.5579998,321,829,None,Move,office
1571235578.566,320,829,None,Move,office
1571235578.574,318,829,None,Move,office
1571235578.582,318,829,None,Move,office
1571235578.606,316,829,None,Move,office
1571235578.6139998,314,829,None,Move,office
1571235578.6220002,314,829,None,Move,office
1571235578.63,311,829,None,Move,office
1571235578.6379998,310,829,None,Move,office
1571235578.646,307,829,None,Move,office
1571235578.654,305,829,None,Move,office
1571235578.6620002,302,829,None,Move,office
1571235578.67,300,829,None,Move,office
1571235578.678,295,825,None,Move,office
1571235578.687,294,825,None,Move,office
1571235578.694,290,823,None,Move,office
1571235578.702,288,823,None,Move,office
1571235578.71,285,822,None,Move,office
1571235578.718,280,819,None,Move,office
1571235578.726,275,816,None,Move,office
1571235578.734,269,812,None,Move,office
1571235578.742,262,807,None,Move,office
1571235578.75,253,802,None,Move,office
1571235578.758,242,795,None,Move,office
1571235578.766,230,790,None,Move,office
1571235578.774,214,783,None,Move,office
1571235578.782,197,777,None,Move,office
1571235578.79,176,769,None,Move,office
1571235578.798,158,763,None,Move,office
1571235578.806,143,759,None,Move,office
1571235578.814,131,755,None,Move,office
1571235578.822,130,754,None,Move,office
1571235579.006,127,753,None,Move,office
1571235579.016,127,753,None,Move,office
1571235579.0229998,127,753,None,Move,office
1571235579.03,128,755,None,Move,office
1571235579.038,131,756,None,Move,office
1571235579.046,134,759,None,Move,office
1571235579.054,138,763,None,Move,office
1571235579.062,142,765,None,Move,office
1571235579.07,148,768,None,Move,office
1571235579.0779998,154,773,None,Move,office
1571235579.086,160,778,None,Move,office
1571235579.094,163,782,None,Move,office
1571235579.1020002,168,788,None,Move,office
1571235579.11,173,794,None,Move,office
1571235579.135,176,800,None,Move,office
1571235579.1420002,180,806,None,Move,office
1571235579.15,183,809,None,Move,office
1571235579.166,186,812,None,Move,office
1571235579.174,189,813,None,Move,office
1571235579.1820002,191,815,None,Move,office
1571235580.834,193,815,None,Move,office
1571235580.842,194,815,None,Move,office
1571235580.85,194,815,None,Move,office
1571235580.8579998,194,813,None,Move,office
1571235580.978,195,811,None,Move,office
1571235580.998,195,811,None,Move,office
1571235581.1220002,197,811,None,Move,office
1571235581.141,200,811,None,Move,office
1571235581.151,202,813,None,Move,office
1571235581.158,205,816,None,Move,office
1571235581.165,208,819,None,Move,office
1571235581.17,214,824,None,Move,office
1571235581.178,220,830,None,Move,office
1571235581.187,227,835,None,Move,office
1571235581.194,236,841,None,Move,office
1571235581.202,246,848,None,Move,office
1571235581.21,255,853,None,Move,office
1571235581.218,265,859,None,Move,office
1571235581.226,277,864,None,Move,office
1571235581.234,290,868,None,Move,office
1571235581.242,303,871,None,Move,office
1571235581.25,317,873,None,Move,office
1571235581.258,330,876,None,Move,office
1571235581.266,344,879,None,Move,office
1571235581.274,357,880,None,Move,office
1571235581.282,369,881,None,Move,office
1571235581.29,379,881,None,Move,office
1571235581.298,389,883,None,Move,office
1571235581.306,398,884,None,Move,office
1571235581.314,406,885,None,Move,office
1571235581.322,415,886,None,Move,office
1571235581.33,424,888,None,Move,office
1571235581.3379998,432,889,None,Move,office
1571235581.346,439,890,None,Move,office
1571235581.354,446,891,None,Move,office
1571235581.3620002,453,892,None,Move,office
1571235581.37,460,892,None,Move,office
1571235581.3779998,465,892,None,Move,office
1571235581.3860002,469,892,None,Move,office
1571235581.458,472,893,None,Move,office
1571235581.466,472,894,None,Move,office
1571235581.474,469,896,None,Move,office
1571235581.482,466,897,None,Move,office
1571235581.49,458,899,None,Move,office
1571235581.498,450,902,None,Move,office
1571235581.506,438,904,None,Move,office
1571235581.514,423,907,None,Move,office
1571235581.522,403,911,None,Move,office
1571235581.53,377,917,None,Move,office
1571235581.538,340,925,None,Move,office
1571235581.546,294,934,None,Move,office
1571235581.554,248,940,None,Move,office
1571235581.562,199,947,None,Move,office
1571235581.57,157,951,None,Move,office
1571235581.5779998,121,955,None,Move,office
1571235581.586,92,959,None,Move,office
1571235581.594,76,960,None,Move,office
1571235581.81,69,960,None,Move,office
1571235581.821,68,960,None,Move,office
1571235581.826,67,960,None,Move,office
1571235581.834,67,958,None,Move,office
1571235581.842,70,953,None,Move,office
1571235581.85,73,951,None,Move,office
1571235581.8579998,79,946,None,Move,office
1571235581.8660002,83,941,None,Move,office
1571235581.8739998,86,938,None,Move,office
1571235581.8820002,88,937,None,Move,office
1571235581.89,91,935,None,Move,office
1571235581.8979998,92,933,None,Move,office
1571235581.906,94,932,None,Move,office
1571235581.914,95,932,None,Move,office
1571235581.954,96,931,None,Move,office
1571235581.962,98,931,None,Move,office
1571235581.97,100,931,None,Move,office
1571235581.978,101,931,None,Move,office
1571235581.986,104,931,None,Move,office
1571235581.994,105,931,None,Move,office
1571235582.002,106,931,None,Move,office
1571235582.29,107,931,Left,Pressed,office
1571235582.29,107,931,None,Drag,office
1571235582.306,108,931,None,Drag,office
1571235582.314,109,931,None,Drag,office
1571235582.314,109,931,Left,Released,office
1571235582.355,111,931,None,Move,office
1571235582.3620002,112,929,None,Move,office
1571235582.387,113,929,None,Move,office
1571235582.61,113,929,Left,Pressed,office
1571235582.706,113,929,Left,Released,office
1571235582.722,114,925,None,Move,office
1571235582.73,116,920,None,Move,office
1571235582.738,118,917,None,Move,office
1571235582.746,119,916,None,Move,office
1571235585.8979998,120,915,None,Move,office
1571235585.906,121,914,None,Move,office
1571235585.914,127,912,None,Move,office
1571235585.9220002,132,910,None,Move,office
1571235585.962,135,910,None,Move,office
1571235585.97,136,910,None,Move,office
1571235585.978,137,910,None,Move,office
1571235585.986,137,911,None,Move,office
1571235585.994,140,915,None,Move,office
1571235586.002,143,918,None,Move,office
1571235586.01,149,922,None,Move,office
1571235586.018,157,927,None,Move,office
1571235586.026,166,930,None,Move,office
1571235586.034,173,934,None,Move,office
1571235586.042,177,936,None,Move,office
1571235586.05,180,938,None,Move,office
1571235586.139,183,940,None,Move,office
1571235586.151,183,941,None,Move,office
1571235586.164,188,943,None,Move,office
1571235586.173,189,944,None,Move,office
1571235586.18,193,946,None,Move,office
1571235586.186,196,947,None,Move,office
1571235586.194,197,947,None,Move,office
1571235586.202,199,947,None,Move,office
1571235586.21,200,947,None,Move,office
1571235586.394,202,947,None,Move,office
1571235586.405,202,947,None,Move,office
1571235586.411,202,947,None,Move,office
1571235586.419,202,945,None,Move,office
1571235586.426,200,942,None,Move,office
1571235586.434,199,941,None,Move,office
1571235586.4420002,199,940,None,Move,office
1571235586.45,199,939,None,Move,office
1571235586.458,198,937,None,Move,office
1571235586.466,198,936,None,Move,office
1571235586.474,197,934,None,Move,office
1571235586.482,196,934,None,Move,office
1571235586.506,196,932,None,Move,office
1571235586.514,196,931,None,Move,office
1571235586.522,196,931,None,Move,office
1571235586.826,196,930,None,Move,office
1571235586.842,201,930,None,Move,office
1571235586.85,204,930,None,Move,office
1571235586.8579998,208,930,None,Move,office
1571235586.8660002,214,930,None,Move,office
1571235586.8739998,226,930,None,Move,office
1571235586.8820002,239,930,None,Move,office
1571235586.89,252,930,None,Move,office
1571235586.8979998,266,930,None,Move,office
1571235586.906,277,930,None,Move,office
1571235586.914,287,930,None,Move,office
1571235586.9220002,297,930,None,Move,office
1571235586.93,306,930,None,Move,office
1571235586.938,314,930,None,Move,office
1571235586.946,319,930,None,Move,office
1571235586.954,323,930,None,Move,office
1571235586.962,327,930,None,Move,office
1571235586.97,328,930,None,Move,office
1571235586.978,334,930,None,Move,office
1571235586.986,334,929,None,Move,office
1571235586.994,336,927,None,Move,office
1571235587.002,337,927,None,Move,office
1571235587.1620002,337,927,None,Move,office
1571235587.1820002,340,927,None,Move,office
1571235587.1929998,341,927,None,Move,office
1571235587.201,343,927,None,Move,office
1571235587.207,346,927,None,Move,office
1571235587.212,348,927,None,Move,office
1571235587.218,352,927,None,Move,office
1571235587.226,357,927,None,Move,office
1571235587.234,360,927,None,Move,office
1571235587.242,366,927,None,Move,office
1571235587.25,373,927,None,Move,office
1571235587.258,381,927,None,Move,office
1571235587.266,390,925,None,Move,office
1571235587.274,400,924,None,Move,office
1571235587.282,409,923,None,Move,office
1571235587.29,417,922,None,Move,office
1571235587.298,424,919,None,Move,office
1571235587.306,431,918,None,Move,office
1571235587.314,440,917,None,Move,office
1571235587.322,447,916,None,Move,office
1571235587.33,451,915,None,Move,office
1571235587.3379998,456,915,None,Move,office
1571235587.346,462,914,None,Move,office
1571235587.354,462,914,None,Move,office
1571235587.498,462,913,None,Move,office
1571235587.5089998,461,913,None,Move,office
1571235587.515,459,913,None,Move,office
1571235587.522,458,913,None,Move,office
1571235587.531,457,912,None,Move,office
1571235587.538,456,912,None,Move,office
1571235587.546,455,912,None,Move,office
1571235587.554,454,912,None,Move,office
1571235587.562,453,912,None,Move,office
1571235587.57,452,912,None,Move,office
1571235587.594,450,912,None,Move,office
1571235587.6020002,449,912,None,Move,office
1571235587.61,448,912,None,Move,office
1571235587.8979998,448,912,Left,Pressed,office
1571235588.01,448,912,Left,Released,office
1571235588.042,447,909,None,Move,office
1571235588.05,447,908,None,Move,office
1571235592.8860002,447,907,None,Move,office
1571235593.063,450,905,None,Move,office
1571235593.083,465,894,None,Move,office
1571235593.092,508,869,None,Move,office
1571235593.0979998,560,848,None,Move,office
1571235593.103,616,824,None,Move,office
1571235593.11,664,805,None,Move,office
1571235593.1179998,703,788,None,Move,office
1571235593.1260002,725,778,None,Move,office
1571235593.1339998,737,772,None,Move,office
1571235593.1420002,746,770,None,Move,office
1571235593.15,751,769,None,Move,office
1571235593.158,752,770,None,Move,office
1571235593.166,753,770,None,Move,office
1571235593.19,756,771,None,Move,office
1571235593.198,762,773,None,Move,office
1571235593.206,767,773,None,Move,office
1571235593.214,776,775,None,Move,office
1571235593.222,789,776,None,Move,office
1571235593.23,804,779,None,Move,office
1571235593.238,821,783,None,Move,office
1571235593.246,839,789,None,Move,office
1571235593.254,851,794,None,Move,office
1571235593.262,861,799,None,Move,office
1571235593.27,871,806,None,Move,office
1571235593.278,877,811,None,Move,office
1571235593.286,883,816,None,Move,office
1571235593.294,884,817,None,Move,office
1571235593.302,886,820,None,Move,office
1571235593.31,888,822,None,Move,office
1571235593.3179998,888,823,None,Move,office
1571235593.334,888,823,None,Move,office
1571235593.342,889,826,None,Move,office
1571235593.35,891,831,None,Move,office
1571235593.3579998,892,835,None,Move,office
1571235593.3660002,894,842,None,Move,office
1571235593.3739998,899,851,None,Move,office
1571235593.3820002,905,860,None,Move,office
1571235593.39,911,870,None,Move,office
1571235593.3979998,918,879,None,Move,office
1571235593.406,924,886,None,Move,office
1571235593.414,929,894,None,Move,office
1571235593.4220002,930,895,None,Move,office
1571235593.542,932,897,None,Move,office
1571235593.559,932,899,None,Move,office
1571235593.566,931,900,None,Move,office
1571235593.574,929,902,None,Move,office
1571235593.582,929,902,None,Move,office
1571235593.6379998,927,905,None,Move,office
1571235593.651,926,906,None,Move,office
1571235593.659,925,907,None,Move,office
1571235593.667,924,908,None,Move,office
1571235593.675,919,910,None,Move,office
1571235593.6820002,917,913,None,Move,office
1571235593.688,916,913,None,Move,office
1571235593.694,914,916,None,Move,office
1571235593.702,913,917,None,Move,office
1571235593.71,911,917,None,Move,office
1571235593.718,909,919,None,Move,office
1571235593.726,908,919,None,Move,office
1571235593.798,906,919,Left,Pressed,office
1571235593.798,906,919,None,Drag,office
1571235593.806,904,919,None,Drag,office
1571235593.814,902,919,None,Drag,office
1571235593.822,899,919,None,Drag,office
1571235593.83,894,919,None,Drag,office
1571235593.8379998,889,919,None,Drag,office
1571235593.846,885,919,None,Drag,office
1571235593.854,879,919,None,Drag,office
1571235593.8620002,870,919,None,Drag,office
1571235593.87,860,919,None,Drag,office
1571235593.8779998,847,919,None,Drag,office
1571235593.8860002,832,919,None,Drag,office
1571235593.894,816,919,None,Drag,office
1571235593.9020002,797,919,None,Drag,office
1571235593.91,781,919,None,Drag,office
1571235593.918,764,919,None,Drag,office
1571235593.926,748,919,None,Drag,office
1571235593.934,733,919,None,Drag,office
1571235593.9420002,720,919,None,Drag,office
1571235593.95,706,919,None,Drag,office
1571235593.958,695,919,None,Drag,office
1571235593.966,683,919,None,Drag,office
1571235593.974,673,919,None,Drag,office
1571235593.982,665,919,None,Drag,office
1571235593.99,656,919,None,Drag,office
1571235593.998,649,919,None,Drag,office
1571235594.006,644,919,None,Drag,office
1571235594.014,639,919,None,Drag,office
1571235594.022,637,919,None,Drag,office
1571235594.03,637,919,None,Drag,office
1571235594.038,636,919,None,Drag,office
1571235594.046,634,919,None,Drag,office
1571235594.07,631,919,None,Drag,office
1571235594.0779998,627,919,None,Drag,office
1571235594.086,625,919,None,Drag,office
1571235594.094,620,919,None,Drag,office
1571235594.1020002,614,919,None,Drag,office
1571235594.11,609,919,None,Drag,office
1571235594.1179998,604,919,None,Drag,office
1571235594.1260002,597,919,None,Drag,office
1571235594.1339998,596,919,None,Drag,office
1571235594.1420002,591,919,None,Drag,office
1571235594.15,588,919,None,Drag,office
1571235594.158,587,919,None,Drag,office
1571235594.166,583,919,None,Drag,office
1571235594.174,581,919,None,Drag,office
1571235594.1820002,581,919,None,Drag,office
1571235594.246,578,919,None,Drag,office
1571235594.254,577,919,None,Drag,office
1571235594.262,576,919,None,Drag,office
1571235594.27,574,919,None,Drag,office
1571235594.278,573,920,None,Drag,office
1571235594.2870002,572,920,None,Drag,office
1571235594.4220002,570,920,None,Drag,office
1571235594.43,568,920,None,Drag,office
1571235594.438,565,922,None,Drag,office
1571235594.446,562,923,None,Drag,office
1571235594.454,558,923,None,Drag,office
1571235594.462,555,923,None,Drag,office
1571235594.47,551,924,None,Drag,office
1571235594.478,547,924,None,Drag,office
1571235594.486,546,924,None,Drag,office
1571235594.494,545,924,None,Drag,office
1571235594.502,542,925,None,Drag,office
1571235594.51,541,925,None,Drag,office
1571235594.518,540,925,None,Drag,office
1571235594.526,538,925,None,Drag,office
1571235594.534,536,925,None,Drag,office
1571235594.542,533,925,None,Drag,office
1571235594.55,532,925,None,Drag,office
1571235594.5579998,527,925,None,Drag,office
1571235594.566,525,925,None,Drag,office
1571235594.574,524,925,None,Drag,office
1571235594.582,522,926,None,Drag,office
1571235594.59,521,926,None,Drag,office
1571235594.695,521,926,None,Drag,office
1571235594.712,517,926,None,Drag,office
1571235594.726,517,926,None,Drag,office
1571235594.734,513,926,None,Drag,office
1571235594.742,510,926,None,Drag,office
1571235594.75,509,926,None,Drag,office
1571235594.758,509,926,None,Drag,office
1571235594.766,508,926,None,Drag,office
1571235594.774,506,926,None,Drag,office
1571235594.782,506,926,None,Drag,office
1571235594.79,505,926,None,Drag,office
1571235594.798,503,926,None,Drag,office
1571235594.806,501,926,None,Drag,office
1571235594.814,500,926,None,Drag,office
1571235594.822,499,926,None,Drag,office
1571235594.83,496,926,None,Drag,office
1571235594.8379998,495,926,None,Drag,office
1571235594.846,493,926,None,Drag,office
1571235594.859,492,926,None,Drag,office
1571235594.87,491,926,None,Drag,office
1571235594.8779998,490,926,None,Drag,office
1571235594.8779998,490,926,Left,Released,office
1571235595.123,489,926,None,Move,office
1571235609.8379998,488,926,None,Move,office
1571235609.846,487,925,None,Move,office
1571235609.854,477,911,None,Move,office
1571235609.8620002,447,866,None,Move,office
1571235609.87,413,816,None,Move,office
1571235609.8779998,377,768,None,Move,office
1571235609.8860002,349,733,None,Move,office
1571235609.894,347,732,None,Move,office
1571235609.998,345,736,None,Move,office
1571235610.006,344,737,None,Move,office
1571235610.014,343,742,None,Move,office
1571235610.022,341,756,None,Move,office
1571235610.03,337,771,None,Move,office
1571235610.038,329,789,None,Move,office
1571235610.046,324,803,None,Move,office
1571235610.054,318,815,None,Move,office
1571235610.062,318,816,None,Move,office
1571235610.111,316,816,None,Move,office
1571235610.1179998,312,819,None,Move,office
1571235610.1260002,308,819,None,Move,office
1571235610.1339998,305,821,None,Move,office
1571235610.1420002,303,822,None,Move,office
1571235610.15,302,824,None,Move,office
1571235610.158,300,826,None,Move,office
1571235610.166,297,829,None,Move,office
1571235610.174,294,832,None,Move,office
1571235610.1820002,290,836,None,Move,office
1571235610.19,285,840,None,Move,office
1571235610.198,276,846,None,Move,office
1571235610.206,264,854,None,Move,office
1571235610.214,248,863,None,Move,office
1571235610.222,229,873,None,Move,office
1571235610.23,203,884,None,Move,office
1571235610.238,176,893,None,Move,office
1571235610.246,145,902,None,Move,office
1571235610.254,115,908,None,Move,office
1571235610.262,89,911,None,Move,office
1571235610.27,64,915,None,Move,office
1571235610.278,46,916,None,Move,office
1571235610.286,29,916,None,Move,office
1571235610.299,16,916,None,Move,office
1571235610.3070002,5,916,None,Move,office
1571235610.312,5,915,None,Move,office
1571235610.3179998,4,915,None,Move,office
1571235610.326,2,913,None,Move,office
1571235610.342,2,913,None,Move,office
1571235610.431,1,911,None,Move,office
1571235610.451,1,905,None,Move,office
1571235610.462,1,903,None,Move,office
1571235610.472,1,895,None,Move,office
1571235610.48,1,893,None,Move,office
1571235610.486,1,891,None,Move,office
1571235610.494,1,888,None,Move,office
1571235610.502,1,887,None,Move,office
1571235610.51,1,886,None,Move,office
1571235610.518,1,884,None,Move,office
1571235610.526,2,880,None,Move,office
1571235610.539,5,877,None,Move,office
1571235610.545,6,876,None,Move,office
1571235610.55,7,873,None,Move,office
1571235610.5579998,7,871,None,Move,office
1571235610.566,7,870,None,Move,office
1571235610.574,7,867,None,Move,office
1571235610.582,7,864,None,Move,office
1571235610.59,7,862,None,Move,office
1571235610.5979998,7,860,None,Move,office
1571235610.606,7,856,None,Move,office
1571235610.6139998,7,854,None,Move,office
1571235610.6220002,7,849,None,Move,office
1571235610.63,7,846,None,Move,office
1571235610.6379998,7,845,None,Move,office
1571235610.646,7,845,None,Move,office
1571235610.654,7,844,None,Move,office
1571235610.702,8,843,None,Move,office
1571235610.71,9,842,None,Move,office
1571235610.718,10,840,None,Move,office
1571235610.726,10,839,None,Move,office
1571235610.734,11,838,None,Move,office
1571235610.742,11,838,None,Move,office
1571235610.75,12,838,None,Move,office
1571235610.758,13,838,None,Move,office
1571235610.766,14,838,None,Move,office
1571235610.774,15,838,None,Move,office
1571235610.9420002,15,838,Left,Pressed,office
1571235611.038,15,838,Left,Released,office
1571235612.4020002,18,834,None,Move,office
1571235612.41,18,833,None,Move,office
1571235612.418,37,808,None,Move,office
1571235612.426,54,784,None,Move,office
1571235612.434,87,740,None,Move,office
1571235612.4420002,116,702,None,Move,office
1571235612.45,136,674,None,Move,office
1571235612.458,148,657,None,Move,office
1571235612.466,155,646,None,Move,office
1571235612.474,156,645,None,Move,office
1571235612.498,157,645,None,Move,office
1571235612.514,158,645,None,Move,office
1571235612.522,162,647,None,Move,office
1571235612.53,173,653,None,Move,office
1571235612.538,187,660,None,Move,office
1571235612.546,204,667,None,Move,office
1571235612.554,220,672,None,Move,office
1571235612.562,229,676,None,Move,office
1571235612.57,235,680,None,Move,office
1571235612.5779998,239,683,None,Move,office
1571235612.586,245,687,None,Move,office
1571235612.594,252,692,None,Move,office
1571235612.6020002,263,694,None,Move,office
1571235612.61,276,698,None,Move,office
1571235612.6179998,293,701,None,Move,office
1571235612.6260002,312,704,None,Move,office
1571235612.639,337,707,None,Move,office
1571235612.647,366,709,None,Move,office
1571235612.6520002,388,712,None,Move,office
1571235612.658,411,717,None,Move,office
1571235612.666,428,722,None,Move,office
1571235612.6820002,445,724,None,Move,office
1571235612.691,477,728,None,Move,office
1571235612.698,492,731,None,Move,office
1571235612.706,510,733,None,Move,office
1571235612.714,528,734,None,Move,office
1571235612.722,549,734,None,Move,office
1571235612.73,569,734,None,Move,office
1571235612.738,586,734,None,Move,office
1571235612.746,602,734,None,Move,office
1571235612.7589998,617,734,None,Move,office
1571235612.7670002,631,732,None,Move,office
1571235612.7729998,642,731,None,Move,office
1571235612.778,651,730,None,Move,office
1571235612.786,659,730,None,Move,office
1571235612.801,666,730,None,Move,office
1571235612.81,677,729,None,Move,office
1571235612.819,678,729,None,Move,office
1571235612.826,680,729,None,Move,office
1571235612.834,683,729,None,Move,office
1571235612.842,688,733,None,Move,office
1571235612.85,696,739,None,Move,office
1571235612.8579998,699,742,None,Move,office
1571235612.8660002,705,748,None,Move,office
1571235612.879,711,756,None,Move,office
1571235612.887,719,764,None,Move,office
1571235612.894,727,772,None,Move,office
1571235612.9,735,779,None,Move,office
1571235612.906,744,787,None,Move,office
1571235612.914,753,794,None,Move,office
1571235612.9220002,762,799,None,Move,office
1571235612.937,771,803,None,Move,office
1571235612.946,783,809,None,Move,office
1571235612.954,783,809,None,Move,office
1571235612.962,785,811,None,Move,office
1571235612.97,786,812,None,Move,office
1571235612.978,787,812,None,Move,office
1571235612.986,788,812,None,Move,office
1571235613.0,789,813,None,Move,office
1571235613.008,789,814,None,Move,office
1571235613.015,789,815,None,Move,office
1571235613.02,789,816,None,Move,office
1571235613.026,789,819,None,Move,office
1571235613.034,789,819,None,Move,office
1571235613.042,789,821,None,Move,office
1571235613.0570002,789,823,None,Move,office
1571235613.066,789,825,None,Move,office
1571235613.072,789,828,None,Move,office
1571235613.0779998,790,831,None,Move,office
1571235613.083,791,832,None,Move,office
1571235613.09,792,834,None,Move,office
1571235613.0979998,793,836,None,Move,office
1571235613.106,794,837,None,Move,office
1571235613.1220002,795,839,None,Move,office
1571235613.131,799,846,None,Move,office
1571235613.1379998,801,851,None,Move,office
1571235613.146,804,857,None,Move,office
1571235613.159,808,864,None,Move,office
1571235613.167,812,872,None,Move,office
1571235613.174,814,877,None,Move,office
1571235613.179,814,878,None,Move,office
1571235613.218,815,879,None,Move,office
1571235613.2370002,816,876,None,Move,office
1571235613.248,816,873,None,Move,office
1571235613.2570002,815,868,None,Move,office
1571235613.266,815,864,None,Move,office
1571235613.274,815,860,None,Move,office
1571235613.282,815,859,None,Move,office
1571235613.427,815,858,None,Move,office
1571235613.435,815,857,None,Move,office
1571235613.474,815,855,None,Move,office
1571235613.482,815,855,None,Move,office
1571235613.571,815,855,Left,Pressed,office
1571235613.715,815,855,Left,Released,office
1571235615.214,812,854,None,Move,office
1571235615.222,812,854,None,Move,office
1571235615.23,808,854,None,Move,office
1571235615.238,808,854,None,Move,office
1571235615.342,807,854,None,Move,office
1571235615.355,807,852,None,Move,office
1571235615.365,807,846,None,Move,office
1571235615.371,808,840,None,Move,office
1571235615.3760002,809,838,None,Move,office
1571235615.3820002,811,831,None,Move,office
1571235615.39,812,824,None,Move,office
1571235615.3979998,815,815,None,Move,office
1571235615.414,817,807,None,Move,office
1571235615.4220002,820,798,None,Move,office
1571235615.43,821,791,None,Move,office
1571235615.438,823,785,None,Move,office
1571235615.446,824,780,None,Move,office
1571235615.454,827,772,None,Move,office
1571235615.462,829,765,None,Move,office
1571235615.47,832,755,None,Move,office
1571235615.478,833,746,None,Move,office
1571235615.486,834,734,None,Move,office
1571235615.494,834,724,None,Move,office
1571235615.502,836,716,None,Move,office
1571235615.51,836,706,None,Move,office
1571235615.518,837,694,None,Move,office
1571235615.526,838,684,None,Move,office
1571235615.534,839,675,None,Move,office
1571235615.542,840,668,None,Move,office
1571235615.55,840,667,None,Move,office
1571235615.5579998,840,666,None,Move,office
1571235616.778,840,665,None,Move,office
1571235619.8620002,841,665,None,Move,office
1571235619.926,843,666,None,Move,office
1571235619.934,844,666,None,Move,office
1571235619.95,844,667,None,Move,office
1571235619.966,845,669,None,Move,office
1571235619.974,845,669,None,Move,office
1571235619.982,845,671,None,Move,office
1571235619.99,845,672,None,Move,office
1571235620.566,845,672,None,Move,office
1571235620.58,844,672,None,Move,office
1571235620.59,840,672,None,Move,office
1571235620.597,836,672,None,Move,office
1571235620.604,834,672,None,Move,office
1571235620.609,830,672,None,Move,office
1571235620.615,825,672,None,Move,office
1571235620.623,821,672,None,Move,office
1571235620.63,817,672,None,Move,office
1571235620.6379998,811,672,None,Move,office
1571235620.646,804,672,None,Move,office
1571235620.654,796,672,None,Move,office
1571235620.6620002,788,672,None,Move,office
1571235620.67,777,672,None,Move,office
1571235620.678,766,672,None,Move,office
1571235620.687,753,672,None,Move,office
1571235620.694,741,672,None,Move,office
1571235620.702,729,672,None,Move,office
1571235620.71,719,674,None,Move,office
1571235620.718,709,674,None,Move,office
1571235620.726,701,674,None,Move,office
1571235620.74,692,675,None,Move,office
1571235620.7470002,685,675,None,Move,office
1571235620.754,678,675,None,Move,office
1571235620.7589998,672,675,None,Move,office
1571235620.766,663,675,None,Move,office
1571235620.774,656,675,None,Move,office
1571235620.782,651,675,None,Move,office
1571235620.79,646,675,None,Move,office
1571235620.798,642,675,None,Move,office
1571235620.806,642,675,None,Move,office
1571235620.819,640,675,None,Move,office
1571235620.826,636,674,None,Move,office
1571235620.833,635,673,None,Move,office
1571235620.8379998,633,673,None,Move,office
1571235620.846,632,672,None,Move,office
1571235620.861,630,671,None,Move,office
1571235620.869,629,671,None,Move,office
1571235620.9020002,628,669,None,Move,office
1571235620.92,627,669,None,Move,office
1571235620.95,624,666,None,Move,office
1571235620.96,624,665,None,Move,office
1571235621.03,623,663,None,Move,office
1571235621.051,622,661,None,Move,office
1571235621.06,621,660,None,Move,office
1571235621.065,619,656,None,Move,office
1571235621.071,617,652,None,Move,office
1571235621.0779998,614,649,None,Move,office
1571235621.086,611,645,None,Move,office
1571235621.094,609,639,None,Move,office
1571235621.1020002,607,633,None,Move,office
1571235621.11,603,626,None,Move,office
1571235621.1179998,600,617,None,Move,office
1571235621.1260002,598,611,None,Move,office
1571235621.1339998,596,604,None,Move,office
1571235621.1420002,593,597,None,Move,office
1571235621.15,592,592,None,Move,office
1571235621.158,591,585,None,Move,office
1571235621.166,590,578,None,Move,office
1571235621.174,590,574,None,Move,office
1571235621.1829998,590,570,None,Move,office
1571235621.19,590,566,None,Move,office
1571235621.198,590,564,None,Move,office
1571235621.206,590,563,None,Move,office
1571235621.214,590,560,None,Move,office
1571235621.222,590,557,None,Move,office
1571235621.23,590,555,None,Move,office
1571235621.238,590,554,None,Move,office
1571235621.246,590,549,None,Move,office
1571235621.26,590,547,None,Move,office
1571235621.268,590,543,None,Move,office
1571235621.274,590,543,None,Move,office
1571235621.28,590,540,None,Move,office
1571235621.286,591,539,None,Move,office
1571235621.294,594,536,None,Move,office
1571235621.302,596,534,None,Move,office
1571235621.319,598,532,None,Move,office
1571235621.327,598,530,None,Move,office
1571235621.334,598,528,None,Move,office
1571235621.342,598,528,None,Move,office
1571235621.482,598,528,Left,Pressed,office
1571235621.579,598,528,Left,Released,office
1571235621.802,598,527,None,Move,office
1571235621.8179998,598,525,None,Move,office
1571235621.826,598,524,None,Move,office
1571235621.834,598,523,None,Move,office
1571235621.962,599,522,None,Move,office
1571235627.3860002,599,523,None,Move,office
1571235627.394,599,524,None,Move,office
1571235627.4020002,598,527,None,Move,office
1571235627.41,595,534,None,Move,office
1571235627.418,588,548,None,Move,office
1571235627.426,578,569,None,Move,office
1571235627.434,565,595,None,Move,office
1571235627.4420002,552,621,None,Move,office
1571235627.45,539,647,None,Move,office
1571235627.458,529,672,None,Move,office
1571235627.466,519,691,None,Move,office
1571235627.474,512,705,None,Move,office
1571235627.482,507,715,None,Move,office
1571235627.49,506,716,None,Move,office
1571235627.562,503,716,None,Move,office
1571235627.57,500,713,None,Move,office
1571235627.5779998,497,711,None,Move,office
1571235627.586,496,711,None,Move,office
1571235627.594,495,709,None,Move,office
1571235627.6020002,492,707,None,Move,office
1571235627.61,490,703,None,Move,office
1571235627.6179998,484,701,None,Move,office
1571235627.6260002,480,700,None,Move,office
1571235627.6339998,477,698,None,Move,office
1571235627.6420002,475,697,None,Move,office
1571235627.65,471,696,None,Move,office
1571235627.658,465,695,None,Move,office
1571235627.666,460,694,None,Move,office
1571235627.674,458,693,None,Move,office
1571235627.6820002,458,693,None,Move,office
1571235627.7870002,456,691,None,Move,office
1571235627.7970002,454,690,None,Move,office
1571235627.805,453,689,None,Move,office
1571235627.811,452,689,None,Move,office
1571235627.855,452,689,Left,Pressed,office
1571235627.9829998,452,689,Left,Released,office
1571235627.998,451,689,None,Move,office
1571235636.8860002,449,689,Left,Pressed,office
1571235636.8860002,449,689,None,Drag,office
1571235636.894,445,689,None,Drag,office
1571235636.9020002,441,689,None,Drag,office
1571235636.914,435,689,None,Drag,office
1571235636.921,425,689,None,Drag,office
1571235636.927,412,689,None,Drag,office
1571235636.934,398,689,None,Drag,office
1571235636.9420002,385,689,None,Drag,office
1571235636.95,373,689,None,Drag,office
1571235636.958,363,689,None,Drag,office
1571235636.966,353,689,None,Drag,office
1571235636.974,345,689,None,Drag,office
1571235636.982,337,689,None,Drag,office
1571235636.99,328,688,None,Drag,office
1571235636.998,321,688,None,Drag,office
1571235637.006,314,688,None,Drag,office
1571235637.014,308,688,None,Drag,office
1571235637.022,302,688,None,Drag,office
1571235637.03,299,688,None,Drag,office
1571235637.038,295,688,None,Drag,office
1571235637.046,292,688,None,Drag,office
1571235637.054,292,688,None,Drag,office
1571235637.062,288,687,None,Drag,office
1571235637.07,287,687,None,Drag,office
1571235637.0779998,285,687,None,Drag,office
1571235637.086,284,687,None,Drag,office
1571235637.094,284,687,None,Drag,office
1571235637.1020002,280,687,None,Drag,office
1571235637.11,277,687,None,Drag,office
1571235637.1179998,273,687,None,Drag,office
1571235637.1260002,270,687,None,Drag,office
1571235637.1339998,268,687,None,Drag,office
1571235637.1420002,264,687,None,Drag,office
1571235637.15,257,687,None,Drag,office
1571235637.158,249,687,None,Drag,office
1571235637.166,239,687,None,Drag,office
1571235637.174,229,687,None,Drag,office
1571235637.1820002,221,687,None,Drag,office
1571235637.286,215,687,None,Drag,office
1571235637.3070002,211,687,None,Drag,office
1571235637.3179998,209,687,None,Drag,office
1571235637.326,205,687,None,Drag,office
1571235637.334,203,687,None,Drag,office
1571235637.342,199,687,None,Drag,office
1571235637.35,197,687,None,Drag,office
1571235637.3579998,195,687,None,Drag,office
1571235637.3660002,191,687,None,Drag,office
1571235637.3739998,187,688,None,Drag,office
1571235637.3820002,183,690,None,Drag,office
1571235637.39,180,691,None,Drag,office
1571235637.3979998,180,691,None,Drag,office
1571235637.406,177,691,None,Drag,office
1571235637.414,176,691,None,Drag,office
1571235637.4220002,176,691,None,Drag,office
1571235637.43,175,691,None,Drag,office
1571235637.446,173,691,None,Drag,office
1571235637.454,172,691,None,Drag,office
1571235637.6220002,170,691,None,Drag,office
1571235637.6320002,170,691,None,Drag,office
1571235637.643,166,692,None,Drag,office
1571235637.6520002,166,692,None,Drag,office
1571235637.659,165,692,None,Drag,office
1571235637.671,162,692,None,Drag,office
1571235637.678,162,692,None,Drag,office
1571235637.686,161,692,None,Drag,office
1571235637.694,159,694,None,Drag,office
1571235637.702,158,694,None,Drag,office
1571235637.71,157,694,None,Drag,office
1571235637.718,156,694,None,Drag,office
1571235637.726,154,695,None,Drag,office
1571235637.75,152,696,None,Drag,office
1571235637.758,151,696,None,Drag,office
1571235637.894,150,696,None,Drag,office
1571235637.905,149,696,None,Drag,office
1571235637.91,149,696,None,Drag,office
1571235637.926,147,696,None,Drag,office
1571235637.934,146,696,None,Drag,office
1571235637.9420002,146,696,None,Drag,office
1571235637.9420002,146,696,Left,Released,office
1571235638.762,147,696,None,Move,office
1571235638.77,148,696,None,Move,office
1571235638.778,153,696,None,Move,office
1571235638.786,165,695,None,Move,office
1571235638.794,182,695,None,Move,office
1571235638.802,200,695,None,Move,office
1571235638.81,218,695,None,Move,office
1571235638.8179998,233,695,None,Move,office
1571235638.826,246,694,None,Move,office
1571235638.834,258,691,None,Move,office
1571235638.842,272,689,None,Move,office
1571235638.85,285,687,None,Move,office
1571235638.863,299,685,None,Move,office
1571235638.871,309,682,None,Move,office
1571235638.877,319,679,None,Move,office
1571235638.883,321,679,None,Move,office
1571235638.89,322,678,None,Move,office
1571235638.9220002,323,677,None,Move,office
1571235638.941,324,677,None,Move,office
1571235638.952,325,677,None,Move,office
1571235638.97,325,677,None,Move,office
1571235638.986,326,677,None,Move,office
1571235638.994,327,678,None,Move,office
1571235639.05,328,679,None,Move,office
1571235639.0579998,328,680,None,Move,office
1571235639.082,328,682,None,Move,office
1571235639.091,329,683,None,Move,office
1571235639.274,329,684,None,Move,office
1571235639.291,327,684,None,Move,office
1571235639.299,326,684,None,Move,office
1571235639.3070002,323,684,None,Move,office
1571235639.314,321,684,None,Move,office
1571235639.322,318,685,None,Move,office
1571235639.33,312,688,None,Move,office
1571235639.3379998,306,691,None,Move,office
1571235639.346,303,692,None,Move,office
1571235639.354,300,692,None,Move,office
1571235639.3620002,297,692,None,Move,office
1571235639.37,293,693,None,Move,office
1571235639.3779998,292,693,None,Move,office
1571235639.3860002,291,693,None,Move,office
1571235639.394,290,693,None,Move,office
1571235639.419,289,693,None,Move,office
1571235639.426,284,693,None,Move,office
1571235639.434,278,693,None,Move,office
1571235639.4420002,276,693,None,Move,office
1571235639.45,271,693,None,Move,office
1571235639.458,267,693,None,Move,office
1571235639.466,266,693,None,Move,office
1571235639.474,265,693,None,Move,office
1571235639.482,264,693,None,Move,office
1571235639.61,264,693,Left,Pressed,office
1571235639.722,264,693,Left,Released,office
1571235639.947,263,693,None,Move,office
1571235639.967,262,694,None,Move,office
1571235639.976,261,697,None,Move,office
1571235639.982,259,700,None,Move,office
1571235639.9870002,257,701,None,Move,office
1571235639.994,256,702,None,Move,office
1571235640.002,256,704,None,Move,office
1571235640.706,256,705,None,Move,office
1571235640.722,256,705,None,Move,office
1571235640.914,256,703,None,Move,office
1571235640.9220002,256,703,None,Move,office
1571235640.93,256,702,None,Move,office
1571235641.0579998,256,700,None,Move,office
1571235641.066,256,700,None,Move,office
1571235642.6220002,256,699,None,Move,office
1571235642.6379998,252,699,None,Move,office
1571235642.646,250,700,None,Move,office
1571235642.654,249,702,None,Move,office
1571235642.6620002,246,702,None,Move,office
1571235642.67,243,704,None,Move,office
1571235642.678,240,705,None,Move,office
1571235642.686,236,707,None,Move,office
1571235642.694,232,709,None,Move,office
1571235642.702,230,710,None,Move,office
1571235642.71,228,711,None,Move,office
1571235642.718,226,712,None,Move,office
1571235642.726,222,713,None,Move,office
1571235642.734,220,715,None,Move,office
1571235642.742,220,715,None,Move,office
1571235642.75,216,717,None,Move,office
1571235642.758,214,718,None,Move,office
1571235642.766,212,718,None,Move,office
1571235642.774,209,719,None,Move,office
1571235642.782,206,720,None,Move,office
1571235642.79,201,721,None,Move,office
1571235642.798,196,722,None,Move,office
1571235642.806,190,724,None,Move,office
1571235642.814,189,725,None,Move,office
1571235642.91,188,724,None,Move,office
1571235642.929,185,720,None,Move,office
1571235642.941,184,718,None,Move,office
1571235642.951,182,712,None,Move,office
1571235642.958,180,707,None,Move,office
1571235642.966,179,707,None,Move,office
1571235642.974,178,705,None,Move,office
1571235642.982,177,704,None,Move,office
1571235642.99,177,703,None,Move,office
1571235642.998,177,702,None,Move,office
1571235643.006,176,701,None,Move,office
1571235643.014,175,701,None,Move,office
1571235643.054,173,699,None,Move,office
1571235643.062,173,698,None,Move,office
1571235643.07,171,698,None,Move,office
1571235643.0779998,170,697,None,Move,office
1571235643.086,169,697,None,Move,office
1571235643.094,167,696,None,Move,office
1571235643.1020002,162,695,None,Move,office
1571235643.11,160,695,None,Move,office
1571235643.1179998,159,694,None,Move,office
1571235643.1260002,158,693,None,Move,office
1571235643.151,157,693,None,Move,office
1571235643.166,157,693,None,Move,office
1571235643.1820002,156,693,None,Move,office
1571235643.198,155,693,None,Move,office
1571235643.214,154,693,None,Move,office
1571235643.222,153,693,None,Move,office
1571235643.246,152,693,None,Move,office
1571235643.278,151,693,None,Move,office
1571235643.294,151,693,None,Move,office
1571235643.311,147,694,None,Move,office
1571235643.3179998,146,696,None,Move,office
1571235643.326,145,699,None,Move,office
1571235643.334,143,702,None,Move,office
1571235643.342,143,702,None,Move,office
1571235643.35,142,703,None,Move,office
1571235643.3579998,141,705,None,Move,office
1571235643.3660002,141,706,None,Move,office
1571235643.3739998,140,707,None,Move,office
1571235643.3820002,140,708,None,Move,office
1571235643.39,140,709,None,Move,office
1571235643.3979998,140,710,None,Move,office
1571235643.454,140,710,None,Move,office
1571235643.4729998,142,711,None,Move,office
1571235643.482,142,711,None,Move,office
1571235643.488,142,711,Left,Pressed,office
1571235643.615,142,711,Left,Released,office
1571235643.6620002,144,711,None,Move,office
1571235643.67,148,709,None,Move,office
1571235643.678,149,707,None,Move,office
1571235643.686,149,707,None,Move,office
1571235646.406,149,705,None,Move,office
1571235646.414,149,704,None,Move,office
1571235646.4220002,149,704,None,Move,office
1571235646.43,148,700,None,Move,office
1571235646.438,142,698,None,Move,office
1571235646.446,138,693,None,Move,office
1571235646.454,134,692,None,Move,office
1571235646.462,129,689,None,Move,office
1571235646.47,124,686,None,Move,office
1571235646.478,121,683,None,Move,office
1571235646.486,118,681,None,Move,office
1571235646.494,115,679,None,Move,office
1571235646.502,113,676,None,Move,office
1571235646.51,113,671,None,Move,office
1571235646.518,113,669,None,Move,office
1571235646.526,113,662,None,Move,office
1571235646.534,113,654,None,Move,office
1571235646.542,113,642,None,Move,office
1571235646.55,113,629,None,Move,office
1571235646.5579998,113,619,None,Move,office
1571235646.571,113,610,None,Move,office
1571235646.58,113,605,None,Move,office
1571235646.679,113,603,None,Move,office
1571235646.699,114,599,None,Move,office
1571235646.708,116,594,None,Move,office
1571235646.714,118,589,None,Move,office
1571235646.719,122,581,None,Move,office
1571235646.726,127,574,None,Move,office
1571235646.734,132,568,None,Move,office
1571235646.742,138,561,None,Move,office
1571235646.75,144,557,None,Move,office
1571235646.758,150,553,None,Move,office
1571235646.766,154,550,None,Move,office
1571235646.774,158,547,None,Move,office
1571235646.782,159,547,None,Move,office
1571235646.79,161,546,None,Move,office
1571235646.798,162,544,None,Move,office
1571235646.854,162,540,None,Move,office
1571235646.8620002,162,540,None,Move,office
1571235646.87,162,539,None,Move,office
1571235646.8779998,162,538,None,Move,office
1571235646.8860002,162,537,None,Move,office
1571235646.894,161,535,None,Move,office
1571235646.9020002,160,531,None,Move,office
1571235646.91,158,530,None,Move,office
1571235646.918,158,529,None,Move,office
1571235646.926,157,527,None,Move,office
1571235646.934,156,523,None,Move,office
1571235646.9420002,153,521,None,Move,office
1571235646.95,152,520,None,Move,office
1571235646.958,148,515,None,Move,office
1571235646.966,146,512,None,Move,office
1571235646.974,144,510,None,Move,office
1571235646.982,143,508,None,Move,office
1571235646.99,142,506,None,Move,office
1571235646.998,141,505,None,Move,office
1571235647.006,141,504,None,Move,office
1571235647.03,140,502,None,Move,office
1571235647.038,139,502,None,Move,office
1571235647.0779998,138,501,None,Move,office
1571235647.094,138,499,None,Move,office
1571235647.1020002,137,497,None,Move,office
1571235647.11,137,495,None,Move,office
1571235647.1179998,136,494,None,Move,office
1571235647.1260002,134,493,None,Move,office
1571235647.1339998,134,493,None,Move,office
1571235647.174,134,492,None,Move,office
1571235647.1820002,134,491,None,Move,office
1571235647.303,134,490,None,Move,office
1571235647.367,135,490,None,Move,office
1571235647.3739998,137,490,None,Move,office
1571235647.414,137,490,None,Move,office
1571235647.4220002,138,490,None,Move,office
1571235647.43,139,490,None,Move,office
1571235647.438,140,490,None,Move,office
1571235647.446,141,490,None,Move,office
1571235647.5579998,141,490,Left,Pressed,office
1571235647.718,141,490,Left,Released,office
1571235653.8820002,142,490,None,Move,office
1571235654.171,143,489,None,Move,office
1571235654.181,144,489,None,Move,office
1571235654.187,150,486,None,Move,office
1571235654.194,155,484,None,Move,office
1571235654.218,154,484,None,Move,office
1571235654.226,153,484,None,Move,office
1571235654.234,152,484,None,Move,office
1571235654.242,149,484,None,Move,office
1571235654.25,143,485,None,Move,office
1571235654.258,141,486,None,Move,office
1571235654.266,140,487,None,Move,office
1571235654.274,138,488,None,Move,office
1571235654.282,137,489,None,Move,office
1571235654.29,132,494,None,Move,office
1571235654.298,130,497,None,Move,office
1571235654.306,127,502,None,Move,office
1571235654.314,126,504,None,Move,office
1571235654.322,125,509,None,Move,office
1571235654.33,124,511,None,Move,office
1571235654.3379998,124,512,None,Move,office
1571235654.346,123,513,None,Move,office
1571235654.354,122,514,None,Move,office
1571235654.3620002,120,516,None,Move,office
1571235654.37,120,519,None,Move,office
1571235654.3779998,120,522,None,Move,office
1571235654.3860002,120,527,None,Move,office
1571235654.4,120,534,None,Move,office
1571235654.408,120,540,None,Move,office
1571235654.413,120,545,None,Move,office
1571235654.418,120,549,None,Move,office
1571235654.474,121,551,None,Move,office
1571235654.494,128,553,None,Move,office
1571235654.506,132,553,None,Move,office
1571235654.516,144,553,None,Move,office
1571235654.524,154,549,None,Move,office
1571235654.531,168,543,None,Move,office
1571235654.538,183,538,None,Move,office
1571235654.546,197,532,None,Move,office
1571235654.554,211,528,None,Move,office
1571235654.562,221,526,None,Move,office
1571235654.57,230,524,None,Move,office
1571235654.5779998,233,523,None,Move,office
1571235654.586,235,523,None,Move,office
1571235654.594,236,523,None,Move,office
1571235654.6820002,236,523,None,Move,office
1571235654.73,236,523,None,Move,office
1571235654.811,236,523,Left,Pressed,office
1571235654.911,236,523,Left,Released,office
1571235654.938,235,523,None,Move,office
1571235654.946,235,523,None,Move,office
1571235654.958,233,523,None,Move,office
1571235654.966,232,523,None,Move,office
1571235657.554,230,523,None,Move,office
1571235657.562,229,523,None,Move,office
1571235657.57,225,519,None,Move,office
1571235657.5779998,219,510,None,Move,office
1571235657.586,204,490,None,Move,office
1571235657.594,181,456,None,Move,office
1571235657.6020002,156,416,None,Move,office
1571235657.615,135,379,None,Move,office
1571235657.621,120,356,None,Move,office
1571235657.6260002,120,355,None,Move,office
1571235657.714,117,348,None,Move,office
1571235657.728,117,348,None,Move,office
1571235657.738,119,362,None,Move,office
1571235657.746,120,381,None,Move,office
1571235657.754,120,406,None,Move,office
1571235657.762,117,441,None,Move,office
1571235657.77,111,477,None,Move,office
1571235657.778,107,513,None,Move,office
1571235657.786,103,542,None,Move,office
1571235657.794,102,567,None,Move,office
1571235657.802,100,585,None,Move,office
1571235657.81,100,601,None,Move,office
1571235657.8179998,100,616,None,Move,office
1571235657.826,101,628,None,Move,office
1571235657.834,103,637,None,Move,office
1571235657.842,105,641,None,Move,office
1571235657.85,107,644,None,Move,office
1571235657.8579998,108,646,None,Move,office
1571235657.8660002,109,647,None,Move,office
1571235657.8739998,111,649,None,Move,office
1571235657.8820002,113,652,None,Move,office
1571235657.89,115,656,None,Move,office
1571235657.8979998,118,662,None,Move,office
1571235657.906,123,669,None,Move,office
1571235657.914,128,678,None,Move,office
1571235657.9220002,132,687,None,Move,office
1571235657.93,136,695,None,Move,office
1571235657.938,138,700,None,Move,office
1571235657.946,140,704,None,Move,office
1571235657.958,143,709,None,Move,office
1571235657.966,147,715,None,Move,office
1571235657.971,151,722,None,Move,office
1571235657.978,154,729,None,Move,office
1571235657.986,158,737,None,Move,office
1571235658.0,161,743,None,Move,office
1571235658.008,165,747,None,Move,office
1571235658.015,168,750,None,Move,office
1571235658.022,169,752,None,Move,office
1571235658.0270002,170,752,None,Move,office
1571235658.034,172,753,None,Move,office
1571235658.042,172,753,None,Move,office
1571235658.055,174,753,None,Move,office
1571235658.063,176,752,None,Move,office
1571235658.07,178,751,None,Move,office
1571235658.076,180,750,None,Move,office
1571235658.082,181,750,None,Move,office
1571235658.178,182,749,None,Move,office
1571235658.197,187,749,None,Move,office
1571235658.21,190,749,None,Move,office
1571235658.222,200,750,None,Move,office
1571235658.23,205,751,None,Move,office
1571235658.2370002,210,752,None,Move,office
1571235658.242,216,754,None,Move,office
1571235658.25,217,755,None,Move,office
