client_timestamp,x,y,button,state,window
1574147956.795,2482,153,None,Move,development
1574147956.8070002,2483,153,None,Move,development
1574147956.815,2484,155,None,Move,development
1574147956.823,2486,155,None,Move,development
1574147956.831,2487,157,None,Move,development
1574147956.839,2488,158,None,Move,development
1574147956.847,2490,160,None,Move,development
1574147956.853,2491,160,None,Move,development
1574147956.861,2493,160,None,Move,development
1574147956.869,2493,161,None,Move,development
1574147956.917,2494,162,None,Move,development
1574147956.927,2494,162,None,Move,development
1574147956.935,2497,167,None,Move,development
1574147956.9420002,2504,174,None,Move,development
1574147956.951,2510,182,None,Move,development
1574147956.958,2517,190,None,Move,development
1574147956.967,2524,203,None,Move,development
1574147956.975,2530,218,None,Move,development
1574147956.9829998,2533,231,None,Move,development
1574147956.9910002,2535,243,None,Move,development
1574147956.9970002,2538,256,None,Move,development
1574147957.005,2540,265,None,Move,development
1574147957.012,2541,273,None,Move,development
1574147957.021,2542,280,None,Move,development
1574147957.029,2542,286,None,Move,development
1574147957.0370002,2542,290,None,Move,development
1574147957.045,2543,295,None,Move,development
1574147957.053,2543,301,None,Move,development
1574147957.061,2543,305,None,Move,development
1574147957.0670002,2543,308,None,Move,development
1574147957.075,2543,311,None,Move,development
1574147957.083,2543,312,None,Move,development
1574147957.091,2542,314,None,Move,development
1574147957.099,2542,314,None,Move,development
1574147957.115,2542,315,None,Move,development
1574148071.39,2542,315,None,Move,development
1574148071.3979998,2543,321,None,Move,development
1574148071.403,2545,328,None,Move,development
1574148071.408,2547,334,None,Move,development
1574148071.415,2549,339,None,Move,development
1574148071.4220002,2550,344,None,Move,development
1574148071.428,2552,348,None,Move,development
1574148071.437,2554,352,None,Move,development
1574148071.445,2555,353,None,Move,development
1574148071.452,2557,355,None,Move,development
1574148071.46,2558,357,None,Move,development
1574148071.468,2560,358,None,Move,development
1574148071.4770002,2561,360,None,Move,development
1574148071.482,2563,361,None,Move,development
1574148071.49,2563,362,None,Move,development
1574148071.498,2565,364,None,Move,development
1574148071.5070002,2565,365,None,Move,development
1574148071.514,2566,367,None,Move,development
1574148071.5229998,2567,368,None,Move,development
1574148071.53,2568,370,None,Move,development
1574148071.538,2569,373,None,Move,development
1574148071.5470002,2571,378,None,Move,development
1574148071.553,2572,383,None,Move,development
1574148071.56,2574,389,None,Move,development
1574148071.5679998,2575,395,None,Move,development
1574148071.576,2577,401,None,Move,development
1574148071.585,2581,407,None,Move,development
1574148071.592,2586,414,None,Move,development
1574148071.6,2590,422,None,Move,development
1574148071.6079998,2596,430,None,Move,development
1574148071.617,2603,437,None,Move,development
1574148071.6220002,2610,446,None,Move,development
1574148071.63,2617,455,None,Move,development
1574148071.6379998,2624,464,None,Move,development
1574148071.646,2633,472,None,Move,development
1574148071.654,2642,480,None,Move,development
1574148071.6620002,2651,489,None,Move,development
1574148071.67,2660,496,None,Move,development
1574148071.678,2668,503,None,Move,development
1574148071.686,2677,509,None,Move,development
1574148071.694,2686,516,None,Move,development
1574148071.7,2694,522,None,Move,development
1574148071.708,2703,529,None,Move,development
1574148071.716,2709,534,None,Move,development
1574148071.724,2715,540,None,Move,development
1574148071.732,2721,547,None,Move,development
1574148071.74,2728,553,None,Move,development
1574148071.748,2734,559,None,Move,development
1574148071.756,2739,565,None,Move,development
1574148071.764,2743,571,None,Move,development
1574148071.77,2746,577,None,Move,development
1574148071.778,2748,583,None,Move,development
1574148071.786,2750,589,None,Move,development
1574148071.794,2751,595,None,Move,development
1574148071.802,2752,604,None,Move,development
1574148071.811,2752,610,None,Move,development
1574148071.8179998,2753,617,None,Move,development
1574148071.827,2755,622,None,Move,development
1574148071.834,2757,626,None,Move,development
1574148071.841,2762,629,None,Move,development
1574148071.8479998,2768,631,None,Move,development
1574148071.857,2776,631,None,Move,development
1574148071.8639998,2783,631,None,Move,development
1574148071.873,2789,631,None,Move,development
1574148071.88,2796,631,None,Move,development
1574148071.8879998,2803,631,None,Move,development
1574148071.897,2808,631,None,Move,development
1574148071.905,2814,631,None,Move,development
1574148071.91,2817,632,None,Move,development
1574148071.918,2821,633,None,Move,development
1574148071.927,2823,633,None,Move,development
1574148071.935,2825,634,None,Move,development
1574148071.9420002,2826,634,None,Move,development
1574148071.95,2827,635,None,Move,development
1574148071.958,2829,636,None,Move,development
1574148071.966,2830,637,None,Move,development
1574148071.974,2831,638,None,Move,development
1574148071.98,2833,640,None,Move,development
1574148071.988,2834,641,None,Move,development
1574148071.996,2836,644,None,Move,development
1574148072.004,2840,650,None,Move,development
1574148072.012,2844,655,None,Move,development
1574148072.02,2848,661,None,Move,development
1574148072.028,2852,667,None,Move,development
1574148072.0370002,2856,672,None,Move,development
1574148072.045,2861,677,None,Move,development
1574148072.05,2867,681,None,Move,development
1574148072.0579998,2872,683,None,Move,development
1574148072.066,2877,685,None,Move,development
1574148072.074,2881,687,None,Move,development
1574148072.083,2886,687,None,Move,development
1574148072.09,2887,688,None,Move,development
1574148072.0979998,2888,689,None,Move,development
1574148072.798,2891,689,None,Move,development
1574148072.806,2898,691,None,Move,development
1574148072.814,2905,693,None,Move,development
1574148072.822,2912,695,None,Move,development
1574148072.8279998,2918,697,None,Move,development
1574148072.837,2922,698,None,Move,development
1574148072.844,2926,701,None,Move,development
1574148072.8520002,2930,703,None,Move,development
1574148072.86,2932,704,None,Move,development
1574148072.8679998,2935,706,None,Move,development
1574148072.877,2937,707,None,Move,development
1574148072.885,2939,710,None,Move,development
1574148072.8920002,2942,712,None,Move,development
1574148072.8979998,2946,714,None,Move,development
1574148072.907,2952,718,None,Move,development
1574148072.915,2961,723,None,Move,development
1574148072.9220002,2969,728,None,Move,development
1574148072.93,2978,734,None,Move,development
1574148072.938,2986,738,None,Move,development
1574148072.946,2997,744,None,Move,development
1574148072.955,3010,751,None,Move,development
1574148072.9629998,3026,758,None,Move,development
1574148072.968,3039,765,None,Move,development
1574148072.9770002,3050,772,None,Move,development
1574148072.985,3061,776,None,Move,development
1574148072.992,3072,780,None,Move,development
1574148073.0,3081,782,None,Move,development
1574148073.008,3089,783,None,Move,development
1574148073.016,3096,784,None,Move,development
1574148073.024,3102,784,None,Move,development
1574148073.032,3106,786,None,Move,development
1574148073.038,3108,786,None,Move,development
1574148073.046,3108,788,None,Move,development
1574148073.054,3108,788,None,Move,development
1574148073.062,3109,789,None,Move,development
1574148073.074,3109,789,None,Move,development
1574148073.082,3109,791,None,Move,development
1574148073.09,3109,791,None,Move,development
1574148073.0979998,3109,792,None,Move,development
1574148073.107,3110,794,None,Move,development
1574148073.113,3111,795,None,Move,development
1574148073.12,3111,796,None,Move,development
1574148073.1279998,3113,798,None,Move,development
1574148073.137,3114,799,None,Move,development
1574148073.144,3116,801,None,Move,development
1574148073.1520002,3117,803,None,Move,development
1574148073.16,3119,805,None,Move,development
1574148073.168,3121,808,None,Move,development
1574148073.176,3125,811,None,Move,development
1574148073.1829998,3128,814,None,Move,development
1574148073.19,3132,816,None,Move,development
1574148073.198,3135,818,None,Move,development
1574148073.207,3137,820,None,Move,development
1574148073.214,3139,821,None,Move,development
1574148073.222,3140,822,None,Move,development
1574148073.23,3141,824,None,Move,development
1574148073.238,3143,825,None,Move,development
1574148073.2470002,3144,827,None,Move,development
1574148073.252,3144,827,None,Move,development
1574148073.3,3145,827,None,Move,development
1574148073.3079998,3147,827,None,Move,development
1574148073.3170002,3150,828,None,Move,development
1574148073.322,3154,828,None,Move,development
1574148073.33,3160,827,None,Move,development
1574148073.3379998,3165,826,None,Move,development
1574148073.346,3171,825,None,Move,development
1574148073.354,3176,824,None,Move,development
1574148073.3620002,3182,824,None,Move,development
1574148073.37,3185,824,None,Move,development
1574148073.3779998,3188,824,None,Move,development
1574148073.3860002,3189,824,None,Move,development
1574148073.393,3191,825,None,Move,development
1574148073.4,3192,825,None,Move,development
1574148073.408,3193,826,None,Move,development
1574148073.416,3195,827,None,Move,development
1574148073.425,3196,828,None,Move,development
1574148073.4320002,3198,830,None,Move,development
1574148073.44,3199,831,None,Move,development
1574148073.448,3200,832,None,Move,development
1574148073.456,3201,834,None,Move,development
1574148073.4629998,3203,835,None,Move,development
1574148073.47,3204,837,None,Move,development
1574148073.478,3206,840,None,Move,development
1574148073.4870002,3209,841,None,Move,development
1574148073.494,3213,844,None,Move,development
1574148073.502,3219,846,None,Move,development
1574148073.51,3224,848,None,Move,development
1574148073.518,3229,850,None,Move,development
1574148073.526,3235,851,None,Move,development
1574148073.532,3237,853,None,Move,development
1574148073.541,3238,854,None,Move,development
1574148073.548,3240,855,None,Move,development
1574148073.5570002,3240,856,None,Move,development
1574148073.564,3242,856,None,Move,development
1574148073.572,3242,856,None,Move,development
1574148073.623,3243,857,None,Move,development
1574148073.6339998,3244,858,None,Move,development
1574148073.6420002,3245,860,None,Move,development
1574148073.65,3247,861,None,Move,development
1574148073.658,3248,863,None,Move,development
1574148073.667,3250,864,None,Move,development
1574148073.675,3251,865,None,Move,development
1574148073.681,3252,867,None,Move,development
1574148073.688,3252,867,None,Move,development
1574148073.696,3252,867,None,Move,development
1574148073.8070002,3253,868,None,Move,development
1574148099.0,3252,869,None,Move,development
1574148099.008,3215,883,None,Move,development
1574148099.016,3173,900,None,Move,development
1574148099.024,3136,920,None,Move,development
1574148099.045,3107,939,None,Move,development
1574148099.051,3065,968,None,Move,development
1574148099.056,3056,975,None,Move,development
1574148099.062,3052,977,None,Move,development
1574148099.07,3051,978,None,Move,development
1574148099.0779998,3050,979,None,Move,development
1574148099.087,3046,980,None,Move,development
1574148099.095,3034,985,None,Move,development
1574148099.103,3006,995,None,Move,development
1574148099.11,2968,1008,None,Move,development
1574148099.1179998,2927,1035,None,Move,development
1574148099.1239998,2896,1066,None,Move,development
1574148099.1320002,2866,1107,None,Move,development
1574148099.14,2840,1127,None,Move,development
1574148099.1479998,2819,1126,None,Move,development
1574148099.157,2805,1128,None,Move,development
1574148099.166,2794,1120,None,Move,development
1574148099.1720002,2790,1125,None,Move,development
1574148099.181,2789,1123,None,Move,development
1574148099.189,2783,1127,None,Move,development
1574148099.196,2773,1124,None,Move,development
1574148099.2029998,2758,1120,None,Move,development
1574148099.211,2739,1124,None,Move,development
1574148099.218,2719,1131,None,Move,development
1574148099.2270002,2705,1127,None,Move,development
1574148099.235,2698,1122,None,Move,development
1574148099.2429998,2693,1118,None,Move,development
1574148099.2510002,2689,1113,None,Move,development
1574148099.258,2686,1107,None,Move,development
1574148099.2670002,2683,1102,None,Move,development
1574148099.272,2681,1097,None,Move,development
1574148099.281,2677,1093,None,Move,development
1574148099.289,2671,1090,None,Move,development
1574148099.2970002,2659,1092,None,Move,development
1574148099.305,2638,1093,None,Move,development
1574148099.312,2598,1100,None,Move,development
1574148099.32,2541,1100,None,Move,development
1574148099.329,2469,1087,None,Move,development
1574148099.336,2388,1078,None,Move,development
1574148099.343,2290,1069,None,Move,development
1574148099.351,2190,1070,None,Move,development
1574148099.3579998,2074,1070,None,Move,development
1574148099.367,1965,1053,None,Move,development
1574148099.3739998,1864,1044,None,Move,development
1574148099.3820002,1768,1026,None,Move,development
1574148099.39,1688,1013,None,Move,development
1574148099.3979998,1632,999,None,Move,development
1574148099.407,1593,986,None,Move,development
1574148099.4120002,1573,977,None,Move,development
1574148099.421,1566,971,None,Move,development
1574148099.429,1563,966,None,Move,development
1574148099.436,1562,962,None,Move,development
1574148099.444,1562,958,None,Move,development
1574148099.452,1562,955,None,Move,development
1574148099.46,1563,953,None,Move,development
1574148099.468,1565,951,None,Move,development
1574148099.476,1566,951,None,Move,development
1574148099.482,1567,950,None,Move,development
1574148099.49,1569,950,None,Move,development
1574148099.498,1570,950,None,Move,development
1574148099.506,1571,951,None,Move,development
1574148099.514,1573,952,None,Move,development
1574148099.522,1574,954,None,Move,development
1574148099.53,1576,955,None,Move,development
1574148099.538,1579,957,None,Move,development
1574148099.546,1583,958,None,Move,development
1574148099.552,1589,962,None,Move,development
1574148099.56,1598,969,None,Move,development
1574148099.5679998,1609,977,None,Move,development
1574148099.576,1629,985,None,Move,development
1574148099.584,1657,995,None,Move,development
1574148099.592,1691,1002,None,Move,development
1574148099.6,1731,1007,None,Move,development
1574148099.6079998,1773,1014,None,Move,development
1574148099.6160002,1808,1014,None,Move,development
1574148099.6220002,1836,1014,None,Move,development
1574148099.63,1861,1014,None,Move,development
1574148099.6379998,1880,1014,None,Move,development
1574148099.646,1895,1015,None,Move,development
1574148099.654,1911,1018,None,Move,development
1574148099.6620002,1923,1019,None,Move,development
1574148099.67,1932,1021,None,Move,development
1574148099.678,1938,1022,None,Move,development
1574148099.686,1943,1024,None,Move,development
1574148099.694,1945,1024,None,Move,development
1574148099.7,1946,1025,None,Move,development
1574148099.708,1948,1026,None,Move,development
1574148099.716,1949,1028,None,Move,development
1574148099.724,1950,1029,None,Move,development
1574148099.732,1953,1031,None,Move,development
1574148099.74,1955,1031,None,Move,development
1574148099.748,1956,1031,None,Move,development
1574148099.756,1958,1032,None,Move,development
1574148099.762,1960,1032,None,Move,development
1574148099.77,1965,1033,None,Move,development
1574148099.778,1973,1035,None,Move,development
1574148099.786,1983,1036,None,Move,development
1574148099.795,1995,1036,None,Move,development
1574148099.803,2008,1036,None,Move,development
1574148099.81,2021,1036,None,Move,development
1574148099.8179998,2038,1034,None,Move,development
1574148099.827,2062,1029,None,Move,development
1574148099.835,2090,1026,None,Move,development
1574148099.84,2118,1023,None,Move,development
1574148099.849,2147,1018,None,Move,development
1574148099.857,2178,1008,None,Move,development
1574148099.865,2203,998,None,Move,development
1574148099.8720002,2226,994,None,Move,development
1574148099.881,2240,992,None,Move,development
1574148099.8920002,2249,990,None,Move,development
1574148099.8979998,2256,989,None,Move,development
1574148099.905,2264,989,None,Move,development
1574148099.91,2273,991,None,Move,development
1574148099.919,2285,993,None,Move,development
1574148099.927,2300,997,None,Move,development
1574148099.935,2320,998,None,Move,development
1574148099.9429998,2339,998,None,Move,development
1574148099.95,2359,998,None,Move,development
1574148099.958,2373,999,None,Move,development
1574148099.967,2387,1001,None,Move,development
1574148099.975,2400,1002,None,Move,development
1574148099.981,2413,1003,None,Move,development
1574148099.988,2426,1003,None,Move,development
1574148099.9970002,2440,1002,None,Move,development
1574148100.005,2449,1000,None,Move,development
1574148100.012,2458,998,None,Move,development
1574148100.02,2463,997,None,Move,development
1574148100.029,2467,995,None,Move,development
1574148100.0370002,2472,995,None,Move,development
1574148100.045,2477,994,None,Move,development
1574148100.051,2482,993,None,Move,development
1574148100.0579998,2485,992,None,Move,development
1574148100.0670002,2487,991,None,Move,development
1574148100.075,2487,991,None,Move,development
1574148100.1160002,2487,991,None,Move,development
1574148100.1320002,2486,991,None,Move,development
1574148100.14,2485,993,None,Move,development
1574148100.1479998,2483,996,None,Move,development
1574148100.156,2481,1000,None,Move,development
1574148100.164,2480,1006,None,Move,development
1574148100.1720002,2478,1012,None,Move,development
1574148100.18,2475,1018,None,Move,development
1574148100.186,2471,1024,None,Move,development
1574148100.194,2467,1030,None,Move,development
1574148100.202,2463,1036,None,Move,development
1574148100.21,2459,1041,None,Move,development
1574148100.218,2456,1046,None,Move,development
1574148100.226,2453,1052,None,Move,development
1574148100.235,2450,1058,None,Move,development
1574148100.2429998,2448,1062,None,Move,development
1574148100.25,2447,1065,None,Move,development
1574148100.256,2445,1067,None,Move,development
1574148100.264,2444,1069,None,Move,development
1574148100.272,2442,1070,None,Move,development
1574148100.28,2441,1071,None,Move,development
1574148100.288,2440,1073,None,Move,development
1574148100.2970002,2440,1073,None,Move,development
1574148100.305,2439,1073,None,Move,development
1574148100.312,2438,1074,None,Move,development
1574148100.33,2438,1074,None,Move,development
1574148100.343,2437,1074,None,Move,development
1574148100.35,2437,1074,None,Move,development
1574148100.3579998,2436,1074,None,Move,development
1574148100.3660002,2434,1075,None,Move,development
1574148100.375,2433,1075,None,Move,development
1574148100.3820002,2432,1075,None,Move,development
1574148100.39,2430,1076,None,Move,development
1574148100.3979998,2429,1077,None,Move,development
1574148100.404,2427,1077,None,Move,development
1574148100.4120002,2425,1078,None,Move,development
1574148100.42,2424,1078,None,Move,development
1574148100.428,2423,1079,None,Move,development
1574148100.437,2423,1079,None,Move,development
1574148100.5029998,2423,1079,Left,Pressed,development
1574148100.6079998,2423,1079,Left,Released,development
1574148100.732,2423,1079,None,Move,development
1574148100.742,2423,1079,None,Move,development
1574148100.752,2424,1079,None,Move,development
1574148100.764,2424,1079,None,Move,development
1574148100.776,2425,1079,None,Move,development
1574148101.37,2426,1078,None,Move,development
1574148101.3779998,2427,1076,None,Move,development
1574148101.3860002,2429,1073,None,Move,development
1574148101.394,2431,1069,None,Move,development
1574148101.4,2433,1063,None,Move,development
1574148101.408,2435,1056,None,Move,development
1574148101.417,2439,1047,None,Move,development
1574148101.424,2445,1035,None,Move,development
1574148101.4320002,2452,1019,None,Move,development
1574148101.44,2458,999,None,Move,development
1574148101.448,2466,979,None,Move,development
1574148101.457,2474,957,None,Move,development
1574148101.464,2478,933,None,Move,development
1574148101.47,2484,919,None,Move,development
1574148101.478,2491,901,None,Move,development
1574148101.4870002,2495,885,None,Move,development
1574148101.494,2498,872,None,Move,development
1574148101.5029998,2501,858,None,Move,development
1574148101.51,2504,843,None,Move,development
1574148101.518,2507,830,None,Move,development
1574148101.5270002,2509,816,None,Move,development
1574148101.534,2513,803,None,Move,development
1574148101.543,2516,791,None,Move,development
1574148101.548,2523,776,None,Move,development
1574148101.5570002,2528,766,None,Move,development
1574148101.565,2534,758,None,Move,development
1574148101.572,2539,750,None,Move,development
1574148101.581,2546,743,None,Move,development
1574148101.5879998,2550,738,None,Move,development
1574148101.596,2554,734,None,Move,development
1574148101.604,2557,732,None,Move,development
1574148101.6120002,2559,730,None,Move,development
1574148101.6179998,2560,727,None,Move,development
1574148101.627,2561,725,None,Move,development
1574148101.6339998,2562,724,None,Move,development
1574148101.643,2562,723,None,Move,development
1574148101.65,2561,721,None,Move,development
1574148101.658,2559,721,None,Move,development
1574148101.667,2556,722,None,Move,development
1574148101.675,2550,725,None,Move,development
1574148101.6820002,2542,727,None,Move,development
1574148101.688,2536,729,None,Move,development
1574148101.697,2533,731,None,Move,development
1574148101.984,2532,731,None,Move,development
1574148102.024,2532,732,None,Move,development
1574148102.05,2532,732,None,Move,development
1574148102.0579998,2534,732,None,Move,development
1574148102.066,2535,731,None,Move,development
1574148102.074,2538,728,None,Move,development
1574148102.082,2541,723,None,Move,development
1574148102.09,2546,721,None,Move,development
1574148102.0979998,2547,718,None,Move,development
1574148102.106,2549,717,None,Move,development
1574148102.1139998,2549,716,None,Move,development
1574148102.12,2550,715,None,Move,development
1574148102.1279998,2551,712,None,Move,development
1574148102.1360002,2552,708,None,Move,development
1574148102.144,2554,704,None,Move,development
1574148102.1520002,2556,697,None,Move,development
1574148102.16,2558,691,None,Move,development
1574148102.168,2560,684,None,Move,development
1574148102.176,2562,676,None,Move,development
1574148102.184,2563,664,None,Move,development
1574148102.191,2564,651,None,Move,development
1574148102.199,2564,637,None,Move,development
1574148102.209,2564,619,None,Move,development
1574148102.216,2564,600,None,Move,development
1574148102.224,2564,577,None,Move,development
1574148102.23,2564,553,None,Move,development
1574148102.2389998,2564,530,None,Move,development
1574148102.248,2567,507,None,Move,development
1574148102.2570002,2570,484,None,Move,development
1574148102.262,2573,461,None,Move,development
1574148102.268,2576,440,None,Move,development
1574148102.276,2578,420,None,Move,development
1574148102.286,2581,402,None,Move,development
1574148102.292,2584,388,None,Move,development
1574148102.303,2588,375,None,Move,development
1574148102.31,2590,366,None,Move,development
1574148102.3179998,2591,362,None,Move,development
1574148102.33,2591,362,None,Move,development
1574148102.514,2591,361,None,Move,development
1574148102.526,2590,360,None,Move,development
1574148102.534,2581,354,None,Move,development
1574148102.54,2567,347,None,Move,development
1574148102.548,2555,341,None,Move,development
1574148102.556,2545,337,None,Move,development
1574148102.564,2537,335,None,Move,development
1574148102.572,2527,331,None,Move,development
1574148102.581,2515,326,None,Move,development
1574148102.587,2500,320,None,Move,development
1574148102.596,2486,314,None,Move,development
1574148102.603,2470,306,None,Move,development
1574148102.61,2449,294,None,Move,development
1574148102.619,2424,284,None,Move,development
1574148102.627,2398,271,None,Move,development
1574148102.637,2372,258,None,Move,development
1574148102.645,2354,250,None,Move,development
1574148102.654,2338,241,None,Move,development
1574148102.659,2319,229,None,Move,development
1574148102.667,2302,217,None,Move,development
1574148102.674,2280,199,None,Move,development
1574148102.68,2254,186,None,Move,development
1574148102.689,2228,173,None,Move,development
1574148102.697,2202,160,None,Move,development
1574148102.704,2175,147,None,Move,development
1574148102.712,2155,138,None,Move,development
1574148102.72,2142,135,None,Move,development
1574148102.728,2128,130,None,Move,development
1574148102.736,2116,126,None,Move,development
1574148102.745,2103,122,None,Move,development
1574148102.7529998,2092,120,None,Move,development
1574148102.7589998,2082,119,None,Move,development
1574148102.766,2072,118,None,Move,development
1574148102.7770002,2064,118,None,Move,development
1574148102.782,2056,118,None,Move,development
1574148102.791,2048,117,None,Move,development
1574148102.798,2043,117,None,Move,development
1574148102.806,2037,117,None,Move,development
1574148102.815,2033,117,None,Move,development
1574148102.823,2029,117,None,Move,development
1574148102.8279998,2023,118,None,Move,development
1574148102.836,2018,119,None,Move,development
1574148102.844,2012,119,None,Move,development
1574148102.8520002,2007,119,None,Move,development
1574148102.86,2005,119,None,Move,development
1574148102.8679998,2002,119,None,Move,development
1574148102.8760002,2001,119,None,Move,development
1574148102.8839998,2000,118,None,Move,development
1574148102.89,1998,118,None,Move,development
1574148102.8979998,1997,118,None,Move,development
1574148102.907,1996,118,None,Move,development
1574148102.914,1994,118,None,Move,development
1574148102.9220002,1991,117,None,Move,development
1574148102.93,1989,117,None,Move,development
1574148102.938,1987,117,None,Move,development
1574148102.946,1986,117,None,Move,development
1574148102.954,1985,117,None,Move,development
1574148102.96,1984,117,None,Move,development
1574148103.028,1984,117,None,Move,development
1574148103.038,1983,117,None,Move,development
1574148103.046,1982,117,None,Move,development
1574148103.054,1980,119,None,Move,development
1574148103.062,1979,119,None,Move,development
1574148103.07,1977,121,None,Move,development
1574148103.0779998,1976,122,None,Move,development
1574148103.086,1975,124,None,Move,development
1574148103.094,1973,125,None,Move,development
1574148103.1020002,1972,126,None,Move,development
1574148103.1079998,1970,128,None,Move,development
1574148103.1160002,1969,129,None,Move,development
1574148103.125,1968,130,None,Move,development
1574148103.14,1965,133,None,Move,development
1574148103.151,1963,134,None,Move,development
1574148103.164,1961,136,None,Move,development
1574148103.1720002,1961,136,None,Move,development
1574148103.246,1961,136,Left,Pressed,development
1574148103.3379998,1961,136,Left,Released,development
1574148103.416,1962,136,None,Move,development
1574148103.424,1967,136,None,Move,development
1574148103.4320002,1974,137,None,Move,development
1574148103.44,1980,138,None,Move,development
1574148103.448,1989,140,None,Move,development
1574148103.456,1998,142,None,Move,development
1574148103.462,2009,145,None,Move,development
1574148103.47,2023,147,None,Move,development
1574148103.478,2036,150,None,Move,development
1574148103.4870002,2049,152,None,Move,development
1574148103.494,2067,159,None,Move,development
1574148103.502,2088,168,None,Move,development
1574148103.51,2106,171,None,Move,development
1574148103.519,2120,174,None,Move,development
1574148103.5270002,2133,175,None,Move,development
1574148103.532,2142,176,None,Move,development
1574148103.54,2152,176,None,Move,development
1574148103.549,2160,176,None,Move,development
1574148103.5570002,2166,176,None,Move,development
1574148103.565,2172,176,None,Move,development
1574148103.572,2177,176,None,Move,development
1574148103.58,2183,176,None,Move,development
1574148103.587,2188,176,None,Move,development
1574148103.596,2194,176,None,Move,development
1574148103.6079998,2199,176,None,Move,development
1574148103.6139998,2205,178,None,Move,development
1574148103.62,2210,180,None,Move,development
1574148103.6260002,2215,182,None,Move,development
1574148103.6339998,2218,183,None,Move,development
1574148103.6420002,2222,185,None,Move,development
1574148103.651,2224,186,None,Move,development
1574148103.658,2225,186,None,Move,development
1574148103.666,2226,186,None,Move,development
1574148103.9020002,2225,186,None,Move,development
1574148103.91,2217,183,None,Move,development
1574148103.918,2208,181,None,Move,development
1574148103.926,2198,179,None,Move,development
1574148103.934,2187,176,None,Move,development
1574148103.9420002,2178,175,None,Move,development
1574148103.95,2170,175,None,Move,development
1574148103.956,2163,176,None,Move,development
1574148103.965,2157,178,None,Move,development
1574148103.972,2151,179,None,Move,development
1574148103.98,2148,180,None,Move,development
1574148103.988,2147,181,None,Move,development
1574148103.996,2146,181,None,Move,development
1574148104.005,2145,181,None,Move,development
1574148104.02,2144,181,None,Move,development
1574148104.07,2144,181,Left,Pressed,development
1574148104.17,2144,181,Left,Released,development
1574148104.256,2144,181,None,Move,development
1574148104.264,2145,181,None,Move,development
1574148104.272,2147,181,None,Move,development
1574148104.28,2149,181,None,Move,development
1574148104.288,2152,181,None,Move,development
1574148104.296,2157,181,None,Move,development
1574148104.304,2162,182,None,Move,development
1574148104.311,2168,182,None,Move,development
1574148104.319,2173,182,None,Move,development
1574148104.326,2180,182,None,Move,development
1574148104.334,2188,182,None,Move,development
1574148104.342,2196,184,None,Move,development
1574148104.35,2206,185,None,Move,development
1574148104.3579998,2218,188,None,Move,development
1574148104.3660002,2231,191,None,Move,development
1574148104.3739998,2244,195,None,Move,development
1574148104.3820002,2256,199,None,Move,development
1574148104.3879998,2267,203,None,Move,development
1574148104.396,2275,205,None,Move,development
1574148104.404,2283,207,None,Move,development
1574148104.4120002,2292,211,None,Move,development
1574148104.42,2301,213,None,Move,development
1574148104.428,2310,215,None,Move,development
1574148104.436,2319,217,None,Move,development
1574148104.444,2329,219,None,Move,development
1574148104.452,2340,221,None,Move,development
1574148104.458,2350,223,None,Move,development
1574148104.466,2360,225,None,Move,development
1574148104.474,2370,230,None,Move,development
1574148104.482,2377,232,None,Move,development
1574148104.49,2384,234,None,Move,development
1574148104.498,2390,236,None,Move,development
1574148104.506,2395,238,None,Move,development
1574148104.514,2400,239,None,Move,development
1574148104.522,2406,241,None,Move,development
1574148104.528,2409,243,None,Move,development
1574148104.536,2411,244,None,Move,development
1574148104.544,2413,246,None,Move,development
1574148104.552,2415,247,None,Move,development
1574148104.56,2417,249,None,Move,development
1574148104.5679998,2419,250,None,Move,development
1574148104.576,2420,252,None,Move,development
1574148104.584,2422,253,None,Move,development
1574148104.592,2424,255,None,Move,development
1574148104.6,2426,256,None,Move,development
1574148104.606,2427,258,None,Move,development
1574148104.6139998,2428,258,None,Move,development
1574148104.623,2428,258,None,Move,development
1574148104.976,2434,261,None,Move,development
1574148104.984,2457,272,None,Move,development
1574148104.992,2478,284,None,Move,development
1574148105.0,2489,290,None,Move,development
1574148105.008,2496,295,None,Move,development
1574148105.016,2502,298,None,Move,development
1574148105.022,2508,302,None,Move,development
1574148105.03,2514,306,None,Move,development
1574148105.038,2520,310,None,Move,development
1574148105.046,2526,315,None,Move,development
1574148105.054,2532,321,None,Move,development
1574148105.062,2539,327,None,Move,development
1574148105.07,2545,334,None,Move,development
1574148105.0779998,2550,340,None,Move,development
1574148105.086,2556,346,None,Move,development
1574148105.092,2561,353,None,Move,development
1574148105.1,2567,363,None,Move,development
1574148105.1079998,2571,376,None,Move,development
1574148105.1160002,2575,388,None,Move,development
1574148105.1239998,2577,401,None,Move,development
1574148105.1320002,2579,415,None,Move,development
1574148105.14,2579,428,None,Move,development
1574148105.1479998,2579,441,None,Move,development
1574148105.156,2579,460,None,Move,development
1574148105.1620002,2576,477,None,Move,development
1574148105.17,2576,499,None,Move,development
1574148105.178,2574,522,None,Move,development
1574148105.198,2568,558,None,Move,development
1574148105.204,2566,576,None,Move,development
1574148105.21,2564,590,None,Move,development
1574148105.218,2561,603,None,Move,development
1574148105.226,2559,614,None,Move,development
1574148105.232,2557,622,None,Move,development
1574148105.24,2555,630,None,Move,development
1574148105.248,2553,640,None,Move,development
1574148105.27,2548,659,None,Move,development
1574148105.306,2535,698,None,Move,development
1574148105.312,2531,704,None,Move,development
1574148105.32,2529,710,None,Move,development
1574148105.326,2527,716,None,Move,development
1574148105.334,2526,720,None,Move,development
1574148105.342,2524,726,None,Move,development
1574148105.35,2522,731,None,Move,development
1574148105.3579998,2521,735,None,Move,development
1574148105.3660002,2519,738,None,Move,development
1574148105.3739998,2519,741,None,Move,development
1574148105.38,2518,746,None,Move,development
1574148105.3879998,2516,752,None,Move,development
1574148105.396,2514,757,None,Move,development
1574148105.404,2512,763,None,Move,development
1574148105.4120002,2510,770,None,Move,development
1574148105.42,2509,778,None,Move,development
1574148105.428,2507,787,None,Move,development
1574148105.436,2505,794,None,Move,development
1574148105.444,2503,801,None,Move,development
1574148105.45,2501,808,None,Move,development
1574148105.458,2499,815,None,Move,development
1574148105.467,2497,820,None,Move,development
1574148105.475,2495,827,None,Move,development
1574148105.4829998,2493,833,None,Move,development
1574148105.49,2492,841,None,Move,development
1574148105.498,2491,849,None,Move,development
1574148105.506,2491,858,None,Move,development
1574148105.515,2491,866,None,Move,development
1574148105.522,2491,872,None,Move,development
1574148105.528,2493,878,None,Move,development
1574148105.5370002,2495,884,None,Move,development
1574148105.544,2496,886,None,Move,development
1574148105.552,2498,888,None,Move,development
1574148105.56,2499,890,None,Move,development
1574148105.569,2501,891,None,Move,development
1574148105.576,2502,891,None,Move,development
1574148105.583,2503,891,None,Move,development
1574148105.59,2504,891,None,Move,development
1574148105.5979998,2506,890,None,Move,development
1574148105.607,2508,890,None,Move,development
1574148105.617,2513,890,None,Move,development
1574148105.6220002,2519,891,None,Move,development
1574148105.63,2526,894,None,Move,development
1574148105.6379998,2533,897,None,Move,development
1574148105.647,2540,899,None,Move,development
1574148105.665,2550,903,None,Move,development
1574148105.681,2555,904,None,Move,development
1574148105.699,2557,905,None,Move,development
1574148105.705,2559,906,None,Move,development
1574148105.71,2560,906,None,Move,development
1574148105.717,2561,906,None,Move,development
1574148105.724,2562,906,None,Move,development
1574148105.73,2562,906,None,Move,development
1574148105.867,2562,907,None,Move,development
1574148105.879,2562,907,None,Move,development
1574148105.887,2561,908,None,Move,development
1574148105.895,2561,909,None,Move,development
1574148106.0089998,2561,909,Left,Pressed,development
1574148106.01,2561,909,None,Drag,development
1574148106.022,2559,909,None,Drag,development
1574148106.032,2557,909,None,Drag,development
1574148106.0370002,2554,907,None,Drag,development
1574148106.046,2551,907,None,Drag,development
1574148106.054,2546,905,None,Drag,development
1574148106.062,2542,903,None,Drag,development
1574148106.071,2536,901,None,Drag,development
1574148106.077,2530,899,None,Drag,development
1574148106.086,2523,897,None,Drag,development
1574148106.093,2515,895,None,Drag,development
1574148106.113,2503,890,None,Drag,development
1574148106.1320002,2492,885,None,Drag,development
1574148106.137,2483,882,None,Drag,development
1574148106.144,2478,879,None,Drag,development
1574148106.1520002,2470,877,None,Drag,development
1574148106.158,2465,875,None,Drag,development
1574148106.164,2459,873,None,Drag,development
1574148106.171,2452,870,None,Drag,development
1574148106.178,2443,867,None,Drag,development
1574148106.186,2435,865,None,Drag,development
1574148106.195,2428,862,None,Drag,development
1574148106.202,2422,859,None,Drag,development
1574148106.21,2416,857,None,Drag,development
1574148106.218,2415,856,None,Drag,development
1574148106.2270002,2413,855,None,Drag,development
1574148106.232,2411,854,None,Drag,development
1574148106.24,2410,853,None,Drag,development
1574148106.248,2409,852,None,Drag,development
1574148106.2570002,2407,852,None,Drag,development
1574148106.331,2407,852,None,Drag,development
1574148106.343,2406,852,None,Drag,development
1574148106.35,2405,852,None,Drag,development
1574148106.3579998,2404,851,None,Drag,development
1574148106.3660002,2402,851,None,Drag,development
1574148106.373,2401,851,None,Drag,development
1574148106.381,2400,851,None,Drag,development
1574148106.389,2400,851,None,Drag,development
1574148106.396,2399,851,None,Drag,development
1574148106.405,2398,851,None,Drag,development
1574148106.4120002,2397,851,None,Drag,development
1574148106.421,2396,851,None,Drag,development
1574148106.429,2394,851,None,Drag,development
1574148106.437,2393,851,None,Drag,development
1574148106.4420002,2391,852,None,Drag,development
1574148106.4529998,2390,853,None,Drag,development
1574148106.458,2389,854,None,Drag,development
1574148106.466,2387,855,None,Drag,development
1574148106.475,2386,856,None,Drag,development
1574148106.482,2385,857,None,Drag,development
1574148106.49,2383,858,None,Drag,development
1574148106.498,2382,859,None,Drag,development
1574148106.5070002,2380,860,None,Drag,development
1574148106.514,2379,860,None,Drag,development
1574148106.52,2378,861,None,Drag,development
1574148106.529,2376,862,None,Drag,development
1574148106.5370002,2375,863,None,Drag,development
1574148106.545,2373,865,None,Drag,development
1574148106.552,2372,866,None,Drag,development
1574148106.561,2371,867,None,Drag,development
1574148106.569,2370,867,None,Drag,development
1574148106.577,2370,867,None,Drag,development
1574148106.587,2369,867,None,Drag,development
1574148106.668,2368,867,None,Drag,development
1574148106.685,2368,867,None,Drag,development
1574148106.6920002,2367,868,None,Drag,development
1574148106.7,2367,868,None,Drag,development
1574148106.728,2366,868,None,Drag,development
1574148106.825,2366,868,None,Drag,development
1574148106.837,2365,868,None,Drag,development
1574148106.845,2364,868,None,Drag,development
1574148106.8520002,2364,868,None,Drag,development
1574148106.861,2363,868,None,Drag,development
1574148106.8660002,2363,868,None,Drag,development
1574148106.875,2362,868,None,Drag,development
1574148106.887,2362,868,None,Drag,development
1574148106.903,2361,868,None,Drag,development
1574148106.918,2360,868,None,Drag,development
1574148106.93,2360,868,None,Drag,development
1574148106.94,2359,868,None,Drag,development
1574148106.948,2359,868,None,Drag,development
1574148106.948,2359,868,Left,Released,development
1574148107.4420002,2359,868,Right,Pressed,development
1574148107.565,2359,868,Right,Released,development
1574148107.6020002,2359,868,None,Move,development
1574148107.6139998,2359,868,None,Move,development
1574148107.6220002,2360,868,None,Move,development
1574148107.645,2361,868,None,Move,development
1574148107.6520002,2366,868,None,Move,development
1574148107.66,2368,868,None,Move,development
1574148107.668,2371,868,None,Move,development
1574148107.676,2373,868,None,Move,development
1574148107.685,2376,868,None,Move,development
1574148107.6920002,2378,869,None,Move,development
1574148107.7,2380,869,None,Move,development
1574148107.708,2381,869,None,Move,development
1574148107.717,2382,869,None,Move,development
1574148107.722,2384,869,None,Move,development
1574148107.73,2385,869,None,Move,development
1574148107.738,2385,869,None,Move,development
1574148107.7470002,2386,869,None,Move,development
1574148107.754,2387,869,None,Move,development
1574148107.762,2388,869,None,Move,development
1574148107.77,2388,869,None,Move,development
1574148107.778,2389,869,None,Move,development
1574148107.786,2390,869,None,Move,development
1574148107.792,2391,869,None,Move,development
1574148107.8,2392,869,None,Move,development
1574148107.8079998,2393,869,None,Move,development
1574148107.816,2395,869,None,Move,development
1574148107.825,2396,870,None,Move,development
1574148107.832,2397,870,None,Move,development
1574148107.84,2398,870,None,Move,development
1574148107.8479998,2399,870,None,Move,development
1574148107.856,2400,870,None,Move,development
1574148107.8639998,2400,870,None,Move,development
1574148107.87,2400,871,None,Move,development
1574148108.0579998,2401,871,None,Move,development
1574148108.066,2401,872,None,Move,development
1574148108.072,2401,873,None,Move,development
1574148108.08,2401,873,None,Move,development
1574148108.092,2401,874,None,Move,development
1574148108.17,2401,874,Left,Pressed,development
1574148108.322,2401,874,Left,Released,development
1574148108.498,2402,874,None,Move,development
1574148108.504,2415,874,None,Move,development
1574148108.512,2438,872,None,Move,development
1574148108.52,2464,869,None,Move,development
1574148108.529,2493,865,None,Move,development
1574148108.536,2527,859,None,Move,development
1574148108.544,2563,856,None,Move,development
1574148108.552,2604,856,None,Move,development
1574148108.56,2653,857,None,Move,development
1574148108.5779998,2754,850,None,Move,development
1574148108.585,2804,844,None,Move,development
1574148108.592,2855,835,None,Move,development
1574148108.599,2907,831,None,Move,development
1574148108.606,2954,827,None,Move,development
1574148108.6139998,2999,821,None,Move,development
1574148108.6220002,3041,814,None,Move,development
1574148108.63,3076,805,None,Move,development
1574148108.6379998,3109,791,None,Move,development
1574148108.6479998,3138,780,None,Move,development
1574148108.654,3164,765,None,Move,development
1574148108.66,3185,754,None,Move,development
1574148108.668,3196,748,None,Move,development
1574148108.676,3205,741,None,Move,development
1574148108.684,3211,735,None,Move,development
1574148108.6920002,3215,729,None,Move,development
1574148108.7,3217,724,None,Move,development
1574148108.708,3219,720,None,Move,development
1574148108.716,3220,714,None,Move,development
1574148108.722,3221,708,None,Move,development
1574148108.73,3222,703,None,Move,development
1574148108.738,3223,697,None,Move,development
1574148108.746,3224,692,None,Move,development
1574148108.754,3225,686,None,Move,development
1574148108.762,3225,681,None,Move,development
1574148108.77,3225,675,None,Move,development
1574148108.778,3225,668,None,Move,development
1574148108.786,3225,662,None,Move,development
1574148108.792,3225,654,None,Move,development
1574148108.8,3224,648,None,Move,development
1574148108.8079998,3223,641,None,Move,development
1574148108.816,3221,637,None,Move,development
1574148108.824,3221,634,None,Move,development
1574148108.832,3219,633,None,Move,development
1574148108.8479998,3219,632,None,Move,development
1574148108.89,3219,632,Left,Pressed,development
1574148109.026,3219,632,Left,Released,development
1574148111.6139998,3220,633,None,Move,development
1574148111.6220002,3233,654,None,Move,development
1574148111.63,3247,690,None,Move,development
1574148111.6379998,3260,734,None,Move,development
1574148111.644,3272,777,None,Move,development
1574148111.6520002,3277,811,None,Move,development
1574148111.66,3277,836,None,Move,development
1574148111.668,3274,854,None,Move,development
1574148111.676,3267,865,None,Move,development
1574148111.685,3261,872,None,Move,development
1574148111.6920002,3255,874,None,Move,development
1574148111.7,3254,875,None,Move,development
1574148111.708,3254,876,None,Move,development
1574148111.82,3254,876,None,Move,development
1574148111.8279998,3250,883,None,Move,development
1574148111.836,3243,889,None,Move,development
1574148111.844,3236,895,None,Move,development
1574148111.8520002,3228,899,None,Move,development
1574148111.8579998,3216,899,None,Move,development
1574148111.8660002,3202,899,None,Move,development
1574148111.8739998,3193,896,None,Move,development
1574148111.8820002,3186,894,None,Move,development
1574148111.89,3183,893,None,Move,development
1574148111.8979998,3183,893,None,Move,development
1574148111.9220002,3183,893,None,Move,development
1574148111.928,3183,893,None,Move,development
1574148111.937,3187,893,None,Move,development
1574148111.944,3190,893,None,Move,development
1574148111.952,3191,893,None,Move,development
1574148111.96,3192,893,None,Move,development
1574148111.968,3193,893,None,Move,development
1574148111.976,3195,893,None,Move,development
1574148111.984,3197,892,None,Move,development
1574148111.992,3199,892,None,Move,development
1574148111.998,3201,891,None,Move,development
1574148112.006,3204,891,None,Move,development
1574148112.014,3207,891,None,Move,development
1574148112.022,3209,891,None,Move,development
1574148112.03,3210,891,None,Move,development
1574148112.038,3211,891,None,Move,development
1574148112.046,3211,892,None,Move,development
1574148112.178,3212,892,None,Move,development
1574148112.19,3212,893,None,Move,development
1574148112.198,3214,894,None,Move,development
1574148112.208,3215,896,None,Move,development
1574148112.2129998,3217,897,None,Move,development
1574148112.22,3222,899,None,Move,development
1574148112.228,3227,901,None,Move,development
1574148112.236,3236,903,None,Move,development
1574148112.244,3245,905,None,Move,development
1574148112.252,3254,907,None,Move,development
1574148112.26,3261,909,None,Move,development
1574148112.268,3264,910,None,Move,development
1574148112.276,3264,910,None,Move,development
1574148112.416,3264,911,None,Move,development
1574148112.4220002,3264,912,None,Move,development
1574148112.43,3263,913,None,Move,development
1574148112.438,3262,914,None,Move,development
1574148112.446,3261,915,None,Move,development
1574148112.455,3259,915,None,Move,development
1574148112.462,3258,915,None,Move,development
1574148112.47,3257,915,None,Move,development
1574148112.478,3256,915,None,Move,development
1574148112.4870002,3255,915,None,Move,development
1574148112.494,3254,916,None,Move,development
1574148112.5,3252,916,None,Move,development
1574148112.508,3252,916,None,Move,development
1574148112.6720002,3252,916,None,Move,development
1574148112.68,3252,916,None,Move,development
1574148112.688,3252,915,None,Move,development
1574148112.696,3251,913,None,Move,development
1574148112.704,3250,912,None,Move,development
1574148112.711,3250,911,None,Move,development
1574148112.718,3249,910,None,Move,development
1574148112.7270002,3249,909,None,Move,development
1574148112.734,3249,909,None,Move,development
1574148112.8660002,3249,909,Left,Pressed,development
1574148112.976,3249,909,Left,Released,development
1574148114.369,3247,907,None,Move,development
1574148114.377,3210,863,None,Move,development
1574148114.385,3165,818,None,Move,development
1574148114.3920002,3119,782,None,Move,development
1574148114.401,3067,749,None,Move,development
1574148114.408,3030,726,None,Move,development
1574148114.417,2997,705,None,Move,development
1574148114.4220002,2967,682,None,Move,development
1574148114.43,2942,663,None,Move,development
1574148114.438,2915,647,None,Move,development
1574148114.447,2899,636,None,Move,development
1574148114.454,2883,626,None,Move,development
1574148114.462,2872,620,None,Move,development
1574148114.47,2862,613,None,Move,development
1574148114.478,2853,606,None,Move,development
1574148114.486,2846,600,None,Move,development
1574148114.492,2840,594,None,Move,development
1574148114.5,2832,588,None,Move,development
1574148114.508,2826,581,None,Move,development
1574148114.516,2820,575,None,Move,development
1574148114.524,2814,568,None,Move,development
1574148114.532,2809,559,None,Move,development
1574148114.54,2805,549,None,Move,development
1574148114.548,2803,540,None,Move,development
1574148114.556,2799,531,None,Move,development
1574148114.562,2794,524,None,Move,development
1574148114.57,2789,517,None,Move,development
1574148114.5779998,2784,511,None,Move,development
1574148114.586,2778,508,None,Move,development
1574148114.594,2775,506,None,Move,development
1574148114.6020002,2773,505,None,Move,development
1574148114.61,2772,504,None,Move,development
1574148114.6179998,2770,502,None,Move,development
1574148114.6260002,2769,502,None,Move,development
1574148114.6320002,2768,502,None,Move,development
1574148114.643,2766,501,None,Move,development
1574148114.6479998,2762,499,None,Move,development
1574148114.656,2756,498,None,Move,development
1574148114.664,2749,494,None,Move,development
1574148114.6720002,2742,490,None,Move,development
1574148114.68,2734,488,None,Move,development
1574148114.688,2725,486,None,Move,development
1574148114.696,2716,484,None,Move,development
1574148114.702,2705,482,None,Move,development
1574148114.71,2690,480,None,Move,development
1574148114.718,2667,477,None,Move,development
1574148114.726,2643,471,None,Move,development
1574148114.734,2612,461,None,Move,development
1574148114.742,2587,451,None,Move,development
1574148114.75,2557,443,None,Move,development
1574148114.758,2527,431,None,Move,development
1574148114.766,2496,421,None,Move,development
1574148114.774,2465,407,None,Move,development
1574148114.78,2434,391,None,Move,development
1574148114.788,2404,372,None,Move,development
1574148114.796,2377,353,None,Move,development
1574148114.804,2360,339,None,Move,development
1574148114.812,2349,329,None,Move,development
1574148114.82,2343,321,None,Move,development
1574148114.8279998,2337,315,None,Move,development
1574148114.836,2334,309,None,Move,development
1574148114.844,2331,303,None,Move,development
1574148114.85,2329,297,None,Move,development
1574148114.8579998,2327,293,None,Move,development
1574148114.8660002,2327,289,None,Move,development
1574148114.8739998,2327,283,None,Move,development
1574148114.8820002,2327,276,None,Move,development
1574148114.89,2329,269,None,Move,development
1574148114.8979998,2330,265,None,Move,development
1574148114.906,2330,261,None,Move,development
1574148114.914,2330,259,None,Move,development
1574148114.92,2329,255,None,Move,development
1574148114.928,2327,250,None,Move,development
1574148114.936,2324,245,None,Move,development
1574148114.95,2323,243,None,Move,development
1574148114.955,2321,239,None,Move,development
1574148114.96,2320,235,None,Move,development
1574148114.968,2320,231,None,Move,development
1574148114.976,2323,228,None,Move,development
1574148114.984,2329,223,None,Move,development
1574148114.99,2337,219,None,Move,development
1574148114.998,2345,213,None,Move,development
1574148115.006,2351,210,None,Move,development
1574148115.014,2356,209,None,Move,development
1574148115.022,2358,207,None,Move,development
1574148115.03,2359,207,None,Move,development
1574148115.15,2361,205,None,Move,development
1574148115.158,2364,200,None,Move,development
1574148115.167,2368,194,None,Move,development
1574148115.175,2372,190,None,Move,development
1574148115.1829998,2374,187,None,Move,development
1574148115.189,2374,187,None,Move,development
1574148115.198,2374,186,None,Move,development
1574148115.264,2374,186,None,Move,development
1574148115.27,2374,186,None,Move,development
1574148115.278,2373,186,None,Move,development
1574148115.286,2371,186,None,Move,development
1574148115.294,2369,186,None,Move,development
1574148115.302,2365,187,None,Move,development
1574148115.31,2362,187,None,Move,development
1574148115.3179998,2360,189,None,Move,development
1574148115.326,2357,190,None,Move,development
1574148115.334,2356,191,None,Move,development
1574148115.343,2355,191,None,Move,development
1574148115.3479998,2355,191,None,Move,development
1574148115.357,2354,192,None,Move,development
1574148115.365,2353,192,None,Move,development
1574148115.3720002,2353,192,None,Move,development
1574148115.38,2352,192,None,Move,development
1574148115.3879998,2350,194,None,Move,development
1574148115.397,2349,195,None,Move,development
1574148115.405,2344,197,None,Move,development
1574148115.4120002,2340,200,None,Move,development
1574148115.418,2334,204,None,Move,development
1574148115.427,2328,208,None,Move,development
1574148115.434,2323,212,None,Move,development
1574148115.4420002,2317,214,None,Move,development
1574148115.45,2313,216,None,Move,development
1574148115.458,2311,218,None,Move,development
1574148115.467,2311,218,None,Move,development
1574148115.474,2311,219,None,Move,development
1574148115.684,2311,219,None,Move,development
1574148115.697,2311,219,None,Move,development
1574148117.742,2311,219,None,Move,development
1574148117.758,2311,219,None,Move,development
1574148117.766,2311,219,None,Move,development
1574148117.772,2311,220,None,Move,development
1574148117.842,2310,220,None,Move,development
1574148117.85,2309,222,None,Move,development
1574148117.8579998,2307,224,None,Move,development
1574148117.8660002,2305,228,None,Move,development
1574148117.8739998,2305,234,None,Move,development
1574148117.8820002,2305,239,None,Move,development
1574148117.89,2305,245,None,Move,development
1574148117.8979998,2304,250,None,Move,development
1574148117.906,2304,256,None,Move,development
1574148117.914,2303,262,None,Move,development
1574148117.92,2301,266,None,Move,development
1574148117.928,2300,272,None,Move,development
1574148117.936,2298,277,None,Move,development
1574148117.944,2297,283,None,Move,development
1574148117.952,2296,289,None,Move,development
1574148117.97,2295,301,None,Move,development
1574148117.984,2294,312,None,Move,development
1574148117.994,2294,313,None,Move,development
1574148117.9989998,2294,314,None,Move,development
1574148118.064,2294,314,None,Move,development
1574148118.072,2289,308,None,Move,development
1574148118.08,2282,296,None,Move,development
1574148118.0879998,2275,287,None,Move,development
1574148118.096,2269,278,None,Move,development
1574148118.104,2262,269,None,Move,development
1574148118.1120002,2258,262,None,Move,development
1574148118.12,2254,255,None,Move,development
1574148118.1260002,2252,249,None,Move,development
1574148118.1339998,2251,246,None,Move,development
1574148118.1420002,2249,244,None,Move,development
1574148118.15,2248,243,None,Move,development
1574148118.158,2248,241,None,Move,development
1574148118.166,2247,240,None,Move,development
1574148118.174,2246,239,None,Move,development
1574148118.1820002,2246,238,None,Move,development
1574148118.19,2246,238,None,Move,development
1574148118.198,2246,237,None,Move,development
1574148118.29,2246,237,None,Move,development
1574148118.298,2247,240,None,Move,development
1574148118.306,2248,241,None,Move,development
1574148118.315,2250,242,None,Move,development
1574148118.322,2252,246,None,Move,development
1574148118.33,2255,248,None,Move,development
1574148118.3379998,2257,251,None,Move,development
1574148118.345,2261,254,None,Move,development
1574148118.3520002,2264,258,None,Move,development
1574148118.36,2269,262,None,Move,development
1574148118.3679998,2273,265,None,Move,development
1574148118.3760002,2275,269,None,Move,development
1574148118.3839998,2277,270,None,Move,development
1574148118.3920002,2278,271,None,Move,development
1574148118.4,2280,273,None,Move,development
1574148118.408,2281,274,None,Move,development
1574148118.414,2282,276,None,Move,development
1574148118.4220002,2284,277,None,Move,development
1574148118.43,2286,279,None,Move,development
1574148118.438,2287,280,None,Move,development
1574148118.446,2289,282,None,Move,development
1574148118.454,2290,283,None,Move,development
1574148118.462,2292,284,None,Move,development
1574148118.47,2293,285,None,Move,development
1574148118.478,2294,286,None,Move,development
1574148118.484,2296,287,None,Move,development
1574148118.492,2297,288,None,Move,development
1574148118.5,2298,288,None,Move,development
1574148118.508,2298,288,None,Move,development
1574148118.582,2299,289,None,Move,development
1574148118.594,2300,290,None,Move,development
1574148118.6020002,2301,290,None,Move,development
1574148118.61,2303,292,None,Move,development
1574148118.6179998,2304,292,None,Move,development
1574148118.6239998,2305,293,None,Move,development
1574148118.6320002,2306,293,None,Move,development
1574148118.64,2307,294,None,Move,development
1574148118.6479998,2308,295,None,Move,development
1574148118.656,2309,295,None,Move,development
1574148118.726,2309,295,None,Move,development
1574148118.738,2310,294,None,Move,development
1574148118.746,2312,292,None,Move,development
1574148118.754,2313,291,None,Move,development
1574148118.762,2315,289,None,Move,development
1574148118.768,2316,287,None,Move,development
1574148118.776,2318,284,None,Move,development
1574148118.784,2319,282,None,Move,development
1574148118.792,2321,279,None,Move,development
1574148118.8,2323,275,None,Move,development
1574148118.8079998,2325,273,None,Move,development
1574148118.816,2328,270,None,Move,development
1574148118.824,2329,267,None,Move,development
1574148118.832,2331,264,None,Move,development
1574148118.8379998,2334,262,None,Move,development
1574148118.846,2335,260,None,Move,development
1574148118.854,2337,259,None,Move,development
1574148118.8620002,2337,258,None,Move,development
1574148118.87,2338,258,None,Move,development
1574148118.96,2338,257,None,Move,development
1574148118.968,2341,254,None,Move,development
1574148118.976,2343,252,None,Move,development
1574148118.984,2345,251,None,Move,development
1574148118.99,2347,248,None,Move,development
1574148118.998,2350,246,None,Move,development
1574148119.006,2354,243,None,Move,development
1574148119.014,2360,240,None,Move,development
1574148119.022,2364,238,None,Move,development
1574148119.03,2369,235,None,Move,development
1574148119.039,2375,233,None,Move,development
1574148119.0470002,2379,231,None,Move,development
1574148119.055,2382,229,None,Move,development
1574148119.06,2385,228,None,Move,development
1574148119.069,2386,227,None,Move,development
1574148119.077,2387,226,None,Move,development
1574148119.084,2389,224,None,Move,development
1574148119.092,2391,223,None,Move,development
1574148119.1,2393,221,None,Move,development
1574148119.1079998,2396,220,None,Move,development
1574148119.117,2399,218,None,Move,development
1574148119.125,2403,217,None,Move,development
1574148119.133,2408,215,None,Move,development
1574148119.139,2414,213,None,Move,development
1574148119.147,2419,211,None,Move,development
1574148119.154,2424,210,None,Move,development
1574148119.1620002,2427,209,None,Move,development
1574148119.17,2428,209,None,Move,development
1574148119.178,2430,209,None,Move,development
1574148119.186,2432,209,None,Move,development
1574148119.1920002,2433,209,None,Move,development
1574148119.2,2434,209,None,Move,development
1574148119.208,2435,209,None,Move,development
1574148119.216,2436,207,None,Move,development
1574148119.225,2437,206,None,Move,development
1574148119.232,2440,205,None,Move,development
1574148119.24,2441,203,None,Move,development
1574148119.248,2442,202,None,Move,development
1574148119.2570002,2443,201,None,Move,development
1574148119.265,2443,201,None,Move,development
1574148120.1260002,2443,201,None,Move,development
1574148120.1339998,2443,202,None,Move,development
1574148120.1420002,2442,202,None,Move,development
1574148120.15,2442,203,None,Move,development
1574148120.396,2442,203,Left,Pressed,development
1574148120.54,2442,203,Left,Released,development
1574148122.92,2442,205,None,Move,development
1574148122.928,2453,238,None,Move,development
1574148122.936,2473,293,None,Move,development
1574148122.944,2497,340,None,Move,development
1574148122.952,2509,368,None,Move,development
1574148122.96,2517,386,None,Move,development
1574148122.968,2519,396,None,Move,development
1574148122.974,2520,403,None,Move,development
1574148122.982,2520,408,None,Move,development
1574148122.99,2520,413,None,Move,development
1574148122.998,2520,418,None,Move,development
1574148123.006,2520,420,None,Move,development
1574148123.014,2520,421,None,Move,development
1574148123.025,2519,423,None,Move,development
1574148123.072,2519,423,None,Move,development
1574148123.084,2519,424,None,Move,development
1574148123.092,2519,424,None,Move,development
1574148123.1,2518,424,None,Move,development
1574148123.1079998,2518,425,None,Move,development
1574148123.188,2518,425,None,Move,development
1574148123.2,2517,425,None,Move,development
1574148123.208,2516,427,None,Move,development
1574148123.216,2515,429,None,Move,development
1574148123.225,2513,430,None,Move,development
1574148123.232,2512,432,None,Move,development
1574148123.24,2511,433,None,Move,development
1574148123.248,2509,435,None,Move,development
1574148123.256,2508,436,None,Move,development
1574148123.262,2506,437,None,Move,development
1574148123.27,2505,439,None,Move,development
1574148123.278,2504,440,None,Move,development
1574148123.2870002,2502,442,None,Move,development
1574148123.294,2501,443,None,Move,development
1574148123.302,2501,444,None,Move,development
1574148123.31,2499,446,None,Move,development
1574148123.3179998,2499,448,None,Move,development
1574148123.326,2498,449,None,Move,development
1574148123.332,2496,451,None,Move,development
1574148123.34,2496,452,None,Move,development
1574148123.3479998,2495,454,None,Move,development
1574148123.357,2495,454,None,Move,development
1574148123.3639998,2495,455,None,Move,development
1574148123.57,2495,455,None,Move,development
1574148123.8279998,2495,455,None,Move,development
1574148123.834,2493,455,None,Move,development
1574148123.8820002,2492,456,None,Move,development
1574148123.894,2491,457,None,Move,development
1574148123.9020002,2489,460,None,Move,development
1574148123.908,2488,463,None,Move,development
1574148123.916,2486,464,None,Move,development
1574148123.924,2484,466,None,Move,development
1574148123.9320002,2483,467,None,Move,development
1574148123.94,2481,468,None,Move,development
1574148123.948,2480,470,None,Move,development
1574148123.956,2478,471,None,Move,development
1574148123.964,2477,473,None,Move,development
1574148123.972,2476,474,None,Move,development
1574148123.978,2475,475,None,Move,development
1574148123.986,2473,477,None,Move,development
1574148123.994,2472,478,None,Move,development
1574148124.002,2471,479,None,Move,development
1574148124.01,2469,480,None,Move,development
1574148124.018,2469,480,None,Move,development
1574148124.026,2468,480,None,Move,development
1574148124.034,2468,481,None,Move,development
1574148124.042,2467,481,None,Move,development
1574148124.048,2467,481,None,Move,development
1574148124.056,2466,481,None,Move,development
1574148124.076,2466,482,None,Move,development
1574148124.0879998,2465,482,None,Move,development
1574148124.096,2464,483,None,Move,development
1574148124.104,2463,485,None,Move,development
1574148124.1120002,2460,486,None,Move,development
1574148124.1179998,2458,488,None,Move,development
1574148124.1260002,2457,489,None,Move,development
1574148124.1339998,2455,490,None,Move,development
1574148124.1420002,2455,490,None,Move,development
1574148124.27,2455,490,None,Move,development
1574148124.278,2455,487,None,Move,development
1574148124.286,2454,483,None,Move,development
1574148124.294,2454,481,None,Move,development
1574148124.302,2454,478,None,Move,development
1574148124.31,2454,475,None,Move,development
1574148124.3179998,2454,472,None,Move,development
1574148124.326,2454,470,None,Move,development
1574148124.332,2454,468,None,Move,development
1574148124.34,2454,466,None,Move,development
1574148124.3479998,2454,465,None,Move,development
1574148124.356,2454,463,None,Move,development
1574148124.365,2454,462,None,Move,development
1574148124.3720002,2452,461,None,Move,development
1574148124.38,2451,459,None,Move,development
1574148124.3879998,2449,457,None,Move,development
1574148124.396,2448,454,None,Move,development
1574148124.4020002,2446,450,None,Move,development
1574148124.41,2445,447,None,Move,development
1574148124.418,2443,445,None,Move,development
1574148124.426,2442,442,None,Move,development
1574148124.434,2440,440,None,Move,development
1574148124.4420002,2439,439,None,Move,development
1574148124.45,2436,437,None,Move,development
1574148124.458,2433,436,None,Move,development
1574148124.466,2429,433,None,Move,development
1574148124.472,2423,430,None,Move,development
1574148124.48,2418,424,None,Move,development
1574148124.488,2411,419,None,Move,development
1574148124.496,2408,415,None,Move,development
1574148124.504,2404,410,None,Move,development
1574148124.512,2403,409,None,Move,development
1574148124.52,2401,407,None,Move,development
1574148124.528,2400,405,None,Move,development
1574148124.536,2399,404,None,Move,development
1574148124.542,2398,402,None,Move,development
1574148124.55,2398,400,None,Move,development
1574148124.5579998,2398,396,None,Move,development
1574148124.566,2398,393,None,Move,development
1574148124.574,2398,390,None,Move,development
1574148124.582,2399,388,None,Move,development
1574148124.59,2399,387,None,Move,development
1574148124.5979998,2400,385,None,Move,development
1574148124.606,2401,384,None,Move,development
1574148124.738,2400,384,None,Move,development
1574148124.746,2400,385,None,Move,development
1574148124.754,2400,386,None,Move,development
1574148124.76,2400,388,None,Move,development
1574148124.768,2400,389,None,Move,development
1574148124.776,2400,390,None,Move,development
1574148124.784,2401,392,None,Move,development
1574148124.792,2402,393,None,Move,development
1574148124.8,2404,394,None,Move,development
1574148124.8079998,2406,396,None,Move,development
1574148124.816,2408,397,None,Move,development
1574148124.822,2411,397,None,Move,development
1574148124.83,2414,398,None,Move,development
1574148124.8379998,2418,398,None,Move,development
1574148124.846,2422,398,None,Move,development
1574148124.854,2427,398,None,Move,development
1574148124.8620002,2433,396,None,Move,development
1574148124.87,2440,394,None,Move,development
1574148124.8779998,2448,392,None,Move,development
1574148124.8860002,2456,388,None,Move,development
1574148124.8920002,2467,383,None,Move,development
1574148124.9,2481,378,None,Move,development
1574148124.908,2494,375,None,Move,development
1574148124.916,2506,370,None,Move,development
1574148124.924,2517,368,None,Move,development
1574148124.9320002,2525,366,None,Move,development
1574148124.94,2533,364,None,Move,development
1574148124.948,2540,362,None,Move,development
1574148124.957,2547,361,None,Move,development
1574148124.965,2553,360,None,Move,development
1574148124.97,2559,358,None,Move,development
1574148124.978,2564,356,None,Move,development
1574148124.986,2570,354,None,Move,development
1574148124.994,2577,351,None,Move,development
1574148125.002,2584,348,None,Move,development
1574148125.01,2593,343,None,Move,development
1574148125.018,2604,336,None,Move,development
1574148125.026,2617,329,None,Move,development
1574148125.034,2635,321,None,Move,development
1574148125.04,2650,313,None,Move,development
1574148125.048,2670,306,None,Move,development
1574148125.056,2684,300,None,Move,development
1574148125.064,2697,294,None,Move,development
1574148125.072,2705,289,None,Move,development
1574148125.08,2711,284,None,Move,development
1574148125.0879998,2717,278,None,Move,development
1574148125.096,2723,272,None,Move,development
1574148125.104,2728,265,None,Move,development
1574148125.11,2734,260,None,Move,development
1574148125.1179998,2740,255,None,Move,development
1574148125.1260002,2746,250,None,Move,development
1574148125.1339998,2754,246,None,Move,development
1574148125.1420002,2761,243,None,Move,development
1574148125.15,2768,240,None,Move,development
1574148125.158,2774,238,None,Move,development
1574148125.166,2779,236,None,Move,development
1574148125.174,2786,235,None,Move,development
1574148125.18,2792,234,None,Move,development
1574148125.188,2799,232,None,Move,development
1574148125.197,2806,230,None,Move,development
1574148125.205,2815,229,None,Move,development
1574148125.212,2826,227,None,Move,development
1574148125.22,2838,225,None,Move,development
1574148125.228,2852,224,None,Move,development
1574148125.2370002,2865,222,None,Move,development
1574148125.245,2878,221,None,Move,development
1574148125.25,2892,219,None,Move,development
1574148125.258,2901,217,None,Move,development
1574148125.266,2909,216,None,Move,development
1574148125.274,2914,216,None,Move,development
1574148125.282,2914,216,None,Move,development
1574148125.344,2914,216,None,Move,development
1574148125.3520002,2914,217,None,Move,development
1574148125.36,2913,218,None,Move,development
1574148125.3679998,2913,219,None,Move,development
1574148125.3760002,2912,222,None,Move,development
1574148125.3839998,2910,225,None,Move,development
1574148125.39,2908,229,None,Move,development
1574148125.3979998,2905,235,None,Move,development
1574148125.406,2900,241,None,Move,development
1574148125.414,2894,248,None,Move,development
1574148125.4220002,2887,254,None,Move,development
1574148125.43,2881,258,None,Move,development
1574148125.438,2875,262,None,Move,development
1574148125.446,2869,265,None,Move,development
1574148125.454,2863,268,None,Move,development
1574148125.46,2857,270,None,Move,development
1574148125.468,2851,272,None,Move,development
1574148125.476,2847,274,None,Move,development
1574148125.484,2844,274,None,Move,development
1574148125.492,2842,275,None,Move,development
1574148125.5,2841,275,None,Move,development
1574148125.522,2840,276,None,Move,development
1574148125.53,2838,276,None,Move,development
1574148125.64,2837,276,None,Move,development
1574148125.649,2837,276,None,Move,development
1574148125.657,2837,274,None,Move,development
1574148125.665,2836,273,None,Move,development
1574148125.67,2835,272,None,Move,development
1574148125.679,2835,272,None,Move,development
1574148125.687,2834,271,None,Move,development
1574148125.695,2832,270,None,Move,development
1574148125.702,2831,270,None,Move,development
1574148125.71,2829,269,None,Move,development
1574148125.718,2829,269,None,Move,development
1574148125.7270002,2828,269,None,Move,development
1574148125.735,2828,269,None,Move,development
1574148125.843,2827,269,None,Move,development
1574148125.857,2827,269,None,Move,development
1574148125.952,2827,268,None,Move,development
1574148125.958,2827,268,None,Move,development
1574148125.967,2827,267,None,Move,development
1574148125.974,2827,265,None,Move,development
1574148125.982,2827,264,None,Move,development
1574148125.99,2828,263,None,Move,development
1574148125.998,2828,261,None,Move,development
1574148126.0070002,2828,260,None,Move,development
1574148126.014,2828,259,None,Move,development
1574148126.115,2828,259,Left,Pressed,development
1574148126.212,2828,259,Left,Released,development
1574148127.17,2825,260,None,Move,development
1574148127.175,2798,282,None,Move,development
1574148127.185,2762,308,None,Move,development
1574148127.1920002,2739,319,None,Move,development
1574148127.2,2724,320,None,Move,development
1574148127.208,2708,320,None,Move,development
1574148127.217,2690,319,None,Move,development
1574148127.224,2675,316,None,Move,development
1574148127.232,2662,315,None,Move,development
1574148127.24,2648,314,None,Move,development
1574148127.246,2638,312,None,Move,development
1574148127.255,2628,310,None,Move,development
1574148127.262,2620,310,None,Move,development
1574148127.27,2613,310,None,Move,development
1574148127.278,2606,310,None,Move,development
1574148127.286,2601,311,None,Move,development
1574148127.295,2595,312,None,Move,development
1574148127.303,2589,313,None,Move,development
1574148127.31,2584,315,None,Move,development
1574148127.3170002,2578,317,None,Move,development
1574148127.325,2572,320,None,Move,development
1574148127.332,2566,322,None,Move,development
1574148127.34,2560,324,None,Move,development
1574148127.3479998,2555,324,None,Move,development
1574148127.357,2552,324,None,Move,development
1574148127.365,2551,324,None,Move,development
1574148127.3720002,2549,324,None,Move,development
1574148127.38,2549,324,None,Move,development
1574148127.387,2548,324,None,Move,development
1574148127.395,2547,324,None,Move,development
1574148127.4020002,2546,325,None,Move,development
1574148127.41,2543,326,None,Move,development
1574148127.418,2539,329,None,Move,development
1574148127.427,2532,333,None,Move,development
1574148127.434,2523,338,None,Move,development
1574148127.4420002,2515,344,None,Move,development
1574148127.45,2508,347,None,Move,development
1574148127.456,2503,349,None,Move,development
1574148127.464,2502,350,None,Move,development
1574148127.538,2500,350,None,Move,development
1574148127.546,2497,350,None,Move,development
1574148127.554,2491,348,None,Move,development
1574148127.562,2487,347,None,Move,development
1574148127.57,2481,345,None,Move,development
1574148127.5779998,2476,344,None,Move,development
1574148127.586,2471,343,None,Move,development
1574148127.594,2466,343,None,Move,development
1574148127.6,2463,343,None,Move,development
1574148127.609,2461,343,None,Move,development
1574148127.6160002,2459,343,None,Move,development
1574148127.6239998,2458,343,None,Move,development
1574148127.6320002,2458,343,None,Move,development
1574148127.64,2458,344,None,Move,development
1574148127.6479998,2458,346,None,Move,development
1574148127.656,2458,348,None,Move,development
1574148127.664,2459,350,None,Move,development
1574148127.67,2459,352,None,Move,development
1574148127.678,2459,352,None,Move,development
1574148127.686,2459,353,None,Move,development
1574148127.73,2460,353,None,Move,development
1574148127.74,2460,351,None,Move,development
1574148127.748,2461,350,None,Move,development
1574148127.756,2461,349,None,Move,development
1574148127.764,2462,347,None,Move,development
1574148127.776,2462,347,None,Move,development
1574148127.916,2462,346,None,Move,development
1574148127.925,2456,343,None,Move,development
1574148127.9320002,2453,342,None,Move,development
1574148127.94,2451,340,None,Move,development
1574148127.948,2449,339,None,Move,development
1574148127.954,2449,337,None,Move,development
1574148127.962,2448,337,None,Move,development
1574148128.028,2447,336,None,Move,development
1574148128.04,2447,336,None,Move,development
1574148128.048,2443,336,None,Move,development
1574148128.056,2441,336,None,Move,development
1574148128.065,2440,336,None,Move,development
1574148128.072,2439,336,None,Move,development
1574148128.08,2438,336,None,Move,development
1574148128.092,2438,336,None,Move,development
1574148128.45,2437,336,None,Move,development
1574148128.456,2435,334,None,Move,development
1574148128.465,2433,333,None,Move,development
1574148128.472,2432,333,None,Move,development
1574148128.48,2430,332,None,Move,development
1574148128.488,2430,332,None,Move,development
1574148128.4970002,2428,332,None,Move,development
1574148128.505,2427,331,None,Move,development
1574148128.512,2426,331,None,Move,development
1574148128.52,2426,330,None,Move,development
1574148128.562,2424,330,None,Move,development
1574148128.57,2419,328,None,Move,development
1574148128.5779998,2413,326,None,Move,development
1574148128.587,2408,324,None,Move,development
1574148128.595,2402,322,None,Move,development
1574148128.6,2396,320,None,Move,development
1574148128.609,2390,318,None,Move,development
1574148128.6160002,2386,316,None,Move,development
1574148128.6239998,2383,315,None,Move,development
1574148128.6320002,2381,314,None,Move,development
1574148128.64,2380,313,None,Move,development
1574148128.6479998,2379,313,None,Move,development
1574148128.74,2379,313,None,Move,development
1574148128.752,2378,313,None,Move,development
1574148128.76,2376,312,None,Move,development
1574148128.768,2375,311,None,Move,development
1574148128.776,2374,311,None,Move,development
1574148128.784,2374,311,None,Move,development
1574148128.792,2374,310,None,Move,development
1574148130.83,2374,310,None,Move,development
1574148130.8379998,2386,310,None,Move,development
1574148130.847,2403,309,None,Move,development
1574148130.854,2426,306,None,Move,development
1574148130.863,2449,302,None,Move,development
1574148130.87,2476,297,None,Move,development
1574148130.8779998,2501,294,None,Move,development
1574148130.887,2530,291,None,Move,development
1574148130.8920002,2553,286,None,Move,development
1574148130.9,2577,282,None,Move,development
1574148130.908,2598,279,None,Move,development
1574148130.917,2612,279,None,Move,development
1574148130.925,2629,279,None,Move,development
1574148130.9320002,2642,279,None,Move,development
1574148130.94,2653,278,None,Move,development
1574148130.948,2662,277,None,Move,development
1574148130.957,2672,276,None,Move,development
1574148130.962,2681,276,None,Move,development
1574148130.97,2689,276,None,Move,development
1574148130.978,2694,276,None,Move,development
1574148130.9870002,2698,277,None,Move,development
1574148130.994,2699,278,None,Move,development
1574148131.0029998,2700,279,None,Move,development
1574148131.01,2700,279,None,Move,development
1574148131.018,2700,280,None,Move,development
1574148131.026,2700,281,None,Move,development
1574148131.032,2700,282,None,Move,development
1574148131.044,2700,282,None,Move,development
1574148131.051,2701,283,None,Move,development
1574148131.06,2702,284,None,Move,development
1574148131.0679998,2704,285,None,Move,development
1574148131.077,2709,287,None,Move,development
1574148131.085,2716,289,None,Move,development
1574148131.091,2725,290,None,Move,development
1574148131.1,2734,292,None,Move,development
1574148131.107,2742,294,None,Move,development
1574148131.1139998,2750,296,None,Move,development
1574148131.123,2759,298,None,Move,development
1574148131.13,2767,299,None,Move,development
1574148131.1379998,2775,300,None,Move,development
1574148131.147,2782,300,None,Move,development
1574148131.154,2788,300,None,Move,development
1574148131.1620002,2795,299,None,Move,development
1574148131.17,2801,297,None,Move,development
1574148131.177,2803,296,None,Move,development
1574148131.185,2805,296,None,Move,development
1574148131.191,2806,296,None,Move,development
1574148131.2,2807,295,None,Move,development
1574148131.208,2810,294,None,Move,development
1574148131.217,2815,293,None,Move,development
1574148131.225,2822,291,None,Move,development
1574148131.232,2829,290,None,Move,development
1574148131.24,2841,287,None,Move,development
1574148131.248,2854,285,None,Move,development
1574148131.255,2871,283,None,Move,development
1574148131.262,2894,281,None,Move,development
1574148131.27,2914,279,None,Move,development
1574148131.278,2932,276,None,Move,development
1574148131.2870002,2944,276,None,Move,development
1574148131.295,2951,275,None,Move,development
1574148131.303,2955,275,None,Move,development
1574148131.31,2956,275,None,Move,development
1574148131.427,2958,275,None,Move,development
1574148131.435,2958,275,None,Move,development
1574148131.4420002,2960,275,None,Move,development
1574148131.45,2961,275,None,Move,development
1574148131.456,2962,276,None,Move,development
1574148131.465,2965,276,None,Move,development
1574148131.472,2967,276,None,Move,development
1574148131.48,2970,277,None,Move,development
1574148131.488,2972,278,None,Move,development
1574148131.4970002,2973,278,None,Move,development
1574148131.665,2974,278,None,Move,development
1574148131.67,2976,278,None,Move,development
1574148131.678,2981,277,None,Move,development
1574148131.687,2983,276,None,Move,development
1574148131.695,2984,276,None,Move,development
1574148131.7029998,2985,276,None,Move,development
1574148131.71,2987,276,None,Move,development
1574148131.718,2987,275,None,Move,development
1574148131.83,2988,275,None,Move,development
1574148131.842,2989,275,None,Move,development
1574148131.85,2989,275,None,Move,development
1574148131.8579998,2990,276,None,Move,development
1574148131.8660002,2991,276,None,Move,development
1574148131.8739998,2992,276,None,Move,development
1574148131.8820002,2993,276,None,Move,development
1574148131.8879998,2995,277,None,Move,development
1574148131.896,2996,277,None,Move,development
1574148131.998,2998,278,None,Move,development
1574148132.01,2998,278,None,Move,development
1574148132.0170002,2999,278,None,Move,development
1574148132.024,3000,279,None,Move,development
1574148132.032,3000,280,None,Move,development
1574148132.106,3002,280,None,Move,development
1574148132.117,3002,281,None,Move,development
1574148132.1260002,3003,281,None,Move,development
1574148132.1339998,3003,281,None,Move,development
1574148132.1420002,3004,281,None,Move,development
1574148132.15,3005,281,None,Move,development
1574148132.158,3005,282,None,Move,development
1574148132.166,3006,283,None,Move,development
1574148132.1720002,3008,283,None,Move,development
1574148132.18,3009,283,None,Move,development
1574148132.188,3010,284,None,Move,development
1574148132.196,3011,284,None,Move,development
1574148132.205,3011,284,None,Move,development
1574148132.365,3011,284,None,Move,development
1574148132.427,3011,284,None,Move,development
1574148132.434,3010,284,None,Move,development
1574148132.4420002,3009,282,None,Move,development
1574148132.45,3008,282,None,Move,development
1574148132.458,3008,282,None,Move,development
1574148132.464,3008,281,None,Move,development
1574148132.472,3007,281,None,Move,development
1574148132.48,3007,280,None,Move,development
1574148132.488,3007,280,None,Move,development
1574148132.496,3007,280,None,Move,development
1574148132.508,3007,279,None,Move,development
1574148132.67,3007,279,Left,Pressed,development
1574148132.792,3007,279,Left,Released,development
1574148132.8170002,3007,279,None,Move,development
1574148132.8279998,3007,279,None,Move,development
1574148132.834,3007,281,None,Move,development
1574148132.843,3009,283,None,Move,development
1574148132.85,3010,287,None,Move,development
1574148132.8579998,3012,289,None,Move,development
1574148132.8660002,3013,291,None,Move,development
1574148132.8739998,3015,292,None,Move,development
1574148132.8820002,3016,294,None,Move,development
1574148132.89,3018,295,None,Move,development
1574148132.8979998,3019,297,None,Move,development
1574148132.904,3020,297,None,Move,development
1574148132.9120002,3020,299,None,Move,development
1574148132.92,3020,300,None,Move,development
1574148132.928,3021,301,None,Move,development
1574148132.937,3022,302,None,Move,development
1574148132.945,3022,302,None,Move,development
1574148132.952,3022,303,None,Move,development
1574148144.822,3023,303,None,Move,development
1574148144.83,3033,302,None,Move,development
1574148144.8379998,3048,300,None,Move,development
1574148144.846,3069,296,None,Move,development
1574148144.8520002,3094,286,None,Move,development
1574148144.86,3125,272,None,Move,development
1574148144.8679998,3160,254,None,Move,development
1574148144.8760002,3183,242,None,Move,development
1574148144.8839998,3199,234,None,Move,development
1574148144.8920002,3211,230,None,Move,development
1574148144.9,3215,227,None,Move,development
1574148144.908,3218,225,None,Move,development
1574148145.029,3218,225,None,Move,development
1574148145.036,3222,222,None,Move,development
1574148145.044,3226,221,None,Move,development
1574148145.052,3227,219,None,Move,development
1574148145.06,3228,219,None,Move,development
1574148145.066,3228,219,None,Move,development
1574148145.074,3225,220,None,Move,development
1574148145.082,3220,222,None,Move,development
1574148145.09,3214,224,None,Move,development
1574148145.0979998,3211,225,None,Move,development
1574148145.106,3209,226,None,Move,development
1574148145.18,3209,226,None,Move,development
1574148145.1920002,3208,226,None,Move,development
1574148145.2,3207,226,None,Move,development
1574148145.207,3206,226,None,Move,development
1574148145.226,3206,226,None,Move,development
1574148145.234,3205,227,None,Move,development
1574148145.242,3205,228,None,Move,development
1574148145.312,3203,230,None,Move,development
1574148145.32,3199,233,None,Move,development
1574148145.3279998,3195,236,None,Move,development
1574148145.336,3191,241,None,Move,development
1574148145.344,3184,246,None,Move,development
1574148145.35,3178,251,None,Move,development
1574148145.369,3164,265,None,Move,development
1574148145.3760002,3157,271,None,Move,development
1574148145.3820002,3148,279,None,Move,development
1574148145.39,3141,288,None,Move,development
1574148145.3979998,3134,296,None,Move,development
1574148145.407,3125,304,None,Move,development
1574148145.414,3115,312,None,Move,development
1574148145.42,3104,321,None,Move,development
1574148145.428,3095,330,None,Move,development
1574148145.436,3086,336,None,Move,development
1574148145.444,3080,341,None,Move,development
1574148145.452,3078,343,None,Move,development
1574148145.46,3077,343,None,Move,development
1574148145.529,3077,343,None,Move,development
1574148145.5679998,3077,343,None,Move,development
1574148145.576,3078,341,None,Move,development
1574148145.584,3080,339,None,Move,development
1574148145.592,3081,337,None,Move,development
1574148145.6,3083,335,None,Move,development
1574148145.6079998,3084,333,None,Move,development
1574148145.6160002,3085,333,None,Move,development
1574148145.6239998,3085,332,None,Move,development
1574148145.6379998,3085,331,None,Move,development
1574148145.646,3086,331,None,Move,development
1574148145.7,3086,331,Left,Pressed,development
1574148145.798,3086,331,Left,Released,development
1574148146.094,3087,329,None,Move,development
1574148146.1020002,3089,320,None,Move,development
1574148146.11,3092,315,None,Move,development
1574148146.1179998,3094,311,None,Move,development
1574148146.125,3094,310,None,Move,development
1574148146.1320002,3095,309,None,Move,development
1574148146.14,3095,308,None,Move,development
1574148146.1479998,3095,307,None,Move,development
1574148146.157,3095,304,None,Move,development
1574148146.165,3094,300,None,Move,development
1574148146.1720002,3092,294,None,Move,development
1574148146.18,3090,287,None,Move,development
1574148146.188,3088,281,None,Move,development
1574148146.196,3087,275,None,Move,development
1574148146.202,3086,272,None,Move,development
1574148146.211,3085,270,None,Move,development
1574148146.218,3084,268,None,Move,development
1574148146.226,3084,266,None,Move,development
1574148146.234,3082,265,None,Move,development
1574148146.242,3081,264,None,Move,development
1574148146.25,3079,262,None,Move,development
1574148146.258,3078,261,None,Move,development
1574148146.266,3076,259,None,Move,development
1574148146.272,3076,259,None,Move,development
1574148146.28,3075,259,None,Move,development
1574148146.3820002,3075,260,None,Move,development
1574148146.39,3075,261,None,Move,development
1574148146.3979998,3075,262,None,Move,development
1574148146.404,3075,264,None,Move,development
1574148146.4120002,3074,265,None,Move,development
1574148146.42,3073,266,None,Move,development
1574148146.428,3072,268,None,Move,development
1574148146.436,3071,268,None,Move,development
1574148146.444,3071,269,None,Move,development
1574148146.456,3071,269,None,Move,development
1574148146.498,3070,270,None,Move,development
1574148146.51,3070,271,None,Move,development
1574148146.518,3067,272,None,Move,development
1574148146.526,3062,274,None,Move,development
1574148146.534,3058,276,None,Move,development
1574148146.542,3052,277,None,Move,development
1574148146.55,3047,277,None,Move,development
1574148146.556,3040,277,None,Move,development
1574148146.564,3032,276,None,Move,development
1574148146.572,3018,274,None,Move,development
1574148146.58,3001,272,None,Move,development
1574148146.5879998,2976,269,None,Move,development
1574148146.596,2942,265,None,Move,development
1574148146.604,2903,262,None,Move,development
1574148146.6120002,2856,256,None,Move,development
1574148146.62,2806,250,None,Move,development
1574148146.6260002,2757,247,None,Move,development
1574148146.6339998,2711,237,None,Move,development
1574148146.6420002,2674,228,None,Move,development
1574148146.65,2645,225,None,Move,development
1574148146.658,2627,223,None,Move,development
1574148146.666,2614,220,None,Move,development
1574148146.674,2605,220,None,Move,development
1574148146.6820002,2598,220,None,Move,development
1574148146.688,2592,220,None,Move,development
1574148146.696,2587,220,None,Move,development
1574148146.704,2581,221,None,Move,development
1574148146.712,2574,223,None,Move,development
1574148146.72,2569,224,None,Move,development
1574148146.728,2564,225,None,Move,development
1574148146.7370002,2560,226,None,Move,development
1574148146.745,2559,227,None,Move,development
1574148146.752,2557,227,None,Move,development
1574148146.758,2557,227,None,Move,development
1574148146.789,2556,227,None,Move,development
1574148146.798,2554,228,None,Move,development
1574148146.8070002,2549,230,None,Move,development
1574148146.815,2543,232,None,Move,development
1574148146.823,2542,232,None,Move,development
1574148146.829,2542,233,None,Move,development
1574148146.895,2541,233,None,Move,development
1574148146.903,2539,232,None,Move,development
1574148146.909,2538,232,None,Move,development
1574148146.917,2537,232,None,Move,development
1574148146.925,2535,232,None,Move,development
1574148146.9329998,2534,230,None,Move,development
1574148146.941,2532,229,None,Move,development
1574148146.949,2531,228,None,Move,development
1574148146.957,2530,226,None,Move,development
1574148146.965,2529,226,None,Move,development
1574148146.9729998,2528,224,None,Move,development
1574148146.979,2526,223,None,Move,development
1574148146.9870002,2525,222,None,Move,development
1574148146.995,2524,221,None,Move,development
1574148147.0029998,2522,221,None,Move,development
1574148147.0110002,2522,220,None,Move,development
1574148147.019,2520,220,None,Move,development
1574148147.028,2520,220,None,Move,development
1574148147.035,2519,220,None,Move,development
1574148147.043,2517,219,None,Move,development
1574148147.049,2517,219,None,Move,development
1574148147.0570002,2515,218,None,Move,development
1574148147.065,2514,218,None,Move,development
1574148147.073,2513,218,None,Move,development
1574148147.081,2511,218,None,Move,development
1574148147.09,2510,217,None,Move,development
1574148147.0979998,2509,216,None,Move,development
1574148147.107,2507,216,None,Move,development
1574148147.115,2506,215,None,Move,development
1574148147.12,2505,214,None,Move,development
1574148147.1279998,2503,214,None,Move,development
1574148147.135,2502,212,None,Move,development
1574148147.144,2501,211,None,Move,development
1574148147.151,2500,211,None,Move,development
1574148147.16,2500,211,None,Move,development
1574148147.2729998,2498,210,None,Move,development
1574148147.283,2497,210,None,Move,development
1574148147.294,2496,210,None,Move,development
1574148147.299,2495,210,None,Move,development
1574148147.304,2493,210,None,Move,development
1574148147.311,2491,210,None,Move,development
1574148147.32,2489,210,None,Move,development
1574148147.3279998,2488,210,None,Move,development
1574148147.334,2487,210,None,Move,development
1574148147.342,2486,210,None,Move,development
1574148147.459,2486,209,None,Move,development
1574148147.591,2486,208,None,Move,development
1574148147.599,2486,207,None,Move,development
1574148147.8520002,2484,207,None,Move,development
1574148147.86,2484,207,None,Move,development
1574148148.0470002,2483,207,None,Move,development
1574148148.063,2483,207,None,Move,development
1574148148.25,2483,207,Left,Pressed,development
1574148148.3579998,2483,207,Left,Released,development
1574148152.07,2483,207,None,Move,development
1574148152.0779998,2483,213,None,Move,development
1574148152.086,2483,221,None,Move,development
1574148152.094,2483,229,None,Move,development
1574148152.1,2483,240,None,Move,development
1574148152.1079998,2484,253,None,Move,development
1574148152.1160002,2486,268,None,Move,development
1574148152.1239998,2488,282,None,Move,development
1574148152.1320002,2491,294,None,Move,development
1574148152.14,2493,306,None,Move,development
1574148152.1479998,2495,315,None,Move,development
1574148152.156,2497,324,None,Move,development
1574148152.164,2499,333,None,Move,development
1574148152.17,2501,342,None,Move,development
1574148152.178,2501,348,None,Move,development
1574148152.186,2501,356,None,Move,development
1574148152.194,2501,364,None,Move,development
1574148152.202,2501,372,None,Move,development
1574148152.21,2502,380,None,Move,development
1574148152.218,2502,388,None,Move,development
1574148152.226,2502,395,None,Move,development
1574148152.234,2503,401,None,Move,development
1574148152.24,2503,406,None,Move,development
1574148152.248,2503,412,None,Move,development
1574148152.256,2503,415,None,Move,development
1574148152.264,2503,417,None,Move,development
1574148152.272,2503,419,None,Move,development
1574148152.28,2503,421,None,Move,development
1574148152.288,2503,422,None,Move,development
1574148152.296,2503,423,None,Move,development
1574148152.304,2503,424,None,Move,development
1574148152.31,2503,425,None,Move,development
1574148152.3179998,2503,425,None,Move,development
1574148152.326,2503,427,None,Move,development
1574148152.334,2503,427,None,Move,development
1574148152.342,2503,428,None,Move,development
1574148152.35,2503,429,None,Move,development
1574148152.3579998,2503,430,None,Move,development
1574148152.3660002,2503,431,None,Move,development
1574148152.3739998,2503,433,None,Move,development
1574148152.38,2503,434,None,Move,development
1574148152.3879998,2503,435,None,Move,development
1574148152.396,2505,437,None,Move,development
1574148152.404,2506,438,None,Move,development
1574148152.4120002,2509,439,None,Move,development
1574148152.42,2515,439,None,Move,development
1574148152.428,2519,439,None,Move,development
1574148152.436,2523,440,None,Move,development
1574148152.444,2529,441,None,Move,development
1574148152.45,2533,444,None,Move,development
1574148152.458,2534,446,None,Move,development
1574148152.94,2534,446,None,Move,development
1574148153.0879998,2534,446,None,Move,development
1574148153.096,2534,445,None,Move,development
1574148153.104,2534,445,None,Move,development
1574148153.1120002,2533,445,None,Move,development
1574148153.12,2531,445,None,Move,development
1574148153.1279998,2530,445,None,Move,development
1574148153.1360002,2529,445,None,Move,development
1574148153.144,2527,445,None,Move,development
1574148153.174,2527,445,None,Move,development
1574148153.1820002,2528,445,None,Move,development
1574148153.19,2529,445,None,Move,development
1574148153.198,2529,445,None,Move,development
1574148153.206,2529,445,None,Move,development
1574148153.214,2529,447,None,Move,development
1574148153.222,2529,448,None,Move,development
1574148153.228,2529,449,None,Move,development
1574148153.236,2527,451,None,Move,development
1574148153.245,2526,456,None,Move,development
1574148153.252,2523,460,None,Move,development
1574148153.26,2521,466,None,Move,development
1574148153.268,2519,472,None,Move,development
1574148153.276,2517,479,None,Move,development
1574148153.284,2516,485,None,Move,development
1574148153.292,2516,493,None,Move,development
1574148153.298,2516,501,None,Move,development
1574148153.306,2517,509,None,Move,development
1574148153.314,2519,517,None,Move,development
1574148153.322,2521,524,None,Move,development
1574148153.33,2523,531,None,Move,development
1574148153.3379998,2525,537,None,Move,development
1574148153.346,2527,543,None,Move,development
1574148153.354,2530,549,None,Move,development
1574148153.3620002,2534,556,None,Move,development
1574148153.3679998,2539,562,None,Move,development
1574148153.377,2544,568,None,Move,development
1574148153.385,2550,574,None,Move,development
1574148153.3920002,2555,580,None,Move,development
1574148153.4,2561,584,None,Move,development
1574148153.408,2567,587,None,Move,development
1574148153.416,2573,590,None,Move,development
1574148153.425,2578,592,None,Move,development
1574148153.4320002,2584,595,None,Move,development
1574148153.438,2590,597,None,Move,development
1574148153.447,2594,599,None,Move,development
1574148153.454,2597,600,None,Move,development
1574148153.462,2599,602,None,Move,development
1574148153.47,2600,603,None,Move,development
1574148153.478,2603,605,None,Move,development
1574148153.4889998,2604,606,None,Move,development
1574148153.494,2606,608,None,Move,development
1574148153.502,2609,610,None,Move,development
1574148153.508,2610,612,None,Move,development
1574148153.5170002,2612,615,None,Move,development
1574148153.524,2613,619,None,Move,development
1574148153.532,2615,621,None,Move,development
1574148153.54,2616,623,None,Move,development
1574148153.548,2618,625,None,Move,development
1574148153.556,2619,626,None,Move,development
1574148153.565,2620,627,None,Move,development
1574148153.572,2620,628,None,Move,development
1574148153.5779998,2621,629,None,Move,development
1574148153.595,2622,629,None,Move,development
1574148153.6020002,2622,630,None,Move,development
1574148153.61,2624,631,None,Move,development
1574148153.6179998,2625,633,None,Move,development
1574148153.627,2626,634,None,Move,development
1574148153.6339998,2628,636,None,Move,development
1574148153.643,2629,638,None,Move,development
1574148153.6479998,2631,639,None,Move,development
1574148153.656,2632,640,None,Move,development
1574148153.665,2633,641,None,Move,development
1574148153.6720002,2634,642,None,Move,development
1574148153.68,2635,643,None,Move,development
1574148153.688,2637,644,None,Move,development
1574148153.696,2638,645,None,Move,development
1574148153.704,2640,647,None,Move,development
1574148153.712,2642,647,None,Move,development
1574148153.718,2644,647,None,Move,development
1574148153.726,2645,645,None,Move,development
1574148153.734,2648,643,None,Move,development
1574148153.742,2649,642,None,Move,development
1574148153.75,2650,642,None,Move,development
1574148153.758,2651,643,None,Move,development
1574148154.3879998,2652,643,None,Move,development
1574148154.396,2652,643,None,Move,development
1574148154.404,2653,643,None,Move,development
1574148154.411,2653,643,None,Move,development
1574148154.536,2654,643,None,Move,development
1574148154.544,2656,642,None,Move,development
1574148154.552,2657,641,None,Move,development
1574148154.56,2660,641,None,Move,development
1574148154.571,2664,640,None,Move,development
1574148154.576,2666,638,None,Move,development
1574148154.582,2668,637,None,Move,development
1574148154.59,2669,636,None,Move,development
1574148154.5979998,2668,636,None,Move,development
1574148154.607,2668,637,None,Move,development
1574148154.6139998,2667,639,None,Move,development
1574148154.6220002,2666,640,None,Move,development
1574148154.63,2666,642,None,Move,development
1574148154.6379998,2666,643,None,Move,development
1574148154.644,2667,645,None,Move,development
1574148154.6520002,2668,646,None,Move,development
1574148154.66,2669,646,None,Move,development
1574148154.668,2671,648,None,Move,development
1574148154.676,2672,648,None,Move,development
1574148154.684,2674,650,None,Move,development
1574148154.6920002,2677,651,None,Move,development
1574148154.7,2682,651,None,Move,development
1574148154.708,2687,651,None,Move,development
1574148154.714,2694,650,None,Move,development
1574148154.722,2702,647,None,Move,development
1574148154.73,2711,645,None,Move,development
1574148154.738,2720,643,None,Move,development
1574148154.7470002,2728,642,None,Move,development
1574148154.754,2736,642,None,Move,development
1574148154.762,2745,642,None,Move,development
1574148154.77,2754,642,None,Move,development
1574148154.778,2763,643,None,Move,development
1574148154.784,2774,646,None,Move,development
1574148154.792,2784,647,None,Move,development
1574148154.8,2792,648,None,Move,development
1574148154.8079998,2800,648,None,Move,development
1574148154.816,2809,648,None,Move,development
1574148154.825,2819,646,None,Move,development
1574148154.832,2829,646,None,Move,development
1574148154.84,2840,646,None,Move,development
1574148154.8479998,2851,646,None,Move,development
1574148154.854,2860,646,None,Move,development
1574148154.863,2868,646,None,Move,development
1574148154.87,2877,645,None,Move,development
1574148154.8779998,2884,645,None,Move,development
1574148154.887,2891,645,None,Move,development
1574148154.894,2898,644,None,Move,development
1574148154.9020002,2905,644,None,Move,development
1574148154.91,2910,644,None,Move,development
1574148154.918,2916,642,None,Move,development
1574148154.925,2921,641,None,Move,development
1574148154.9320002,2927,640,None,Move,development
1574148154.94,2933,638,None,Move,development
1574148154.948,2938,637,None,Move,development
1574148154.957,2945,635,None,Move,development
1574148154.964,2953,633,None,Move,development
1574148154.972,2961,632,None,Move,development
1574148154.98,2968,631,None,Move,development
1574148154.988,2974,630,None,Move,development
1574148154.994,2981,629,None,Move,development
1574148155.002,2987,628,None,Move,development
1574148155.01,2993,627,None,Move,development
1574148155.018,2998,626,None,Move,development
1574148155.026,3004,626,None,Move,development
1574148155.034,3008,625,None,Move,development
1574148155.042,3012,624,None,Move,development
1574148155.05,3014,624,None,Move,development
1574148155.056,3016,624,None,Move,development
1574148155.064,3017,624,None,Move,development
1574148155.072,3018,624,None,Move,development
1574148155.08,3019,624,None,Move,development
1574148155.173,3019,624,None,Move,development
1574148155.185,3019,624,None,Move,development
1574148155.1929998,3018,626,None,Move,development
1574148155.202,3016,628,None,Move,development
1574148155.208,3013,629,None,Move,development
1574148155.216,3008,631,None,Move,development
1574148155.225,3001,633,None,Move,development
1574148155.232,2992,635,None,Move,development
1574148155.24,2981,636,None,Move,development
1574148155.248,2966,637,None,Move,development
1574148155.2570002,2952,638,None,Move,development
1574148155.264,2933,638,None,Move,development
1574148155.272,2915,636,None,Move,development
1574148155.278,2897,633,None,Move,development
1574148155.286,2878,633,None,Move,development
1574148155.294,2854,633,None,Move,development
1574148155.302,2828,634,None,Move,development
1574148155.31,2803,635,None,Move,development
1574148155.3179998,2776,635,None,Move,development
1574148155.326,2748,638,None,Move,development
1574148155.334,2723,638,None,Move,development
1574148155.342,2701,640,None,Move,development
1574148155.3479998,2677,638,None,Move,development
1574148155.356,2657,635,None,Move,development
1574148155.3639998,2638,631,None,Move,development
1574148155.3720002,2625,629,None,Move,development
1574148155.38,2614,628,None,Move,development
1574148155.3879998,2606,628,None,Move,development
1574148155.396,2599,628,None,Move,development
1574148155.405,2594,629,None,Move,development
1574148155.4120002,2588,631,None,Move,development
1574148155.418,2583,632,None,Move,development
1574148155.426,2580,634,None,Move,development
1574148155.434,2577,636,None,Move,development
1574148155.4420002,2575,637,None,Move,development
1574148155.45,2574,638,None,Move,development
1574148155.458,2572,639,None,Move,development
1574148155.466,2570,641,None,Move,development
1574148155.474,2568,642,None,Move,development
1574148155.482,2566,644,None,Move,development
1574148155.488,2563,645,None,Move,development
1574148155.496,2559,647,None,Move,development
1574148155.504,2555,649,None,Move,development
1574148155.512,2549,651,None,Move,development
1574148155.52,2543,653,None,Move,development
1574148155.528,2536,655,None,Move,development
1574148155.536,2529,657,None,Move,development
1574148155.544,2521,659,None,Move,development
1574148155.55,2514,661,None,Move,development
1574148155.5579998,2508,663,None,Move,development
1574148155.566,2502,665,None,Move,development
1574148155.574,2499,665,None,Move,development
1574148155.582,2497,665,None,Move,development
1574148155.59,2496,666,None,Move,development
1574148155.5979998,2494,667,None,Move,development
1574148155.606,2492,668,None,Move,development
1574148155.6139998,2489,670,None,Move,development
1574148155.6220002,2486,671,None,Move,development
1574148155.6279998,2481,673,None,Move,development
1574148155.6360002,2475,677,None,Move,development
1574148155.644,2469,680,None,Move,development
1574148155.6520002,2462,684,None,Move,development
1574148155.66,2455,688,None,Move,development
1574148155.668,2446,692,None,Move,development
1574148155.676,2441,693,None,Move,development
1574148155.684,2436,695,None,Move,development
1574148155.6920002,2433,695,None,Move,development
1574148155.698,2430,695,None,Move,development
1574148155.706,2429,695,None,Move,development
1574148155.714,2427,695,None,Move,development
1574148155.722,2425,695,None,Move,development
1574148155.73,2424,694,None,Move,development
1574148155.738,2423,694,None,Move,development
1574148155.8820002,2423,693,None,Move,development
1574148155.894,2423,693,None,Move,development
1574148155.9020002,2424,692,None,Move,development
1574148155.907,2424,691,None,Move,development
1574148155.916,2424,691,None,Move,development
1574148155.925,2425,690,None,Move,development
1574148155.931,2425,688,None,Move,development
1574148155.94,2426,688,None,Move,development
1574148155.948,2427,686,None,Move,development
1574148155.956,2429,685,None,Move,development
1574148155.964,2429,684,None,Move,development
1574148155.972,2431,684,None,Move,development
1574148155.978,2431,683,None,Move,development
1574148155.9870002,2432,683,None,Move,development
1574148155.994,2432,683,None,Move,development
1574148156.002,2433,682,None,Move,development
1574148156.072,2433,681,None,Move,development
1574148156.084,2434,681,None,Move,development
1574148156.092,2435,680,None,Move,development
1574148156.1139998,2435,680,None,Move,development
1574148156.188,2436,680,None,Move,development
1574148156.2,2436,679,None,Move,development
1574148156.208,2437,679,None,Move,development
1574148156.22,2437,679,None,Move,development
1574148156.3520002,2437,679,None,Move,development
1574148156.36,2437,679,None,Move,development
1574148156.3679998,2435,679,None,Move,development
1574148156.3760002,2434,679,None,Move,development
1574148156.385,2433,680,None,Move,development
1574148156.3920002,2431,680,None,Move,development
1574148156.3979998,2430,680,None,Move,development
1574148156.407,2428,680,None,Move,development
1574148156.414,2427,680,None,Move,development
1574148156.4220002,2424,680,None,Move,development
1574148156.43,2423,680,None,Move,development
1574148156.438,2422,680,None,Move,development
1574148156.446,2420,679,None,Move,development
1574148156.454,2418,679,None,Move,development
1574148156.462,2417,678,None,Move,development
1574148156.47,2416,678,None,Move,development
1574148156.476,2414,678,None,Move,development
1574148156.484,2414,678,None,Move,development
1574148156.492,2412,677,None,Move,development
1574148156.5,2412,677,None,Move,development
1574148156.508,2412,677,None,Move,development
1574148156.574,2412,675,None,Move,development
1574148156.582,2413,674,None,Move,development
1574148156.59,2414,673,None,Move,development
1574148156.5979998,2416,671,None,Move,development
1574148156.606,2417,670,None,Move,development
1574148156.6120002,2419,668,None,Move,development
1574148156.62,2421,667,None,Move,development
1574148156.6279998,2422,665,None,Move,development
1574148156.6360002,2424,664,None,Move,development
1574148156.645,2425,663,None,Move,development
1574148156.6520002,2426,663,None,Move,development
1574148156.659,2426,662,None,Move,development
1574148156.668,2427,661,None,Move,development
1574148156.676,2428,661,None,Move,development
1574148156.6820002,2429,661,None,Move,development
1574148156.69,2430,660,None,Move,development
1574148156.698,2431,659,None,Move,development
1574148156.707,2433,658,None,Move,development
1574148156.714,2437,656,None,Move,development
1574148156.722,2441,656,None,Move,development
1574148156.73,2447,654,None,Move,development
1574148156.738,2453,652,None,Move,development
1574148156.746,2458,651,None,Move,development
1574148156.755,2465,650,None,Move,development
1574148156.76,2471,649,None,Move,development
1574148156.768,2478,648,None,Move,development
1574148156.776,2483,648,None,Move,development
1574148156.785,2488,648,None,Move,development
1574148156.792,2495,648,None,Move,development
1574148156.8,2502,648,None,Move,development
1574148156.8079998,2507,648,None,Move,development
1574148156.816,2513,648,None,Move,development
1574148156.823,2518,648,None,Move,development
1574148156.83,2524,648,None,Move,development
1574148156.8379998,2529,648,None,Move,development
1574148156.847,2535,648,None,Move,development
1574148156.855,2540,648,None,Move,development
1574148156.8620002,2546,649,None,Move,development
1574148156.87,2551,649,None,Move,development
1574148156.8779998,2557,650,None,Move,development
1574148156.887,2562,651,None,Move,development
1574148156.895,2568,652,None,Move,development
1574148156.9,2573,653,None,Move,development
1574148156.908,2578,654,None,Move,development
1574148156.916,2584,655,None,Move,development
1574148156.925,2589,656,None,Move,development
1574148156.9320002,2594,657,None,Move,development
1574148156.94,2599,658,None,Move,development
1574148156.948,2605,658,None,Move,development
1574148156.956,2611,658,None,Move,development
1574148156.964,2618,658,None,Move,development
1574148156.97,2626,656,None,Move,development
1574148156.978,2635,654,None,Move,development
1574148156.9870002,2643,653,None,Move,development
1574148156.994,2650,653,None,Move,development
1574148157.002,2656,653,None,Move,development
1574148157.01,2665,653,None,Move,development
1574148157.018,2670,654,None,Move,development
1574148157.026,2676,655,None,Move,development
1574148157.034,2681,655,None,Move,development
1574148157.04,2687,655,None,Move,development
1574148157.048,2692,655,None,Move,development
1574148157.056,2696,655,None,Move,development
1574148157.064,2700,655,None,Move,development
1574148157.072,2703,655,None,Move,development
1574148157.08,2705,655,None,Move,development
1574148157.0879998,2707,655,None,Move,development
1574148157.096,2708,655,None,Move,development
1574148157.105,2709,655,None,Move,development
1574148157.11,2709,655,None,Move,development
1574148157.178,2710,655,None,Move,development
1574148157.188,2710,655,None,Move,development
1574148157.195,2711,656,None,Move,development
1574148157.2029998,2711,657,None,Move,development
1574148157.211,2713,658,None,Move,development
1574148157.219,2714,659,None,Move,development
1574148157.2270002,2716,661,None,Move,development
1574148157.235,2717,662,None,Move,development
1574148157.244,2718,664,None,Move,development
1574148157.2489998,2720,665,None,Move,development
1574148157.258,2721,666,None,Move,development
1574148157.265,2723,668,None,Move,development
1574148157.274,2724,669,None,Move,development
1574148157.282,2726,671,None,Move,development
1574148157.29,2727,672,None,Move,development
1574148157.298,2728,674,None,Move,development
1574148157.306,2730,675,None,Move,development
1574148157.314,2731,676,None,Move,development
1574148157.32,2733,678,None,Move,development
1574148157.3279998,2734,679,None,Move,development
1574148157.336,2736,681,None,Move,development
1574148157.344,2737,682,None,Move,development
1574148157.3520002,2738,683,None,Move,development
1574148157.36,2741,685,None,Move,development
1574148157.3679998,2742,686,None,Move,development
1574148157.3760002,2745,688,None,Move,development
1574148157.3839998,2749,691,None,Move,development
1574148157.39,2752,693,None,Move,development
1574148157.3979998,2758,696,None,Move,development
1574148157.406,2763,699,None,Move,development
1574148157.414,2769,703,None,Move,development
1574148157.4220002,2776,707,None,Move,development
1574148157.43,2783,711,None,Move,development
1574148157.438,2789,716,None,Move,development
1574148157.446,2796,721,None,Move,development
1574148157.454,2802,725,None,Move,development
1574148157.46,2808,729,None,Move,development
1574148157.468,2813,734,None,Move,development
1574148157.476,2816,739,None,Move,development
1574148157.484,2820,742,None,Move,development
1574148157.492,2822,745,None,Move,development
1574148157.5,2824,747,None,Move,development
1574148157.508,2825,749,None,Move,development
1574148157.516,2827,750,None,Move,development
1574148157.524,2827,752,None,Move,development
1574148157.53,2827,753,None,Move,development
1574148157.538,2827,754,None,Move,development
1574148157.546,2827,756,None,Move,development
1574148157.554,2827,757,None,Move,development
1574148157.562,2826,758,None,Move,development
1574148157.57,2826,760,None,Move,development
1574148157.5779998,2824,761,None,Move,development
1574148157.586,2823,763,None,Move,development
1574148157.594,2820,766,None,Move,development
1574148157.6020002,2818,769,None,Move,development
1574148157.6079998,2814,774,None,Move,development
1574148157.6160002,2808,778,None,Move,development
1574148157.6239998,2802,784,None,Move,development
1574148157.6320002,2796,790,None,Move,development
1574148157.64,2790,794,None,Move,development
1574148157.6479998,2782,799,None,Move,development
1574148157.656,2775,803,None,Move,development
1574148157.664,2769,806,None,Move,development
1574148157.67,2763,808,None,Move,development
1574148157.678,2758,810,None,Move,development
1574148157.686,2752,811,None,Move,development
1574148157.694,2747,814,None,Move,development
1574148157.702,2743,816,None,Move,development
1574148157.71,2739,818,None,Move,development
1574148157.718,2737,819,None,Move,development
1574148157.726,2736,820,None,Move,development
1574148157.734,2734,821,None,Move,development
1574148157.7970002,2734,821,None,Move,development
1574148157.804,2735,820,None,Move,development
1574148157.812,2737,820,None,Move,development
1574148157.8179998,2740,820,None,Move,development
1574148157.826,2744,820,None,Move,development
1574148157.834,2749,820,None,Move,development
1574148157.843,2750,821,None,Move,development
1574148157.85,2753,823,None,Move,development
1574148157.8579998,2755,824,None,Move,development
1574148157.8660002,2756,825,None,Move,development
1574148157.8739998,2757,826,None,Move,development
1574148157.88,2757,827,None,Move,development
1574148157.8879998,2758,827,None,Move,development
1574148157.962,2758,828,None,Move,development
1574148157.986,2758,828,None,Move,development
1574148157.994,2759,828,None,Move,development
1574148158.002,2759,829,None,Move,development
1574148158.092,2759,829,None,Move,development
1574148158.1179998,2759,830,None,Move,development
1574148158.1260002,2759,831,None,Move,development
1574148158.34,2758,832,None,Move,development
1574148158.3479998,2758,833,None,Move,development
1574148158.357,2757,834,None,Move,development
1574148158.456,2757,835,None,Move,development
1574148158.508,2757,836,None,Move,development
1574148158.822,2757,837,None,Move,development
1574148158.9320002,2757,837,None,Move,development
1574148159.15,2758,837,None,Move,development
1574148159.156,2765,836,None,Move,development
1574148159.164,2773,834,None,Move,development
1574148159.1720002,2783,832,None,Move,development
1574148159.18,2794,830,None,Move,development
1574148159.188,2806,828,None,Move,development
1574148159.196,2817,828,None,Move,development
1574148159.204,2829,829,None,Move,development
1574148159.212,2837,831,None,Move,development
1574148159.22,2845,833,None,Move,development
1574148159.226,2852,833,None,Move,development
1574148159.234,2859,833,None,Move,development
1574148159.242,2864,833,None,Move,development
1574148159.25,2868,834,None,Move,development
1574148159.258,2871,834,None,Move,development
1574148159.266,2873,834,None,Move,development
1574148159.274,2875,834,None,Move,development
1574148159.282,2875,834,None,Move,development
1574148159.29,2876,834,None,Move,development
1574148159.3779998,2876,834,None,Move,development
1574148159.39,2878,834,None,Move,development
1574148159.3979998,2884,834,None,Move,development
1574148159.406,2892,835,None,Move,development
1574148159.414,2900,836,None,Move,development
1574148159.4220002,2908,838,None,Move,development
1574148159.43,2917,840,None,Move,development
1574148159.438,2926,842,None,Move,development
1574148159.444,2936,844,None,Move,development
1574148159.452,2944,846,None,Move,development
1574148159.46,2952,848,None,Move,development
1574148159.468,2962,850,None,Move,development
1574148159.476,2970,852,None,Move,development
1574148159.484,2979,854,None,Move,development
1574148159.492,2987,855,None,Move,development
1574148159.5,2994,856,None,Move,development
1574148159.508,2999,856,None,Move,development
1574148159.514,3004,856,None,Move,development
1574148159.522,3010,856,None,Move,development
1574148159.53,3013,856,None,Move,development
1574148159.538,3015,856,None,Move,development
1574148159.546,3017,856,None,Move,development
1574148159.554,3018,856,None,Move,development
1574148159.562,3020,856,None,Move,development
1574148159.57,3021,856,None,Move,development
1574148159.5779998,3022,856,None,Move,development
1574148159.584,3024,856,None,Move,development
1574148159.592,3025,855,None,Move,development
1574148159.6,3026,855,None,Move,development
1574148159.6079998,3027,855,None,Move,development
1574148159.6160002,3028,854,None,Move,development
1574148159.6239998,3030,853,None,Move,development
1574148159.6320002,3031,853,None,Move,development
1574148159.64,3033,852,None,Move,development
1574148159.6479998,3037,850,None,Move,development
1574148159.654,3042,848,None,Move,development
1574148159.6620002,3048,847,None,Move,development
1574148159.67,3053,845,None,Move,development
1574148159.678,3058,843,None,Move,development
1574148159.686,3061,842,None,Move,development
1574148159.694,3064,840,None,Move,development
1574148159.702,3067,840,None,Move,development
1574148159.71,3068,838,None,Move,development
1574148159.718,3069,838,None,Move,development
1574148159.724,3071,837,None,Move,development
1574148159.732,3071,837,None,Move,development
1574148159.74,3072,836,None,Move,development
1574148159.748,3073,836,None,Move,development
1574148159.756,3075,834,None,Move,development
1574148159.764,3076,834,None,Move,development
1574148159.772,3076,833,None,Move,development
1574148159.78,3077,833,None,Move,development
1574148159.938,3078,833,None,Move,development
1574148159.946,3083,833,None,Move,development
1574148159.954,3091,833,None,Move,development
1574148159.962,3100,832,None,Move,development
1574148159.97,3114,832,None,Move,development
1574148159.978,3127,832,None,Move,development
1574148159.986,3139,832,None,Move,development
1574148159.994,3148,832,None,Move,development
1574148160.002,3155,832,None,Move,development
1574148160.008,3162,832,None,Move,development
1574148160.016,3167,832,None,Move,development
1574148160.024,3173,832,None,Move,development
1574148160.032,3178,833,None,Move,development
1574148160.04,3182,833,None,Move,development
1574148160.0470002,3185,833,None,Move,development
1574148160.056,3187,833,None,Move,development
1574148160.064,3190,833,None,Move,development
1574148160.072,3192,833,None,Move,development
1574148160.0779998,3194,833,None,Move,development
1574148160.086,3196,832,None,Move,development
1574148160.094,3197,832,None,Move,development
1574148160.1020002,3199,832,None,Move,development
1574148160.23,3199,832,None,Move,development
1574148160.2429998,3201,832,None,Move,development
1574148160.25,3207,831,None,Move,development
1574148160.258,3213,830,None,Move,development
1574148160.2670002,3220,830,None,Move,development
1574148160.274,3226,828,None,Move,development
1574148160.282,3231,827,None,Move,development
1574148160.29,3237,826,None,Move,development
1574148160.2970002,3241,825,None,Move,development
1574148160.3070002,3244,825,None,Move,development
1574148160.312,3246,825,None,Move,development
1574148160.32,3248,825,None,Move,development
1574148160.3279998,3249,825,None,Move,development
1574148160.337,3250,825,None,Move,development
1574148160.344,3251,824,None,Move,development
1574148160.3520002,3252,824,None,Move,development
1574148160.36,3253,823,None,Move,development
1574148160.367,3254,823,None,Move,development
1574148160.534,3254,823,None,Move,development
1574148160.546,3255,823,None,Move,development
1574148160.554,3256,823,None,Move,development
1574148160.772,3255,823,None,Move,development
1574148160.78,3247,823,None,Move,development
1574148160.786,3238,823,None,Move,development
1574148160.795,3229,823,None,Move,development
1574148160.803,3219,823,None,Move,development
1574148160.81,3211,823,None,Move,development
1574148160.8179998,3203,821,None,Move,development
1574148160.826,3196,820,None,Move,development
1574148160.835,3190,819,None,Move,development
1574148160.842,3185,818,None,Move,development
1574148160.85,3182,816,None,Move,development
1574148160.857,3181,816,None,Move,development
1574148160.8639998,3181,816,None,Move,development
1574148160.877,3180,816,None,Move,development
1574148160.974,3177,816,None,Move,development
1574148160.982,3163,815,None,Move,development
1574148160.99,3144,815,None,Move,development
1574148160.998,3127,814,None,Move,development
1574148161.004,3106,811,None,Move,development
1574148161.012,3088,808,None,Move,development
1574148161.02,3072,808,None,Move,development
1574148161.028,3057,807,None,Move,development
1574148161.036,3043,807,None,Move,development
1574148161.044,3031,807,None,Move,development
1574148161.052,3021,807,None,Move,development
1574148161.06,3013,806,None,Move,development
1574148161.0670002,3008,806,None,Move,development
1574148161.074,3003,805,None,Move,development
1574148161.082,3001,805,None,Move,development
1574148161.09,3000,805,None,Move,development
1574148161.1,3000,804,None,Move,development
1574148161.554,2999,804,None,Move,development
1574148161.56,2991,804,None,Move,development
1574148161.5679998,2979,804,None,Move,development
1574148161.576,2966,802,None,Move,development
1574148161.584,2950,802,None,Move,development
1574148161.592,2927,800,None,Move,development
1574148161.6,2904,797,None,Move,development
1574148161.6079998,2884,795,None,Move,development
1574148161.6160002,2868,792,None,Move,development
1574148161.6239998,2856,790,None,Move,development
1574148161.6320002,2847,788,None,Move,development
1574148161.6379998,2840,786,None,Move,development
1574148161.646,2834,785,None,Move,development
1574148161.654,2830,784,None,Move,development
1574148161.6620002,2828,783,None,Move,development
1574148161.67,2828,783,None,Move,development
1574148161.74,2827,783,None,Move,development
1574148161.86,2826,783,None,Move,development
1574148161.8679998,2816,783,None,Move,development
1574148161.8760002,2806,784,None,Move,development
1574148161.8839998,2794,784,None,Move,development
1574148161.8920002,2782,785,None,Move,development
1574148161.9,2768,785,None,Move,development
1574148161.908,2757,785,None,Move,development
1574148161.916,2746,786,None,Move,development
1574148161.9220002,2738,786,None,Move,development
1574148161.93,2731,786,None,Move,development
1574148161.938,2726,786,None,Move,development
1574148161.946,2721,786,None,Move,development
1574148161.954,2718,786,None,Move,development
1574148161.962,2715,786,None,Move,development
1574148161.97,2713,786,None,Move,development
1574148161.978,2710,786,None,Move,development
1574148161.9870002,2708,786,None,Move,development
1574148161.992,2705,787,None,Move,development
1574148162.0,2702,788,None,Move,development
1574148162.008,2698,788,None,Move,development
1574148162.0170002,2694,789,None,Move,development
1574148162.024,2693,789,None,Move,development
1574148162.032,2692,789,None,Move,development
1574148162.04,2690,789,None,Move,development
1574148162.048,2688,789,None,Move,development
1574148162.056,2687,789,None,Move,development
1574148162.063,2686,789,None,Move,development
1574148162.07,2685,789,None,Move,development
1574148162.0779998,2683,789,None,Move,development
1574148162.094,2681,789,None,Move,development
1574148162.099,2680,790,None,Move,development
1574148162.104,2677,790,None,Move,development
1574148162.11,2673,791,None,Move,development
1574148162.1179998,2668,792,None,Move,development
1574148162.127,2663,793,None,Move,development
1574148162.133,2657,794,None,Move,development
1574148162.14,2651,795,None,Move,development
1574148162.1479998,2648,795,None,Move,development
1574148162.156,2647,795,None,Move,development
1574148162.164,2646,795,None,Move,development
1574148162.1720002,2645,795,None,Move,development
1574148162.18,2643,795,None,Move,development
1574148162.188,2642,795,None,Move,development
1574148162.198,2641,795,None,Move,development
1574148162.342,2639,795,None,Move,development
1574148162.35,2632,796,None,Move,development
1574148162.3579998,2624,798,None,Move,development
1574148162.3660002,2614,799,None,Move,development
1574148162.3739998,2605,799,None,Move,development
1574148162.3820002,2597,800,None,Move,development
1574148162.39,2591,800,None,Move,development
1574148162.3979998,2587,800,None,Move,development
1574148162.406,2585,800,None,Move,development
1574148162.4120002,2584,800,None,Move,development
1574148162.42,2583,800,None,Move,development
1574148162.428,2582,800,None,Move,development
1574148162.716,2582,800,None,Move,development
1574148169.19,2581,800,None,Move,development
1574148169.31,2580,800,None,Move,development
1574148169.444,2579,800,None,Move,development
1574148169.482,2579,800,None,Move,development
1574148172.548,2579,800,None,Move,development
1574148172.556,2589,800,None,Move,development
1574148172.564,2604,800,None,Move,development
1574148172.577,2622,800,None,Move,development
1574148172.582,2647,799,None,Move,development
1574148172.5879998,2674,799,None,Move,development
1574148172.594,2702,799,None,Move,development
1574148172.6020002,2725,796,None,Move,development
1574148172.61,2747,796,None,Move,development
1574148172.6179998,2769,794,None,Move,development
1574148172.6260002,2786,794,None,Move,development
1574148172.6339998,2800,794,None,Move,development
1574148172.6420002,2813,794,None,Move,development
1574148172.65,2823,794,None,Move,development
1574148172.658,2831,793,None,Move,development
1574148172.664,2837,793,None,Move,development
1574148172.6720002,2842,793,None,Move,development
1574148172.68,2844,793,None,Move,development
1574148172.688,2845,793,None,Move,development
1574148172.696,2846,793,None,Move,development
1574148172.704,2848,793,None,Move,development
1574148172.712,2849,793,None,Move,development
1574148172.72,2851,793,None,Move,development
1574148172.728,2853,793,None,Move,development
1574148172.734,2858,793,None,Move,development
1574148172.742,2864,792,None,Move,development
1574148172.75,2871,792,None,Move,development
1574148172.758,2877,791,None,Move,development
1574148172.766,2886,790,None,Move,development
1574148172.774,2896,789,None,Move,development
1574148172.782,2907,789,None,Move,development
1574148172.79,2919,789,None,Move,development
1574148172.798,2928,789,None,Move,development
1574148172.804,2940,789,None,Move,development
1574148172.812,2951,789,None,Move,development
1574148172.82,2960,789,None,Move,development
1574148172.8279998,2970,790,None,Move,development
1574148172.836,2978,791,None,Move,development
1574148172.844,2983,791,None,Move,development
1574148172.8520002,2989,792,None,Move,development
1574148172.86,2995,794,None,Move,development
1574148172.8679998,2999,794,None,Move,development
1574148172.8739998,3002,794,None,Move,development
1574148172.8820002,3006,794,None,Move,development
1574148172.89,3009,794,None,Move,development
1574148172.8979998,3011,794,None,Move,development
1574148172.906,3014,793,None,Move,development
1574148172.914,3019,791,None,Move,development
1574148172.9220002,3023,790,None,Move,development
1574148172.93,3027,790,None,Move,development
1574148172.938,3032,789,None,Move,development
1574148172.944,3036,788,None,Move,development
1574148172.952,3040,788,None,Move,development
1574148172.96,3044,787,None,Move,development
1574148172.968,3050,787,None,Move,development
1574148172.976,3055,787,None,Move,development
1574148172.984,3061,787,None,Move,development
1574148172.992,3066,787,None,Move,development
1574148173.0,3073,787,None,Move,development
1574148173.008,3078,787,None,Move,development
1574148173.016,3087,787,None,Move,development
1574148173.022,3093,786,None,Move,development
1574148173.03,3099,785,None,Move,development
1574148173.038,3106,783,None,Move,development
1574148173.046,3112,782,None,Move,development
1574148173.054,3119,781,None,Move,development
1574148173.062,3126,779,None,Move,development
1574148173.07,3131,777,None,Move,development
1574148173.0779998,3138,775,None,Move,development
1574148173.084,3144,773,None,Move,development
1574148173.092,3150,771,None,Move,development
1574148173.1,3156,770,None,Move,development
1574148173.1079998,3161,769,None,Move,development
1574148173.1160002,3167,769,None,Move,development
1574148173.1239998,3172,768,None,Move,development
1574148173.1320002,3178,768,None,Move,development
1574148173.14,3181,768,None,Move,development
1574148173.1479998,3184,768,None,Move,development
1574148173.154,3186,768,None,Move,development
1574148173.1620002,3187,768,None,Move,development
1574148173.17,3189,768,None,Move,development
1574148173.178,3191,768,None,Move,development
1574148173.186,3193,768,None,Move,development
1574148173.194,3196,768,None,Move,development
1574148173.202,3197,768,None,Move,development
1574148173.21,3199,768,None,Move,development
1574148173.218,3201,768,None,Move,development
1574148173.226,3204,768,None,Move,development
1574148173.234,3207,768,None,Move,development
1574148173.24,3210,768,None,Move,development
1574148173.248,3213,769,None,Move,development
1574148173.256,3218,770,None,Move,development
1574148173.264,3223,770,None,Move,development
1574148173.272,3227,770,None,Move,development
1574148173.28,3233,770,None,Move,development
1574148173.288,3238,769,None,Move,development
1574148173.296,3243,767,None,Move,development
1574148173.302,3247,766,None,Move,development
1574148173.31,3248,766,None,Move,development
1574148173.3179998,3250,766,None,Move,development
1574148173.996,3252,766,None,Move,development
1574148174.002,3257,764,None,Move,development
1574148174.01,3263,762,None,Move,development
1574148174.018,3269,761,None,Move,development
1574148174.026,3274,760,None,Move,development
1574148174.034,3280,758,None,Move,development
1574148174.042,3286,757,None,Move,development
1574148174.05,3291,755,None,Move,development
1574148174.0570002,3297,754,None,Move,development
1574148174.066,3300,754,None,Move,development
1574148174.074,3302,753,None,Move,development
1574148174.08,3303,753,None,Move,development
1574148174.0879998,3305,752,None,Move,development
1574148174.416,3306,751,None,Move,development
1574148174.424,3310,751,None,Move,development
1574148174.4320002,3313,751,None,Move,development
1574148174.438,3316,751,None,Move,development
1574148174.446,3318,751,None,Move,development
1574148174.454,3321,751,None,Move,development
1574148174.462,3322,751,None,Move,development
1574148174.47,3323,751,None,Move,development
1574148174.734,3323,750,None,Move,development
1574148174.8779998,3323,750,None,Move,development
1574148176.063,3323,750,None,Move,development
1574148176.0670002,3322,750,None,Move,development
1574148176.076,3321,750,None,Move,development
1574148176.085,3321,750,None,Move,development
1574148176.1160002,3320,750,None,Move,development
1574148176.1239998,3319,751,None,Move,development
1574148176.131,3319,751,None,Move,development
1574148176.174,3319,751,None,Move,development
1574148176.198,3318,751,None,Move,development
1574148176.206,3318,748,None,Move,development
1574148176.214,3318,744,None,Move,development
1574148176.219,3318,738,None,Move,development
1574148176.228,3318,728,None,Move,development
1574148176.236,3318,718,None,Move,development
1574148176.244,3316,705,None,Move,development
1574148176.2510002,3314,693,None,Move,development
1574148176.26,3312,680,None,Move,development
1574148176.268,3309,667,None,Move,development
1574148176.276,3307,652,None,Move,development
1574148176.285,3306,638,None,Move,development
1574148176.289,3306,624,None,Move,development
1574148176.2970002,3307,609,None,Move,development
1574148176.306,3316,588,None,Move,development
1574148176.314,3325,568,None,Move,development
1574148176.322,3334,545,None,Move,development
1574148176.33,3345,520,None,Move,development
1574148176.337,3354,495,None,Move,development
1574148176.346,3361,475,None,Move,development
1574148176.353,3366,461,None,Move,development
1574148176.36,3368,450,None,Move,development
1574148176.3679998,3370,440,None,Move,development
1574148176.3760002,3373,432,None,Move,development
1574148176.3839998,3375,424,None,Move,development
1574148176.3920002,3377,416,None,Move,development
1574148176.4,3377,410,None,Move,development
1574148176.408,3377,403,None,Move,development
1574148176.416,3375,397,None,Move,development
1574148176.424,3373,392,None,Move,development
1574148176.43,3371,386,None,Move,development
1574148176.438,3369,384,None,Move,development
1574148176.446,3369,382,None,Move,development
1574148176.454,3369,380,None,Move,development
1574148176.462,3369,379,None,Move,development
1574148176.47,3369,378,None,Move,development
1574148176.478,3371,376,None,Move,development
1574148176.486,3371,375,None,Move,development
1574148176.494,3372,374,None,Move,development
1574148176.5,3372,374,None,Move,development
1574148176.544,3372,375,None,Move,development
1574148176.552,3374,382,None,Move,development
1574148176.56,3375,389,None,Move,development
1574148176.566,3375,396,None,Move,development
1574148176.574,3375,403,None,Move,development
1574148176.582,3375,410,None,Move,development
1574148176.59,3373,418,None,Move,development
1574148176.5979998,3371,426,None,Move,development
1574148176.6160002,3366,449,None,Move,development
1574148176.623,3362,461,None,Move,development
1574148176.63,3359,475,None,Move,development
1574148176.6379998,3353,489,None,Move,development
1574148176.644,3347,506,None,Move,development
1574148176.6520002,3333,528,None,Move,development
1574148176.66,3320,552,None,Move,development
1574148176.668,3308,573,None,Move,development
1574148176.676,3300,591,None,Move,development
1574148176.684,3294,602,None,Move,development
1574148176.6920002,3290,611,None,Move,development
1574148176.7,3288,618,None,Move,development
1574148176.708,3286,624,None,Move,development
1574148176.714,3285,627,None,Move,development
1574148176.722,3284,630,None,Move,development
1574148176.73,3283,631,None,Move,development
1574148176.738,3282,632,None,Move,development
1574148176.746,3281,634,None,Move,development
1574148176.758,3281,634,None,Move,development
1574148176.9020002,3281,634,None,Move,development
1574148176.91,3281,633,None,Move,development
1574148176.918,3281,630,None,Move,development
1574148176.923,3282,628,None,Move,development
1574148176.9320002,3283,623,None,Move,development
1574148176.94,3285,619,None,Move,development
1574148176.948,3287,613,None,Move,development
1574148176.956,3288,609,None,Move,development
1574148176.964,3290,605,None,Move,development
1574148176.972,3291,603,None,Move,development
1574148176.98,3291,602,None,Move,development
1574148176.988,3292,600,None,Move,development
1574148176.994,3293,599,None,Move,development
1574148177.002,3294,598,None,Move,development
1574148177.01,3294,596,None,Move,development
1574148177.018,3296,595,None,Move,development
1574148177.026,3297,593,None,Move,development
1574148177.034,3298,592,None,Move,development
1574148177.042,3298,591,None,Move,development
1574148177.05,3298,591,None,Move,development
1574148177.092,3299,591,None,Move,development
1574148177.104,3299,590,None,Move,development
1574148177.1120002,3301,588,None,Move,development
1574148177.12,3302,586,None,Move,development
1574148177.1279998,3304,585,None,Move,development
1574148177.133,3305,583,None,Move,development
1574148177.1420002,3305,583,None,Move,development
1574148177.278,3305,583,None,Move,development
1574148177.295,3302,582,None,Move,development
1574148177.303,3302,581,None,Move,development
1574148177.309,3301,581,None,Move,development
1574148177.3170002,3300,581,None,Move,development
1574148177.326,3300,580,None,Move,development
1574148177.334,3299,580,None,Move,development
1574148177.4,3299,580,None,Move,development
1574148177.482,3299,580,Left,Pressed,development
1574148177.594,3299,580,Left,Released,development
1574148178.524,3299,578,None,Move,development
1574148178.532,3300,571,None,Move,development
1574148178.54,3301,567,None,Move,development
1574148178.548,3301,565,None,Move,development
1574148178.556,3303,563,None,Move,development
1574148178.563,3303,561,None,Move,development
1574148178.57,3304,558,None,Move,development
1574148178.5779998,3306,556,None,Move,development
1574148178.586,3306,555,None,Move,development
1574148178.594,3307,553,None,Move,development
1574148178.6020002,3307,553,None,Move,development
1574148178.718,3307,552,None,Move,development
1574148178.725,3307,550,None,Move,development
1574148178.734,3307,549,None,Move,development
1574148178.742,3307,548,None,Move,development
1574148178.75,3307,546,None,Move,development
1574148178.758,3307,545,None,Move,development
1574148178.766,3307,544,None,Move,development
1574148178.7729998,3307,542,None,Move,development
1574148178.78,3307,541,None,Move,development
1574148178.788,3306,540,None,Move,development
1574148178.796,3306,538,None,Move,development
1574148178.804,3305,537,None,Move,development
1574148178.812,3305,536,None,Move,development
1574148178.825,3305,534,None,Move,development
1574148178.837,3305,531,None,Move,development
1574148178.845,3305,530,None,Move,development
1574148178.853,3305,528,None,Move,development
1574148178.859,3305,527,None,Move,development
1574148178.8660002,3304,526,None,Move,development
1574148178.8739998,3304,524,None,Move,development
1574148178.8820002,3304,523,None,Move,development
1574148178.89,3304,522,None,Move,development
1574148178.8979998,3304,521,None,Move,development
1574148178.906,3304,521,None,Move,development
1574148179.169,3304,522,None,Move,development
1574148179.178,3306,547,None,Move,development
1574148179.186,3309,581,None,Move,development
1574148179.194,3309,605,None,Move,development
1574148179.2,3309,624,None,Move,development
1574148179.208,3308,638,None,Move,development
1574148179.216,3306,651,None,Move,development
1574148179.224,3303,661,None,Move,development
1574148179.232,3301,669,None,Move,development
1574148179.24,3296,676,None,Move,development
1574148179.248,3292,684,None,Move,development
1574148179.256,3288,690,None,Move,development
1574148179.264,3284,694,None,Move,development
1574148179.27,3279,700,None,Move,development
1574148179.278,3274,705,None,Move,development
1574148179.286,3271,710,None,Move,development
1574148179.294,3268,714,None,Move,development
1574148179.302,3266,717,None,Move,development
1574148179.31,3265,719,None,Move,development
1574148179.3179998,3263,723,None,Move,development
1574148179.326,3262,725,None,Move,development
1574148179.334,3260,727,None,Move,development
1574148179.34,3260,728,None,Move,development
1574148179.3479998,3260,730,None,Move,development
1574148179.356,3259,731,None,Move,development
1574148179.3639998,3259,732,None,Move,development
1574148179.3720002,3259,734,None,Move,development
1574148179.38,3259,737,None,Move,development
1574148179.3879998,3259,739,None,Move,development
1574148179.396,3261,741,None,Move,development
1574148179.404,3262,743,None,Move,development
1574148179.41,3264,744,None,Move,development
1574148179.418,3265,745,None,Move,development
1574148179.426,3267,747,None,Move,development
1574148179.434,3269,748,None,Move,development
1574148179.4420002,3271,750,None,Move,development
1574148179.45,3273,751,None,Move,development
1574148179.458,3276,753,None,Move,development
1574148179.466,3278,754,None,Move,development
1574148179.474,3279,755,None,Move,development
1574148179.48,3281,756,None,Move,development
1574148179.488,3282,757,None,Move,development
1574148179.496,3283,758,None,Move,development
1574148179.504,3284,759,None,Move,development
1574148179.512,3284,760,None,Move,development
1574148179.52,3286,764,None,Move,development
1574148179.529,3288,768,None,Move,development
1574148179.536,3289,774,None,Move,development
1574148179.544,3289,778,None,Move,development
1574148179.551,3289,783,None,Move,development
1574148179.56,3289,787,None,Move,development
1574148179.566,3288,793,None,Move,development
1574148179.574,3286,799,None,Move,development
1574148179.582,3284,805,None,Move,development
1574148179.59,3282,809,None,Move,development
1574148179.5979998,3279,815,None,Move,development
1574148179.606,3277,820,None,Move,development
1574148179.6139998,3275,822,None,Move,development
1574148179.6220002,3274,824,None,Move,development
1574148179.627,3272,826,None,Move,development
1574148179.6360002,3271,827,None,Move,development
1574148179.734,3271,827,None,Move,development
1574148179.742,3272,826,None,Move,development
1574148179.75,3275,825,None,Move,development
1574148179.758,3280,823,None,Move,development
1574148179.764,3284,821,None,Move,development
1574148179.772,3289,820,None,Move,development
1574148179.78,3290,820,None,Move,development
1574148179.788,3291,820,None,Move,development
1574148179.796,3292,820,None,Move,development
1574148179.9120002,3292,820,None,Move,development
1574148179.92,3291,820,None,Move,development
1574148179.928,3291,821,None,Move,development
1574148179.936,3289,821,None,Move,development
1574148179.944,3289,822,None,Move,development
1574148179.952,3288,823,None,Move,development
1574148179.964,3288,823,None,Move,development
1574148179.972,3287,823,None,Move,development
1574148179.978,3286,824,None,Move,development
1574148179.986,3286,825,None,Move,development
1574148179.994,3286,826,None,Move,development
1574148180.002,3284,828,None,Move,development
1574148180.01,3283,828,None,Move,development
1574148180.018,3282,828,None,Move,development
1574148180.026,3281,829,None,Move,development
1574148180.508,3281,829,None,Move,development
1574148180.536,3281,829,None,Move,development
1574148180.542,3281,828,None,Move,development
1574148180.566,3281,828,None,Move,development
1574148180.595,3281,827,None,Move,development
1574148180.6020002,3281,826,None,Move,development
1574148180.61,3281,825,None,Move,development
1574148180.62,3281,825,None,Move,development
1574148180.627,3281,824,None,Move,development
1574148180.6360002,3281,823,None,Move,development
1574148180.644,3281,823,None,Move,development
1574148180.6520002,3281,822,None,Move,development
1574148180.66,3281,821,None,Move,development
1574148180.668,3281,820,None,Move,development
1574148180.676,3281,819,None,Move,development
1574148180.684,3281,818,None,Move,development
1574148180.694,3281,818,None,Move,development
1574148180.702,3281,817,None,Move,development
1574148180.71,3281,817,None,Move,development
1574148180.792,3282,816,None,Move,development
1574148180.804,3282,815,None,Move,development
1574148180.812,3282,815,None,Move,development
1574148180.82,3282,814,None,Move,development
1574148180.8279998,3283,814,None,Move,development
1574148180.834,3283,812,None,Move,development
1574148180.842,3283,812,None,Move,development
1574148180.85,3283,811,None,Move,development
1574148180.8579998,3283,810,None,Move,development
1574148180.8660002,3283,809,None,Move,development
1574148180.8739998,3283,808,None,Move,development
1574148180.8820002,3284,806,None,Move,development
1574148180.89,3285,805,None,Move,development
1574148180.8979998,3286,803,None,Move,development
1574148180.904,3287,802,None,Move,development
1574148180.9120002,3287,801,None,Move,development
1574148180.92,3287,800,None,Move,development
1574148180.928,3287,799,None,Move,development
1574148180.936,3288,798,None,Move,development
1574148180.944,3289,796,None,Move,development
1574148180.952,3290,795,None,Move,development
1574148180.96,3291,793,None,Move,development
1574148180.968,3293,792,None,Move,development
1574148180.974,3294,790,None,Move,development
1574148180.982,3296,788,None,Move,development
1574148180.99,3297,787,None,Move,development
1574148180.998,3298,785,None,Move,development
1574148181.006,3299,782,None,Move,development
1574148181.014,3301,779,None,Move,development
1574148181.022,3303,775,None,Move,development
1574148181.03,3305,771,None,Move,development
1574148181.038,3307,769,None,Move,development
1574148181.045,3308,766,None,Move,development
1574148181.052,3310,760,None,Move,development
1574148181.06,3312,755,None,Move,development
1574148181.0679998,3314,751,None,Move,development
1574148181.076,3316,748,None,Move,development
1574148181.084,3317,745,None,Move,development
1574148181.091,3319,742,None,Move,development
1574148181.1,3321,740,None,Move,development
1574148181.1079998,3323,738,None,Move,development
1574148181.1139998,3326,735,None,Move,development
1574148181.1220002,3328,732,None,Move,development
1574148181.129,3331,727,None,Move,development
1574148181.137,3334,724,None,Move,development
1574148181.146,3338,719,None,Move,development
1574148181.154,3341,715,None,Move,development
1574148181.1620002,3346,711,None,Move,development
1574148181.17,3350,707,None,Move,development
1574148181.178,3353,704,None,Move,development
1574148181.186,3356,701,None,Move,development
1574148181.191,3361,698,None,Move,development
1574148181.2,3365,695,None,Move,development
1574148181.207,3369,693,None,Move,development
1574148181.216,3373,690,None,Move,development
1574148181.224,3376,688,None,Move,development
1574148181.231,3379,686,None,Move,development
1574148181.24,3382,683,None,Move,development
1574148181.248,3386,680,None,Move,development
1574148181.256,3390,677,None,Move,development
1574148181.2610002,3393,674,None,Move,development
1574148181.269,3398,670,None,Move,development
1574148181.278,3401,667,None,Move,development
1574148181.286,3407,663,None,Move,development
1574148181.294,3411,659,None,Move,development
1574148181.302,3414,657,None,Move,development
1574148181.309,3416,656,None,Move,development
1574148181.3179998,3417,655,None,Move,development
1574148181.324,3418,654,None,Move,development
1574148181.4420002,3418,653,None,Move,development
1574148181.71,3418,653,None,Move,development
1574148181.718,3420,653,None,Move,development
1574148181.726,3423,652,None,Move,development
1574148181.734,3426,651,None,Move,development
1574148181.7410002,3429,650,None,Move,development
1574148181.7489998,3433,649,None,Move,development
1574148181.756,3438,647,None,Move,development
1574148181.764,3441,645,None,Move,development
1574148181.771,3443,644,None,Move,development
1574148181.78,3445,643,None,Move,development
1574148181.788,3446,643,None,Move,development
1574148181.796,3446,642,None,Move,development
1574148182.176,3446,642,None,Move,development
1574148182.184,3443,644,None,Move,development
1574148182.1920002,3442,645,None,Move,development
1574148182.2,3441,646,None,Move,development
1574148182.208,3439,648,None,Move,development
1574148182.216,3438,649,None,Move,development
1574148182.224,3436,650,None,Move,development
1574148182.232,3435,651,None,Move,development
1574148182.24,3434,651,None,Move,development
1574148182.248,3434,652,None,Move,development
1574148182.254,3433,652,None,Move,development
1574148182.294,3433,652,None,Move,development
1574148182.306,3431,654,None,Move,development
1574148182.314,3431,654,None,Move,development
1574148182.32,3430,655,None,Move,development
1574148182.458,3430,655,None,Move,development
1574148182.464,3428,656,None,Move,development
1574148182.472,3426,657,None,Move,development
1574148182.48,3424,657,None,Move,development
1574148182.488,3422,659,None,Move,development
1574148182.496,3420,660,None,Move,development
1574148182.504,3418,660,None,Move,development
1574148182.512,3415,660,None,Move,development
1574148182.52,3412,661,None,Move,development
1574148182.528,3410,661,None,Move,development
1574148182.536,3409,661,None,Move,development
1574148182.542,3408,661,None,Move,development
1574148182.55,3406,661,None,Move,development
1574148182.5579998,3405,661,None,Move,development
1574148182.566,3404,661,None,Move,development
1574148182.574,3402,661,None,Move,development
1574148182.582,3401,661,None,Move,development
1574148182.59,3400,661,None,Move,development
1574148182.5979998,3399,661,None,Move,development
1574148182.604,3399,661,None,Move,development
1574148182.674,3398,661,None,Move,development
1574148182.686,3397,661,None,Move,development
1574148182.694,3395,663,None,Move,development
1574148182.702,3392,664,None,Move,development
1574148182.709,3389,665,None,Move,development
1574148182.718,3386,666,None,Move,development
1574148182.726,3385,666,None,Move,development
1574148182.734,3384,667,None,Move,development
1574148182.7410002,3382,668,None,Move,development
1574148182.7470002,3381,668,None,Move,development
1574148182.756,3381,668,None,Move,development
1574148182.764,3380,668,None,Move,development
1574148182.772,3379,669,None,Move,development
1574148182.78,3378,670,None,Move,development
1574148182.788,3376,671,None,Move,development
1574148182.796,3375,672,None,Move,development
1574148182.804,3374,672,None,Move,development
1574148182.812,3372,673,None,Move,development
1574148182.8179998,3371,674,None,Move,development
1574148182.826,3370,674,None,Move,development
1574148182.834,3368,675,None,Move,development
1574148182.842,3367,675,None,Move,development
1574148182.85,3366,675,None,Move,development
1574148182.8579998,3363,675,None,Move,development
1574148182.8660002,3361,675,None,Move,development
1574148182.8739998,3359,674,None,Move,development
1574148182.8820002,3357,673,None,Move,development
1574148182.8879998,3355,672,None,Move,development
1574148182.896,3353,671,None,Move,development
1574148182.904,3351,670,None,Move,development
1574148182.9120002,3350,670,None,Move,development
1574148182.92,3348,668,None,Move,development
1574148182.928,3347,667,None,Move,development
1574148182.936,3345,667,None,Move,development
1574148182.944,3344,667,None,Move,development
1574148182.952,3344,666,None,Move,development
1574148182.958,3343,666,None,Move,development
1574148182.966,3342,666,None,Move,development
1574148182.974,3342,666,None,Move,development
1574148182.982,3341,666,None,Move,development
1574148182.99,3341,665,None,Move,development
1574148182.998,3340,665,None,Move,development
1574148183.006,3339,664,None,Move,development
1574148183.014,3338,664,None,Move,development
1574148183.022,3336,662,None,Move,development
1574148183.03,3335,662,None,Move,development
1574148183.036,3334,661,None,Move,development
1574148183.044,3333,660,None,Move,development
1574148183.052,3332,660,None,Move,development
1574148183.06,3332,659,None,Move,development
1574148183.0679998,3331,659,None,Move,development
1574148183.076,3330,659,None,Move,development
1574148183.0879998,3329,659,None,Move,development
1574148183.1379998,3329,659,None,Move,development
1574148183.15,3328,659,None,Move,development
1574148183.158,3327,659,None,Move,development
1574148183.166,3326,660,None,Move,development
1574148183.1720002,3325,660,None,Move,development
1574148183.18,3325,661,None,Move,development
1574148183.188,3323,661,None,Move,development
1574148183.196,3322,663,None,Move,development
1574148183.204,3321,663,None,Move,development
1574148183.212,3321,663,None,Move,development
1574148183.274,3321,664,None,Move,development
1574148183.289,3319,665,None,Move,development
1574148183.298,3317,666,None,Move,development
1574148183.306,3316,667,None,Move,development
1574148183.312,3315,667,None,Move,development
1574148183.32,3314,668,None,Move,development
1574148183.3279998,3314,668,None,Move,development
1574148183.335,3313,668,None,Move,development
1574148183.343,3313,669,None,Move,development
1574148183.351,3312,670,None,Move,development
1574148183.4220002,3311,670,None,Move,development
1574148183.43,3310,671,None,Move,development
1574148183.438,3309,672,None,Move,development
1574148183.446,3307,674,None,Move,development
1574148183.451,3306,674,None,Move,development
1574148183.46,3305,675,None,Move,development
1574148183.468,3303,676,None,Move,development
1574148183.736,3303,676,None,Move,development
1574148183.748,3301,676,None,Move,development
1574148183.756,3300,676,None,Move,development
1574148183.768,3299,676,None,Move,development
1574148183.78,3299,676,None,Move,development
1574148183.788,3298,676,None,Move,development
1574148183.796,3298,676,None,Move,development
1574148183.804,3297,675,None,Move,development
1574148183.812,3297,675,None,Move,development
1574148183.998,3296,675,None,Move,development
1574148184.006,3296,675,None,Move,development
1574148184.014,3295,674,None,Move,development
1574148184.022,3294,674,None,Move,development
1574148184.028,3292,674,None,Move,development
1574148184.036,3291,673,None,Move,development
1574148184.045,3290,673,None,Move,development
1574148184.052,3288,672,None,Move,development
1574148184.06,3287,672,None,Move,development
1574148184.0679998,3286,672,None,Move,development
1574148184.077,3284,671,None,Move,development
1574148184.085,3283,671,None,Move,development
1574148184.092,3282,671,None,Move,development
1574148184.0979998,3281,671,None,Move,development
1574148184.107,3279,670,None,Move,development
1574148184.1139998,3278,670,None,Move,development
1574148184.1220002,3278,670,None,Move,development
1574148184.13,3277,669,None,Move,development
1574148184.1379998,3277,669,None,Move,development
1574148184.147,3276,669,None,Move,development
1574148184.154,3276,669,None,Move,development
1574148184.1620002,3274,668,None,Move,development
1574148184.168,3273,668,None,Move,development
1574148184.176,3272,668,None,Move,development
1574148184.184,3270,668,None,Move,development
1574148184.1920002,3268,668,None,Move,development
1574148184.2,3266,668,None,Move,development
1574148184.208,3264,668,None,Move,development
1574148184.216,3263,668,None,Move,development
1574148184.224,3262,668,None,Move,development
1574148184.232,3260,667,None,Move,development
1574148184.238,3259,667,None,Move,development
1574148184.246,3258,667,None,Move,development
1574148184.312,3257,667,None,Move,development
1574148184.32,3256,667,None,Move,development
1574148184.3279998,3255,667,None,Move,development
1574148184.336,3254,667,None,Move,development
1574148184.344,3252,667,None,Move,development
1574148184.3520002,3251,667,None,Move,development
1574148184.36,3248,667,None,Move,development
1574148184.3679998,3246,667,None,Move,development
1574148184.3760002,3242,667,None,Move,development
1574148184.3820002,3238,668,None,Move,development
1574148184.39,3235,668,None,Move,development
1574148184.3979998,3231,668,None,Move,development
1574148184.406,3225,669,None,Move,development
1574148184.414,3223,670,None,Move,development
1574148184.4220002,3221,670,None,Move,development
1574148184.43,3219,671,None,Move,development
1574148184.438,3217,671,None,Move,development
1574148184.446,3217,671,None,Move,development
1574148184.452,3216,671,None,Move,development
1574148184.526,3214,672,None,Move,development
1574148184.534,3209,674,None,Move,development
1574148184.542,3203,676,None,Move,development
1574148184.55,3197,678,None,Move,development
1574148184.56,3192,680,None,Move,development
1574148184.566,3186,682,None,Move,development
1574148184.574,3182,682,None,Move,development
1574148184.582,3176,683,None,Move,development
1574148184.59,3172,683,None,Move,development
1574148184.596,3169,684,None,Move,development
1574148184.604,3166,684,None,Move,development
1574148184.6120002,3163,685,None,Move,development
1574148184.62,3160,686,None,Move,development
1574148184.6279998,3157,686,None,Move,development
1574148184.6360002,3153,688,None,Move,development
1574148184.644,3149,690,None,Move,development
1574148184.6520002,3145,692,None,Move,development
1574148184.66,3142,692,None,Move,development
1574148184.666,3138,694,None,Move,development
1574148184.674,3135,694,None,Move,development
1574148184.6820002,3133,695,None,Move,development
1574148184.69,3132,695,None,Move,development
1574148184.698,3131,695,None,Move,development
1574148184.706,3130,695,None,Move,development
1574148184.944,3130,695,None,Move,development
1574148184.95,3127,695,None,Move,development
1574148184.958,3124,695,None,Move,development
1574148184.966,3122,695,None,Move,development
1574148184.974,3120,695,None,Move,development
1574148184.982,3117,695,None,Move,development
1574148184.99,3112,695,None,Move,development
1574148184.998,3109,695,None,Move,development
1574148185.006,3104,695,None,Move,development
1574148185.014,3099,696,None,Move,development
1574148185.02,3094,696,None,Move,development
1574148185.028,3090,696,None,Move,development
1574148185.036,3088,696,None,Move,development
1574148185.044,3086,696,None,Move,development
1574148185.052,3085,696,None,Move,development
1574148185.06,3083,696,None,Move,development
1574148185.069,3082,696,None,Move,development
1574148185.076,3080,696,None,Move,development
1574148185.084,3078,696,None,Move,development
1574148185.09,3077,696,None,Move,development
1574148185.0979998,3076,696,None,Move,development
1574148185.106,3074,696,None,Move,development
1574148185.1139998,3073,695,None,Move,development
1574148185.1220002,3072,695,None,Move,development
1574148185.13,3071,695,None,Move,development
1574148185.1379998,3070,695,None,Move,development
1574148185.146,3069,695,None,Move,development
1574148185.154,3068,695,None,Move,development
1574148185.16,3067,695,None,Move,development
1574148185.168,3065,694,None,Move,development
1574148185.176,3064,694,None,Move,development
1574148185.184,3064,694,None,Move,development
1574148185.1920002,3062,694,None,Move,development
1574148185.2,3062,693,None,Move,development
1574148185.208,3061,693,None,Move,development
1574148185.216,3061,693,None,Move,development
1574148185.224,3060,693,None,Move,development
1574148185.3820002,3059,692,None,Move,development
1574148185.39,3054,691,None,Move,development
1574148185.3979998,3048,689,None,Move,development
1574148185.406,3042,687,None,Move,development
1574148185.414,3036,685,None,Move,development
1574148185.4220002,3030,685,None,Move,development
1574148185.43,3024,683,None,Move,development
1574148185.438,3019,681,None,Move,development
1574148185.446,3015,679,None,Move,development
1574148185.452,3011,678,None,Move,development
1574148185.46,3007,677,None,Move,development
1574148185.468,3004,675,None,Move,development
1574148185.476,3002,674,None,Move,development
1574148185.484,3000,674,None,Move,development
1574148185.492,2999,673,None,Move,development
1574148185.5,2997,673,None,Move,development
1574148185.508,2995,672,None,Move,development
1574148185.516,2992,672,None,Move,development
1574148185.522,2991,671,None,Move,development
1574148185.53,2989,670,None,Move,development
1574148185.538,2988,670,None,Move,development
1574148185.546,2984,669,None,Move,development
1574148185.554,2983,669,None,Move,development
1574148185.562,2981,668,None,Move,development
1574148185.57,2979,668,None,Move,development
1574148185.5779998,2977,667,None,Move,development
1574148185.584,2976,667,None,Move,development
1574148185.592,2975,667,None,Move,development
1574148185.6,2973,666,None,Move,development
1574148185.6079998,2972,665,None,Move,development
1574148185.6160002,2971,665,None,Move,development
1574148185.81,2971,665,None,Move,development
1574148185.822,2972,664,None,Move,development
1574148185.83,2974,662,None,Move,development
1574148185.8379998,2975,660,None,Move,development
1574148185.846,2977,660,None,Move,development
1574148185.854,2978,658,None,Move,development
1574148185.8620002,2979,658,None,Move,development
1574148185.8679998,2979,658,None,Move,development
1574148185.8760002,2979,657,None,Move,development
1574148185.8839998,2980,657,None,Move,development
1574148185.8920002,2980,656,None,Move,development
1574148186.324,2980,657,None,Move,development
1574148186.332,2980,661,None,Move,development
1574148186.339,2981,663,None,Move,development
1574148186.347,2981,666,None,Move,development
1574148186.356,2982,670,None,Move,development
1574148186.3639998,2983,675,None,Move,development
1574148186.369,2984,680,None,Move,development
1574148186.3779998,2984,684,None,Move,development
1574148186.3860002,2985,689,None,Move,development
1574148186.394,2985,693,None,Move,development
1574148186.4020002,2985,695,None,Move,development
1574148186.409,2985,698,None,Move,development
1574148186.418,2985,700,None,Move,development
1574148186.426,2985,701,None,Move,development
1574148186.434,2985,703,None,Move,development
1574148186.44,2984,704,None,Move,development
1574148186.448,2983,706,None,Move,development
1574148186.457,2982,710,None,Move,development
1574148186.464,2981,713,None,Move,development
1574148186.472,2979,715,None,Move,development
1574148186.48,2979,718,None,Move,development
1574148186.488,2977,722,None,Move,development
1574148186.496,2975,728,None,Move,development
1574148186.505,2973,733,None,Move,development
1574148186.51,2969,738,None,Move,development
1574148186.518,2966,741,None,Move,development
1574148186.526,2960,747,None,Move,development
1574148186.535,2957,753,None,Move,development
1574148186.542,2956,759,None,Move,development
1574148186.55,2955,760,None,Move,development
1574148186.863,2955,759,None,Move,development
1574148186.8720002,2956,759,None,Move,development
1574148186.9420002,2956,758,None,Move,development
1574148186.95,2956,758,None,Move,development
1574148186.958,2956,757,None,Move,development
1574148186.97,2956,756,None,Move,development
1574148186.978,2956,756,None,Move,development
1574148186.986,2958,755,None,Move,development
1574148186.994,2959,753,None,Move,development
1574148187.002,2960,752,None,Move,development
1574148187.008,2962,752,None,Move,development
1574148187.016,2963,750,None,Move,development
1574148187.024,2963,749,None,Move,development
1574148187.032,2963,748,None,Move,development
1574148187.044,2963,747,None,Move,development
1574148187.06,2963,747,None,Move,development
1574148187.072,2963,746,None,Move,development
1574148187.077,2962,746,None,Move,development
1574148187.086,2962,746,None,Move,development
1574148187.093,2961,746,None,Move,development
1574148187.1020002,2959,745,None,Move,development
1574148187.11,2958,745,None,Move,development
1574148187.1179998,2957,745,None,Move,development
1574148187.1260002,2954,745,None,Move,development
1574148187.1339998,2953,746,None,Move,development
1574148187.1420002,2952,747,None,Move,development
1574148187.147,2950,747,None,Move,development
1574148187.157,2947,749,None,Move,development
1574148187.164,2945,750,None,Move,development
1574148187.1720002,2944,751,None,Move,development
1574148187.18,2942,752,None,Move,development
1574148187.188,2941,753,None,Move,development
1574148187.196,2940,754,None,Move,development
1574148187.204,2939,755,None,Move,development
1574148187.212,2938,756,None,Move,development
1574148187.218,2936,758,None,Move,development
1574148187.226,2933,759,None,Move,development
1574148187.234,2931,761,None,Move,development
1574148187.242,2929,762,None,Move,development
1574148187.25,2926,764,None,Move,development
1574148187.258,2925,765,None,Move,development
1574148187.266,2923,767,None,Move,development
1574148187.274,2920,768,None,Move,development
1574148187.282,2917,771,None,Move,development
1574148187.291,2915,772,None,Move,development
1574148187.296,2913,774,None,Move,development
1574148187.304,2911,775,None,Move,development
1574148187.312,2910,777,None,Move,development
1574148187.32,2908,778,None,Move,development
1574148187.3279998,2906,779,None,Move,development
1574148187.336,2905,781,None,Move,development
1574148187.345,2903,782,None,Move,development
1574148187.3520002,2902,782,None,Move,development
1574148187.36,2901,784,None,Move,development
1574148187.367,2899,785,None,Move,development
1574148187.3739998,2898,787,None,Move,development
1574148187.3820002,2896,788,None,Move,development
1574148187.39,2895,789,None,Move,development
1574148187.3979998,2893,791,None,Move,development
1574148187.406,2892,791,None,Move,development
1574148187.414,2891,793,None,Move,development
1574148187.4220002,2890,793,None,Move,development
1574148187.4320002,2889,793,None,Move,development
1574148187.44,2889,794,None,Move,development
1574148187.744,2889,794,None,Move,development
1574148187.756,2888,794,None,Move,development
1574148187.764,2884,794,None,Move,development
1574148187.772,2881,794,None,Move,development
1574148187.78,2878,794,None,Move,development
1574148187.788,2875,794,None,Move,development
1574148187.794,2872,794,None,Move,development
1574148187.802,2869,794,None,Move,development
1574148187.81,2867,794,None,Move,development
1574148187.8179998,2865,793,None,Move,development
1574148187.8279998,2864,793,None,Move,development
1574148187.835,2863,792,None,Move,development
1574148187.842,2863,792,None,Move,development
1574148187.85,2863,792,None,Move,development
1574148187.856,2863,791,None,Move,development
1574148187.8720002,2863,791,None,Move,development
1574148187.88,2862,791,None,Move,development
1574148187.8879998,2862,790,None,Move,development
1574148187.896,2861,789,None,Move,development
1574148187.904,2861,788,None,Move,development
1574148187.916,2861,788,None,Move,development
1574148187.924,2861,787,None,Move,development
1574148187.93,2860,787,None,Move,development
1574148187.938,2860,786,None,Move,development
1574148187.95,2860,785,None,Move,development
1574148187.958,2859,785,None,Move,development
1574148188.156,2858,785,None,Move,development
1574148188.164,2855,785,None,Move,development
1574148188.1720002,2852,785,None,Move,development
1574148188.18,2847,784,None,Move,development
1574148188.188,2841,784,None,Move,development
1574148188.196,2836,784,None,Move,development
1574148188.204,2827,782,None,Move,development
1574148188.212,2820,780,None,Move,development
1574148188.218,2812,776,None,Move,development
1574148188.226,2804,773,None,Move,development
1574148188.234,2795,770,None,Move,development
1574148188.242,2787,767,None,Move,development
1574148188.25,2780,764,None,Move,development
1574148188.258,2774,761,None,Move,development
1574148188.266,2768,758,None,Move,development
1574148188.274,2762,756,None,Move,development
1574148188.282,2756,754,None,Move,development
1574148188.288,2750,751,None,Move,development
1574148188.296,2745,748,None,Move,development
1574148188.304,2739,744,None,Move,development
1574148188.312,2733,742,None,Move,development
1574148188.32,2727,739,None,Move,development
1574148188.3279998,2721,738,None,Move,development
1574148188.336,2715,736,None,Move,development
1574148188.344,2709,733,None,Move,development
1574148188.3520002,2703,729,None,Move,development
1574148188.3579998,2697,724,None,Move,development
1574148188.3660002,2691,721,None,Move,development
1574148188.3739998,2685,717,None,Move,development
1574148188.3820002,2678,713,None,Move,development
1574148188.39,2672,709,None,Move,development
1574148188.3979998,2664,705,None,Move,development
1574148188.406,2655,702,None,Move,development
1574148188.414,2647,699,None,Move,development
1574148188.4220002,2637,697,None,Move,development
1574148188.428,2629,695,None,Move,development
1574148188.436,2621,693,None,Move,development
1574148188.444,2613,691,None,Move,development
1574148188.452,2604,689,None,Move,development
1574148188.46,2597,687,None,Move,development
1574148188.468,2591,685,None,Move,development
1574148188.476,2586,684,None,Move,development
1574148188.484,2581,682,None,Move,development
1574148188.492,2578,681,None,Move,development
1574148188.498,2575,681,None,Move,development
1574148188.506,2572,680,None,Move,development
1574148188.514,2570,680,None,Move,development
1574148188.522,2568,680,None,Move,development
1574148188.53,2567,680,None,Move,development
1574148188.538,2565,680,None,Move,development
1574148188.546,2564,680,None,Move,development
1574148188.554,2563,681,None,Move,development
1574148188.562,2561,681,None,Move,development
1574148189.48,2561,681,None,Move,development
1574148189.488,2556,680,None,Move,development
1574148189.496,2550,678,None,Move,development
1574148189.5010002,2545,677,None,Move,development
1574148189.5089998,2539,675,None,Move,development
1574148189.518,2533,673,None,Move,development
1574148189.526,2526,671,None,Move,development
1574148189.534,2519,669,None,Move,development
1574148189.542,2511,667,None,Move,development
1574148189.55,2503,665,None,Move,development
1574148189.5579998,2496,663,None,Move,development
1574148189.566,2491,662,None,Move,development
1574148189.572,2489,660,None,Move,development
1574148189.58,2488,659,None,Move,development
1574148189.5879998,2487,659,None,Move,development
1574148189.596,2486,658,None,Move,development
1574148189.771,2487,658,None,Move,development
1574148189.779,2488,656,None,Move,development
1574148189.785,2490,656,None,Move,development
1574148189.793,2492,656,None,Move,development
1574148189.801,2495,656,None,Move,development
1574148189.81,2498,656,None,Move,development
1574148189.8179998,2501,656,None,Move,development
1574148189.826,2505,656,None,Move,development
1574148189.834,2507,656,None,Move,development
1574148189.842,2508,657,None,Move,development
1574148189.85,2510,658,None,Move,development
1574148189.856,2511,659,None,Move,development
1574148189.8639998,2512,660,None,Move,development
1574148189.8720002,2514,660,None,Move,development
1574148189.88,2515,661,None,Move,development
1574148189.8879998,2516,661,None,Move,development
1574148189.896,2517,663,None,Move,development
1574148189.904,2518,663,None,Move,development
1574148189.9120002,2520,665,None,Move,development
1574148189.92,2521,666,None,Move,development
1574148189.926,2523,668,None,Move,development
1574148189.934,2525,668,None,Move,development
1574148189.9420002,2526,669,None,Move,development
1574148189.95,2527,671,None,Move,development
1574148189.958,2529,671,None,Move,development
1574148189.966,2532,673,None,Move,development
1574148189.974,2535,674,None,Move,development
1574148189.982,2538,675,None,Move,development
1574148189.99,2541,676,None,Move,development
1574148189.996,2544,676,None,Move,development
1574148190.004,2547,677,None,Move,development
1574148190.012,2549,677,None,Move,development
1574148190.02,2551,677,None,Move,development
1574148190.028,2553,677,None,Move,development
1574148190.036,2555,677,None,Move,development
1574148190.044,2556,677,None,Move,development
1574148190.052,2559,677,None,Move,development
1574148190.06,2560,677,None,Move,development
1574148190.066,2561,677,None,Move,development
1574148190.074,2562,677,None,Move,development
1574148190.082,2564,677,None,Move,development
1574148190.09,2565,677,None,Move,development
1574148190.0979998,2566,677,None,Move,development
1574148190.106,2568,677,None,Move,development
1574148190.1139998,2568,677,None,Move,development
1574148190.1220002,2569,676,None,Move,development
1574148190.13,2571,676,None,Move,development
1574148190.14,2571,676,None,Move,development
1574148190.184,2572,675,None,Move,development
1574148190.196,2573,675,None,Move,development
1574148190.202,2573,674,None,Move,development
1574148190.21,2574,673,None,Move,development
1574148190.218,2576,673,None,Move,development
1574148190.226,2577,673,None,Move,development
1574148190.234,2579,671,None,Move,development
1574148190.242,2581,671,None,Move,development
1574148190.25,2583,670,None,Move,development
1574148190.258,2585,669,None,Move,development
1574148190.266,2586,668,None,Move,development
1574148190.2729998,2588,668,None,Move,development
1574148190.28,2589,668,None,Move,development
1574148190.288,2590,668,None,Move,development
1574148190.414,2592,667,None,Move,development
1574148190.424,2592,667,None,Move,development
1574148190.431,2593,667,None,Move,development
1574148190.44,2595,667,None,Move,development
1574148190.448,2596,666,None,Move,development
1574148190.456,2598,666,None,Move,development
1574148190.464,2601,666,None,Move,development
1574148190.471,2603,666,None,Move,development
1574148190.48,2606,666,None,Move,development
1574148190.488,2608,666,None,Move,development
1574148190.4929998,2609,666,None,Move,development
1574148190.502,2610,666,None,Move,development
1574148190.5089998,2612,666,None,Move,development
1574148190.5170002,2613,667,None,Move,development
1574148190.526,2614,667,None,Move,development
1574148190.534,2616,668,None,Move,development
1574148190.542,2617,669,None,Move,development
1574148190.55,2618,670,None,Move,development
1574148190.5570002,2620,671,None,Move,development
1574148190.564,2621,672,None,Move,development
1574148190.571,2623,674,None,Move,development
1574148190.58,2624,675,None,Move,development
1574148190.5879998,2626,677,None,Move,development
1574148190.596,2627,677,None,Move,development
1574148190.604,2628,679,None,Move,development
1574148190.611,2630,679,None,Move,development
1574148190.62,2631,680,None,Move,development
1574148190.6279998,2632,680,None,Move,development
1574148190.633,2633,681,None,Move,development
1574148190.6420002,2633,681,None,Move,development
1574148190.649,2635,681,None,Move,development
1574148190.658,2635,681,None,Move,development
1574148190.67,2636,681,None,Move,development
1574148190.686,2636,681,None,Move,development
1574148190.694,2637,681,None,Move,development
1574148190.702,2638,681,None,Move,development
1574148190.707,2638,681,None,Move,development
1574148190.722,2639,681,None,Move,development
1574148190.7270002,2639,681,None,Move,development
1574148190.8639998,2639,681,None,Move,development
1574148190.8720002,2638,680,None,Move,development
1574148190.88,2636,678,None,Move,development
1574148190.8879998,2633,677,None,Move,development
1574148190.896,2631,675,None,Move,development
1574148190.904,2628,674,None,Move,development
1574148190.9120002,2626,672,None,Move,development
1574148190.918,2624,671,None,Move,development
1574148190.926,2622,669,None,Move,development
1574148190.934,2619,668,None,Move,development
1574148190.9420002,2615,666,None,Move,development
1574148190.95,2614,665,None,Move,development
1574148190.958,2613,664,None,Move,development
1574148190.966,2613,663,None,Move,development
1574148191.18,2611,663,None,Move,development
1574148191.188,2610,664,None,Move,development
1574148191.196,2609,664,None,Move,development
1574148191.202,2607,664,None,Move,development
1574148191.21,2606,664,None,Move,development
1574148191.218,2605,665,None,Move,development
1574148191.226,2604,665,None,Move,development
1574148191.234,2602,665,None,Move,development
1574148191.242,2602,665,None,Move,development
1574148191.25,2601,665,None,Move,development
1574148191.258,2601,665,None,Move,development
1574148191.28,2601,665,None,Move,development
1574148191.9770002,2600,665,None,Move,development
1574148191.985,2597,665,None,Move,development
1574148191.9910002,2595,664,None,Move,development
1574148191.9989998,2592,662,None,Move,development
1574148192.008,2590,660,None,Move,development
1574148192.016,2587,659,None,Move,development
1574148192.0229998,2585,657,None,Move,development
1574148192.031,2582,656,None,Move,development
1574148192.04,2580,654,None,Move,development
1574148192.048,2577,653,None,Move,development
1574148192.056,2575,651,None,Move,development
1574148192.062,2574,650,None,Move,development
1574148192.07,2572,649,None,Move,development
1574148192.0779998,2571,649,None,Move,development
1574148192.086,2570,647,None,Move,development
1574148192.094,2568,646,None,Move,development
1574148192.1020002,2568,646,None,Move,development
1574148192.11,2567,646,None,Move,development
1574148192.1179998,2567,645,None,Move,development
1574148192.2,2567,645,None,Move,development
1574148192.209,2567,645,None,Move,development
1574148192.218,2571,647,None,Move,development
1574148192.226,2574,649,None,Move,development
1574148192.2329998,2576,649,None,Move,development
1574148192.242,2579,651,None,Move,development
1574148192.25,2581,652,None,Move,development
1574148192.258,2584,653,None,Move,development
1574148192.265,2589,655,None,Move,development
1574148192.274,2594,657,None,Move,development
1574148192.279,2603,659,None,Move,development
1574148192.288,2612,661,None,Move,development
1574148192.296,2623,665,None,Move,development
1574148192.304,2637,671,None,Move,development
1574148192.312,2653,679,None,Move,development
1574148192.32,2668,687,None,Move,development
1574148192.3279998,2685,693,None,Move,development
1574148192.336,2701,701,None,Move,development
1574148192.346,2716,709,None,Move,development
1574148192.351,2732,718,None,Move,development
1574148192.3579998,2747,726,None,Move,development
1574148192.3660002,2760,733,None,Move,development
1574148192.3739998,2769,739,None,Move,development
1574148192.3820002,2775,745,None,Move,development
1574148192.39,2780,752,None,Move,development
1574148192.3979998,2783,756,None,Move,development
1574148192.406,2785,760,None,Move,development
1574148192.414,2786,762,None,Move,development
1574148192.42,2788,763,None,Move,development
1574148192.428,2788,764,None,Move,development
1574148192.436,2788,765,None,Move,development
1574148192.444,2788,766,None,Move,development
1574148192.452,2788,766,None,Move,development
1574148192.46,2788,767,None,Move,development
1574148192.468,2788,769,None,Move,development
1574148192.476,2788,770,None,Move,development
1574148192.484,2788,771,None,Move,development
1574148192.49,2788,773,None,Move,development
1574148192.498,2788,776,None,Move,development
1574148192.506,2788,779,None,Move,development
1574148192.514,2790,782,None,Move,development
1574148192.522,2791,785,None,Move,development
1574148192.53,2792,787,None,Move,development
1574148192.538,2793,790,None,Move,development
1574148192.546,2794,792,None,Move,development
1574148192.554,2795,793,None,Move,development
1574148192.563,2797,794,None,Move,development
1574148192.569,2798,797,None,Move,development
1574148192.576,2799,798,None,Move,development
1574148192.584,2799,800,None,Move,development
1574148192.592,2801,802,None,Move,development
1574148192.6,2802,803,None,Move,development
1574148192.6079998,2802,804,None,Move,development
1574148192.6160002,2802,806,None,Move,development
1574148192.623,2803,807,None,Move,development
1574148192.63,2804,808,None,Move,development
1574148192.6379998,2805,810,None,Move,development
1574148192.646,2806,811,None,Move,development
1574148192.654,2808,813,None,Move,development
1574148192.6620002,2809,815,None,Move,development
1574148192.67,2810,817,None,Move,development
1574148192.678,2812,819,None,Move,development
1574148192.686,2813,822,None,Move,development
1574148192.694,2815,824,None,Move,development
1574148192.7,2816,827,None,Move,development
1574148192.708,2818,829,None,Move,development
1574148192.716,2819,832,None,Move,development
1574148192.724,2821,833,None,Move,development
1574148192.732,2822,834,None,Move,development
1574148192.74,2823,836,None,Move,development
1574148192.748,2823,836,None,Move,development
1574148192.756,2824,836,None,Move,development
1574148193.324,2824,836,None,Move,development
1574148193.336,2824,836,None,Move,development
1574148193.342,2822,836,None,Move,development
1574148193.35,2820,836,None,Move,development
1574148193.3579998,2818,836,None,Move,development
1574148193.3660002,2814,836,None,Move,development
1574148193.3739998,2810,835,None,Move,development
1574148193.3820002,2804,835,None,Move,development
1574148193.39,2799,835,None,Move,development
1574148193.3979998,2793,835,None,Move,development
1574148193.406,2788,836,None,Move,development
1574148193.414,2782,837,None,Move,development
1574148193.42,2776,839,None,Move,development
1574148193.428,2772,840,None,Move,development
1574148193.436,2768,840,None,Move,development
1574148193.444,2766,840,None,Move,development
1574148193.452,2763,840,None,Move,development
1574148193.46,2761,841,None,Move,development
1574148193.468,2760,841,None,Move,development
1574148193.476,2759,841,None,Move,development
1574148193.484,2757,841,None,Move,development
1574148193.49,2756,841,None,Move,development
1574148193.498,2755,842,None,Move,development
1574148193.506,2753,842,None,Move,development
1574148193.514,2751,842,None,Move,development
1574148193.522,2748,842,None,Move,development
1574148193.53,2744,843,None,Move,development
1574148193.538,2740,843,None,Move,development
1574148193.546,2736,843,None,Move,development
1574148193.554,2731,844,None,Move,development
1574148193.56,2727,844,None,Move,development
1574148193.5679998,2723,844,None,Move,development
1574148193.576,2720,844,None,Move,development
1574148193.584,2719,844,None,Move,development
1574148193.592,2717,844,None,Move,development
1574148193.6,2716,844,None,Move,development
1574148193.6079998,2715,844,None,Move,development
1574148193.6160002,2714,844,None,Move,development
1574148193.6239998,2712,843,None,Move,development
1574148193.63,2712,843,None,Move,development
1574148193.6379998,2710,843,None,Move,development
1574148193.646,2709,842,None,Move,development
1574148193.654,2708,842,None,Move,development
1574148193.6620002,2706,842,None,Move,development
1574148193.67,2705,842,None,Move,development
1574148193.678,2705,842,None,Move,development
1574148193.686,2704,842,None,Move,development
1574148193.6929998,2703,842,None,Move,development
1574148193.699,2701,841,None,Move,development
1574148193.707,2700,841,None,Move,development
1574148193.716,2699,840,None,Move,development
1574148193.724,2697,840,None,Move,development
1574148193.732,2695,840,None,Move,development
1574148193.7389998,2692,840,None,Move,development
1574148193.748,2688,840,None,Move,development
1574148193.756,2683,840,None,Move,development
1574148193.764,2679,840,None,Move,development
1574148193.77,2675,840,None,Move,development
1574148193.778,2671,840,None,Move,development
1574148193.786,2667,841,None,Move,development
1574148193.794,2664,841,None,Move,development
1574148193.802,2660,841,None,Move,development
1574148193.81,2657,841,None,Move,development
1574148193.8179998,2655,841,None,Move,development
1574148193.826,2653,841,None,Move,development
1574148193.834,2652,841,None,Move,development
1574148193.84,2651,841,None,Move,development
1574148193.8479998,2649,841,None,Move,development
1574148193.856,2648,841,None,Move,development
1574148193.8639998,2647,841,None,Move,development
1574148193.8720002,2646,841,None,Move,development
1574148193.88,2645,841,None,Move,development
1574148193.8879998,2644,841,None,Move,development
1574148193.896,2642,841,None,Move,development
1574148193.904,2641,841,None,Move,development
1574148193.911,2639,841,None,Move,development
1574148193.917,2638,841,None,Move,development
1574148193.926,2635,841,None,Move,development
1574148193.934,2633,842,None,Move,development
1574148193.9420002,2629,843,None,Move,development
1574148193.95,2627,843,None,Move,development
1574148193.958,2626,843,None,Move,development
1574148193.967,2624,843,None,Move,development
1574148193.974,2622,843,None,Move,development
1574148193.982,2620,843,None,Move,development
1574148193.99,2618,843,None,Move,development
1574148193.996,2617,843,None,Move,development
1574148194.004,2616,843,None,Move,development
1574148194.012,2614,843,None,Move,development
1574148194.02,2611,844,None,Move,development
1574148194.028,2608,844,None,Move,development
1574148194.036,2605,844,None,Move,development
1574148194.044,2603,844,None,Move,development
1574148194.052,2601,844,None,Move,development
1574148194.0579998,2600,844,None,Move,development
1574148194.066,2599,844,None,Move,development
1574148194.074,2597,844,None,Move,development
1574148194.082,2596,844,None,Move,development
1574148194.09,2595,844,None,Move,development
1574148194.0979998,2592,843,None,Move,development
1574148194.106,2590,842,None,Move,development
1574148194.1139998,2587,842,None,Move,development
1574148194.1220002,2584,842,None,Move,development
1574148194.1279998,2581,842,None,Move,development
1574148194.1360002,2578,841,None,Move,development
1574148194.144,2574,840,None,Move,development
1574148194.1520002,2571,840,None,Move,development
1574148194.16,2567,839,None,Move,development
1574148194.168,2564,838,None,Move,development
1574148194.176,2558,837,None,Move,development
1574148194.184,2552,837,None,Move,development
1574148194.1920002,2547,837,None,Move,development
1574148194.198,2542,837,None,Move,development
1574148194.207,2536,837,None,Move,development
1574148194.214,2531,837,None,Move,development
1574148194.222,2525,837,None,Move,development
1574148194.23,2522,837,None,Move,development
1574148194.238,2519,837,None,Move,development
1574148194.246,2518,837,None,Move,development
1574148194.254,2516,837,None,Move,development
1574148194.262,2514,837,None,Move,development
1574148194.268,2511,837,None,Move,development
1574148194.2770002,2508,837,None,Move,development
1574148194.284,2505,837,None,Move,development
1574148194.292,2502,837,None,Move,development
1574148194.3,2499,837,None,Move,development
1574148194.3079998,2496,837,None,Move,development
1574148194.316,2492,836,None,Move,development
1574148194.325,2490,835,None,Move,development
1574148194.332,2488,834,None,Move,development
1574148194.3379998,2486,833,None,Move,development
1574148194.346,2484,832,None,Move,development
1574148194.354,2480,831,None,Move,development
1574148194.3620002,2476,830,None,Move,development
1574148194.37,2473,828,None,Move,development
1574148194.3779998,2467,826,None,Move,development
1574148194.3860002,2461,825,None,Move,development
1574148194.394,2456,825,None,Move,development
1574148194.4020002,2451,823,None,Move,development
1574148194.408,2448,822,None,Move,development
1574148194.416,2444,821,None,Move,development
1574148194.424,2441,820,None,Move,development
1574148194.4320002,2439,819,None,Move,development
1574148194.44,2436,817,None,Move,development
1574148194.448,2434,816,None,Move,development
1574148194.456,2431,815,None,Move,development
1574148194.464,2427,814,None,Move,development
1574148194.472,2421,813,None,Move,development
1574148194.48,2416,813,None,Move,development
1574148194.486,2410,813,None,Move,development
1574148194.494,2405,813,None,Move,development
1574148194.502,2399,813,None,Move,development
1574148194.51,2396,813,None,Move,development
1574148194.518,2394,813,None,Move,development
1574148194.526,2392,813,None,Move,development
1574148194.534,2390,813,None,Move,development
1574148194.542,2388,813,None,Move,development
1574148194.5470002,2385,813,None,Move,development
1574148194.556,2380,814,None,Move,development
1574148194.564,2374,814,None,Move,development
1574148194.571,2367,814,None,Move,development
1574148194.58,2361,814,None,Move,development
1574148194.587,2354,814,None,Move,development
1574148194.596,2347,814,None,Move,development
1574148194.604,2340,814,None,Move,development
1574148194.611,2335,814,None,Move,development
1574148194.617,2328,814,None,Move,development
1574148194.6260002,2323,814,None,Move,development
1574148194.6339998,2317,814,None,Move,development
1574148194.6420002,2312,814,None,Move,development
1574148194.649,2308,814,None,Move,development
1574148194.658,2305,814,None,Move,development
1574148194.666,2303,814,None,Move,development
1574148194.674,2300,815,None,Move,development
1574148194.6820002,2299,815,None,Move,development
1574148194.689,2295,815,None,Move,development
1574148194.696,2289,816,None,Move,development
1574148194.704,2284,817,None,Move,development
1574148194.711,2278,818,None,Move,development
1574148194.72,2273,818,None,Move,development
1574148194.728,2267,819,None,Move,development
1574148194.736,2263,819,None,Move,development
1574148194.744,2260,819,None,Move,development
1574148194.7510002,2259,819,None,Move,development
1574148194.758,2256,819,None,Move,development
1574148194.771,2255,819,None,Move,development
1574148194.784,2253,819,None,Move,development
1574148194.791,2253,819,None,Move,development
1574148194.81,2252,819,None,Move,development
1574148194.906,2252,819,None,Move,development
1574148194.917,2251,819,None,Move,development
1574148194.926,2251,819,None,Move,development
1574148194.934,2250,819,None,Move,development
1574148194.996,2249,819,None,Move,development
1574148195.008,2248,818,None,Move,development
1574148195.016,2247,817,None,Move,development
1574148195.024,2246,816,None,Move,development
1574148195.031,2245,816,None,Move,development
1574148195.04,2244,815,None,Move,development
1574148195.046,2243,815,None,Move,development
1574148195.054,2242,814,None,Move,development
1574148195.144,2242,814,None,Move,development
1574148195.16,2241,814,None,Move,development
1574148195.613,2241,814,None,Move,development
1574148195.63,2241,814,None,Move,development
1574148195.637,2242,814,None,Move,development
1574148195.646,2243,814,None,Move,development
1574148195.654,2244,814,None,Move,development
1574148195.6620002,2244,814,None,Move,development
1574148195.728,2244,814,None,Move,development
1574148195.74,2245,814,None,Move,development
1574148195.748,2246,814,None,Move,development
1574148195.754,2247,814,None,Move,development
1574148195.762,2247,814,None,Move,development
1574148195.77,2248,814,None,Move,development
1574148195.778,2249,814,None,Move,development
1574148195.786,2250,813,None,Move,development
1574148195.794,2250,813,None,Move,development
1574148195.803,2251,813,None,Move,development
1574148195.814,2251,813,None,Move,development
1574148195.8279998,2252,813,None,Move,development
1574148196.12,2252,813,None,Move,development
1574148196.3860002,2252,813,None,Move,development
1574148197.316,2252,813,None,Move,development
1574148197.436,2252,813,None,Move,development
1574148197.544,2251,813,None,Move,development
1574148197.556,2250,813,None,Move,development
1574148197.564,2249,813,None,Move,development
1574148197.571,2249,813,None,Move,development
1574148197.58,2248,813,None,Move,development
1574148197.587,2248,813,None,Move,development
1574148197.596,2247,813,None,Move,development
1574148197.604,2246,813,None,Move,development
1574148197.6139998,2246,813,None,Move,development
1574148197.7,2245,813,None,Move,development
1574148197.7129998,2245,813,None,Move,development
1574148197.72,2244,813,None,Move,development
1574148197.728,2244,813,None,Move,development
1574148197.736,2242,813,None,Move,development
1574148197.744,2241,813,None,Move,development
1574148197.958,2240,813,None,Move,development
1574148197.972,2240,813,None,Move,development
1574148198.042,2239,813,None,Move,development
1574148198.054,2239,813,None,Move,development
1574148198.066,2238,813,None,Move,development
1574148198.074,2238,813,None,Move,development
1574148198.082,2237,813,None,Move,development
1574148198.094,2236,813,None,Move,development
1574148198.1020002,2236,813,None,Move,development
1574148198.1079998,2235,813,None,Move,development
1574148198.1160002,2235,813,None,Move,development
1574148198.1279998,2234,813,None,Move,development
1574148198.1360002,2234,814,None,Move,development
1574148199.214,2234,814,None,Move,development
1574148201.436,2233,815,None,Move,development
1574148201.458,2232,815,None,Move,development
1574148201.466,2232,816,None,Move,development
1574148201.474,2232,816,None,Move,development
1574148201.482,2232,817,None,Move,development
1574148201.49,2232,819,None,Move,development
1574148201.498,2232,822,None,Move,development
1574148201.506,2232,823,None,Move,development
1574148201.514,2230,826,None,Move,development
1574148201.54,2230,826,None,Move,development
1574148201.988,2230,826,None,Move,development
1574148202.086,2230,826,None,Move,development
1574148202.094,2230,825,None,Move,development
1574148202.164,2230,825,None,Move,development
1574148202.17,2232,823,None,Move,development
1574148202.178,2236,817,None,Move,development
1574148202.186,2243,809,None,Move,development
1574148202.194,2252,801,None,Move,development
1574148202.202,2260,790,None,Move,development
1574148202.21,2270,779,None,Move,development
1574148202.218,2274,774,None,Move,development
1574148202.226,2275,773,None,Move,development
1574148202.234,2276,770,None,Move,development
1574148202.242,2278,765,None,Move,development
1574148202.248,2280,761,None,Move,development
1574148202.256,2283,756,None,Move,development
1574148202.264,2286,750,None,Move,development
1574148202.272,2290,744,None,Move,development
1574148202.28,2295,738,None,Move,development
1574148202.288,2300,732,None,Move,development
1574148202.296,2306,726,None,Move,development
1574148202.304,2312,719,None,Move,development
1574148202.312,2319,713,None,Move,development
1574148202.3179998,2325,707,None,Move,development
1574148202.326,2330,702,None,Move,development
1574148202.334,2334,697,None,Move,development
1574148202.342,2337,691,None,Move,development
1574148202.35,2342,685,None,Move,development
1574148202.3579998,2347,677,None,Move,development
1574148202.3660002,2351,668,None,Move,development
1574148202.3739998,2357,660,None,Move,development
1574148202.3820002,2359,654,None,Move,development
1574148202.3879998,2360,652,None,Move,development
1574148202.396,2361,650,None,Move,development
1574148202.404,2361,650,None,Move,development
1574148202.416,2361,650,None,Move,development
1574148202.424,2360,650,None,Move,development
1574148202.4320002,2359,650,None,Move,development
1574148202.44,2359,650,None,Move,development
1574148202.556,2359,650,None,Move,development
1574148202.564,2359,652,None,Move,development
1574148202.572,2359,654,None,Move,development
1574148202.58,2358,656,None,Move,development
1574148202.5879998,2357,657,None,Move,development
1574148202.596,2357,658,None,Move,development
1574148202.666,2356,658,None,Move,development
1574148202.676,2356,657,None,Move,development
1574148202.684,2356,655,None,Move,development
1574148202.6920002,2356,652,None,Move,development
1574148202.7,2358,648,None,Move,development
1574148202.708,2360,645,None,Move,development
1574148202.716,2360,643,None,Move,development
1574148202.724,2360,641,None,Move,development
1574148202.732,2360,641,None,Move,development
1574148202.7389998,2361,640,None,Move,development
1574148202.894,2361,640,None,Move,development
1574148202.9020002,2363,640,None,Move,development
1574148202.909,2364,640,None,Move,development
1574148202.918,2365,640,None,Move,development
1574148202.926,2367,641,None,Move,development
1574148202.934,2367,641,None,Move,development
1574148202.9420002,2369,642,None,Move,development
1574148202.95,2369,643,None,Move,development
1574148202.956,2370,643,None,Move,development
1574148203.05,2370,643,None,Move,development
1574148203.074,2371,644,None,Move,development
1574148203.086,2371,644,None,Move,development
1574148203.094,2372,645,None,Move,development
1574148203.099,2373,645,None,Move,development
1574148203.342,2373,645,Left,Pressed,development
1574148203.486,2373,645,Left,Released,development
1574148203.657,2373,645,None,Move,development
1574148203.67,2373,646,None,Move,development
1574148203.676,2374,647,None,Move,development
1574148203.684,2376,648,None,Move,development
1574148203.691,2376,649,None,Move,development
1574148203.7,2378,649,None,Move,development
1574148203.708,2379,650,None,Move,development
1574148203.716,2380,650,None,Move,development
1574148203.728,2380,650,None,Move,development
1574148203.893,2381,650,None,Move,development
1574148204.222,2382,650,None,Move,development
1574148204.242,2382,650,None,Move,development
1574148204.3079998,2383,649,None,Move,development
1574148204.3179998,2384,649,None,Move,development
1574148204.326,2384,649,None,Move,development
1574148204.762,2384,649,Left,Pressed,development
1574148204.836,2384,649,Left,Released,development
1574148204.906,2384,649,Left,Pressed,development
1574148205.0579998,2384,649,Left,Released,development
1574148205.5679998,2384,648,None,Move,development
1574148205.58,2385,648,None,Move,development
1574148208.242,2385,648,None,Move,development
1574148208.25,2386,647,None,Move,development
1574148208.256,2387,647,None,Move,development
1574148208.264,2389,646,None,Move,development
1574148208.272,2390,645,None,Move,development
1574148208.28,2391,645,None,Move,development
1574148208.288,2393,645,None,Move,development
1574148208.296,2395,645,None,Move,development
1574148208.304,2398,645,None,Move,development
1574148208.312,2401,645,None,Move,development
1574148208.32,2405,645,None,Move,development
1574148208.326,2410,645,None,Move,development
1574148208.334,2417,643,None,Move,development
1574148208.342,2425,641,None,Move,development
1574148208.35,2436,638,None,Move,development
1574148208.3579998,2446,636,None,Move,development
1574148208.3660002,2455,636,None,Move,development
1574148208.3739998,2466,636,None,Move,development
1574148208.3820002,2476,636,None,Move,development
1574148208.39,2487,637,None,Move,development
1574148208.396,2500,637,None,Move,development
1574148208.404,2514,637,None,Move,development
1574148208.4120002,2527,636,None,Move,development
1574148208.42,2540,634,None,Move,development
1574148208.428,2558,629,None,Move,development
1574148208.436,2572,626,None,Move,development
1574148208.444,2584,621,None,Move,development
1574148208.452,2595,618,None,Move,development
1574148208.46,2603,615,None,Move,development
1574148208.466,2610,613,None,Move,development
1574148208.474,2616,611,None,Move,development
1574148208.482,2619,609,None,Move,development
1574148208.49,2622,608,None,Move,development
1574148208.498,2624,606,None,Move,development
1574148208.506,2626,605,None,Move,development
1574148208.514,2628,604,None,Move,development
1574148208.522,2631,602,None,Move,development
1574148208.53,2637,599,None,Move,development
1574148208.536,2643,596,None,Move,development
1574148208.544,2650,594,None,Move,development
1574148208.551,2657,592,None,Move,development
1574148208.56,2664,590,None,Move,development
1574148208.5670002,2673,587,None,Move,development
1574148208.576,2681,585,None,Move,development
1574148208.584,2688,583,None,Move,development
1574148208.592,2696,581,None,Move,development
1574148208.599,2703,580,None,Move,development
1574148208.606,2711,579,None,Move,development
1574148208.6139998,2718,579,None,Move,development
1574148208.6220002,2725,579,None,Move,development
1574148208.63,2733,580,None,Move,development
1574148208.6379998,2739,582,None,Move,development
1574148208.646,2744,583,None,Move,development
1574148208.654,2749,584,None,Move,development
1574148208.6620002,2752,585,None,Move,development
1574148208.669,2754,585,None,Move,development
1574148208.676,2755,585,None,Move,development
1574148208.684,2756,585,None,Move,development
1574148208.6920002,2757,585,None,Move,development
1574148208.806,2757,586,None,Move,development
1574148208.814,2758,587,None,Move,development
1574148208.82,2760,588,None,Move,development
1574148208.8279998,2761,590,None,Move,development
1574148208.836,2761,590,None,Move,development
1574148208.844,2762,591,None,Move,development
1574148209.016,2763,591,None,Move,development
1574148209.024,2764,591,None,Move,development
1574148209.032,2766,590,None,Move,development
1574148209.038,2767,590,None,Move,development
1574148209.046,2768,589,None,Move,development
1574148209.054,2770,589,None,Move,development
1574148209.062,2774,588,None,Move,development
1574148209.07,2778,586,None,Move,development
1574148209.0779998,2784,585,None,Move,development
1574148209.086,2789,584,None,Move,development
1574148209.096,2795,584,None,Move,development
1574148209.1020002,2800,583,None,Move,development
1574148209.1079998,2804,583,None,Move,development
1574148209.1160002,2809,582,None,Move,development
1574148209.1239998,2813,581,None,Move,development
1574148209.1320002,2819,581,None,Move,development
1574148209.14,2824,581,None,Move,development
1574148209.1479998,2832,579,None,Move,development
1574148209.156,2839,579,None,Move,development
1574148209.164,2844,579,None,Move,development
1574148209.1720002,2850,579,None,Move,development
1574148209.178,2857,579,None,Move,development
1574148209.186,2862,579,None,Move,development
1574148209.194,2868,579,None,Move,development
1574148209.202,2872,579,None,Move,development
1574148209.21,2877,579,None,Move,development
1574148209.218,2882,579,None,Move,development
1574148209.226,2884,579,None,Move,development
1574148209.234,2886,578,None,Move,development
1574148209.242,2887,578,None,Move,development
1574148209.248,2888,578,None,Move,development
1574148209.256,2889,578,None,Move,development
1574148209.264,2889,578,None,Move,development
1574148209.276,2890,578,None,Move,development
1574148209.284,2890,576,None,Move,development
1574148209.292,2890,576,None,Move,development
1574148209.3,2890,575,None,Move,development
1574148209.3079998,2890,573,None,Move,development
1574148209.316,2890,572,None,Move,development
1574148209.322,2890,569,None,Move,development
1574148209.33,2888,564,None,Move,development
1574148209.3379998,2886,558,None,Move,development
1574148209.346,2884,554,None,Move,development
1574148209.354,2882,548,None,Move,development
1574148209.3620002,2880,544,None,Move,development
1574148209.37,2879,539,None,Move,development
1574148209.3779998,2879,536,None,Move,development
1574148209.3860002,2879,531,None,Move,development
1574148209.3920002,2878,525,None,Move,development
1574148209.4,2878,520,None,Move,development
1574148209.408,2878,513,None,Move,development
1574148209.416,2878,505,None,Move,development
1574148209.424,2879,497,None,Move,development
1574148209.4320002,2879,489,None,Move,development
1574148209.44,2879,481,None,Move,development
1574148209.448,2879,473,None,Move,development
1574148209.456,2878,464,None,Move,development
1574148209.462,2877,456,None,Move,development
1574148209.47,2875,447,None,Move,development
1574148209.478,2873,438,None,Move,development
1574148209.486,2870,430,None,Move,development
1574148209.494,2868,423,None,Move,development
1574148209.502,2866,416,None,Move,development
1574148209.51,2865,410,None,Move,development
1574148209.518,2863,406,None,Move,development
1574148209.526,2861,400,None,Move,development
1574148209.532,2859,394,None,Move,development
1574148209.54,2857,388,None,Move,development
1574148209.548,2855,383,None,Move,development
1574148209.556,2852,377,None,Move,development
1574148209.564,2849,373,None,Move,development
1574148209.572,2848,369,None,Move,development
1574148209.58,2846,365,None,Move,development
1574148209.5879998,2844,362,None,Move,development
1574148209.596,2843,359,None,Move,development
1574148209.6020002,2839,354,None,Move,development
1574148209.61,2835,350,None,Move,development
1574148209.6179998,2830,347,None,Move,development
1574148209.6260002,2826,342,None,Move,development
1574148209.6339998,2822,337,None,Move,development
1574148209.6420002,2819,332,None,Move,development
1574148209.65,2817,326,None,Move,development
1574148209.658,2816,321,None,Move,development
1574148209.666,2816,314,None,Move,development
1574148209.6720002,2816,306,None,Move,development
1574148209.68,2819,298,None,Move,development
1574148209.687,2821,289,None,Move,development
1574148209.696,2825,283,None,Move,development
1574148209.704,2828,277,None,Move,development
1574148209.711,2832,271,None,Move,development
1574148209.72,2835,267,None,Move,development
1574148209.728,2838,261,None,Move,development
1574148209.736,2840,257,None,Move,development
1574148209.742,2842,255,None,Move,development
1574148209.75,2846,250,None,Move,development
1574148209.758,2851,245,None,Move,development
1574148209.766,2857,240,None,Move,development
1574148209.774,2866,234,None,Move,development
1574148209.782,2874,228,None,Move,development
1574148209.79,2883,221,None,Move,development
1574148209.798,2892,214,None,Move,development
1574148209.806,2899,209,None,Move,development
1574148209.812,2903,207,None,Move,development
1574148209.82,2906,206,None,Move,development
1574148209.8279998,2907,204,None,Move,development
1574148209.836,2908,204,None,Move,development
1574148209.844,2909,203,None,Move,development
1574148209.856,2909,203,None,Move,development
1574148209.8639998,2910,203,None,Move,development
1574148210.02,2910,203,None,Move,development
1574148210.03,2911,202,None,Move,development
1574148210.038,2914,202,None,Move,development
1574148210.046,2919,202,None,Move,development
1574148210.054,2921,202,None,Move,development
1574148210.062,2924,203,None,Move,development
1574148210.07,2926,204,None,Move,development
1574148210.0779998,2927,205,None,Move,development
1574148210.086,2929,205,None,Move,development
1574148210.094,2931,205,None,Move,development
1574148210.1,2933,205,None,Move,development
1574148210.1079998,2936,205,None,Move,development
1574148210.1160002,2938,206,None,Move,development
1574148210.1239998,2940,206,None,Move,development
1574148210.1320002,2941,207,None,Move,development
1574148210.14,2941,207,None,Move,development
1574148210.206,2941,207,None,Move,development
1574148210.218,2941,208,None,Move,development
1574148210.226,2941,209,None,Move,development
1574148210.234,2941,210,None,Move,development
1574148210.2429998,2940,212,None,Move,development
1574148210.25,2938,218,None,Move,development
1574148210.256,2936,225,None,Move,development
1574148210.264,2934,233,None,Move,development
1574148210.272,2931,245,None,Move,development
1574148210.28,2927,261,None,Move,development
1574148210.288,2923,277,None,Move,development
1574148210.296,2917,301,None,Move,development
1574148210.304,2910,326,None,Move,development
1574148210.311,2900,356,None,Move,development
1574148210.319,2892,383,None,Move,development
1574148210.326,2882,408,None,Move,development
1574148210.334,2872,429,None,Move,development
1574148210.342,2864,444,None,Move,development
1574148210.35,2857,456,None,Move,development
1574148210.3579998,2852,463,None,Move,development
1574148210.3660002,2849,469,None,Move,development
1574148210.3739998,2848,472,None,Move,development
1574148210.38,2846,477,None,Move,development
1574148210.3879998,2844,479,None,Move,development
1574148210.396,2843,481,None,Move,development
1574148210.404,2841,483,None,Move,development
1574148210.4120002,2840,486,None,Move,development
1574148210.42,2838,489,None,Move,development
1574148210.428,2836,494,None,Move,development
1574148210.436,2834,499,None,Move,development
1574148210.444,2832,505,None,Move,development
1574148210.45,2831,510,None,Move,development
1574148210.458,2829,512,None,Move,development
1574148210.466,2827,516,None,Move,development
1574148210.474,2826,518,None,Move,development
1574148210.482,2824,520,None,Move,development
1574148210.49,2824,521,None,Move,development
1574148210.6260002,2824,521,None,Move,development
1574148210.6339998,2825,521,None,Move,development
1574148210.6420002,2826,520,None,Move,development
1574148210.65,2828,517,None,Move,development
1574148210.658,2832,515,None,Move,development
1574148210.664,2838,511,None,Move,development
1574148210.6720002,2844,508,None,Move,development
1574148210.68,2849,505,None,Move,development
1574148210.688,2853,502,None,Move,development
1574148210.696,2854,501,None,Move,development
1574148210.704,2856,500,None,Move,development
1574148210.712,2856,500,None,Move,development
1574148210.72,2858,498,None,Move,development
1574148210.728,2858,498,None,Move,development
1574148210.734,2859,497,None,Move,development
1574148210.742,2861,496,None,Move,development
1574148210.75,2862,495,None,Move,development
1574148210.758,2863,494,None,Move,development
1574148210.765,2864,493,None,Move,development
1574148210.7729998,2865,492,None,Move,development
1574148210.782,2866,492,None,Move,development
1574148210.79,2867,491,None,Move,development
1574148210.798,2867,491,None,Move,development
1574148210.938,2867,491,None,Move,development
1574148210.948,2867,491,None,Move,development
1574148210.956,2868,491,None,Move,development
1574148210.964,2868,493,None,Move,development
1574148210.972,2868,494,None,Move,development
1574148210.98,2868,495,None,Move,development
1574148210.988,2868,498,None,Move,development
1574148210.996,2868,500,None,Move,development
1574148211.004,2866,505,None,Move,development
1574148211.0110002,2865,508,None,Move,development
1574148211.0170002,2863,511,None,Move,development
1574148211.026,2861,515,None,Move,development
1574148211.034,2860,517,None,Move,development
1574148211.042,2858,518,None,Move,development
1574148211.049,2857,520,None,Move,development
1574148211.0579998,2856,521,None,Move,development
1574148211.066,2855,522,None,Move,development
1574148211.074,2853,524,None,Move,development
1574148211.082,2853,524,None,Move,development
1574148211.0879998,2852,526,None,Move,development
1574148211.096,2852,526,None,Move,development
1574148211.104,2851,527,None,Move,development
1574148211.1120002,2851,528,None,Move,development
1574148211.119,2850,529,None,Move,development
1574148211.1279998,2849,530,None,Move,development
1574148211.1360002,2849,530,None,Move,development
1574148211.298,2847,530,None,Move,development
1574148211.306,2842,530,None,Move,development
1574148211.314,2835,529,None,Move,development
1574148211.322,2826,526,None,Move,development
1574148211.33,2812,524,None,Move,development
1574148211.3379998,2797,522,None,Move,development
1574148211.346,2777,519,None,Move,development
1574148211.354,2754,518,None,Move,development
1574148211.3620002,2734,515,None,Move,development
1574148211.3679998,2718,513,None,Move,development
1574148211.3760002,2706,510,None,Move,development
1574148211.3839998,2697,506,None,Move,development
1574148211.3920002,2689,500,None,Move,development
1574148211.4,2682,493,None,Move,development
1574148211.408,2674,488,None,Move,development
1574148211.416,2668,485,None,Move,development
1574148211.424,2663,483,None,Move,development
1574148211.4320002,2659,482,None,Move,development
1574148211.44,2657,481,None,Move,development
1574148211.446,2656,480,None,Move,development
1574148211.454,2655,480,None,Move,development
1574148211.462,2654,480,None,Move,development
1574148211.47,2653,480,None,Move,development
1574148211.478,2652,480,None,Move,development
1574148211.486,2650,480,None,Move,development
1574148211.494,2646,482,None,Move,development
1574148211.502,2640,486,None,Move,development
1574148211.51,2633,490,None,Move,development
1574148211.516,2633,491,None,Move,development
1574148212.046,2633,491,None,Move,development
1574148212.054,2633,491,None,Move,development
1574148212.062,2635,490,None,Move,development
1574148212.07,2635,490,None,Move,development
1574148212.0779998,2637,490,None,Move,development
1574148212.084,2638,490,None,Move,development
1574148212.091,2639,490,None,Move,development
1574148212.1,2641,489,None,Move,development
1574148212.1079998,2641,489,None,Move,development
1574148212.149,2641,488,None,Move,development
1574148212.157,2642,488,None,Move,development
1574148212.165,2643,488,None,Move,development
1574148212.19,2644,488,None,Move,development
1574148212.244,2644,488,None,Move,development
1574148212.256,2645,488,None,Move,development
1574148212.264,2645,487,None,Move,development
1574148212.272,2646,487,None,Move,development
1574148212.28,2646,487,None,Move,development
1574148212.325,2647,487,None,Move,development
1574148212.357,2648,487,None,Move,development
1574148212.367,2648,487,None,Move,development
1574148212.396,2649,486,None,Move,development
1574148212.404,2650,486,None,Move,development
1574148212.4120002,2650,485,None,Move,development
1574148212.42,2652,485,None,Move,development
1574148212.428,2652,485,None,Move,development
1574148212.436,2654,484,None,Move,development
1574148212.441,2654,483,None,Move,development
1574148212.45,2655,482,None,Move,development
1574148212.458,2655,482,None,Move,development
1574148212.466,2657,481,None,Move,development
1574148212.474,2658,480,None,Move,development
1574148212.482,2659,478,None,Move,development
1574148212.49,2661,477,None,Move,development
1574148212.4970002,2662,476,None,Move,development
1574148212.505,2664,475,None,Move,development
1574148212.512,2664,474,None,Move,development
1574148212.519,2664,472,None,Move,development
1574148212.5270002,2665,471,None,Move,development
1574148212.535,2665,470,None,Move,development
1574148212.544,2665,468,None,Move,development
1574148212.552,2666,467,None,Move,development
1574148212.56,2666,466,None,Move,development
1574148212.5679998,2666,464,None,Move,development
1574148212.576,2667,463,None,Move,development
1574148212.584,2667,462,None,Move,development
1574148212.589,2668,461,None,Move,development
1574148212.597,2668,460,None,Move,development
1574148212.606,2668,459,None,Move,development
1574148212.613,2668,457,None,Move,development
1574148212.6220002,2670,456,None,Move,development
1574148212.629,2670,454,None,Move,development
1574148212.6379998,2672,453,None,Move,development
1574148212.646,2672,452,None,Move,development
1574148212.654,2674,450,None,Move,development
1574148212.659,2674,450,None,Move,development
1574148212.667,2674,450,None,Move,development
1574148212.676,2674,449,None,Move,development
1574148212.778,2674,449,None,Move,development
1574148213.07,2675,449,None,Move,development
1574148213.079,2676,449,None,Move,development
1574148213.087,2678,447,None,Move,development
1574148213.096,2678,447,None,Move,development
1574148213.104,2679,446,None,Move,development
1574148213.1160002,2680,446,None,Move,development
1574148214.579,2680,446,None,Move,development
1574148214.585,2679,446,None,Move,development
1574148214.593,2679,446,None,Move,development
1574148215.1479998,2679,445,None,Move,development
1574148215.154,2682,441,None,Move,development
1574148215.1620002,2684,439,None,Move,development
1574148215.17,2688,435,None,Move,development
1574148215.178,2693,431,None,Move,development
1574148215.186,2697,427,None,Move,development
1574148215.194,2703,423,None,Move,development
1574148215.202,2709,419,None,Move,development
1574148215.21,2714,416,None,Move,development
1574148215.218,2717,415,None,Move,development
1574148215.226,2719,413,None,Move,development
1574148215.2329998,2720,412,None,Move,development
1574148215.24,2722,410,None,Move,development
1574148215.248,2723,409,None,Move,development
1574148215.256,2724,408,None,Move,development
1574148215.264,2726,406,None,Move,development
1574148215.272,2727,405,None,Move,development
1574148215.28,2729,403,None,Move,development
1574148215.288,2732,402,None,Move,development
1574148215.296,2734,400,None,Move,development
1574148215.302,2738,399,None,Move,development
1574148215.31,2743,397,None,Move,development
1574148215.3179998,2749,395,None,Move,development
1574148215.326,2754,393,None,Move,development
1574148215.334,2760,391,None,Move,development
1574148215.342,2767,389,None,Move,development
1574148215.35,2776,387,None,Move,development
1574148215.3579998,2784,385,None,Move,development
1574148215.3660002,2795,383,None,Move,development
1574148215.3720002,2808,380,None,Move,development
1574148215.38,2821,378,None,Move,development
1574148215.387,2835,377,None,Move,development
1574148215.396,2848,375,None,Move,development
1574148215.404,2860,373,None,Move,development
1574148215.411,2871,370,None,Move,development
1574148215.42,2879,370,None,Move,development
1574148215.427,2886,370,None,Move,development
1574148215.436,2894,368,None,Move,development
1574148215.441,2901,368,None,Move,development
1574148215.45,2906,368,None,Move,development
1574148215.458,2912,368,None,Move,development
1574148215.466,2916,368,None,Move,development
1574148215.474,2919,368,None,Move,development
1574148215.482,2920,367,None,Move,development
1574148215.49,2922,366,None,Move,development
1574148215.498,2923,366,None,Move,development
1574148215.505,2924,365,None,Move,development
1574148215.5110002,2924,365,None,Move,development
1574148215.524,2924,364,None,Move,development
1574148215.606,2925,364,None,Move,development
1574148215.617,2925,364,None,Move,development
1574148215.625,2927,363,None,Move,development
1574148215.633,2929,363,None,Move,development
1574148215.641,2933,361,None,Move,development
1574148215.65,2936,360,None,Move,development
1574148215.656,2941,358,None,Move,development
1574148215.664,2945,357,None,Move,development
1574148215.671,2951,357,None,Move,development
1574148215.68,2956,356,None,Move,development
1574148215.688,2962,355,None,Move,development
1574148215.696,2967,355,None,Move,development
1574148215.704,2974,355,None,Move,development
1574148215.712,2980,355,None,Move,development
1574148215.72,2986,356,None,Move,development
1574148215.726,2992,358,None,Move,development
1574148215.734,2998,360,None,Move,development
1574148215.742,3004,361,None,Move,development
1574148215.75,3009,363,None,Move,development
1574148215.758,3012,364,None,Move,development
1574148215.766,3014,365,None,Move,development
1574148215.774,3015,365,None,Move,development
1574148215.782,3016,365,None,Move,development
1574148215.79,3017,366,None,Move,development
1574148215.7970002,3018,366,None,Move,development
1574148215.804,3018,366,None,Move,development
1574148215.964,3018,367,None,Move,development
1574148215.976,3018,368,None,Move,development
1574148215.984,3013,372,None,Move,development
1574148215.992,3007,379,None,Move,development
1574148216.0,3001,383,None,Move,development
1574148216.008,2995,386,None,Move,development
1574148216.014,2990,388,None,Move,development
1574148216.022,2985,390,None,Move,development
1574148216.03,2980,392,None,Move,development
1574148216.038,2976,394,None,Move,development
1574148216.046,2973,395,None,Move,development
1574148216.054,2970,397,None,Move,development
1574148216.062,2967,399,None,Move,development
1574148216.07,2962,400,None,Move,development
1574148216.0779998,2958,402,None,Move,development
1574148216.084,2952,405,None,Move,development
1574148216.091,2946,408,None,Move,development
1574148216.1,2940,410,None,Move,development
1574148216.1079998,2933,412,None,Move,development
1574148216.1160002,2926,414,None,Move,development
1574148216.1239998,2918,416,None,Move,development
1574148216.131,2911,418,None,Move,development
1574148216.14,2903,420,None,Move,development
1574148216.1479998,2894,423,None,Move,development
1574148216.153,2885,425,None,Move,development
1574148216.1620002,2874,429,None,Move,development
1574148216.17,2864,431,None,Move,development
1574148216.177,2856,432,None,Move,development
1574148216.186,2846,433,None,Move,development
1574148216.1929998,2840,434,None,Move,development
1574148216.202,2831,435,None,Move,development
1574148216.21,2823,435,None,Move,development
1574148216.218,2815,436,None,Move,development
1574148216.2229998,2808,438,None,Move,development
1574148216.231,2803,439,None,Move,development
1574148216.24,2796,439,None,Move,development
1574148216.248,2790,439,None,Move,development
1574148216.256,2786,439,None,Move,development
1574148216.264,2782,439,None,Move,development
1574148216.271,2778,439,None,Move,development
1574148216.28,2775,439,None,Move,development
1574148216.288,2771,438,None,Move,development
1574148216.293,2765,438,None,Move,development
1574148216.302,2760,438,None,Move,development
1574148216.309,2755,438,None,Move,development
1574148216.3170002,2749,438,None,Move,development
1574148216.326,2743,437,None,Move,development
1574148216.334,2739,437,None,Move,development
1574148216.342,2735,437,None,Move,development
1574148216.35,2732,437,None,Move,development
1574148216.3579998,2729,437,None,Move,development
1574148216.363,2726,437,None,Move,development
1574148216.371,2723,438,None,Move,development
1574148216.38,2720,439,None,Move,development
1574148216.3879998,2718,439,None,Move,development
1574148216.396,2716,441,None,Move,development
1574148216.404,2715,441,None,Move,development
1574148216.4120002,2714,442,None,Move,development
1574148216.42,2712,443,None,Move,development
1574148216.428,2711,443,None,Move,development
1574148216.436,2710,444,None,Move,development
1574148216.4420002,2709,445,None,Move,development
1574148216.45,2708,445,None,Move,development
1574148216.458,2708,445,None,Move,development
1574148216.466,2707,445,None,Move,development
1574148216.474,2706,446,None,Move,development
1574148216.482,2705,446,None,Move,development
1574148216.4889998,2704,446,None,Move,development
1574148216.498,2703,446,None,Move,development
1574148216.5029998,2702,447,None,Move,development
1574148216.5110002,2700,447,None,Move,development
1574148216.52,2699,447,None,Move,development
1574148216.528,2697,447,None,Move,development
1574148216.536,2694,447,None,Move,development
1574148216.544,2691,447,None,Move,development
1574148216.551,2686,447,None,Move,development
1574148216.56,2682,447,None,Move,development
1574148216.5679998,2676,446,None,Move,development
1574148216.574,2670,445,None,Move,development
1574148216.582,2665,443,None,Move,development
1574148216.59,2659,441,None,Move,development
1574148216.5979998,2654,440,None,Move,development
1574148216.607,2650,438,None,Move,development
1574148216.6139998,2644,436,None,Move,development
1574148216.6220002,2640,435,None,Move,development
1574148216.63,2636,433,None,Move,development
1574148216.6379998,2633,431,None,Move,development
1574148216.643,2631,430,None,Move,development
1574148216.6520002,2629,428,None,Move,development
1574148216.66,2625,427,None,Move,development
1574148216.668,2622,425,None,Move,development
1574148216.676,2620,423,None,Move,development
1574148216.684,2618,422,None,Move,development
1574148216.6920002,2615,421,None,Move,development
1574148216.7,2613,420,None,Move,development
1574148216.708,2611,418,None,Move,development
1574148216.714,2609,418,None,Move,development
1574148216.722,2606,417,None,Move,development
1574148216.73,2603,416,None,Move,development
1574148216.738,2598,416,None,Move,development
1574148216.746,2595,415,None,Move,development
1574148216.754,2591,415,None,Move,development
1574148216.762,2587,415,None,Move,development
1574148216.77,2584,415,None,Move,development
1574148216.778,2580,415,None,Move,development
1574148216.784,2575,415,None,Move,development
1574148216.792,2569,416,None,Move,development
1574148216.8,2563,416,None,Move,development
1574148216.8079998,2557,416,None,Move,development
1574148216.816,2550,416,None,Move,development
1574148216.824,2544,415,None,Move,development
1574148216.832,2537,413,None,Move,development
1574148216.84,2529,411,None,Move,development
1574148216.8479998,2518,407,None,Move,development
1574148216.856,2502,401,None,Move,development
1574148216.8620002,2488,396,None,Move,development
1574148216.87,2467,392,None,Move,development
1574148216.8779998,2444,384,None,Move,development
1574148216.8860002,2421,373,None,Move,development
1574148216.894,2400,361,None,Move,development
1574148216.9020002,2381,350,None,Move,development
1574148216.91,2369,340,None,Move,development
1574148216.918,2361,330,None,Move,development
1574148216.926,2352,321,None,Move,development
1574148216.9320002,2344,314,None,Move,development
1574148216.94,2339,307,None,Move,development
1574148216.948,2333,300,None,Move,development
1574148216.956,2327,294,None,Move,development
1574148216.964,2324,288,None,Move,development
1574148216.972,2322,284,None,Move,development
1574148216.98,2320,281,None,Move,development
1574148216.988,2319,279,None,Move,development
1574148216.996,2319,278,None,Move,development
1574148217.002,2319,277,None,Move,development
1574148217.01,2319,273,None,Move,development
1574148217.018,2323,269,None,Move,development
1574148217.026,2329,264,None,Move,development
1574148217.034,2338,257,None,Move,development
1574148217.042,2350,253,None,Move,development
1574148217.05,2364,249,None,Move,development
1574148217.0579998,2379,246,None,Move,development
1574148217.066,2397,243,None,Move,development
1574148217.071,2421,237,None,Move,development
1574148217.08,2449,227,None,Move,development
1574148217.0879998,2479,219,None,Move,development
1574148217.096,2522,206,None,Move,development
1574148217.103,2566,190,None,Move,development
1574148217.111,2615,175,None,Move,development
1574148217.12,2668,165,None,Move,development
1574148217.1279998,2722,155,None,Move,development
1574148217.1360002,2768,151,None,Move,development
1574148217.141,2815,149,None,Move,development
1574148217.15,2856,149,None,Move,development
1574148217.158,2894,148,None,Move,development
1574148217.165,2929,148,None,Move,development
1574148217.173,2955,150,None,Move,development
1574148217.1820002,2978,153,None,Move,development
1574148217.19,2996,155,None,Move,development
1574148217.198,3009,157,None,Move,development
1574148217.206,3020,157,None,Move,development
1574148217.212,3028,158,None,Move,development
1574148217.22,3035,159,None,Move,development
1574148217.228,3040,160,None,Move,development
1574148217.236,3044,160,None,Move,development
1574148217.244,3046,161,None,Move,development
1574148217.252,3047,161,None,Move,development
1574148217.26,3049,161,None,Move,development
1574148217.268,3051,161,None,Move,development
1574148217.276,3053,161,None,Move,development
1574148217.282,3057,160,None,Move,development
1574148217.29,3063,159,None,Move,development
1574148217.298,3068,157,None,Move,development
1574148217.306,3077,156,None,Move,development
1574148217.314,3086,154,None,Move,development
1574148217.322,3096,152,None,Move,development
1574148217.329,3106,150,None,Move,development
1574148217.337,3116,150,None,Move,development
1574148217.346,3125,151,None,Move,development
1574148217.351,3133,152,None,Move,development
1574148217.359,3139,152,None,Move,development
1574148217.367,3144,152,None,Move,development
1574148217.3760002,3150,154,None,Move,development
1574148217.3839998,3157,156,None,Move,development
1574148217.391,3164,157,None,Move,development
1574148217.4,3172,158,None,Move,development
1574148217.407,3180,158,None,Move,development
1574148217.416,3188,158,None,Move,development
1574148217.421,3198,159,None,Move,development
1574148217.43,3206,159,None,Move,development
1574148217.437,3214,160,None,Move,development
1574148217.446,3219,161,None,Move,development
1574148217.454,3225,161,None,Move,development
1574148217.462,3229,161,None,Move,development
1574148217.469,3235,161,None,Move,development
1574148217.4770002,3240,161,None,Move,development
1574148217.485,3247,161,None,Move,development
1574148217.4929998,3255,160,None,Move,development
1574148217.4989998,3263,159,None,Move,development
1574148217.5070002,3271,159,None,Move,development
1574148217.516,3279,159,None,Move,development
1574148217.5229998,3289,158,None,Move,development
1574148217.531,3299,157,None,Move,development
1574148217.539,3309,156,None,Move,development
1574148217.5470002,3317,154,None,Move,development
1574148217.556,3324,153,None,Move,development
1574148217.573,3334,153,None,Move,development
1574148217.58,3338,154,None,Move,development
1574148217.586,3341,155,None,Move,development
1574148217.594,3344,155,None,Move,development
1574148217.6020002,3348,157,None,Move,development
1574148217.609,3351,159,None,Move,development
1574148217.617,3355,161,None,Move,development
1574148217.625,3361,164,None,Move,development
1574148217.631,3366,168,None,Move,development
1574148217.64,3373,176,None,Move,development
1574148217.647,3378,186,None,Move,development
1574148217.656,3380,198,None,Move,development
1574148217.664,3380,212,None,Move,development
1574148217.671,3380,231,None,Move,development
1574148217.68,3377,251,None,Move,development
1574148217.688,3370,276,None,Move,development
1574148217.696,3362,301,None,Move,development
1574148217.702,3350,332,None,Move,development
1574148217.709,3336,360,None,Move,development
1574148217.718,3325,386,None,Move,development
1574148217.725,3311,417,None,Move,development
1574148217.734,3298,445,None,Move,development
1574148217.742,3285,472,None,Move,development
1574148217.7489998,3272,498,None,Move,development
1574148217.7570002,3261,523,None,Move,development
1574148217.766,3251,549,None,Move,development
1574148217.7729998,3243,573,None,Move,development
1574148217.779,3239,594,None,Move,development
1574148217.7870002,3237,608,None,Move,development
1574148217.796,3235,616,None,Move,development
1574148217.804,3235,622,None,Move,development
1574148217.811,3235,627,None,Move,development
1574148217.82,3237,631,None,Move,development
1574148217.827,3239,633,None,Move,development
1574148217.836,3241,634,None,Move,development
1574148217.844,3243,636,None,Move,development
1574148217.849,3244,636,None,Move,development
1574148217.857,3245,636,None,Move,development
1574148217.8660002,3247,636,None,Move,development
1574148217.873,3248,636,None,Move,development
1574148217.8820002,3248,636,None,Move,development
1574148217.889,3250,637,None,Move,development
1574148217.897,3250,638,None,Move,development
1574148217.906,3250,639,None,Move,development
1574148217.914,3250,640,None,Move,development
1574148217.92,3250,644,None,Move,development
1574148217.928,3249,650,None,Move,development
1574148217.936,3247,658,None,Move,development
1574148217.944,3245,666,None,Move,development
1574148217.951,3244,675,None,Move,development
1574148217.959,3244,683,None,Move,development
1574148217.968,3244,691,None,Move,development
1574148217.976,3244,696,None,Move,development
1574148217.984,3243,703,None,Move,development
1574148217.9889998,3242,710,None,Move,development
1574148217.998,3240,716,None,Move,development
1574148218.006,3238,719,None,Move,development
1574148218.014,3237,722,None,Move,development
1574148218.022,3234,725,None,Move,development
1574148218.029,3232,728,None,Move,development
1574148218.0370002,3228,731,None,Move,development
1574148218.046,3226,732,None,Move,development
1574148218.054,3224,734,None,Move,development
1574148218.059,3223,736,None,Move,development
1574148218.0670002,3220,739,None,Move,development
1574148218.076,3218,743,None,Move,development
1574148218.084,3215,747,None,Move,development
1574148218.091,3212,753,None,Move,development
1574148218.1,3208,759,None,Move,development
1574148218.107,3203,764,None,Move,development
1574148218.1160002,3198,768,None,Move,development
1574148218.1239998,3195,771,None,Move,development
1574148218.13,3191,773,None,Move,development
1574148218.137,3188,775,None,Move,development
1574148218.146,3184,776,None,Move,development
1574148218.154,3178,776,None,Move,development
1574148218.161,3173,776,None,Move,development
1574148218.169,3167,776,None,Move,development
1574148218.178,3163,776,None,Move,development
1574148218.186,3161,775,None,Move,development
1574148218.194,3160,775,None,Move,development
1574148218.275,3160,775,None,Move,development
1574148218.282,3162,776,None,Move,development
1574148218.286,3163,778,None,Move,development
1574148218.294,3165,779,None,Move,development
1574148218.302,3166,779,None,Move,development
1574148218.309,3168,781,None,Move,development
1574148218.3170002,3171,782,None,Move,development
1574148218.326,3173,784,None,Move,development
1574148218.334,3175,785,None,Move,development
1574148218.342,3176,785,None,Move,development
1574148218.347,3178,785,None,Move,development
1574148218.356,3181,785,None,Move,development
1574148218.3639998,3185,785,None,Move,development
1574148218.3720002,3190,785,None,Move,development
1574148218.38,3198,785,None,Move,development
1574148218.3879998,3206,786,None,Move,development
1574148218.396,3215,789,None,Move,development
1574148218.404,3220,790,None,Move,development
1574148218.41,3226,792,None,Move,development
1574148218.418,3230,794,None,Move,development
1574148218.426,3231,796,None,Move,development
1574148218.434,3233,798,None,Move,development
1574148218.4420002,3233,802,None,Move,development
1574148218.45,3233,808,None,Move,development
1574148218.458,3233,814,None,Move,development
1574148218.466,3232,819,None,Move,development
1574148218.474,3231,825,None,Move,development
1574148218.482,3231,830,None,Move,development
1574148218.488,3231,836,None,Move,development
1574148218.496,3232,841,None,Move,development
1574148218.504,3234,847,None,Move,development
1574148218.512,3235,853,None,Move,development
1574148218.52,3236,858,None,Move,development
1574148218.528,3238,864,None,Move,development
1574148218.536,3240,869,None,Move,development
1574148218.544,3242,873,None,Move,development
1574148218.552,3244,878,None,Move,development
1574148218.5579998,3245,879,None,Move,development
1574148218.566,3247,881,None,Move,development
1574148218.574,3248,883,None,Move,development
1574148218.582,3249,884,None,Move,development
1574148218.59,3250,886,None,Move,development
1574148218.5979998,3251,887,None,Move,development
1574148218.606,3251,887,None,Move,development
1574148218.746,3252,887,None,Move,development
1574148218.796,3253,885,None,Move,development
1574148218.804,3255,884,None,Move,development
1574148218.812,3256,882,None,Move,development
1574148218.82,3258,880,None,Move,development
1574148218.8279998,3259,878,None,Move,development
1574148218.836,3261,877,None,Move,development
1574148218.842,3263,875,None,Move,development
1574148218.85,3265,875,None,Move,development
1574148218.8579998,3267,875,None,Move,development
1574148218.8660002,3268,875,None,Move,development
1574148218.8739998,3270,875,None,Move,development
1574148218.8820002,3271,875,None,Move,development
1574148218.89,3272,875,None,Move,development
1574148218.8979998,3272,875,None,Move,development
1574148218.906,3273,876,None,Move,development
1574148218.9120002,3273,877,None,Move,development
1574148218.92,3274,877,None,Move,development
1574148218.928,3274,878,None,Move,development
1574148218.936,3275,879,None,Move,development
1574148218.944,3275,880,None,Move,development
1574148218.952,3275,882,None,Move,development
1574148218.96,3275,882,None,Move,development
1574148218.968,3275,883,None,Move,development
1574148218.976,3275,883,None,Move,development
1574148219.05,3276,883,None,Move,development
1574148219.056,3276,878,None,Move,development
1574148219.064,3278,872,None,Move,development
1574148219.072,3279,865,None,Move,development
1574148219.08,3281,857,None,Move,development
1574148219.0879998,3283,849,None,Move,development
1574148219.096,3284,839,None,Move,development
1574148219.104,3285,831,None,Move,development
1574148219.1120002,3285,823,None,Move,development
1574148219.12,3285,816,None,Move,development
1574148219.1260002,3285,808,None,Move,development
1574148219.1339998,3285,800,None,Move,development
1574148219.1420002,3285,791,None,Move,development
1574148219.15,3285,783,None,Move,development
1574148219.158,3285,775,None,Move,development
1574148219.166,3285,767,None,Move,development
1574148219.173,3286,760,None,Move,development
1574148219.1820002,3287,753,None,Move,development
1574148219.189,3287,746,None,Move,development
1574148219.196,3287,739,None,Move,development
1574148219.204,3286,732,None,Move,development
1574148219.211,3284,724,None,Move,development
1574148219.22,3282,716,None,Move,development
1574148219.2270002,3280,708,None,Move,development
1574148219.235,3277,699,None,Move,development
1574148219.244,3273,691,None,Move,development
1574148219.2510002,3271,685,None,Move,development
1574148219.26,3268,679,None,Move,development
1574148219.266,3266,674,None,Move,development
1574148219.274,3264,673,None,Move,development
1574148219.282,3264,672,None,Move,development
1574148219.29,3264,671,None,Move,development
1574148219.298,3263,670,None,Move,development
1574148219.306,3263,670,None,Move,development
1574148219.314,3263,669,None,Move,development
1574148219.322,3262,669,None,Move,development
1574148219.331,3261,668,None,Move,development
1574148219.34,3261,668,None,Move,development
1574148219.3479998,3261,667,None,Move,development
1574148219.356,3261,666,None,Move,development
1574148219.5,3261,665,None,Move,development
1574148219.573,3259,665,None,Move,development
1574148219.581,3257,666,None,Move,development
1574148219.589,3257,667,None,Move,development
1574148219.5979998,3256,668,None,Move,development
1574148219.605,3256,668,None,Move,development
1574148219.613,3255,669,None,Move,development
1574148219.619,3254,669,None,Move,development
1574148219.6279998,3254,670,None,Move,development
1574148219.6360002,3253,670,None,Move,development
1574148219.644,3253,671,None,Move,development
1574148219.771,3252,671,None,Move,development
1574148219.78,3251,670,None,Move,development
1574148219.788,3249,669,None,Move,development
1574148219.796,3248,668,None,Move,development
1574148219.804,3248,667,None,Move,development
1574148219.811,3247,666,None,Move,development
1574148219.82,3245,665,None,Move,development
1574148219.8279998,3244,664,None,Move,development
1574148219.8379998,3242,662,None,Move,development
1574148219.844,3241,661,None,Move,development
1574148219.849,3240,660,None,Move,development
1574148219.8579998,3239,659,None,Move,development
1574148219.8660002,3239,658,None,Move,development
1574148219.8739998,3239,657,None,Move,development
1574148219.8820002,3238,657,None,Move,development
1574148220.8820002,3234,657,None,Move,development
1574148220.889,3208,659,None,Move,development
1574148220.897,3171,666,None,Move,development
1574148220.903,3142,669,None,Move,development
1574148220.911,3125,671,None,Move,development
1574148220.92,3110,670,None,Move,development
1574148220.928,3097,670,None,Move,development
1574148220.936,3079,670,None,Move,development
1574148220.944,3060,670,None,Move,development
1574148220.951,3035,670,None,Move,development
1574148220.96,3008,670,None,Move,development
1574148220.968,2983,671,None,Move,development
1574148220.9729998,2960,672,None,Move,development
1574148220.982,2943,673,None,Move,development
1574148220.9889998,2930,675,None,Move,development
1574148220.998,2917,675,None,Move,development
1574148221.006,2905,676,None,Move,development
1574148221.014,2895,676,None,Move,development
1574148221.022,2886,678,None,Move,development
1574148221.029,2877,679,None,Move,development
1574148221.0370002,2869,680,None,Move,development
1574148221.044,2862,681,None,Move,development
1574148221.051,2857,681,None,Move,development
1574148221.06,2853,682,None,Move,development
1574148221.0670002,2851,682,None,Move,development
1574148221.076,2849,682,None,Move,development
1574148221.084,2847,681,None,Move,development
1574148221.091,2846,681,None,Move,development
1574148221.1,2846,682,None,Move,development
1574148221.107,2846,684,None,Move,development
1574148221.4910002,2846,684,None,Move,development
1574148221.623,2846,684,None,Move,development
1574148221.631,2846,684,None,Move,development
1574148221.64,2846,683,None,Move,development
1574148221.664,2846,683,None,Move,development
1574148221.686,2846,683,None,Move,development
1574148221.694,2850,682,None,Move,development
1574148221.702,2856,680,None,Move,development
1574148221.709,2860,678,None,Move,development
1574148221.718,2866,676,None,Move,development
1574148221.726,2869,675,None,Move,development
1574148221.734,2873,674,None,Move,development
1574148221.742,2876,674,None,Move,development
1574148221.7489998,2878,674,None,Move,development
1574148221.756,2879,674,None,Move,development
1574148221.764,2880,674,None,Move,development
1574148221.772,2882,674,None,Move,development
1574148221.78,2883,675,None,Move,development
1574148221.788,2884,675,None,Move,development
1574148221.796,2886,677,None,Move,development
1574148221.804,2887,678,None,Move,development
1574148221.812,2889,680,None,Move,development
1574148221.82,2890,680,None,Move,development
1574148221.826,2891,681,None,Move,development
1574148221.834,2891,682,None,Move,development
1574148221.846,2891,683,None,Move,development
1574148221.8579998,2891,683,None,Move,development
1574148221.8660002,2890,683,None,Move,development
1574148221.8739998,2889,683,None,Move,development
1574148221.8820002,2887,682,None,Move,development
1574148221.89,2886,681,None,Move,development
1574148221.896,2885,680,None,Move,development
1574148221.904,2884,678,None,Move,development
1574148221.9120002,2882,677,None,Move,development
1574148221.92,2880,675,None,Move,development
1574148221.928,2876,674,None,Move,development
1574148221.936,2870,672,None,Move,development
1574148221.944,2864,670,None,Move,development
1574148221.952,2857,668,None,Move,development
1574148221.96,2850,666,None,Move,development
1574148221.966,2842,664,None,Move,development
1574148221.974,2836,662,None,Move,development
1574148221.982,2829,660,None,Move,development
1574148221.99,2823,656,None,Move,development
1574148221.998,2821,652,None,Move,development
1574148222.006,2819,649,None,Move,development
1574148222.014,2816,644,None,Move,development
1574148222.022,2813,640,None,Move,development
1574148222.03,2810,634,None,Move,development
1574148222.036,2806,628,None,Move,development
1574148222.044,2802,622,None,Move,development
1574148222.052,2797,616,None,Move,development
1574148222.06,2793,609,None,Move,development
1574148222.0679998,2789,601,None,Move,development
1574148222.076,2786,591,None,Move,development
1574148222.083,2784,582,None,Move,development
1574148222.091,2782,571,None,Move,development
1574148222.1,2783,556,None,Move,development
1574148222.106,2788,539,None,Move,development
1574148222.113,2797,516,None,Move,development
1574148222.1220002,2806,491,None,Move,development
1574148222.129,2820,462,None,Move,development
1574148222.137,2833,434,None,Move,development
1574148222.146,2846,408,None,Move,development
1574148222.153,2857,384,None,Move,development
1574148222.161,2866,369,None,Move,development
1574148222.169,2875,355,None,Move,development
1574148222.176,2885,341,None,Move,development
1574148222.184,2898,328,None,Move,development
1574148222.191,2915,314,None,Move,development
1574148222.199,2933,297,None,Move,development
1574148222.207,2952,284,None,Move,development
1574148222.216,2963,276,None,Move,development
1574148222.224,2971,272,None,Move,development
1574148222.231,2974,270,None,Move,development
1574148222.24,2975,270,None,Move,development
1574148222.285,2975,269,None,Move,development
1574148222.301,2976,267,None,Move,development
1574148222.31,2979,260,None,Move,development
1574148222.316,2982,251,None,Move,development
1574148222.324,2986,243,None,Move,development
1574148222.331,2990,236,None,Move,development
1574148222.34,2992,229,None,Move,development
1574148222.347,2994,223,None,Move,development
1574148222.356,2995,217,None,Move,development
1574148222.3639998,2996,214,None,Move,development
1574148222.371,2996,212,None,Move,development
1574148222.38,2998,210,None,Move,development
1574148222.3879998,2998,209,None,Move,development
1574148222.393,2998,207,None,Move,development
1574148222.4020002,2999,206,None,Move,development
1574148222.409,2999,205,None,Move,development
1574148222.418,2999,204,None,Move,development
1574148222.5570002,2999,204,None,Move,development
1574148222.57,2999,204,None,Move,development
1574148222.577,2998,205,None,Move,development
1574148222.586,2997,207,None,Move,development
1574148222.593,2995,208,None,Move,development
1574148222.6,2994,210,None,Move,development
1574148222.607,2992,211,None,Move,development
1574148222.6160002,2992,212,None,Move,development
1574148222.6239998,2991,212,None,Move,development
1574148222.6360002,2991,213,None,Move,development
1574148222.688,2991,213,None,Move,development
1574148222.695,2991,214,None,Move,development
1574148222.7,2995,216,None,Move,development
1574148222.706,3003,219,None,Move,development
1574148222.714,3013,221,None,Move,development
1574148222.722,3025,225,None,Move,development
1574148222.731,3038,227,None,Move,development
1574148222.738,3052,229,None,Move,development
1574148222.744,3066,230,None,Move,development
1574148222.752,3083,230,None,Move,development
1574148222.76,3105,232,None,Move,development
1574148222.768,3128,233,None,Move,development
1574148222.776,3150,235,None,Move,development
1574148222.784,3169,235,None,Move,development
1574148222.791,3186,234,None,Move,development
1574148222.8,3200,233,None,Move,development
1574148222.8079998,3213,232,None,Move,development
1574148222.816,3226,231,None,Move,development
1574148222.821,3234,231,None,Move,development
1574148222.83,3240,231,None,Move,development
1574148222.837,3244,231,None,Move,development
1574148222.846,3246,232,None,Move,development
1574148222.854,3248,232,None,Move,development
1574148222.8620002,3249,232,None,Move,development
1574148222.869,3250,232,None,Move,development
1574148222.8779998,3252,232,None,Move,development
1574148222.8839998,3253,232,None,Move,development
1574148222.891,3254,232,None,Move,development
1574148222.9,3256,232,None,Move,development
1574148222.908,3257,232,None,Move,development
1574148222.916,3258,231,None,Move,development
1574148222.924,3260,231,None,Move,development
1574148222.9320002,3264,230,None,Move,development
1574148222.94,3269,230,None,Move,development
1574148222.948,3275,229,None,Move,development
1574148222.954,3280,229,None,Move,development
1574148222.962,3286,229,None,Move,development
1574148222.97,3291,230,None,Move,development
1574148222.978,3297,231,None,Move,development
1574148222.986,3300,232,None,Move,development
1574148222.994,3302,234,None,Move,development
1574148223.002,3303,235,None,Move,development
1574148223.01,3303,237,None,Move,development
1574148223.018,3303,237,None,Move,development
1574148223.024,3303,238,None,Move,development
1574148223.032,3302,240,None,Move,development
1574148223.04,3300,241,None,Move,development
1574148223.048,3298,243,None,Move,development
1574148223.056,3295,244,None,Move,development
1574148223.064,3289,247,None,Move,development
1574148223.072,3282,250,None,Move,development
1574148223.08,3275,252,None,Move,development
1574148223.0879998,3267,254,None,Move,development
1574148223.094,3260,256,None,Move,development
1574148223.1020002,3254,257,None,Move,development
1574148223.11,3249,257,None,Move,development
1574148223.1179998,3243,258,None,Move,development
1574148223.1260002,3240,258,None,Move,development
1574148223.1339998,3239,258,None,Move,development
1574148223.1420002,3238,258,None,Move,development
1574148223.188,3237,259,None,Move,development
1574148223.196,3232,261,None,Move,development
1574148223.204,3226,264,None,Move,development
1574148223.211,3220,267,None,Move,development
1574148223.22,3213,270,None,Move,development
1574148223.228,3205,274,None,Move,development
1574148223.236,3199,278,None,Move,development
1574148223.242,3194,281,None,Move,development
1574148223.25,3191,283,None,Move,development
1574148223.258,3191,285,None,Move,development
1574148223.266,3191,286,None,Move,development
1574148223.274,3191,288,None,Move,development
1574148223.282,3192,289,None,Move,development
1574148223.29,3198,289,None,Move,development
1574148223.2970002,3206,289,None,Move,development
1574148223.304,3218,289,None,Move,development
1574148223.312,3231,288,None,Move,development
1574148223.32,3244,286,None,Move,development
1574148223.3279998,3266,281,None,Move,development
1574148223.336,3293,273,None,Move,development
1574148223.344,3314,268,None,Move,development
1574148223.3520002,3332,266,None,Move,development
1574148223.36,3345,264,None,Move,development
1574148223.3679998,3355,261,None,Move,development
1574148223.375,3360,261,None,Move,development
1574148223.3820002,3364,261,None,Move,development
1574148223.39,3364,262,None,Move,development
1574148223.3979998,3364,263,None,Move,development
1574148223.406,3363,264,None,Move,development
1574148223.414,3360,267,None,Move,development
1574148223.4220002,3354,272,None,Move,development
1574148223.43,3346,276,None,Move,development
1574148223.438,3337,282,None,Move,development
1574148223.446,3323,286,None,Move,development
1574148223.452,3298,294,None,Move,development
1574148223.46,3268,304,None,Move,development
1574148223.468,3243,314,None,Move,development
1574148223.476,3226,319,None,Move,development
1574148223.484,3218,321,None,Move,development
1574148223.492,3211,323,None,Move,development
1574148223.5,3208,323,None,Move,development
1574148223.508,3208,323,None,Move,development
1574148223.516,3208,321,None,Move,development
1574148223.522,3210,317,None,Move,development
1574148223.53,3217,309,None,Move,development
1574148223.538,3223,301,None,Move,development
1574148223.546,3235,290,None,Move,development
1574148223.554,3255,271,None,Move,development
1574148223.562,3288,250,None,Move,development
1574148223.57,3325,227,None,Move,development
1574148223.5779998,3370,206,None,Move,development
1574148223.586,3420,184,None,Move,development
1574148223.592,3469,168,None,Move,development
1574148223.6,3509,159,None,Move,development
1574148223.6079998,3532,156,None,Move,development
1574148223.6160002,3546,155,None,Move,development
1574148223.6239998,3556,155,None,Move,development
1574148223.6320002,3564,156,None,Move,development
1574148223.64,3570,158,None,Move,development
1574148223.6479998,3572,159,None,Move,development
1574148223.656,3574,159,None,Move,development
1574148223.6620002,3574,160,None,Move,development
1574148223.728,3574,160,None,Move,development
1574148223.7389998,3575,160,None,Move,development
1574148223.748,3578,162,None,Move,development
1574148223.756,3582,164,None,Move,development
1574148223.764,3587,165,None,Move,development
1574148223.786,3594,167,None,Move,development
1574148223.792,3608,169,None,Move,development
1574148223.7970002,3613,169,None,Move,development
1574148223.802,3617,169,None,Move,development
1574148223.81,3619,169,None,Move,development
1574148223.8179998,3621,170,None,Move,development
1574148223.825,3622,171,None,Move,development
1574148223.834,3623,171,None,Move,development
1574148223.88,3623,171,None,Move,development
1574148223.887,3620,173,None,Move,development
1574148223.896,3617,174,None,Move,development
1574148223.903,3611,176,None,Move,development
1574148223.911,3605,178,None,Move,development
1574148223.919,3600,180,None,Move,development
1574148223.927,3595,182,None,Move,development
1574148223.935,3593,184,None,Move,development
1574148223.9420002,3591,184,None,Move,development
1574148223.949,3591,184,None,Move,development
1574148223.957,3590,184,None,Move,development
1574148223.9970002,3590,185,None,Move,development
1574148224.0070002,3590,185,None,Move,development
1574148224.015,3588,187,None,Move,development
1574148224.0229998,3585,188,None,Move,development
1574148224.031,3583,190,None,Move,development
1574148224.039,3581,191,None,Move,development
1574148224.0470002,3579,193,None,Move,development
1574148224.056,3576,194,None,Move,development
1574148224.064,3575,196,None,Move,development
1574148224.072,3573,196,None,Move,development
1574148224.08,3573,197,None,Move,development
1574148224.086,3572,197,None,Move,development
1574148224.094,3571,198,None,Move,development
1574148224.1020002,3571,199,None,Move,development
1574148224.11,3569,199,None,Move,development
1574148224.1179998,3568,201,None,Move,development
1574148224.1260002,3566,202,None,Move,development
1574148224.1339998,3564,204,None,Move,development
1574148224.1420002,3561,205,None,Move,development
1574148224.151,3560,207,None,Move,development
1574148224.176,3554,210,None,Move,development
1574148224.188,3553,210,None,Move,development
1574148224.418,3553,211,None,Move,development
1574148224.452,3553,211,None,Move,development
1574148224.48,3553,211,None,Move,development
1574148224.5029998,3552,211,None,Move,development
1574148224.553,3551,212,None,Move,development
1574148224.569,3549,213,None,Move,development
1574148224.575,3544,218,None,Move,development
1574148224.583,3535,224,None,Move,development
1574148224.591,3525,231,None,Move,development
1574148224.599,3511,237,None,Move,development
1574148224.607,3498,240,None,Move,development
1574148224.6160002,3481,243,None,Move,development
1574148224.623,3458,246,None,Move,development
1574148224.631,3428,252,None,Move,development
1574148224.639,3390,263,None,Move,development
1574148224.647,3342,275,None,Move,development
1574148224.656,3294,286,None,Move,development
1574148224.661,3243,298,None,Move,development
1574148224.669,3187,310,None,Move,development
1574148224.677,3127,310,None,Move,development
1574148224.685,3070,309,None,Move,development
1574148224.694,3000,309,None,Move,development
1574148224.7029998,2929,307,None,Move,development
1574148224.709,2855,301,None,Move,development
1574148224.717,2793,297,None,Move,development
1574148224.7229998,2738,295,None,Move,development
1574148224.731,2688,289,None,Move,development
1574148224.74,2647,285,None,Move,development
1574148224.748,2616,282,None,Move,development
1574148224.755,2590,279,None,Move,development
1574148224.764,2569,275,None,Move,development
1574148224.771,2552,270,None,Move,development
1574148224.78,2540,267,None,Move,development
1574148224.788,2532,265,None,Move,development
1574148224.793,2526,264,None,Move,development
1574148224.802,2524,263,None,Move,development
1574148224.81,2522,261,None,Move,development
1574148224.8179998,2521,261,None,Move,development
1574148224.826,2521,259,None,Move,development
1574148224.834,2521,258,None,Move,development
1574148224.842,2521,257,None,Move,development
1574148224.849,2521,255,None,Move,development
1574148224.855,2521,253,None,Move,development
1574148224.8639998,2521,252,None,Move,development
1574148224.871,2520,251,None,Move,development
1574148224.879,2520,249,None,Move,development
1574148224.8879998,2518,249,None,Move,development
1574148224.896,2512,247,None,Move,development
1574148224.904,2505,245,None,Move,development
1574148224.911,2498,243,None,Move,development
1574148224.92,2490,241,None,Move,development
1574148224.928,2480,239,None,Move,development
1574148224.9329998,2470,237,None,Move,development
1574148224.9420002,2458,236,None,Move,development
1574148224.949,2445,233,None,Move,development
1574148224.957,2434,230,None,Move,development
1574148224.965,2425,228,None,Move,development
1574148224.974,2414,226,None,Move,development
1574148224.982,2405,224,None,Move,development
1574148224.99,2395,224,None,Move,development
1574148224.998,2384,225,None,Move,development
1574148225.004,2374,226,None,Move,development
1574148225.0110002,2361,228,None,Move,development
1574148225.02,2352,228,None,Move,development
1574148225.028,2345,228,None,Move,development
1574148225.036,2339,228,None,Move,development
1574148225.044,2336,228,None,Move,development
1574148225.051,2334,228,None,Move,development
1574148225.06,2333,227,None,Move,development
1574148225.0679998,2332,227,None,Move,development
1574148225.0779998,2332,226,None,Move,development
1574148225.085,2331,226,None,Move,development
1574148225.094,2330,226,None,Move,development
1574148225.101,2329,226,None,Move,development
1574148225.11,2329,227,None,Move,development
1574148225.1179998,2327,228,None,Move,development
1574148225.1260002,2326,229,None,Move,development
1574148225.1339998,2325,229,None,Move,development
1574148225.1420002,2325,229,None,Move,development
1574148225.324,2325,229,None,Move,development
1574148225.336,2324,230,None,Move,development
1574148225.344,2322,230,None,Move,development
1574148225.351,2319,230,None,Move,development
1574148225.357,2313,232,None,Move,development
1574148225.3660002,2307,234,None,Move,development
1574148225.3739998,2300,236,None,Move,development
1574148225.3820002,2293,238,None,Move,development
1574148225.389,2287,240,None,Move,development
1574148225.3979998,2281,242,None,Move,development
1574148225.406,2276,244,None,Move,development
1574148225.414,2271,245,None,Move,development
1574148225.4220002,2270,245,None,Move,development
1574148225.43,2269,246,None,Move,development
1574148225.436,2269,246,None,Move,development
1574148225.526,2268,246,None,Move,development
1574148225.538,2268,245,None,Move,development
1574148225.546,2268,245,None,Move,development
1574148225.554,2267,244,None,Move,development
1574148225.562,2267,243,None,Move,development
1574148225.822,2267,242,None,Move,development
1574148225.8720002,2267,242,None,Move,development
1574148225.88,2267,241,None,Move,development
1574148225.887,2267,239,None,Move,development
1574148225.896,2267,237,None,Move,development
1574148225.904,2267,236,None,Move,development
1574148225.9120002,2267,235,None,Move,development
1574148225.92,2267,234,None,Move,development
1574148225.926,2267,233,None,Move,development
1574148225.934,2267,231,None,Move,development
1574148225.9420002,2266,231,None,Move,development
1574148225.95,2265,230,None,Move,development
1574148225.958,2265,230,None,Move,development
1574148225.966,2264,228,None,Move,development
1574148225.974,2264,228,None,Move,development
1574148225.981,2264,227,None,Move,development
1574148225.9889998,2264,226,None,Move,development
1574148225.996,2264,225,None,Move,development
1574148226.004,2264,224,None,Move,development
1574148226.0110002,2264,223,None,Move,development
1574148226.019,2263,222,None,Move,development
1574148226.028,2262,221,None,Move,development
1574148226.035,2261,221,None,Move,development
1574148226.044,2260,220,None,Move,development
1574148226.164,2260,220,None,Move,development
1574148226.171,2265,218,None,Move,development
1574148226.18,2269,216,None,Move,development
1574148226.188,2271,215,None,Move,development
1574148226.196,2274,213,None,Move,development
1574148226.204,2275,213,None,Move,development
1574148226.209,2275,213,None,Move,development
1574148226.258,2275,213,None,Move,development
1574148226.269,2275,213,None,Move,development
1574148226.278,2273,212,None,Move,development
1574148226.331,2272,211,None,Move,development
1574148226.34,2268,210,None,Move,development
1574148226.345,2263,208,None,Move,development
1574148226.353,2258,207,None,Move,development
1574148226.3620002,2252,206,None,Move,development
1574148226.37,2247,204,None,Move,development
1574148226.3779998,2243,202,None,Move,development
1574148226.3860002,2240,201,None,Move,development
1574148226.394,2236,199,None,Move,development
1574148226.4020002,2234,198,None,Move,development
1574148226.41,2232,196,None,Move,development
1574148226.417,2230,195,None,Move,development
1574148226.424,2229,193,None,Move,development
1574148226.431,2228,192,None,Move,development
1574148226.44,2228,191,None,Move,development
1574148226.448,2228,190,None,Move,development
1574148226.456,2228,188,None,Move,development
1574148226.464,2228,186,None,Move,development
1574148226.471,2229,184,None,Move,development
1574148226.479,2230,180,None,Move,development
1574148226.4870002,2232,178,None,Move,development
1574148226.4929998,2233,177,None,Move,development
1574148226.502,2235,174,None,Move,development
1574148226.51,2238,173,None,Move,development
1574148226.5170002,2244,171,None,Move,development
1574148226.526,2251,169,None,Move,development
1574148226.534,2262,167,None,Move,development
1574148226.542,2275,163,None,Move,development
1574148226.549,2288,161,None,Move,development
1574148226.5579998,2302,158,None,Move,development
1574148226.564,2314,156,None,Move,development
1574148226.571,2325,155,None,Move,development
1574148226.58,2334,152,None,Move,development
1574148226.587,2343,150,None,Move,development
1574148226.596,2350,148,None,Move,development
1574148226.606,2355,146,None,Move,development
1574148226.6120002,2360,146,None,Move,development
1574148226.62,2361,146,None,Move,development
1574148226.6279998,2362,145,None,Move,development
1574148226.6339998,2364,145,None,Move,development
1574148226.6420002,2366,144,None,Move,development
1574148226.65,2371,142,None,Move,development
1574148226.658,2378,140,None,Move,development
1574148226.666,2388,137,None,Move,development
1574148226.674,2401,134,None,Move,development
1574148226.6820002,2420,131,None,Move,development
1574148226.69,2448,123,None,Move,development
1574148226.698,2476,118,None,Move,development
1574148226.704,2513,115,None,Move,development
1574148226.712,2554,113,None,Move,development
1574148226.72,2599,106,None,Move,development
1574148226.728,2649,100,None,Move,development
1574148226.736,2701,96,None,Move,development
1574148226.744,2753,94,None,Move,development
1574148226.752,2807,94,None,Move,development
1574148226.76,2865,86,None,Move,development
1574148226.768,2920,80,None,Move,development
1574148226.774,2975,76,None,Move,development
1574148226.782,3029,76,None,Move,development
1574148226.79,3083,76,None,Move,development
1574148226.798,3138,74,None,Move,development
1574148226.806,3192,75,None,Move,development
1574148226.814,3241,75,None,Move,development
1574148226.822,3285,73,None,Move,development
1574148226.83,3327,67,None,Move,development
1574148226.8379998,3361,64,None,Move,development
1574148226.844,3386,62,None,Move,development
1574148226.8520002,3399,62,None,Move,development
1574148226.86,3406,62,None,Move,development
1574148226.8679998,3408,64,None,Move,development
1574148226.8760002,3408,64,None,Move,development
1574148226.8879998,3408,65,None,Move,development
1574148226.896,3408,65,None,Move,development
1574148226.904,3408,65,None,Move,development
1574148226.91,3407,65,None,Move,development
1574148226.918,3406,65,None,Move,development
1574148226.926,3405,65,None,Move,development
1574148226.934,3405,65,None,Move,development
1574148226.9420002,3404,65,None,Move,development
1574148226.95,3403,65,None,Move,development
1574148227.048,3403,66,None,Move,development
1574148227.054,3403,67,None,Move,development
1574148227.062,3404,69,None,Move,development
1574148227.07,3406,72,None,Move,development
1574148227.0779998,3411,75,None,Move,development
1574148227.086,3418,78,None,Move,development
1574148227.094,3427,82,None,Move,development
1574148227.1020002,3435,86,None,Move,development
1574148227.11,3446,93,None,Move,development
1574148227.1179998,3456,100,None,Move,development
1574148227.1239998,3465,105,None,Move,development
1574148227.1320002,3473,107,None,Move,development
1574148227.14,3479,110,None,Move,development
1574148227.1479998,3484,112,None,Move,development
1574148227.156,3486,113,None,Move,development
1574148227.164,3487,115,None,Move,development
1574148227.1720002,3487,116,None,Move,development
1574148227.18,3487,117,None,Move,development
1574148227.188,3487,119,None,Move,development
1574148227.196,3487,120,None,Move,development
1574148227.202,3485,121,None,Move,development
1574148227.21,3484,124,None,Move,development
1574148227.218,3482,125,None,Move,development
1574148227.226,3481,127,None,Move,development
1574148227.234,3479,128,None,Move,development
1574148227.242,3477,129,None,Move,development
1574148227.25,3476,130,None,Move,development
1574148227.258,3475,130,None,Move,development
1574148227.324,3475,131,None,Move,development
1574148227.332,3474,132,None,Move,development
1574148227.3379998,3473,133,None,Move,development
1574148227.346,3471,135,None,Move,development
1574148227.354,3470,136,None,Move,development
1574148227.3620002,3468,138,None,Move,development
1574148227.37,3467,139,None,Move,development
1574148227.3779998,3466,141,None,Move,development
1574148227.3860002,3465,141,None,Move,development
1574148227.394,3464,142,None,Move,development
1574148227.4020002,3464,142,None,Move,development
1574148227.408,3463,143,None,Move,development
1574148227.416,3462,143,None,Move,development
1574148227.424,3461,145,None,Move,development
1574148227.4320002,3461,145,None,Move,development
1574148227.44,3460,147,None,Move,development
1574148227.448,3459,148,None,Move,development
1574148227.456,3459,149,None,Move,development
1574148227.464,3458,151,None,Move,development
1574148227.472,3457,152,None,Move,development
1574148227.478,3455,154,None,Move,development
1574148227.486,3454,155,None,Move,development
1574148227.494,3452,156,None,Move,development
1574148227.502,3452,157,None,Move,development
1574148227.51,3451,158,None,Move,development
1574148227.576,3451,158,None,Move,development
1574148227.5879998,3450,158,None,Move,development
1574148228.8179998,3450,158,Left,Pressed,development
1574148228.934,3450,158,Left,Released,development
1574148229.754,3450,158,None,Move,development
1574148229.77,3443,161,None,Move,development
1574148229.7770002,3414,176,None,Move,development
1574148229.786,3372,201,None,Move,development
1574148229.793,3329,224,None,Move,development
1574148229.802,3298,236,None,Move,development
1574148229.81,3270,248,None,Move,development
1574148229.8179998,3240,260,None,Move,development
1574148229.826,3196,275,None,Move,development
1574148229.832,3149,290,None,Move,development
1574148229.839,3103,304,None,Move,development
1574148229.847,3062,321,None,Move,development
1574148229.856,3013,335,None,Move,development
1574148229.8639998,2962,350,None,Move,development
1574148229.871,2912,370,None,Move,development
1574148229.88,2869,383,None,Move,development
1574148229.8879998,2825,399,None,Move,development
1574148229.896,2773,419,None,Move,development
1574148229.901,2726,434,None,Move,development
1574148229.91,2695,439,None,Move,development
1574148229.918,2675,440,None,Move,development
1574148229.926,2662,440,None,Move,development
1574148229.934,2651,438,None,Move,development
1574148229.9420002,2642,436,None,Move,development
1574148229.95,2637,434,None,Move,development
1574148229.958,2631,432,None,Move,development
1574148229.966,2624,431,None,Move,development
1574148229.972,2616,429,None,Move,development
1574148229.98,2604,429,None,Move,development
1574148229.988,2591,429,None,Move,development
1574148229.996,2577,428,None,Move,development
1574148230.004,2563,428,None,Move,development
1574148230.012,2552,426,None,Move,development
1574148230.02,2544,424,None,Move,development
1574148230.028,2538,422,None,Move,development
1574148230.036,2533,420,None,Move,development
1574148230.042,2529,418,None,Move,development
1574148230.05,2524,417,None,Move,development
1574148230.0579998,2521,415,None,Move,development
1574148230.066,2519,413,None,Move,development
1574148230.074,2516,411,None,Move,development
1574148230.082,2514,408,None,Move,development
1574148230.09,2511,404,None,Move,development
1574148230.0979998,2510,401,None,Move,development
1574148230.106,2508,399,None,Move,development
1574148230.1120002,2507,397,None,Move,development
1574148230.12,2506,395,None,Move,development
1574148230.1279998,2505,393,None,Move,development
1574148230.1360002,2505,392,None,Move,development
1574148230.144,2503,390,None,Move,development
1574148230.1520002,2502,389,None,Move,development
1574148230.16,2499,387,None,Move,development
1574148230.168,2494,385,None,Move,development
1574148230.176,2488,383,None,Move,development
1574148230.1820002,2483,382,None,Move,development
1574148230.19,2480,380,None,Move,development
1574148230.198,2479,379,None,Move,development
1574148230.206,2477,377,None,Move,development
1574148230.214,2477,376,None,Move,development
1574148230.222,2476,374,None,Move,development
1574148230.23,2475,373,None,Move,development
1574148230.238,2474,372,None,Move,development
1574148230.246,2473,371,None,Move,development
1574148230.252,2472,371,None,Move,development
1574148230.26,2471,370,None,Move,development
1574148230.268,2469,369,None,Move,development
1574148230.276,2468,369,None,Move,development
1574148230.284,2466,369,None,Move,development
1574148230.292,2462,368,None,Move,development
1574148230.299,2457,367,None,Move,development
1574148230.3079998,2453,367,None,Move,development
1574148230.316,2447,365,None,Move,development
1574148230.322,2442,363,None,Move,development
1574148230.33,2435,361,None,Move,development
1574148230.3379998,2428,359,None,Move,development
1574148230.346,2420,356,None,Move,development
1574148230.354,2415,354,None,Move,development
1574148230.361,2410,352,None,Move,development
1574148230.3720002,2407,349,None,Move,development
1574148230.377,2403,347,None,Move,development
1574148230.3860002,2401,345,None,Move,development
1574148230.391,2400,344,None,Move,development
1574148230.4,2398,342,None,Move,development
1574148230.408,2396,339,None,Move,development
1574148230.416,2395,337,None,Move,development
1574148230.424,2394,336,None,Move,development
1574148230.431,2393,334,None,Move,development
1574148230.44,2393,334,None,Move,development
1574148230.56,2392,333,None,Move,development
1574148230.5670002,2390,332,None,Move,development
1574148230.576,2390,332,None,Move,development
1574148230.584,2389,331,None,Move,development
1574148230.591,2388,330,None,Move,development
1574148230.6,2386,330,None,Move,development
1574148230.606,2385,329,None,Move,development
1574148230.613,2384,329,None,Move,development
1574148230.6220002,2382,328,None,Move,development
1574148230.63,2381,328,None,Move,development
1574148230.6379998,2380,328,None,Move,development
1574148230.646,2378,327,None,Move,development
1574148230.654,2377,326,None,Move,development
1574148230.6620002,2376,326,None,Move,development
1574148230.67,2374,324,None,Move,development
1574148230.676,2373,324,None,Move,development
1574148230.684,2372,323,None,Move,development
1574148230.691,2372,323,None,Move,development
1574148230.7,2371,322,None,Move,development
1574148230.794,2370,321,None,Move,development
1574148230.802,2370,321,None,Move,development
1574148230.81,2370,320,None,Move,development
1574148230.816,2370,319,None,Move,development
1574148230.824,2370,318,None,Move,development
1574148230.832,2369,317,None,Move,development
1574148230.844,2369,316,None,Move,development
1574148231.008,2369,316,None,Move,development
1574148231.016,2372,316,None,Move,development
1574148231.022,2375,315,None,Move,development
1574148231.03,2380,314,None,Move,development
1574148231.0370002,2385,312,None,Move,development
1574148231.046,2389,312,None,Move,development
1574148231.054,2393,311,None,Move,development
1574148231.062,2396,311,None,Move,development
1574148231.07,2398,311,None,Move,development
1574148231.077,2400,311,None,Move,development
1574148231.156,2400,311,None,Move,development
1574148231.164,2399,311,None,Move,development
1574148231.17,2397,313,None,Move,development
1574148231.178,2394,314,None,Move,development
1574148231.186,2392,316,None,Move,development
1574148231.194,2390,317,None,Move,development
1574148231.202,2389,317,None,Move,development
1574148231.21,2386,318,None,Move,development
1574148231.218,2386,318,None,Move,development
1574148231.226,2385,318,None,Move,development
1574148231.234,2385,318,None,Move,development
1574148231.271,2384,318,None,Move,development
1574148231.284,2384,318,None,Move,development
1574148231.292,2382,317,None,Move,development
1574148231.3,2381,316,None,Move,development
1574148231.306,2380,315,None,Move,development
1574148231.314,2379,315,None,Move,development
1574148231.458,2378,313,None,Move,development
1574148231.466,2378,313,None,Move,development
1574148231.474,2378,312,None,Move,development
1574148231.482,2377,310,None,Move,development
1574148231.49,2376,309,None,Move,development
1574148231.498,2375,307,None,Move,development
1574148231.506,2374,306,None,Move,development
1574148231.514,2374,305,None,Move,development
1574148231.52,2372,303,None,Move,development
1574148231.528,2372,303,None,Move,development
1574148231.536,2371,302,None,Move,development
1574148231.544,2370,301,None,Move,development
1574148231.552,2368,299,None,Move,development
1574148231.56,2368,298,None,Move,development
1574148231.5679998,2366,297,None,Move,development
1574148231.576,2365,296,None,Move,development
1574148231.584,2363,295,None,Move,development
1574148231.592,2363,294,None,Move,development
1574148231.5979998,2361,293,None,Move,development
1574148231.606,2361,293,None,Move,development
1574148231.6139998,2361,293,None,Move,development
1574148231.6220002,2361,292,None,Move,development
1574148231.63,2360,292,None,Move,development
1574148231.6379998,2360,291,None,Move,development
1574148231.646,2359,291,None,Move,development
1574148231.654,2359,290,None,Move,development
1574148231.6620002,2359,290,None,Move,development
1574148231.684,2358,290,None,Move,development
1574148231.6920002,2357,290,None,Move,development
1574148231.7,2357,290,None,Move,development
1574148231.708,2356,290,None,Move,development
1574148231.716,2354,290,None,Move,development
1574148231.724,2353,290,None,Move,development
1574148231.73,2352,290,None,Move,development
1574148231.738,2351,290,None,Move,development
1574148231.746,2349,290,None,Move,development
1574148231.754,2348,290,None,Move,development
1574148231.762,2347,290,None,Move,development
1574148231.77,2346,290,None,Move,development
1574148231.778,2345,290,None,Move,development
1574148231.794,2344,290,None,Move,development
1574148231.8760002,2344,289,None,Move,development
1574148231.8860002,2343,289,None,Move,development
1574148231.894,2343,289,None,Move,development
1574148231.9220002,2342,289,None,Move,development
1574148231.996,2342,289,None,Move,development
1574148232.0070002,2344,289,None,Move,development
1574148232.014,2345,290,None,Move,development
1574148232.021,2346,292,None,Move,development
1574148232.029,2348,293,None,Move,development
1574148232.0370002,2349,295,None,Move,development
1574148232.046,2349,296,None,Move,development
1574148232.054,2349,299,None,Move,development
1574148232.062,2348,304,None,Move,development
1574148232.069,2345,309,None,Move,development
1574148232.077,2341,315,None,Move,development
1574148232.083,2334,322,None,Move,development
1574148232.091,2330,327,None,Move,development
1574148232.1,2326,331,None,Move,development
1574148232.107,2323,334,None,Move,development
1574148232.1160002,2322,335,None,Move,development
1574148232.1239998,2321,336,None,Move,development
1574148232.131,2319,337,None,Move,development
1574148232.14,2319,338,None,Move,development
1574148232.147,2319,338,None,Move,development
1574148232.629,2319,338,None,Move,development
1574148232.637,2319,340,None,Move,development
1574148232.646,2320,340,None,Move,development
1574148232.651,2321,342,None,Move,development
1574148232.66,2323,342,None,Move,development
1574148232.667,2324,344,None,Move,development
1574148232.675,2326,345,None,Move,development
1574148232.6829998,2327,346,None,Move,development
1574148232.691,2328,348,None,Move,development
1574148232.7,2331,349,None,Move,development
1574148232.708,2333,350,None,Move,development
1574148232.716,2335,351,None,Move,development
1574148232.724,2336,352,None,Move,development
1574148232.729,2339,352,None,Move,development
1574148232.738,2340,352,None,Move,development
1574148232.746,2341,352,None,Move,development
1574148232.754,2342,352,None,Move,development
1574148232.762,2344,352,None,Move,development
1574148232.77,2345,352,None,Move,development
1574148232.778,2346,352,None,Move,development
1574148232.786,2348,352,None,Move,development
1574148232.794,2348,352,None,Move,development
1574148232.824,2349,352,None,Move,development
1574148232.832,2349,352,None,Move,development
1574148232.84,2351,352,None,Move,development
1574148232.8479998,2351,352,None,Move,development
1574148232.856,2352,352,None,Move,development
1574148232.8620002,2352,352,None,Move,development
1574148232.87,2352,353,None,Move,development
1574148232.8779998,2353,354,None,Move,development
1574148232.8860002,2353,356,None,Move,development
1574148232.894,2353,358,None,Move,development
1574148232.9020002,2353,360,None,Move,development
1574148232.91,2353,362,None,Move,development
1574148232.918,2352,364,None,Move,development
1574148232.926,2351,365,None,Move,development
1574148232.934,2351,366,None,Move,development
1574148232.94,2351,368,None,Move,development
1574148232.948,2351,369,None,Move,development
1574148232.956,2352,370,None,Move,development
1574148232.964,2352,373,None,Move,development
1574148232.972,2354,374,None,Move,development
1574148232.98,2354,375,None,Move,development
1574148232.988,2354,377,None,Move,development
1574148232.996,2354,378,None,Move,development
1574148233.004,2354,381,None,Move,development
1574148233.01,2354,382,None,Move,development
1574148233.018,2354,385,None,Move,development
1574148233.026,2354,386,None,Move,development
1574148233.034,2354,387,None,Move,development
1574148233.042,2354,388,None,Move,development
1574148233.05,2354,388,None,Move,development
1574148233.1,2354,389,None,Move,development
1574148233.1120002,2354,390,None,Move,development
1574148233.12,2354,391,None,Move,development
1574148233.1279998,2354,392,None,Move,development
1574148233.1360002,2353,393,None,Move,development
1574148233.144,2353,394,None,Move,development
1574148233.198,2353,394,None,Move,development
1574148233.21,2352,396,None,Move,development
1574148233.218,2351,397,None,Move,development
1574148233.224,2349,398,None,Move,development
1574148233.232,2349,400,None,Move,development
1574148233.24,2348,400,None,Move,development
1574148233.3179998,2348,401,None,Move,development
1574148233.326,2347,402,None,Move,development
1574148233.334,2346,404,None,Move,development
1574148233.342,2345,405,None,Move,development
1574148233.35,2344,406,None,Move,development
1574148233.356,2343,408,None,Move,development
1574148233.3639998,2342,409,None,Move,development
1574148233.3720002,2341,411,None,Move,development
1574148233.38,2340,412,None,Move,development
1574148233.3879998,2339,413,None,Move,development
1574148233.396,2339,413,None,Move,development
1574148233.404,2338,414,None,Move,development
1574148233.5670002,2338,414,None,Move,development
1574148233.5779998,2338,414,None,Move,development
1574148233.589,2338,413,None,Move,development
1574148233.6020002,2338,412,None,Move,development
1574148233.609,2339,412,None,Move,development
1574148233.655,2339,411,None,Move,development
1574148233.667,2339,410,None,Move,development
1574148233.675,2340,408,None,Move,development
1574148233.6829998,2342,406,None,Move,development
1574148233.691,2343,403,None,Move,development
1574148233.699,2345,402,None,Move,development
1574148233.707,2345,400,None,Move,development
1574148233.7129998,2346,399,None,Move,development
1574148233.721,2346,398,None,Move,development
1574148233.729,2347,395,None,Move,development
1574148233.7370002,2347,394,None,Move,development
1574148233.745,2347,393,None,Move,development
1574148233.7529998,2348,391,None,Move,development
1574148233.7610002,2349,390,None,Move,development
1574148233.769,2349,388,None,Move,development
1574148233.7770002,2350,386,None,Move,development
1574148233.783,2352,385,None,Move,development
1574148233.791,2352,384,None,Move,development
1574148233.799,2353,382,None,Move,development
1574148233.8070002,2354,381,None,Move,development
1574148233.815,2355,380,None,Move,development
1574148233.823,2356,378,None,Move,development
1574148233.831,2356,378,None,Move,development
1574148233.839,2358,376,None,Move,development
1574148233.847,2358,375,None,Move,development
1574148233.853,2359,374,None,Move,development
1574148233.8660002,2359,374,None,Move,development
1574148233.889,2360,373,None,Move,development
1574148233.8979998,2361,373,None,Move,development
1574148233.906,2361,373,None,Move,development
1574148233.944,2361,373,None,Move,development
1574148234.064,2362,373,None,Move,development
1574148234.072,2362,374,None,Move,development
1574148234.08,2362,376,None,Move,development
1574148234.0879998,2362,376,None,Move,development
1574148234.096,2362,377,None,Move,development
1574148234.104,2362,379,None,Move,development
1574148234.1120002,2362,380,None,Move,development
1574148234.12,2362,380,None,Move,development
1574148234.1320002,2362,381,None,Move,development
1574148234.264,2362,382,None,Move,development
1574148234.271,2362,383,None,Move,development
1574148234.2770002,2362,383,None,Move,development
1574148234.286,2362,385,None,Move,development
1574148234.294,2362,385,None,Move,development
1574148234.302,2362,386,None,Move,development
1574148234.31,2362,387,None,Move,development
1574148234.3170002,2362,388,None,Move,development
1574148234.326,2362,388,None,Move,development
1574148234.334,2362,389,None,Move,development
1574148234.342,2362,390,None,Move,development
1574148234.347,2362,391,None,Move,development
1574148234.356,2362,393,None,Move,development
1574148234.3639998,2362,394,None,Move,development
1574148234.371,2361,395,None,Move,development
1574148234.379,2361,397,None,Move,development
1574148234.387,2361,398,None,Move,development
1574148234.396,2360,399,None,Move,development
1574148234.404,2359,400,None,Move,development
1574148234.411,2359,401,None,Move,development
1574148234.417,2359,402,None,Move,development
1574148234.425,2359,404,None,Move,development
1574148234.434,2358,405,None,Move,development
1574148234.4420002,2358,406,None,Move,development
1574148234.45,2358,408,None,Move,development
1574148234.458,2357,409,None,Move,development
1574148234.466,2356,411,None,Move,development
1574148234.474,2355,413,None,Move,development
1574148234.482,2354,416,None,Move,development
1574148234.488,2353,419,None,Move,development
1574148234.496,2352,422,None,Move,development
1574148234.504,2351,424,None,Move,development
1574148234.512,2350,425,None,Move,development
1574148234.52,2350,428,None,Move,development
1574148234.528,2349,430,None,Move,development
1574148234.536,2348,431,None,Move,development
1574148234.544,2348,433,None,Move,development
1574148234.552,2348,435,None,Move,development
1574148234.5579998,2348,436,None,Move,development
1574148234.566,2348,437,None,Move,development
1574148234.574,2348,439,None,Move,development
1574148234.582,2347,442,None,Move,development
1574148234.59,2347,444,None,Move,development
1574148234.5979998,2347,446,None,Move,development
1574148234.606,2347,448,None,Move,development
1574148234.6139998,2347,449,None,Move,development
1574148234.6220002,2347,451,None,Move,development
1574148234.6279998,2347,454,None,Move,development
1574148234.6360002,2347,455,None,Move,development
1574148234.644,2347,456,None,Move,development
1574148234.6520002,2347,457,None,Move,development
1574148234.66,2347,460,None,Move,development
1574148234.668,2347,461,None,Move,development
1574148234.676,2348,462,None,Move,development
1574148234.684,2348,464,None,Move,development
1574148234.6920002,2348,465,None,Move,development
1574148234.698,2348,466,None,Move,development
1574148234.706,2348,467,None,Move,development
1574148234.714,2348,469,None,Move,development
1574148234.722,2348,470,None,Move,development
1574148234.73,2348,471,None,Move,development
1574148234.738,2348,472,None,Move,development
1574148234.746,2348,472,None,Move,development
1574148234.754,2348,474,None,Move,development
1574148234.762,2348,474,None,Move,development
1574148234.768,2348,475,None,Move,development
1574148234.776,2348,477,None,Move,development
1574148234.784,2348,478,None,Move,development
1574148234.792,2348,479,None,Move,development
1574148234.8,2347,481,None,Move,development
1574148234.8079998,2346,482,None,Move,development
1574148234.816,2346,483,None,Move,development
1574148234.824,2346,485,None,Move,development
1574148234.832,2345,486,None,Move,development
1574148234.8379998,2345,487,None,Move,development
1574148234.846,2344,489,None,Move,development
1574148234.855,2344,490,None,Move,development
1574148234.8620002,2344,491,None,Move,development
1574148234.87,2344,493,None,Move,development
1574148234.8779998,2343,494,None,Move,development
1574148234.8860002,2342,495,None,Move,development
1574148234.894,2342,497,None,Move,development
1574148234.9020002,2342,498,None,Move,development
1574148234.91,2341,499,None,Move,development
1574148234.916,2341,499,None,Move,development
1574148234.924,2341,500,None,Move,development
1574148235.022,2340,502,None,Move,development
1574148235.1220002,2340,502,None,Move,development
1574148235.133,2340,503,None,Move,development
1574148235.157,2340,503,None,Move,development
1574148235.3179998,2340,503,None,Move,development
1574148235.408,2341,503,None,Move,development
1574148235.418,2342,503,None,Move,development
1574148235.426,2344,503,None,Move,development
1574148235.434,2345,502,None,Move,development
1574148235.4420002,2347,502,None,Move,development
1574148235.45,2349,502,None,Move,development
1574148235.458,2350,502,None,Move,development
1574148235.466,2352,502,None,Move,development
1574148235.474,2353,502,None,Move,development
1574148235.482,2356,502,None,Move,development
1574148235.488,2359,502,None,Move,development
1574148235.496,2362,502,None,Move,development
1574148235.504,2365,502,None,Move,development
1574148235.512,2367,502,None,Move,development
1574148235.52,2369,502,None,Move,development
1574148235.528,2372,502,None,Move,development
1574148235.536,2374,502,None,Move,development
1574148235.544,2376,502,None,Move,development
1574148235.55,2379,502,None,Move,development
1574148235.5579998,2381,503,None,Move,development
1574148235.566,2383,503,None,Move,development
1574148235.574,2385,504,None,Move,development
1574148235.582,2386,504,None,Move,development
1574148235.59,2388,505,None,Move,development
1574148235.5979998,2390,505,None,Move,development
1574148235.606,2392,505,None,Move,development
1574148235.6139998,2393,505,None,Move,development
1574148235.62,2394,506,None,Move,development
1574148235.6279998,2396,506,None,Move,development
1574148235.6360002,2397,506,None,Move,development
1574148235.6479998,2398,506,None,Move,development
1574148235.656,2398,506,None,Move,development
1574148235.664,2399,506,None,Move,development
1574148235.6720002,2399,506,None,Move,development
1574148235.68,2401,506,None,Move,development
1574148235.688,2402,505,None,Move,development
1574148235.694,2403,505,None,Move,development
1574148235.702,2404,505,None,Move,development
1574148235.71,2406,505,None,Move,development
1574148235.718,2408,505,None,Move,development
1574148235.726,2409,505,None,Move,development
1574148235.734,2411,506,None,Move,development
1574148235.742,2412,507,None,Move,development
1574148235.75,2413,507,None,Move,development
1574148235.758,2413,507,None,Move,development
1574148237.676,2416,507,None,Move,development
1574148237.684,2427,505,None,Move,development
1574148237.69,2444,502,None,Move,development
1574148237.698,2470,499,None,Move,development
1574148237.706,2497,499,None,Move,development
1574148237.714,2528,496,None,Move,development
1574148237.722,2553,493,None,Move,development
1574148237.73,2571,491,None,Move,development
1574148237.738,2586,486,None,Move,development
1574148237.746,2598,480,None,Move,development
1574148237.754,2606,476,None,Move,development
1574148237.76,2615,473,None,Move,development
1574148237.768,2620,472,None,Move,development
1574148237.776,2625,472,None,Move,development
1574148237.784,2628,473,None,Move,development
1574148237.792,2630,477,None,Move,development
1574148237.8,2632,483,None,Move,development
1574148237.8079998,2634,490,None,Move,development
1574148237.816,2636,498,None,Move,development
1574148237.824,2638,509,None,Move,development
1574148237.83,2639,521,None,Move,development
1574148237.8379998,2641,529,None,Move,development
1574148237.846,2644,537,None,Move,development
1574148237.854,2648,543,None,Move,development
1574148237.8620002,2654,549,None,Move,development
1574148237.87,2662,553,None,Move,development
1574148237.8779998,2670,556,None,Move,development
1574148237.8860002,2683,559,None,Move,development
1574148237.894,2701,564,None,Move,development
1574148237.9,2728,571,None,Move,development
1574148237.908,2757,577,None,Move,development
1574148237.916,2791,582,None,Move,development
1574148237.924,2828,586,None,Move,development
1574148237.9320002,2864,591,None,Move,development
1574148237.94,2907,600,None,Move,development
1574148237.948,2945,609,None,Move,development
1574148237.956,2978,612,None,Move,development
1574148237.964,3001,615,None,Move,development
1574148237.97,3012,615,None,Move,development
1574148237.978,3017,615,None,Move,development
1574148237.986,3018,616,None,Move,development
1574148237.994,3015,617,None,Move,development
1574148238.002,3007,622,None,Move,development
1574148238.01,2998,626,None,Move,development
1574148238.018,2993,630,None,Move,development
1574148238.3839998,2993,630,None,Move,development
1574148238.39,2994,630,None,Move,development
1574148238.418,2994,629,None,Move,development
1574148238.426,2994,628,None,Move,development
1574148238.434,2994,626,None,Move,development
1574148238.4420002,2992,625,None,Move,development
1574148238.45,2991,623,None,Move,development
1574148238.458,2990,623,None,Move,development
1574148238.466,2986,623,None,Move,development
1574148238.474,2980,628,None,Move,development
1574148238.48,2973,636,None,Move,development
1574148238.488,2963,646,None,Move,development
1574148238.496,2951,657,None,Move,development
1574148238.504,2940,669,None,Move,development
1574148238.512,2931,681,None,Move,development
1574148238.52,2921,692,None,Move,development
1574148238.528,2912,704,None,Move,development
1574148238.534,2904,713,None,Move,development
1574148238.542,2895,722,None,Move,development
1574148238.55,2887,731,None,Move,development
1574148238.5579998,2879,739,None,Move,development
1574148238.566,2870,748,None,Move,development
1574148238.574,2862,758,None,Move,development
1574148238.582,2855,768,None,Move,development
1574148238.59,2846,777,None,Move,development
1574148238.5979998,2837,786,None,Move,development
1574148238.603,2827,795,None,Move,development
1574148238.6120002,2817,804,None,Move,development
1574148238.62,2808,813,None,Move,development
1574148238.6279998,2800,820,None,Move,development
1574148238.6360002,2794,826,None,Move,development
1574148238.644,2790,831,None,Move,development
1574148238.6520002,2788,833,None,Move,development
1574148238.66,2787,836,None,Move,development
1574148238.668,2787,837,None,Move,development
1574148238.674,2787,838,None,Move,development
1574148238.686,2787,839,None,Move,development
1574148238.694,2787,840,None,Move,development
1574148238.702,2788,841,None,Move,development
1574148238.71,2789,843,None,Move,development
1574148238.718,2790,844,None,Move,development
1574148238.726,2791,846,None,Move,development
1574148238.734,2791,848,None,Move,development
1574148238.742,2791,852,None,Move,development
1574148238.7470002,2791,858,None,Move,development
1574148238.756,2789,863,None,Move,development
1574148238.764,2787,866,None,Move,development
1574148238.771,2786,867,None,Move,development
1574148238.779,2786,868,None,Move,development
1574148238.7870002,2786,868,None,Move,development
1574148238.854,2786,868,None,Move,development
1574148238.8620002,2787,868,None,Move,development
1574148238.869,2788,869,None,Move,development
1574148239.2770002,2788,869,None,Move,development
1574148239.285,2789,866,None,Move,development
1574148239.293,2791,860,None,Move,development
1574148239.301,2793,855,None,Move,development
1574148239.309,2795,850,None,Move,development
1574148239.315,2796,844,None,Move,development
1574148239.323,2797,838,None,Move,development
1574148239.331,2797,832,None,Move,development
1574148239.339,2797,826,None,Move,development
1574148239.347,2795,823,None,Move,development
1574148239.356,2794,821,None,Move,development
1574148239.363,2792,821,None,Move,development
1574148239.371,2792,819,None,Move,development
1574148239.421,2790,817,None,Move,development
1574148239.429,2788,812,None,Move,development
1574148239.438,2785,806,None,Move,development
1574148239.446,2782,801,None,Move,development
1574148239.454,2780,798,None,Move,development
1574148239.46,2778,792,None,Move,development
1574148239.468,2776,786,None,Move,development
1574148239.476,2774,781,None,Move,development
1574148239.484,2772,772,None,Move,development
1574148239.4910002,2767,764,None,Move,development
1574148239.4989998,2760,755,None,Move,development
1574148239.5070002,2754,745,None,Move,development
1574148239.516,2745,735,None,Move,development
1574148239.5229998,2735,722,None,Move,development
1574148239.529,2724,709,None,Move,development
1574148239.5370002,2711,697,None,Move,development
1574148239.546,2694,682,None,Move,development
1574148239.554,2679,669,None,Move,development
1574148239.562,2662,654,None,Move,development
1574148239.569,2649,643,None,Move,development
1574148239.577,2642,634,None,Move,development
1574148239.586,2635,628,None,Move,development
1574148239.594,2629,621,None,Move,development
1574148239.599,2624,615,None,Move,development
1574148239.607,2620,610,None,Move,development
1574148239.6160002,2619,608,None,Move,development
1574148239.6239998,2616,607,None,Move,development
1574148239.631,2615,605,None,Move,development
1574148239.64,2614,602,None,Move,development
1574148239.647,2612,601,None,Move,development
1574148239.656,2611,599,None,Move,development
1574148239.664,2608,597,None,Move,development
1574148239.678,2604,594,None,Move,development
1574148239.686,2602,593,None,Move,development
1574148239.694,2599,590,None,Move,development
1574148239.702,2598,589,None,Move,development
1574148239.71,2596,587,None,Move,development
1574148239.717,2595,584,None,Move,development
1574148239.726,2593,581,None,Move,development
1574148239.7329998,2592,578,None,Move,development
1574148239.74,2590,575,None,Move,development
1574148239.7470002,2587,571,None,Move,development
1574148239.755,2583,566,None,Move,development
1574148239.7629998,2580,562,None,Move,development
1574148239.771,2575,557,None,Move,development
1574148239.779,2570,551,None,Move,development
1574148239.7870002,2564,544,None,Move,development
1574148239.796,2560,538,None,Move,development
1574148239.804,2556,532,None,Move,development
1574148239.809,2555,527,None,Move,development
1574148239.8170002,2552,521,None,Move,development
1574148239.826,2550,515,None,Move,development
1574148239.834,2548,509,None,Move,development
1574148239.842,2546,507,None,Move,development
1574148239.849,2545,505,None,Move,development
1574148239.857,2543,503,None,Move,development
1574148239.8660002,2542,502,None,Move,development
1574148239.8739998,2540,500,None,Move,development
1574148239.879,2538,499,None,Move,development
1574148239.887,2535,497,None,Move,development
1574148239.895,2532,496,None,Move,development
1574148239.904,2528,494,None,Move,development
1574148239.911,2526,493,None,Move,development
1574148239.92,2524,491,None,Move,development
1574148239.927,2522,490,None,Move,development
1574148239.936,2520,489,None,Move,development
1574148239.944,2518,487,None,Move,development
1574148239.949,2517,487,None,Move,development
1574148239.957,2515,485,None,Move,development
1574148240.176,2515,485,None,Move,development
1574148240.184,2514,485,None,Move,development
1574148240.1920002,2513,486,None,Move,development
1574148240.2,2513,487,None,Move,development
1574148240.208,2512,487,None,Move,development
1574148240.216,2512,487,None,Move,development
1574148240.25,2512,487,None,Move,development
1574148240.262,2511,487,None,Move,development
1574148240.27,2510,488,None,Move,development
1574148240.278,2509,488,None,Move,development
1574148240.286,2507,488,None,Move,development
1574148240.3820002,2507,489,None,Move,development
1574148240.394,2506,489,None,Move,development
1574148240.5779998,2505,489,None,Move,development
1574148240.586,2504,490,None,Move,development
1574148240.594,2504,490,None,Move,development
1574148240.6,2503,490,None,Move,development
1574148240.6079998,2503,491,None,Move,development
1574148240.916,2503,491,None,Move,development
1574148241.048,2502,491,None,Move,development
1574148241.06,2502,491,None,Move,development
1574148241.0679998,2501,491,None,Move,development
1574148241.076,2500,492,None,Move,development
1574148241.084,2498,493,None,Move,development
1574148241.092,2497,493,None,Move,development
1574148241.1020002,2496,493,None,Move,development
1574148241.438,2496,493,None,Move,development
1574148241.448,2497,493,None,Move,development
1574148241.512,2497,493,None,Move,development
1574148241.67,2498,493,Left,Pressed,development
1574148241.67,2498,493,None,Drag,development
1574148241.686,2499,494,None,Drag,development
1574148241.694,2504,495,None,Drag,development
1574148241.702,2510,496,None,Drag,development
1574148241.71,2515,496,None,Drag,development
1574148241.718,2521,497,None,Drag,development
1574148241.726,2526,498,None,Drag,development
1574148241.732,2532,500,None,Drag,development
1574148241.74,2535,500,None,Drag,development
1574148241.748,2537,501,None,Drag,development
1574148241.756,2538,502,None,Drag,development
1574148241.764,2539,502,None,Drag,development
1574148241.772,2541,502,None,Drag,development
1574148241.78,2542,502,None,Drag,development
1574148241.788,2543,503,None,Drag,development
1574148241.796,2545,503,None,Drag,development
1574148241.802,2546,503,None,Drag,development
1574148241.81,2547,503,None,Drag,development
1574148241.8179998,2548,503,None,Drag,development
1574148241.826,2550,503,None,Drag,development
1574148241.833,2551,503,None,Drag,development
1574148241.842,2552,503,None,Drag,development
1574148241.849,2553,503,None,Drag,development
1574148241.8579998,2555,504,None,Drag,development
1574148241.8660002,2556,504,None,Drag,development
1574148241.8720002,2558,506,None,Drag,development
1574148241.879,2560,507,None,Drag,development
1574148241.8879998,2561,508,None,Drag,development
1574148241.896,2564,509,None,Drag,development
1574148241.904,2565,509,None,Drag,development
1574148241.911,2567,510,None,Drag,development
1574148241.92,2569,511,None,Drag,development
1574148241.928,2571,512,None,Drag,development
1574148241.936,2573,512,None,Drag,development
1574148241.944,2574,512,None,Drag,development
1574148241.949,2575,512,None,Drag,development
1574148241.958,2575,512,None,Drag,development
1574148242.242,2576,512,None,Drag,development
1574148242.254,2577,513,None,Drag,development
1574148242.262,2579,513,None,Drag,development
1574148242.269,2582,514,None,Drag,development
1574148242.2770002,2585,514,None,Drag,development
1574148242.285,2587,514,None,Drag,development
1574148242.294,2589,514,None,Drag,development
1574148242.299,2590,514,None,Drag,development
1574148242.3070002,2590,514,None,Drag,development
1574148242.316,2591,514,None,Drag,development
1574148242.324,2592,514,None,Drag,development
1574148242.8739998,2592,514,None,Drag,development
1574148242.8839998,2593,514,None,Drag,development
1574148242.8920002,2595,513,None,Drag,development
1574148242.9,2599,512,None,Drag,development
1574148242.908,2605,510,None,Drag,development
1574148242.916,2609,508,None,Drag,development
1574148242.924,2615,506,None,Drag,development
1574148242.9320002,2618,504,None,Drag,development
1574148242.94,2622,503,None,Drag,development
1574148242.946,2623,502,None,Drag,development
1574148242.954,2624,502,None,Drag,development
1574148243.031,2624,502,None,Drag,development
1574148243.059,2623,502,None,Drag,development
1574148243.075,2623,502,None,Drag,development
1574148243.083,2622,502,None,Drag,development
1574148243.097,2622,502,None,Drag,development
1574148243.109,2621,502,None,Drag,development
1574148243.117,2621,502,None,Drag,development
1574148243.125,2621,502,None,Drag,development
1574148243.167,2620,502,None,Drag,development
1574148243.18,2619,502,None,Drag,development
1574148243.188,2619,502,None,Drag,development
1574148243.2,2618,502,None,Drag,development
1574148243.208,2618,502,None,Drag,development
1574148243.262,2617,502,None,Drag,development
1574148243.331,2617,502,None,Drag,development
1574148243.34,2613,501,None,Drag,development
1574148243.3479998,2607,501,None,Drag,development
1574148243.3479998,2607,501,Left,Released,development
1574148243.357,2602,501,None,Move,development
1574148243.363,2596,503,None,Move,development
1574148243.369,2588,505,None,Move,development
1574148243.3779998,2578,507,None,Move,development
1574148243.385,2565,510,None,Move,development
1574148243.394,2551,511,None,Move,development
1574148243.401,2539,513,None,Move,development
1574148243.41,2527,513,None,Move,development
1574148243.418,2515,514,None,Move,development
1574148243.426,2502,515,None,Move,development
1574148243.434,2487,516,None,Move,development
1574148243.439,2469,519,None,Move,development
1574148243.448,2445,522,None,Move,development
1574148243.456,2430,524,None,Move,development
1574148243.464,2418,525,None,Move,development
1574148243.471,2407,526,None,Move,development
1574148243.48,2399,527,None,Move,development
1574148243.488,2394,528,None,Move,development
1574148243.496,2391,528,None,Move,development
1574148243.504,2390,529,None,Move,development
1574148243.5089998,2389,529,None,Move,development
1574148243.726,2389,529,None,Move,development
1574148243.731,2390,528,None,Move,development
1574148243.7389998,2392,527,None,Move,development
1574148243.7470002,2394,526,None,Move,development
1574148243.756,2395,526,None,Move,development
1574148243.764,2398,526,None,Move,development
1574148243.771,2399,526,None,Move,development
1574148243.779,2399,526,None,Move,development
1574148243.81,2400,526,None,Move,development
1574148244.171,2402,526,None,Move,development
1574148244.179,2407,527,None,Move,development
1574148244.187,2413,529,None,Move,development
1574148244.195,2419,531,None,Move,development
1574148244.2029998,2424,533,None,Move,development
1574148244.211,2430,536,None,Move,development
1574148244.219,2435,538,None,Move,development
1574148244.225,2439,539,None,Move,development
1574148244.2329998,2444,541,None,Move,development
1574148244.2410002,2448,543,None,Move,development
1574148244.2489998,2452,545,None,Move,development
1574148244.2570002,2455,545,None,Move,development
1574148244.265,2457,546,None,Move,development
1574148244.2729998,2459,546,None,Move,development
1574148244.281,2461,547,None,Move,development
1574148244.289,2462,547,None,Move,development
1574148244.3860002,2462,547,None,Move,development
1574148244.394,2466,549,None,Move,development
1574148244.4020002,2471,551,None,Move,development
1574148244.41,2476,553,None,Move,development
1574148244.417,2481,554,None,Move,development
1574148244.426,2484,556,None,Move,development
1574148244.4329998,2486,557,None,Move,development
1574148244.439,2487,558,None,Move,development
1574148244.448,2488,560,None,Move,development
1574148244.456,2490,560,None,Move,development
1574148244.464,2491,562,None,Move,development
1574148244.471,2492,562,None,Move,development
1574148244.5779998,2492,562,None,Move,development
1574148244.6,2492,562,None,Move,development
1574148244.611,2491,562,None,Move,development
1574148244.854,2490,562,None,Move,development
1574148245.299,2490,562,None,Move,development
1574148245.3070002,2489,564,None,Move,development
1574148245.315,2488,566,None,Move,development
1574148245.323,2486,568,None,Move,development
1574148245.331,2485,570,None,Move,development
1574148245.339,2483,572,None,Move,development
1574148245.347,2482,577,None,Move,development
1574148245.355,2480,581,None,Move,development
1574148245.3620002,2478,586,None,Move,development
1574148245.369,2474,592,None,Move,development
1574148245.377,2470,598,None,Move,development
1574148245.385,2464,605,None,Move,development
1574148245.394,2457,614,None,Move,development
1574148245.4020002,2451,624,None,Move,development
1574148245.41,2444,635,None,Move,development
1574148245.417,2437,649,None,Move,development
1574148245.426,2430,661,None,Move,development
1574148245.431,2422,672,None,Move,development
1574148245.44,2415,682,None,Move,development
1574148245.448,2411,688,None,Move,development
1574148245.456,2410,691,None,Move,development
1574148245.464,2408,694,None,Move,development
1574148245.471,2407,696,None,Move,development
1574148245.48,2407,696,None,Move,development
1574148245.569,2406,697,None,Move,development
1574148245.575,2406,697,None,Move,development
1574148245.698,2404,697,None,Move,development
1574148245.706,2402,696,None,Move,development
1574148245.714,2402,696,None,Move,development
1574148245.974,2402,695,None,Move,development
1574148245.981,2402,694,None,Move,development
1574148245.996,2402,693,None,Move,development
1574148246.004,2402,693,None,Move,development
1574148246.0110002,2402,692,None,Move,development
1574148246.064,2402,692,None,Move,development
1574148246.331,2402,690,None,Move,development
1574148246.339,2403,689,None,Move,development
1574148246.347,2404,688,None,Move,development
1574148246.353,2406,686,None,Move,development
1574148246.361,2406,685,None,Move,development
1574148246.369,2407,683,None,Move,development
1574148246.377,2408,681,None,Move,development
1574148246.385,2408,680,None,Move,development
1574148246.393,2408,679,None,Move,development
1574148246.401,2408,678,None,Move,development
1574148246.409,2408,677,None,Move,development
1574148246.417,2408,676,None,Move,development
1574148246.423,2408,674,None,Move,development
1574148246.431,2408,673,None,Move,development
1574148246.439,2408,672,None,Move,development
1574148246.447,2408,670,None,Move,development
1574148246.455,2408,669,None,Move,development
1574148246.4629998,2408,668,None,Move,development
1574148246.471,2408,667,None,Move,development
1574148246.479,2408,666,None,Move,development
1574148246.4870002,2408,665,None,Move,development
1574148246.495,2408,664,None,Move,development
1574148246.5010002,2408,662,None,Move,development
1574148246.51,2408,662,None,Move,development
1574148246.518,2408,660,None,Move,development
1574148246.526,2408,660,None,Move,development
1574148246.846,2408,659,None,Move,development
1574148246.8520002,2410,659,None,Move,development
1574148246.97,2410,659,None,Move,development
1574148247.164,2410,659,None,Move,development
1574148247.1720002,2407,659,None,Move,development
1574148247.18,2406,659,None,Move,development
1574148247.206,2406,658,None,Move,development
1574148247.214,2409,655,None,Move,development
1574148247.224,2410,654,None,Move,development
1574148247.23,2412,653,None,Move,development
1574148247.238,2412,653,None,Move,development
1574148247.246,2413,653,None,Move,development
1574148247.254,2414,652,None,Move,development
1574148247.2610002,2415,652,None,Move,development
1574148247.269,2416,652,None,Move,development
1574148247.276,2418,654,None,Move,development
1574148247.284,2419,655,None,Move,development
1574148247.291,2421,657,None,Move,development
1574148247.299,2422,659,None,Move,development
1574148247.3070002,2424,662,None,Move,development
1574148247.316,2428,668,None,Move,development
1574148247.324,2428,669,None,Move,development
1574148247.731,2429,669,None,Move,development
1574148247.74,2431,668,None,Move,development
1574148247.7470002,2432,668,None,Move,development
1574148247.769,2432,667,None,Move,development
1574148247.798,2433,666,None,Move,development
1574148247.806,2434,662,None,Move,development
1574148247.814,2435,659,None,Move,development
1574148247.822,2435,658,None,Move,development
1574148247.829,2433,657,None,Move,development
1574148247.837,2431,657,None,Move,development
1574148247.843,2430,657,None,Move,development
1574148247.851,2428,656,None,Move,development
1574148247.86,2426,655,None,Move,development
1574148247.8679998,2425,655,None,Move,development
1574148247.875,2424,654,None,Move,development
1574148247.8839998,2424,653,None,Move,development
1574148247.8920002,2424,651,None,Move,development
1574148247.9,2425,649,None,Move,development
1574148247.908,2426,646,None,Move,development
1574148247.914,2426,645,None,Move,development
1574148247.9220002,2426,643,None,Move,development
1574148247.93,2425,640,None,Move,development
1574148247.938,2424,638,None,Move,development
1574148247.946,2422,638,None,Move,development
1574148247.954,2421,637,None,Move,development
1574148247.962,2420,635,None,Move,development
1574148247.97,2417,633,None,Move,development
1574148247.978,2416,631,None,Move,development
1574148247.9829998,2414,629,None,Move,development
1574148247.9910002,2412,628,None,Move,development
1574148248.0,2411,626,None,Move,development
1574148248.008,2409,625,None,Move,development
1574148248.016,2408,624,None,Move,development
1574148248.024,2406,621,None,Move,development
1574148248.031,2405,620,None,Move,development
1574148248.04,2404,619,None,Move,development
1574148248.048,2401,616,None,Move,development
1574148248.053,2400,614,None,Move,development
1574148248.062,2398,612,None,Move,development
1574148248.069,2397,610,None,Move,development
1574148248.0779998,2395,606,None,Move,development
1574148248.086,2394,603,None,Move,development
1574148248.094,2392,601,None,Move,development
1574148248.1020002,2390,598,None,Move,development
1574148248.109,2389,594,None,Move,development
1574148248.1179998,2387,590,None,Move,development
1574148248.123,2385,588,None,Move,development
1574148248.131,2384,584,None,Move,development
1574148248.14,2382,582,None,Move,development
1574148248.147,2381,581,None,Move,development
1574148248.156,2380,579,None,Move,development
1574148248.163,2379,578,None,Move,development
1574148248.171,2378,576,None,Move,development
1574148248.18,2377,574,None,Move,development
1574148248.187,2377,572,None,Move,development
1574148248.1929998,2376,570,None,Move,development
1574148248.202,2376,569,None,Move,development
1574148248.21,2376,568,None,Move,development
1574148248.218,2375,567,None,Move,development
1574148248.226,2375,566,None,Move,development
1574148248.234,2375,566,None,Move,development
1574148248.242,2375,565,None,Move,development
1574148248.25,2375,564,None,Move,development
1574148248.258,2375,563,None,Move,development
1574148248.264,2376,561,None,Move,development
1574148248.272,2376,560,None,Move,development
1574148248.28,2377,558,None,Move,development
1574148248.288,2377,557,None,Move,development
1574148249.3279998,2377,557,None,Move,development
1574148249.334,2377,557,None,Move,development
1574148255.42,2378,557,None,Move,development
1574148255.428,2384,557,None,Move,development
1574148255.436,2392,554,None,Move,development
1574148255.447,2399,552,None,Move,development
1574148255.4529998,2405,550,None,Move,development
1574148255.458,2410,548,None,Move,development
1574148255.466,2412,546,None,Move,development
1574148255.474,2415,546,None,Move,development
1574148255.482,2417,546,None,Move,development
1574148255.49,2418,546,None,Move,development
1574148255.498,2420,546,None,Move,development
1574148255.506,2420,546,None,Move,development
1574148255.514,2422,546,None,Move,development
1574148255.522,2422,547,None,Move,development
1574148255.528,2423,548,None,Move,development
1574148255.536,2424,550,None,Move,development
1574148255.544,2424,551,None,Move,development
1574148255.552,2424,552,None,Move,development
1574148255.559,2424,553,None,Move,development
1574148255.5679998,2424,554,None,Move,development
1574148255.79,2424,556,None,Move,development
1574148255.798,2426,557,None,Move,development
1574148255.804,2427,558,None,Move,development
1574148255.812,2429,559,None,Move,development
1574148255.82,2430,560,None,Move,development
1574148255.8279998,2432,561,None,Move,development
1574148255.836,2434,562,None,Move,development
1574148255.844,2435,563,None,Move,development
1574148255.8520002,2436,565,None,Move,development
1574148255.86,2438,566,None,Move,development
1574148255.8679998,2439,567,None,Move,development
1574148255.8739998,2441,568,None,Move,development
1574148255.8820002,2442,569,None,Move,development
1574148255.89,2443,570,None,Move,development
1574148255.8979998,2444,572,None,Move,development
1574148255.906,2445,573,None,Move,development
1574148255.914,2446,575,None,Move,development
1574148255.9220002,2448,575,None,Move,development
1574148255.93,2448,576,None,Move,development
1574148255.938,2448,576,None,Move,development
1574148255.946,2449,577,None,Move,development
1574148255.952,2449,578,None,Move,development
1574148255.96,2450,578,None,Move,development
1574148255.968,2450,579,None,Move,development
1574148255.976,2451,580,None,Move,development
1574148255.984,2452,581,None,Move,development
1574148255.992,2452,583,None,Move,development
1574148256.0,2453,584,None,Move,development
1574148256.008,2454,585,None,Move,development
1574148256.016,2454,587,None,Move,development
1574148256.022,2456,589,None,Move,development
1574148256.03,2457,591,None,Move,development
1574148256.038,2459,593,None,Move,development
1574148256.046,2460,594,None,Move,development
1574148256.054,2463,596,None,Move,development
1574148256.062,2464,597,None,Move,development
1574148256.07,2466,598,None,Move,development
1574148256.0779998,2468,600,None,Move,development
1574148256.086,2470,601,None,Move,development
1574148256.092,2472,603,None,Move,development
1574148256.1,2474,604,None,Move,development
1574148256.1079998,2477,606,None,Move,development
1574148256.1160002,2478,607,None,Move,development
1574148256.1239998,2479,609,None,Move,development
1574148256.1320002,2481,610,None,Move,development
1574148256.14,2482,612,None,Move,development
1574148256.147,2484,613,None,Move,development
1574148256.155,2484,614,None,Move,development
1574148256.1620002,2486,616,None,Move,development
1574148256.17,2486,617,None,Move,development
1574148256.178,2487,619,None,Move,development
1574148256.186,2488,620,None,Move,development
1574148256.194,2488,621,None,Move,development
1574148256.202,2488,622,None,Move,development
1574148256.21,2488,623,None,Move,development
1574148256.218,2488,624,None,Move,development
1574148256.226,2488,625,None,Move,development
1574148256.232,2488,626,None,Move,development
1574148256.24,2487,628,None,Move,development
1574148256.2470002,2487,630,None,Move,development
1574148256.255,2486,634,None,Move,development
1574148256.2629998,2484,638,None,Move,development
1574148256.271,2482,643,None,Move,development
1574148256.279,2480,648,None,Move,development
1574148256.2870002,2478,654,None,Move,development
1574148256.295,2476,660,None,Move,development
1574148256.301,2473,666,None,Move,development
1574148256.309,2471,673,None,Move,development
1574148256.3170002,2469,679,None,Move,development
1574148256.326,2467,683,None,Move,development
1574148256.334,2466,686,None,Move,development
1574148256.342,2466,688,None,Move,development
1574148256.35,2466,690,None,Move,development
1574148256.3579998,2466,691,None,Move,development
1574148256.3639998,2468,692,None,Move,development
1574148256.3720002,2469,693,None,Move,development
1574148256.38,2471,695,None,Move,development
1574148256.3879998,2472,696,None,Move,development
1574148256.396,2474,698,None,Move,development
1574148256.404,2475,699,None,Move,development
1574148256.4120002,2476,700,None,Move,development
1574148256.42,2476,700,None,Move,development
1574148256.594,2476,700,None,Move,development
1574148256.6020002,2475,699,None,Move,development
1574148256.61,2474,698,None,Move,development
1574148256.6179998,2472,696,None,Move,development
1574148256.6260002,2471,695,None,Move,development
1574148256.6339998,2470,694,None,Move,development
1574148256.6420002,2468,692,None,Move,development
1574148256.65,2467,691,None,Move,development
1574148256.656,2465,689,None,Move,development
1574148256.664,2464,688,None,Move,development
1574148256.6720002,2462,686,None,Move,development
1574148256.68,2461,684,None,Move,development
1574148256.688,2460,683,None,Move,development
1574148256.696,2460,681,None,Move,development
1574148256.704,2459,681,None,Move,development
1574148256.9910002,2458,681,None,Move,development
1574148257.0029998,2457,680,None,Move,development
1574148257.0089998,2456,680,None,Move,development
1574148257.0170002,2454,678,None,Move,development
1574148257.025,2453,678,None,Move,development
1574148257.033,2452,678,None,Move,development
1574148257.041,2451,678,None,Move,development
1574148257.049,2450,677,None,Move,development
1574148257.198,2449,677,None,Move,development
1574148257.21,2448,677,None,Move,development
1574148257.217,2447,677,None,Move,development
1574148257.2229998,2445,679,None,Move,development
1574148257.231,2443,680,None,Move,development
1574148257.24,2441,682,None,Move,development
1574148257.248,2438,682,None,Move,development
1574148257.256,2436,683,None,Move,development
1574148257.2629998,2435,683,None,Move,development
1574148257.271,2434,683,None,Move,development
1574148257.346,2433,684,None,Move,development
1574148257.3579998,2432,684,None,Move,development
1574148257.363,2431,684,None,Move,development
1574148257.4320002,2431,684,None,Move,development
1574148257.4420002,2430,684,None,Move,development
1574148257.45,2428,684,None,Move,development
1574148257.458,2427,684,None,Move,development
1574148257.466,2426,684,None,Move,development
1574148257.474,2424,684,None,Move,development
1574148257.482,2421,684,None,Move,development
1574148257.49,2419,684,None,Move,development
1574148257.498,2416,684,None,Move,development
1574148257.506,2414,684,None,Move,development
1574148257.512,2413,684,None,Move,development
1574148257.52,2412,684,None,Move,development
1574148257.528,2410,684,None,Move,development
1574148257.536,2409,684,None,Move,development
1574148257.544,2408,684,None,Move,development
1574148257.552,2408,684,None,Move,development
1574148257.56,2407,684,None,Move,development
1574148258.276,2407,684,None,Move,development
1574148258.284,2408,685,None,Move,development
1574148258.29,2410,687,None,Move,development
1574148258.298,2411,688,None,Move,development
1574148258.306,2412,690,None,Move,development
1574148258.314,2414,691,None,Move,development
1574148258.322,2415,692,None,Move,development
1574148258.33,2416,694,None,Move,development
1574148258.3379998,2417,695,None,Move,development
1574148258.346,2417,696,None,Move,development
1574148258.3520002,2417,698,None,Move,development
1574148258.36,2417,699,None,Move,development
1574148258.3679998,2417,700,None,Move,development
1574148258.3760002,2417,702,None,Move,development
1574148258.3839998,2417,703,None,Move,development
1574148258.3920002,2417,704,None,Move,development
1574148258.4,2417,706,None,Move,development
1574148258.408,2417,707,None,Move,development
1574148258.416,2418,708,None,Move,development
1574148258.424,2418,709,None,Move,development
1574148258.43,2418,709,None,Move,development
1574148258.438,2418,710,None,Move,development
1574148258.446,2418,711,None,Move,development
1574148258.454,2418,712,None,Move,development
1574148258.462,2418,712,None,Move,development
1574148258.478,2418,713,None,Move,development
1574148258.498,2418,713,None,Move,development
1574148258.504,2418,714,None,Move,development
1574148258.512,2418,715,None,Move,development
1574148258.52,2418,715,None,Move,development
1574148258.528,2418,716,None,Move,development
1574148258.536,2418,717,None,Move,development
1574148258.7770002,2419,717,None,Move,development
1574148258.791,2419,717,None,Move,development
1574148258.799,2420,717,None,Move,development
1574148258.8070002,2420,715,None,Move,development
1574148258.816,2420,715,None,Move,development
1574148258.824,2421,714,None,Move,development
1574148258.831,2422,713,None,Move,development
1574148258.839,2422,712,None,Move,development
1574148258.847,2422,711,None,Move,development
1574148258.853,2422,710,None,Move,development
1574148258.87,2423,709,None,Move,development
1574148258.935,2423,709,None,Move,development
1574148258.947,2423,708,None,Move,development
1574148258.956,2423,708,None,Move,development
1574148258.964,2423,708,None,Move,development
1574148259.2389998,2424,708,None,Move,development
1574148259.2470002,2424,709,None,Move,development
1574148259.255,2424,710,None,Move,development
1574148259.2629998,2424,712,None,Move,development
1574148259.271,2424,713,None,Move,development
1574148259.279,2424,714,None,Move,development
1574148259.285,2424,715,None,Move,development
1574148259.293,2424,716,None,Move,development
1574148259.5229998,2424,716,None,Move,development
1574148259.531,2424,716,None,Move,development
1574148259.539,2424,716,None,Move,development
1574148259.5470002,2424,715,None,Move,development
1574148259.555,2424,714,None,Move,development
1574148259.565,2424,714,None,Move,development
1574148259.573,2424,713,None,Move,development
1574148259.581,2424,712,None,Move,development
1574148259.589,2424,711,None,Move,development
1574148259.597,2424,711,None,Move,development
1574148259.606,2424,710,None,Move,development
1574148259.6139998,2423,709,None,Move,development
1574148259.6220002,2423,708,None,Move,development
1574148259.63,2423,707,None,Move,development
1574148259.6360002,2422,707,None,Move,development
1574148259.644,2422,706,None,Move,development
1574148259.6520002,2422,706,None,Move,development
1574148259.66,2422,704,None,Move,development
1574148259.668,2422,704,None,Move,development
1574148259.676,2422,703,None,Move,development
1574148259.684,2422,701,None,Move,development
1574148259.6920002,2422,700,None,Move,development
1574148259.7,2422,699,None,Move,development
1574148259.706,2422,697,None,Move,development
1574148259.714,2422,696,None,Move,development
1574148259.722,2422,695,None,Move,development
1574148259.73,2421,694,None,Move,development
1574148259.738,2421,692,None,Move,development
1574148259.746,2421,692,None,Move,development
1574148259.754,2421,691,None,Move,development
1574148259.849,2420,690,None,Move,development
1574148259.857,2420,689,None,Move,development
1574148259.951,2420,688,None,Move,development
1574148259.959,2419,687,None,Move,development
1574148260.3179998,2419,687,None,Move,development
1574148260.325,2418,687,None,Move,development
1574148260.539,2418,686,None,Move,development
1574148260.548,2418,686,None,Move,development
1574148260.553,2418,685,None,Move,development
1574148260.562,2417,684,None,Move,development
1574148260.569,2416,683,None,Move,development
1574148260.5779998,2416,682,None,Move,development
1574148260.586,2416,682,None,Move,development
1574148260.594,2416,680,None,Move,development
1574148260.6020002,2416,680,None,Move,development
1574148260.609,2416,679,None,Move,development
1574148260.6179998,2416,678,None,Move,development
1574148260.6239998,2416,677,None,Move,development
1574148260.702,2416,677,None,Move,development
1574148261.594,2416,676,None,Move,development
1574148261.61,2415,676,None,Move,development
1574148261.754,2415,676,Left,Pressed,development
1574148261.89,2415,676,Left,Released,development
1574148261.994,2415,676,Left,Pressed,development
1574148262.1160002,2415,676,Left,Released,development
1574148262.7570002,2415,676,None,Move,development
1574148262.7629998,2413,676,None,Move,development
1574148262.771,2412,676,None,Move,development
1574148262.779,2411,676,None,Move,development
1574148262.7870002,2410,676,None,Move,development
1574148262.8620002,2409,676,None,Move,development
1574148262.8739998,2409,676,None,Move,development
1574148262.8820002,2405,676,None,Move,development
1574148262.889,2403,678,None,Move,development
1574148262.896,2400,678,None,Move,development
1574148262.904,2397,679,None,Move,development
1574148262.911,2393,680,None,Move,development
1574148262.919,2390,681,None,Move,development
1574148262.927,2389,681,None,Move,development
1574148262.935,2388,681,None,Move,development
1574148262.944,2387,681,None,Move,development
1574148262.951,2386,681,None,Move,development
1574148262.959,2385,681,None,Move,development
1574148262.967,2385,681,None,Move,development
1574148263.1079998,2384,681,None,Move,development
1574148263.177,2384,681,None,Move,development
1574148264.532,2384,681,None,Move,development
1574148264.542,2385,680,None,Move,development
1574148264.55,2386,678,None,Move,development
1574148264.5570002,2387,678,None,Move,development
1574148264.566,2389,676,None,Move,development
1574148264.574,2390,675,None,Move,development
1574148264.581,2392,673,None,Move,development
1574148264.59,2393,672,None,Move,development
1574148264.597,2394,671,None,Move,development
1574148264.606,2395,671,None,Move,development
1574148264.611,2396,671,None,Move,development
1574148264.62,2396,670,None,Move,development
1574148264.627,2396,670,None,Move,development
1574148264.978,2397,670,None,Move,development
1574148264.99,2398,670,None,Move,development
1574148264.998,2399,670,None,Move,development
1574148265.006,2400,670,None,Move,development
1574148265.014,2401,670,None,Move,development
1574148265.026,2402,670,None,Move,development
1574148265.3839998,2402,671,None,Move,development
1574148265.39,2401,674,None,Move,development
1574148265.3979998,2399,678,None,Move,development
1574148265.406,2397,684,None,Move,development
1574148265.414,2395,687,None,Move,development
1574148265.4220002,2395,688,None,Move,development
1574148265.542,2396,685,None,Move,development
1574148265.549,2403,675,None,Move,development
1574148265.5570002,2409,667,None,Move,development
1574148265.566,2418,658,None,Move,development
1574148265.574,2425,648,None,Move,development
1574148265.582,2431,639,None,Move,development
1574148265.59,2436,631,None,Move,development
1574148265.5979998,2442,622,None,Move,development
1574148265.604,2445,615,None,Move,development
1574148265.611,2447,608,None,Move,development
1574148265.619,2448,602,None,Move,development
1574148265.627,2449,597,None,Move,development
1574148265.6360002,2449,591,None,Move,development
1574148265.643,2449,587,None,Move,development
1574148265.6520002,2449,584,None,Move,development
1574148265.659,2449,581,None,Move,development
1574148265.667,2448,577,None,Move,development
1574148265.675,2447,572,None,Move,development
1574148265.6820002,2446,567,None,Move,development
1574148265.689,2446,561,None,Move,development
1574148265.698,2446,553,None,Move,development
1574148265.706,2448,545,None,Move,development
1574148265.7129998,2451,538,None,Move,development
1574148265.721,2454,529,None,Move,development
1574148265.729,2455,524,None,Move,development
1574148265.7370002,2457,518,None,Move,development
1574148265.744,2459,513,None,Move,development
1574148265.7510002,2461,508,None,Move,development
1574148265.7589998,2463,503,None,Move,development
1574148265.7670002,2465,499,None,Move,development
1574148265.776,2467,494,None,Move,development
1574148265.784,2467,490,None,Move,development
1574148265.791,2469,484,None,Move,development
1574148265.799,2471,478,None,Move,development
1574148265.8070002,2472,473,None,Move,development
1574148265.813,2473,467,None,Move,development
1574148265.822,2473,462,None,Move,development
1574148265.829,2474,456,None,Move,development
1574148265.837,2474,451,None,Move,development
1574148265.845,2474,445,None,Move,development
1574148265.853,2474,439,None,Move,development
1574148265.8620002,2472,434,None,Move,development
1574148265.87,2472,430,None,Move,development
1574148265.8779998,2471,425,None,Move,development
1574148265.8860002,2471,421,None,Move,development
1574148265.891,2471,416,None,Move,development
1574148265.9,2473,410,None,Move,development
1574148265.907,2475,404,None,Move,development
1574148265.916,2477,397,None,Move,development
1574148265.924,2479,390,None,Move,development
1574148265.931,2481,384,None,Move,development
1574148265.94,2482,380,None,Move,development
1574148265.948,2483,378,None,Move,development
1574148265.956,2483,375,None,Move,development
1574148265.961,2483,372,None,Move,development
1574148265.97,2483,370,None,Move,development
1574148265.978,2483,369,None,Move,development
1574148265.986,2483,368,None,Move,development
1574148265.995,2483,366,None,Move,development
1574148266.0010002,2483,365,None,Move,development
1574148266.0089998,2483,364,None,Move,development
1574148266.0170002,2483,363,None,Move,development
1574148266.113,2483,363,None,Move,development
1574148266.129,2484,363,None,Move,development
1574148266.153,2484,362,None,Move,development
1574148266.2729998,2486,361,None,Move,development
1574148266.282,2500,359,None,Move,development
1574148266.29,2512,357,None,Move,development
1574148266.298,2518,356,None,Move,development
1574148266.306,2518,356,None,Move,development
1574148266.311,2518,356,None,Move,development
1574148266.32,2517,362,None,Move,development
1574148266.3279998,2514,368,None,Move,development
1574148266.335,2510,376,None,Move,development
1574148266.344,2508,383,None,Move,development
1574148266.351,2508,385,None,Move,development
1574148267.149,2508,385,None,Move,development
1574148267.157,2509,385,None,Move,development
1574148267.228,2509,385,None,Move,development
1574148267.2329998,2510,385,None,Move,development
1574148267.242,2511,382,None,Move,development
1574148267.2489998,2513,377,None,Move,development
1574148267.258,2514,376,None,Move,development
1574148267.266,2515,374,None,Move,development
1574148267.274,2515,373,None,Move,development
1574148267.282,2516,371,None,Move,development
1574148267.289,2516,369,None,Move,development
1574148267.298,2517,366,None,Move,development
1574148267.306,2517,363,None,Move,development
1574148267.311,2518,360,None,Move,development
1574148267.32,2518,358,None,Move,development
1574148267.3279998,2518,357,None,Move,development
1574148267.336,2518,356,None,Move,development
1574148267.344,2518,355,None,Move,development
1574148267.3520002,2518,353,None,Move,development
1574148267.36,2518,352,None,Move,development
1574148267.3679998,2518,351,None,Move,development
1574148267.373,2518,350,None,Move,development
1574148267.3820002,2518,350,None,Move,development
1574148267.39,2519,348,None,Move,development
1574148267.3979998,2519,348,None,Move,development
1574148267.406,2519,346,None,Move,development
1574148267.414,2519,346,None,Move,development
1574148267.4220002,2519,345,None,Move,development
1574148267.434,2519,345,None,Move,development
1574148267.4420002,2519,344,None,Move,development
1574148267.449,2518,344,None,Move,development
1574148267.456,2517,343,None,Move,development
1574148267.4629998,2517,342,None,Move,development
1574148267.472,2516,341,None,Move,development
1574148267.48,2514,340,None,Move,development
1574148267.488,2514,340,None,Move,development
1574148267.495,2513,339,None,Move,development
1574148267.504,2512,338,None,Move,development
1574148267.516,2512,338,None,Move,development
1574148267.521,2511,337,None,Move,development
1574148267.53,2510,336,None,Move,development
1574148267.5370002,2509,336,None,Move,development
1574148267.545,2507,335,None,Move,development
1574148267.554,2504,333,None,Move,development
1574148267.562,2500,332,None,Move,development
1574148267.57,2496,331,None,Move,development
1574148267.5779998,2491,329,None,Move,development
1574148267.586,2486,327,None,Move,development
1574148267.591,2480,325,None,Move,development
1574148267.599,2477,323,None,Move,development
1574148267.607,2472,321,None,Move,development
1574148267.6160002,2470,317,None,Move,development
1574148267.6239998,2466,312,None,Move,development
1574148267.6320002,2462,308,None,Move,development
1574148267.64,2460,303,None,Move,development
1574148267.6479998,2459,299,None,Move,development
1574148267.656,2457,293,None,Move,development
1574148267.6620002,2455,286,None,Move,development
1574148267.67,2454,280,None,Move,development
1574148267.678,2453,276,None,Move,development
1574148267.686,2453,272,None,Move,development
1574148267.694,2453,269,None,Move,development
1574148267.702,2453,265,None,Move,development
1574148267.709,2453,260,None,Move,development
1574148267.718,2454,256,None,Move,development
1574148267.726,2455,253,None,Move,development
1574148267.731,2457,248,None,Move,development
1574148267.74,2459,244,None,Move,development
1574148267.748,2461,239,None,Move,development
1574148267.755,2461,236,None,Move,development
1574148267.7629998,2462,234,None,Move,development
1574148267.771,2463,231,None,Move,development
1574148267.779,2463,228,None,Move,development
1574148267.788,2464,226,None,Move,development
1574148267.795,2464,223,None,Move,development
1574148267.801,2464,222,None,Move,development
1574148267.809,2465,221,None,Move,development
1574148267.8179998,2466,219,None,Move,development
1574148267.826,2466,218,None,Move,development
1574148267.834,2466,217,None,Move,development
1574148267.842,2466,216,None,Move,development
1574148267.849,2466,215,None,Move,development
1574148267.8579998,2466,214,None,Move,development
1574148267.8660002,2466,213,None,Move,development
1574148267.871,2466,212,None,Move,development
1574148267.88,2466,211,None,Move,development
1574148267.8879998,2466,209,None,Move,development
1574148267.896,2466,208,None,Move,development
1574148267.904,2466,207,None,Move,development
1574148267.911,2466,206,None,Move,development
1574148267.954,2467,206,None,Move,development
1574148267.969,2469,206,None,Move,development
1574148267.978,2470,206,None,Move,development
1574148267.986,2471,206,None,Move,development
1574148267.994,2472,206,None,Move,development
1574148268.002,2473,206,None,Move,development
1574148268.0089998,2473,206,None,Move,development
1574148271.732,2473,206,Left,Pressed,development
1574148271.8679998,2473,206,Left,Released,development
1574148276.834,2473,208,None,Move,development
1574148276.839,2473,209,None,Move,development
1574148276.851,2474,209,None,Move,development
1574148276.859,2474,210,None,Move,development
1574148276.867,2474,211,None,Move,development
1574148276.8760002,2474,211,None,Move,development
1574148276.883,2474,213,None,Move,development
1574148276.891,2474,213,None,Move,development
1574148276.899,2474,214,None,Move,development
1574148276.906,2474,214,None,Move,development
1574148276.913,2474,215,None,Move,development
1574148276.921,2476,216,None,Move,development
1574148276.929,2476,217,None,Move,development
1574148276.937,2478,218,None,Move,development
1574148276.946,2479,220,None,Move,development
1574148276.9529998,2480,220,None,Move,development
1574148276.962,2482,222,None,Move,development
1574148276.969,2484,223,None,Move,development
1574148276.9770002,2486,226,None,Move,development
1574148276.984,2490,228,None,Move,development
1574148276.9910002,2495,233,None,Move,development
1574148276.9989998,2501,237,None,Move,development
1574148277.0070002,2508,242,None,Move,development
1574148277.016,2516,249,None,Move,development
1574148277.0229998,2526,255,None,Move,development
1574148277.031,2539,260,None,Move,development
1574148277.039,2553,262,None,Move,development
1574148277.0470002,2570,265,None,Move,development
1574148277.053,2588,269,None,Move,development
1574148277.061,2606,271,None,Move,development
1574148277.069,2624,274,None,Move,development
1574148277.077,2639,275,None,Move,development
1574148277.086,2654,277,None,Move,development
1574148277.093,2667,281,None,Move,development
1574148277.1020002,2681,284,None,Move,development
1574148277.11,2694,287,None,Move,development
1574148277.117,2708,290,None,Move,development
1574148277.123,2720,292,None,Move,development
1574148277.131,2728,295,None,Move,development
1574148277.14,2735,297,None,Move,development
1574148277.1479998,2742,299,None,Move,development
1574148277.156,2748,301,None,Move,development
1574148277.164,2752,303,None,Move,development
1574148277.1720002,2756,304,None,Move,development
1574148277.179,2758,305,None,Move,development
1574148277.187,2759,306,None,Move,development
1574148277.1929998,2762,307,None,Move,development
1574148277.201,2763,307,None,Move,development
1574148277.209,2764,307,None,Move,development
1574148277.217,2766,308,None,Move,development
1574148277.225,2769,309,None,Move,development
1574148277.234,2770,309,None,Move,development
1574148277.242,2773,309,None,Move,development
1574148277.2489998,2775,309,None,Move,development
1574148277.26,2779,310,None,Move,development
1574148277.265,2783,311,None,Move,development
1574148277.271,2789,313,None,Move,development
1574148277.279,2795,315,None,Move,development
1574148277.2870002,2801,317,None,Move,development
1574148277.295,2807,319,None,Move,development
1574148277.304,2812,321,None,Move,development
1574148277.311,2818,323,None,Move,development
1574148277.319,2824,325,None,Move,development
1574148277.326,2830,326,None,Move,development
1574148277.333,2835,328,None,Move,development
1574148277.342,2840,329,None,Move,development
1574148277.349,2844,331,None,Move,development
1574148277.357,2848,331,None,Move,development
1574148277.3660002,2852,331,None,Move,development
1574148277.373,2855,331,None,Move,development
1574148277.3820002,2858,332,None,Move,development
1574148277.39,2860,332,None,Move,development
1574148277.397,2862,333,None,Move,development
1574148277.403,2864,333,None,Move,development
1574148277.411,2866,333,None,Move,development
1574148277.419,2867,333,None,Move,development
1574148277.428,2868,334,None,Move,development
1574148277.436,2869,334,None,Move,development
1574148284.218,2869,335,None,Move,development
1574148284.229,2869,335,None,Move,development
1574148284.236,2866,338,None,Move,development
1574148284.244,2865,339,None,Move,development
1574148284.252,2865,341,None,Move,development
1574148284.26,2864,342,None,Move,development
1574148284.268,2864,343,None,Move,development
1574148284.276,2864,345,None,Move,development
1574148284.284,2863,348,None,Move,development
1574148284.292,2863,351,None,Move,development
1574148284.3,2863,353,None,Move,development
1574148284.306,2863,354,None,Move,development
1574148284.313,2863,356,None,Move,development
1574148284.322,2862,358,None,Move,development
1574148284.329,2862,361,None,Move,development
1574148284.3379998,2861,365,None,Move,development
1574148284.346,2861,368,None,Move,development
1574148284.354,2861,372,None,Move,development
1574148284.3620002,2859,376,None,Move,development
1574148284.367,2858,382,None,Move,development
1574148284.3760002,2857,385,None,Move,development
1574148284.3839998,2857,387,None,Move,development
1574148284.3920002,2857,389,None,Move,development
1574148284.4,2857,392,None,Move,development
1574148284.408,2857,393,None,Move,development
1574148284.416,2857,394,None,Move,development
1574148284.424,2857,396,None,Move,development
1574148284.4320002,2857,397,None,Move,development
1574148284.44,2857,398,None,Move,development
1574148284.446,2858,399,None,Move,development
1574148284.462,2858,399,None,Move,development
1574148284.47,2858,400,None,Move,development
1574148284.478,2857,403,None,Move,development
1574148284.486,2857,405,None,Move,development
1574148284.494,2855,408,None,Move,development
1574148284.5010002,2855,410,None,Move,development
1574148284.51,2854,412,None,Move,development
1574148284.515,2854,414,None,Move,development
1574148284.524,2854,415,None,Move,development
1574148284.531,2854,417,None,Move,development
1574148284.54,2854,419,None,Move,development
1574148284.5470002,2854,420,None,Move,development
1574148284.555,2855,421,None,Move,development
1574148284.564,2855,422,None,Move,development
1574148284.593,2856,422,None,Move,development
1574148284.6020002,2857,422,None,Move,development
1574148284.609,2858,422,None,Move,development
1574148284.617,2858,421,None,Move,development
1574148294.476,2859,421,None,Move,development
1574148294.484,2859,421,None,Move,development
1574148294.4910002,2861,422,None,Move,development
1574148294.4989998,2863,422,None,Move,development
1574148294.5070002,2864,423,None,Move,development
1574148294.515,2866,423,None,Move,development
1574148294.524,2867,423,None,Move,development
1574148294.529,2867,423,None,Move,development
1574148294.5370002,2868,424,None,Move,development
1574148294.546,2869,425,None,Move,development
1574148294.553,2871,426,None,Move,development
1574148294.561,2875,427,None,Move,development
1574148294.569,2881,428,None,Move,development
1574148294.577,2886,430,None,Move,development
1574148294.586,2892,430,None,Move,development
1574148294.593,2898,432,None,Move,development
1574148294.599,2903,434,None,Move,development
1574148294.607,2907,436,None,Move,development
1574148294.6160002,2908,437,None,Move,development
1574148294.623,2910,440,None,Move,development
1574148294.656,2910,441,None,Move,development
1574148294.661,2910,442,None,Move,development
1574148295.389,2910,442,None,Move,development
1574148295.441,2910,441,None,Move,development
1574148295.449,2912,440,None,Move,development
1574148295.455,2914,439,None,Move,development
1574148295.464,2919,437,None,Move,development
1574148295.471,2921,437,None,Move,development
1574148295.479,2922,436,None,Move,development
1574148295.4870002,2923,436,None,Move,development
1574148295.495,2925,436,None,Move,development
1574148295.504,2925,436,None,Move,development
1574148295.5110002,2925,435,None,Move,development
1574148295.519,2926,434,None,Move,development
1574148295.526,2927,432,None,Move,development
1574148295.533,2929,429,None,Move,development
1574148295.542,2930,427,None,Move,development
1574148295.55,2932,426,None,Move,development
1574148295.5579998,2932,425,None,Move,development
1574148295.566,2932,424,None,Move,development
1574148295.574,2932,424,None,Move,development
1574148295.582,2929,424,None,Move,development
1574148295.59,2928,424,None,Move,development
1574148295.596,2927,424,None,Move,development
1574148295.603,2925,425,None,Move,development
1574148295.611,2924,425,None,Move,development
1574148295.619,2924,425,None,Move,development
1574148295.627,2923,426,None,Move,development
1574148295.6360002,2922,426,None,Move,development
1574148295.644,2922,427,None,Move,development
1574148295.651,2921,427,None,Move,development
1574148295.66,2921,428,None,Move,development
1574148295.665,2920,428,None,Move,development
1574148295.674,2919,428,None,Move,development
1574148295.721,2918,428,None,Move,development
1574148295.73,2917,424,None,Move,development
1574148295.735,2917,419,None,Move,development
1574148295.744,2917,415,None,Move,development
1574148295.7510002,2918,409,None,Move,development
1574148295.76,2920,403,None,Move,development
1574148295.768,2923,397,None,Move,development
1574148295.776,2927,390,None,Move,development
1574148295.783,2933,382,None,Move,development
1574148295.791,2940,374,None,Move,development
1574148295.8,2946,365,None,Move,development
1574148295.806,2954,356,None,Move,development
1574148295.813,2961,348,None,Move,development
1574148295.822,2970,338,None,Move,development
1574148295.829,2979,327,None,Move,development
1574148295.8379998,2989,316,None,Move,development
1574148295.846,2998,306,None,Move,development
1574148295.854,3006,296,None,Move,development
1574148295.8620002,3015,287,None,Move,development
1574148295.87,3023,278,None,Move,development
1574148295.8760002,3029,271,None,Move,development
1574148295.8839998,3036,265,None,Move,development
1574148295.8920002,3042,258,None,Move,development
1574148295.9,3047,253,None,Move,development
1574148295.908,3049,250,None,Move,development
1574148295.916,3051,248,None,Move,development
1574148295.925,3053,247,None,Move,development
1574148295.9320002,3053,246,None,Move,development
1574148296.094,3056,246,None,Move,development
1574148296.1020002,3062,246,None,Move,development
1574148296.11,3069,247,None,Move,development
1574148296.1179998,3073,248,None,Move,development
1574148296.1260002,3075,249,None,Move,development
1574148296.1339998,3076,249,None,Move,development
1574148296.179,3076,250,None,Move,development
1574148296.191,3076,250,None,Move,development
1574148296.199,3076,252,None,Move,development
1574148296.207,3077,253,None,Move,development
1574148296.216,3079,256,None,Move,development
1574148296.224,3080,257,None,Move,development
1574148296.229,3083,260,None,Move,development
1574148296.2370002,3086,261,None,Move,development
1574148296.246,3089,263,None,Move,development
1574148296.254,3091,264,None,Move,development
1574148296.262,3092,266,None,Move,development
1574148296.27,3094,267,None,Move,development
1574148296.278,3095,268,None,Move,development
1574148296.285,3095,269,None,Move,development
1574148296.294,3096,270,None,Move,development
1574148296.299,3096,271,None,Move,development
1574148296.4220002,3096,271,None,Move,development
1574148296.434,3097,271,None,Move,development
1574148296.4420002,3098,271,None,Move,development
1574148296.447,3099,271,None,Move,development
1574148296.456,3101,272,None,Move,development
1574148296.464,3102,273,None,Move,development
1574148296.471,3103,273,None,Move,development
1574148296.48,3105,274,None,Move,development
1574148296.4870002,3107,276,None,Move,development
1574148296.495,3108,276,None,Move,development
1574148296.504,3110,277,None,Move,development
1574148296.5110002,3111,278,None,Move,development
1574148296.5170002,3113,280,None,Move,development
1574148296.526,3114,281,None,Move,development
1574148296.534,3115,283,None,Move,development
1574148296.542,3117,285,None,Move,development
1574148296.549,3118,287,None,Move,development
1574148296.5570002,3120,289,None,Move,development
1574148296.566,3121,291,None,Move,development
1574148296.574,3123,293,None,Move,development
1574148296.582,3124,294,None,Move,development
1574148296.587,3124,297,None,Move,development
1574148296.596,3124,299,None,Move,development
1574148296.604,3124,302,None,Move,development
1574148296.611,3124,306,None,Move,development
1574148296.619,3122,312,None,Move,development
1574148296.627,3120,317,None,Move,development
1574148296.635,3118,326,None,Move,development
1574148296.644,3116,334,None,Move,development
1574148296.651,3111,343,None,Move,development
1574148296.658,3106,352,None,Move,development
1574148296.666,3099,362,None,Move,development
1574148296.674,3092,371,None,Move,development
1574148296.6820002,3083,380,None,Move,development
1574148296.689,3074,390,None,Move,development
1574148296.697,3065,398,None,Move,development
1574148296.706,3056,405,None,Move,development
1574148296.7129998,3048,412,None,Move,development
1574148296.722,3039,416,None,Move,development
1574148296.731,3032,419,None,Move,development
1574148296.735,3028,421,None,Move,development
1574148296.744,3024,422,None,Move,development
1574148296.7510002,3023,423,None,Move,development
1574148296.76,3022,423,None,Move,development
1574148296.7670002,3021,424,None,Move,development
1574148296.775,3020,425,None,Move,development
1574148296.783,3019,426,None,Move,development
1574148296.791,3018,428,None,Move,development
1574148296.7970002,3017,429,None,Move,development
1574148296.805,3016,431,None,Move,development
1574148296.813,3015,432,None,Move,development
1574148296.821,3013,433,None,Move,development
1574148296.829,3012,435,None,Move,development
1574148296.837,3011,437,None,Move,development
1574148296.845,3009,439,None,Move,development
1574148296.853,3007,442,None,Move,development
1574148296.861,3006,445,None,Move,development
1574148296.867,3004,447,None,Move,development
1574148296.875,3003,450,None,Move,development
1574148296.883,3001,453,None,Move,development
1574148296.891,3000,457,None,Move,development
1574148296.899,2998,459,None,Move,development
1574148296.907,2997,460,None,Move,development
1574148296.915,2995,463,None,Move,development
1574148296.924,2994,464,None,Move,development
1574148297.1179998,2994,465,None,Move,development
1574148297.1260002,2993,466,None,Move,development
1574148297.1339998,2992,467,None,Move,development
1574148297.1829998,2991,468,None,Move,development
1574148297.195,2991,468,None,Move,development
1574148297.2029998,2988,473,None,Move,development
1574148297.211,2986,479,None,Move,development
1574148297.219,2983,482,None,Move,development
1574148297.225,2981,486,None,Move,development
1574148297.234,2980,487,None,Move,development
1574148297.2410002,2978,489,None,Move,development
1574148297.2489998,2978,491,None,Move,development
1574148297.2570002,2977,492,None,Move,development
1574148297.265,2976,493,None,Move,development
1574148297.2729998,2975,495,None,Move,development
1574148297.281,2974,497,None,Move,development
1574148297.289,2973,499,None,Move,development
1574148297.296,2972,500,None,Move,development
1574148297.304,2971,501,None,Move,development
1574148297.311,2969,504,None,Move,development
1574148297.319,2968,507,None,Move,development
1574148297.327,2965,509,None,Move,development
1574148297.335,2964,510,None,Move,development
1574148297.343,2962,512,None,Move,development
1574148297.418,2962,512,None,Move,development
1574148297.426,2962,510,None,Move,development
1574148297.434,2962,508,None,Move,development
1574148297.439,2961,507,None,Move,development
1574148297.447,2960,505,None,Move,development
1574148297.456,2959,505,None,Move,development
1574148297.464,2958,504,None,Move,development
1574148297.471,2956,504,None,Move,development
1574148297.479,2953,504,None,Move,development
1574148297.488,2949,506,None,Move,development
1574148297.496,2943,508,None,Move,development
1574148297.5029998,2937,510,None,Move,development
1574148297.5089998,2931,514,None,Move,development
1574148297.5170002,2925,520,None,Move,development
1574148297.526,2917,527,None,Move,development
1574148297.534,2908,537,None,Move,development
1574148297.542,2899,551,None,Move,development
1574148297.549,2886,574,None,Move,development
1574148297.5570002,2880,604,None,Move,development
1574148297.566,2876,632,None,Move,development
1574148297.573,2875,662,None,Move,development
1574148297.579,2875,695,None,Move,development
1574148297.587,2875,720,None,Move,development
1574148297.596,2875,742,None,Move,development
1574148297.603,2875,761,None,Move,development
1574148297.611,2875,784,None,Move,development
1574148297.62,2872,804,None,Move,development
1574148297.627,2869,818,None,Move,development
1574148297.6360002,2865,830,None,Move,development
1574148297.644,2863,842,None,Move,development
1574148297.649,2860,852,None,Move,development
1574148297.657,2858,860,None,Move,development
1574148297.666,2856,867,None,Move,development
1574148297.673,2854,872,None,Move,development
1574148297.681,2854,873,None,Move,development
1574148297.689,2854,874,None,Move,development
1574148297.697,2854,874,None,Move,development
1574148297.809,2854,875,None,Move,development
1574148297.8170002,2852,876,None,Move,development
1574148297.826,2851,877,None,Move,development
1574148297.833,2850,877,None,Move,development
1574148297.842,2848,877,None,Move,development
1574148297.849,2847,877,None,Move,development
1574148297.857,2846,877,None,Move,development
1574148297.863,2844,877,None,Move,development
1574148297.871,2843,877,None,Move,development
1574148297.879,2842,877,None,Move,development
1574148297.8879998,2841,877,None,Move,development
1574148297.896,2841,877,None,Move,development
1574148297.904,2839,877,None,Move,development
1574148297.9120002,2837,877,None,Move,development
1574148297.92,2834,877,None,Move,development
1574148297.928,2829,878,None,Move,development
1574148297.934,2823,878,None,Move,development
1574148297.941,2816,879,None,Move,development
1574148297.949,2810,879,None,Move,development
1574148297.957,2804,879,None,Move,development
1574148297.966,2797,878,None,Move,development
1574148297.974,2789,875,None,Move,development
1574148297.982,2781,873,None,Move,development
1574148297.9889998,2771,871,None,Move,development
1574148297.9970002,2760,867,None,Move,development
1574148298.0070002,2749,859,None,Move,development
1574148298.02,2736,845,None,Move,development
1574148298.029,2733,837,None,Move,development
1574148298.035,2731,829,None,Move,development
1574148298.044,2730,815,None,Move,development
1574148298.051,2727,803,None,Move,development
1574148298.059,2726,792,None,Move,development
1574148298.0670002,2726,784,None,Move,development
1574148298.073,2726,778,None,Move,development
1574148298.082,2727,772,None,Move,development
1574148298.089,2728,766,None,Move,development
1574148298.097,2729,762,None,Move,development
1574148298.12,2729,756,None,Move,development
1574148298.1260002,2726,745,None,Move,development
1574148298.1320002,2722,738,None,Move,development
1574148298.137,2716,729,None,Move,development
1574148298.143,2708,719,None,Move,development
1574148298.151,2699,710,None,Move,development
1574148298.159,2690,700,None,Move,development
1574148298.167,2683,690,None,Move,development
1574148298.175,2681,677,None,Move,development
1574148298.184,2681,661,None,Move,development
1574148298.191,2682,638,None,Move,development
1574148298.2,2686,609,None,Move,development
1574148298.208,2697,576,None,Move,development
1574148298.2129998,2709,541,None,Move,development
1574148298.222,2727,509,None,Move,development
1574148298.229,2749,476,None,Move,development
1574148298.2370002,2770,444,None,Move,development
1574148298.246,2792,414,None,Move,development
1574148298.2529998,2813,381,None,Move,development
1574148298.262,2835,349,None,Move,development
1574148298.27,2857,316,None,Move,development
1574148298.278,2878,284,None,Move,development
1574148298.283,2899,256,None,Move,development
1574148298.292,2925,234,None,Move,development
1574148298.299,2955,213,None,Move,development
1574148298.3070002,2988,189,None,Move,development
1574148298.316,3018,168,None,Move,development
1574148298.324,3050,146,None,Move,development
1574148298.332,3084,130,None,Move,development
1574148298.34,3115,118,None,Move,development
1574148298.347,3143,108,None,Move,development
1574148298.353,3160,106,None,Move,development
1574148298.3620002,3174,103,None,Move,development
1574148298.37,3186,101,None,Move,development
1574148298.377,3195,101,None,Move,development
1574148298.3860002,3204,100,None,Move,development
1574148298.394,3210,100,None,Move,development
1574148298.401,3217,98,None,Move,development
1574148298.41,3223,97,None,Move,development
1574148298.418,3228,96,None,Move,development
1574148298.424,3234,94,None,Move,development
1574148298.4320002,3239,94,None,Move,development
1574148298.44,3243,92,None,Move,development
1574148298.447,3246,90,None,Move,development
1574148298.456,3252,88,None,Move,development
1574148298.464,3258,87,None,Move,development
1574148298.471,3263,87,None,Move,development
1574148298.479,3269,87,None,Move,development
1574148298.488,3276,87,None,Move,development
1574148298.496,3283,89,None,Move,development
1574148298.5010002,3290,91,None,Move,development
1574148298.51,3295,93,None,Move,development
1574148298.5170002,3301,94,None,Move,development
1574148298.539,3304,96,None,Move,development
1574148298.546,3308,96,None,Move,development
1574148298.554,3309,96,None,Move,development
1574148298.559,3310,96,None,Move,development
1574148298.604,3309,98,None,Move,development
1574148298.6120002,3301,101,None,Move,development
1574148298.62,3288,107,None,Move,development
1574148298.6279998,3275,109,None,Move,development
1574148298.6360002,3264,113,None,Move,development
1574148298.6420002,3257,116,None,Move,development
1574148298.65,3254,117,None,Move,development
1574148298.658,3252,119,None,Move,development
1574148298.666,3251,120,None,Move,development
1574148298.674,3251,121,None,Move,development
1574148298.6820002,3251,123,None,Move,development
1574148298.689,3253,124,None,Move,development
1574148298.697,3257,126,None,Move,development
1574148298.706,3262,128,None,Move,development
1574148298.712,3271,129,None,Move,development
1574148298.72,3280,130,None,Move,development
1574148298.728,3293,130,None,Move,development
1574148298.736,3308,129,None,Move,development
1574148298.744,3331,126,None,Move,development
1574148298.752,3355,121,None,Move,development
1574148298.76,3381,118,None,Move,development
1574148298.768,3403,117,None,Move,development
1574148298.776,3424,114,None,Move,development
1574148298.782,3437,112,None,Move,development
1574148298.79,3450,111,None,Move,development
1574148298.798,3460,109,None,Move,development
1574148298.806,3468,106,None,Move,development
1574148298.814,3474,106,None,Move,development
1574148298.822,3476,106,None,Move,development
1574148298.8520002,3476,106,None,Move,development
1574148298.86,3475,106,None,Move,development
1574148298.8679998,3473,106,None,Move,development
1574148298.8760002,3472,107,None,Move,development
1574148298.8839998,3470,107,None,Move,development
1574148298.8920002,3470,107,None,Move,development
1574148298.918,3469,109,None,Move,development
1574148298.926,3468,110,None,Move,development
1574148298.934,3466,112,None,Move,development
1574148298.9420002,3465,114,None,Move,development
1574148298.95,3463,116,None,Move,development
1574148298.958,3462,118,None,Move,development
1574148298.966,3460,120,None,Move,development
1574148298.974,3459,122,None,Move,development
1574148298.982,3458,123,None,Move,development
1574148298.988,3456,125,None,Move,development
1574148298.996,3455,128,None,Move,development
1574148299.004,3453,129,None,Move,development
1574148299.012,3452,131,None,Move,development
1574148299.02,3450,132,None,Move,development
1574148299.028,3450,133,None,Move,development
1574148299.036,3448,134,None,Move,development
1574148299.044,3447,135,None,Move,development
1574148299.052,3446,137,None,Move,development
1574148299.0579998,3445,138,None,Move,development
1574148299.066,3444,139,None,Move,development
1574148299.074,3443,142,None,Move,development
1574148299.082,3443,145,None,Move,development
1574148299.09,3443,149,None,Move,development
1574148299.0979998,3442,153,None,Move,development
1574148299.106,3442,157,None,Move,development
1574148299.113,3441,162,None,Move,development
1574148299.121,3441,165,None,Move,development
1574148299.1279998,3441,167,None,Move,development
1574148299.1360002,3441,168,None,Move,development
1574148299.144,3441,169,None,Move,development
1574148299.2,3441,169,None,Move,development
1574148299.206,3441,168,None,Move,development
1574148299.214,3441,167,None,Move,development
1574148299.222,3441,167,None,Move,development
1574148299.234,3441,166,None,Move,development
1574148299.37,3441,166,None,Move,development
1574148299.377,3441,164,None,Move,development
1574148299.3860002,3442,163,None,Move,development
1574148299.394,3443,162,None,Move,development
1574148299.4020002,3443,161,None,Move,development
1574148299.409,3443,160,None,Move,development
1574148299.72,3443,160,None,Move,development
1574148299.731,3443,161,None,Move,development
1574148299.74,3442,162,None,Move,development
1574148299.7470002,3441,166,None,Move,development
1574148299.756,3439,171,None,Move,development
1574148299.764,3435,177,None,Move,development
1574148299.771,3427,184,None,Move,development
1574148299.7770002,3420,192,None,Move,development
1574148299.786,3411,200,None,Move,development
1574148299.794,3402,208,None,Move,development
1574148299.802,3393,216,None,Move,development
1574148299.81,3385,223,None,Move,development
1574148299.8179998,3375,231,None,Move,development
1574148299.826,3365,238,None,Move,development
1574148299.834,3355,246,None,Move,development
1574148299.842,3342,254,None,Move,development
1574148299.847,3325,265,None,Move,development
1574148299.856,3309,276,None,Move,development
1574148299.8639998,3299,282,None,Move,development
1574148299.871,3292,288,None,Move,development
1574148299.88,3286,291,None,Move,development
1574148299.8879998,3280,292,None,Move,development
1574148299.896,3274,294,None,Move,development
1574148299.904,3270,296,None,Move,development
1574148299.9120002,3267,296,None,Move,development
1574148299.918,3265,297,None,Move,development
1574148299.926,3260,298,None,Move,development
1574148299.934,3256,300,None,Move,development
1574148299.941,3249,302,None,Move,development
1574148299.95,3240,305,None,Move,development
1574148299.957,3231,307,None,Move,development
1574148299.966,3222,312,None,Move,development
1574148299.974,3214,315,None,Move,development
1574148299.98,3207,318,None,Move,development
1574148299.988,3198,322,None,Move,development
1574148299.996,3191,324,None,Move,development
1574148300.004,3186,325,None,Move,development
1574148300.012,3180,327,None,Move,development
1574148300.02,3174,329,None,Move,development
1574148300.0270002,3168,330,None,Move,development
1574148300.036,3163,332,None,Move,development
1574148300.044,3157,335,None,Move,development
1574148300.05,3150,339,None,Move,development
1574148300.0570002,3142,344,None,Move,development
1574148300.066,3134,348,None,Move,development
1574148300.073,3127,352,None,Move,development
1574148300.082,3121,355,None,Move,development
1574148300.089,3115,359,None,Move,development
1574148300.097,3110,361,None,Move,development
1574148300.106,3108,363,None,Move,development
1574148300.1139998,3105,365,None,Move,development
1574148300.1220002,3104,367,None,Move,development
1574148300.127,3101,373,None,Move,development
1574148300.1360002,3096,380,None,Move,development
1574148300.144,3090,389,None,Move,development
1574148300.1520002,3083,397,None,Move,development
1574148300.159,3077,406,None,Move,development
1574148300.167,3070,415,None,Move,development
1574148300.175,3064,422,None,Move,development
1574148300.184,3058,430,None,Move,development
1574148300.1920002,3052,436,None,Move,development
1574148300.197,3047,441,None,Move,development
1574148300.206,3043,446,None,Move,development
1574148300.214,3039,448,None,Move,development
1574148300.222,3033,451,None,Move,development
1574148300.23,3028,454,None,Move,development
1574148300.2370002,3025,456,None,Move,development
1574148300.246,3020,458,None,Move,development
1574148300.2529998,3017,459,None,Move,development
1574148300.262,3014,461,None,Move,development
1574148300.2670002,3010,463,None,Move,development
1574148300.276,3007,464,None,Move,development
1574148300.284,3004,466,None,Move,development
1574148300.291,3001,467,None,Move,development
1574148300.3,2999,469,None,Move,development
1574148300.3070002,2997,470,None,Move,development
1574148300.3170002,2996,471,None,Move,development
1574148300.324,2995,472,None,Move,development
1574148300.33,2994,472,None,Move,development
1574148300.337,2993,472,None,Move,development
1574148300.346,2993,472,None,Move,development
1574148300.486,2992,472,None,Move,development
1574148300.5129998,2991,472,None,Move,development
1574148300.669,2991,472,None,Move,development
1574148300.677,2995,468,None,Move,development
1574148300.686,2999,463,None,Move,development
1574148300.691,3004,458,None,Move,development
1574148300.699,3008,455,None,Move,development
1574148300.707,3012,451,None,Move,development
1574148300.715,3017,447,None,Move,development
1574148300.724,3021,445,None,Move,development
1574148300.731,3026,444,None,Move,development
1574148300.7389998,3032,441,None,Move,development
1574148300.7470002,3038,439,None,Move,development
1574148300.755,3042,437,None,Move,development
1574148300.7610002,3047,435,None,Move,development
1574148300.769,3051,433,None,Move,development
1574148300.7770002,3056,431,None,Move,development
1574148300.791,3062,428,None,Move,development
1574148300.796,3067,427,None,Move,development
1574148300.802,3073,425,None,Move,development
1574148300.809,3079,422,None,Move,development
1574148300.8170002,3085,419,None,Move,development
1574148300.8279998,3089,417,None,Move,development
1574148300.834,3094,415,None,Move,development
1574148300.839,3098,413,None,Move,development
1574148300.847,3105,409,None,Move,development
1574148300.856,3111,405,None,Move,development
1574148300.8639998,3118,401,None,Move,development
1574148300.871,3124,398,None,Move,development
1574148300.879,3131,395,None,Move,development
1574148300.887,3137,393,None,Move,development
1574148300.896,3142,391,None,Move,development
1574148300.901,3147,390,None,Move,development
1574148300.909,3148,389,None,Move,development
1574148300.917,3149,389,None,Move,development
1574148300.925,3150,389,None,Move,development
1574148301.02,3151,388,None,Move,development
1574148301.14,3151,387,None,Move,development
1574148301.147,3151,387,None,Move,development
1574148301.156,3151,385,None,Move,development
1574148301.164,3151,384,None,Move,development
1574148301.1720002,3151,384,None,Move,development
1574148301.18,3151,382,None,Move,development
1574148301.186,3151,381,None,Move,development
1574148301.194,3151,380,None,Move,development
1574148301.202,3151,379,None,Move,development
1574148301.21,3151,378,None,Move,development
1574148301.226,3152,377,None,Move,development
1574148301.238,3152,377,None,Move,development
1574148301.246,3153,376,None,Move,development
1574148301.254,3154,375,None,Move,development
1574148301.26,3156,374,None,Move,development
1574148301.268,3157,373,None,Move,development
1574148301.276,3159,371,None,Move,development
1574148301.284,3160,371,None,Move,development
1574148301.292,3160,370,None,Move,development
1574148301.3,3161,370,None,Move,development
1574148301.3660002,3162,370,None,Move,development
1574148301.39,3162,370,None,Move,development
1574148301.679,3163,370,None,Move,development
1574148301.691,3163,370,None,Move,development
1574148301.699,3164,370,None,Move,development
1574148301.7389998,3164,370,None,Move,development
1574148301.7489998,3164,371,None,Move,development
1574148301.7570002,3164,371,None,Move,development
1574148301.766,3162,373,None,Move,development
1574148301.774,3161,374,None,Move,development
1574148301.782,3160,376,None,Move,development
1574148301.79,3158,378,None,Move,development
1574148301.798,3157,380,None,Move,development
1574148301.806,3156,381,None,Move,development
1574148301.813,3154,384,None,Move,development
1574148301.822,3153,386,None,Move,development
1574148301.827,3151,387,None,Move,development
1574148301.835,3147,390,None,Move,development
1574148301.844,3141,394,None,Move,development
1574148301.851,3135,399,None,Move,development
1574148301.86,3127,406,None,Move,development
1574148301.8679998,3118,412,None,Move,development
1574148301.8760002,3109,419,None,Move,development
1574148301.8839998,3101,425,None,Move,development
1574148301.8920002,3092,430,None,Move,development
1574148301.897,3086,434,None,Move,development
1574148301.906,3080,437,None,Move,development
1574148301.914,3074,440,None,Move,development
1574148301.9220002,3068,442,None,Move,development
1574148301.93,3065,444,None,Move,development
1574148301.938,3062,446,None,Move,development
1574148301.946,3060,447,None,Move,development
1574148301.954,3057,449,None,Move,development
1574148301.962,3056,450,None,Move,development
1574148301.968,3054,451,None,Move,development
1574148301.976,3053,453,None,Move,development
1574148301.984,3052,454,None,Move,development
1574148301.9910002,3049,456,None,Move,development
1574148302.0,3048,457,None,Move,development
1574148302.008,3047,459,None,Move,development
1574148302.016,3044,460,None,Move,development
1574148302.024,3043,461,None,Move,development
1574148302.031,3041,463,None,Move,development
1574148302.038,3040,464,None,Move,development
1574148302.046,3039,464,None,Move,development
1574148302.054,3037,465,None,Move,development
1574148302.062,3036,466,None,Move,development
1574148302.074,3035,466,None,Move,development
1574148302.0979998,3035,466,None,Move,development
1574148302.104,3034,466,None,Move,development
1574148302.111,3034,466,None,Move,development
1574148302.596,3034,466,None,Move,development
1574148302.604,3032,465,None,Move,development
1574148302.609,3031,463,None,Move,development
1574148302.617,3030,462,None,Move,development
1574148302.6260002,3029,461,None,Move,development
1574148302.6339998,3028,460,None,Move,development
1574148302.641,3026,458,None,Move,development
1574148302.649,3025,457,None,Move,development
1574148302.657,3024,456,None,Move,development
1574148302.666,3024,455,None,Move,development
1574148302.674,3024,455,None,Move,development
1574148302.679,3023,453,None,Move,development
1574148302.691,3023,453,None,Move,development
1574148302.699,3023,452,None,Move,development
1574148303.2370002,3023,452,None,Move,development
1574148303.246,3023,451,None,Move,development
1574148303.2510002,3023,450,None,Move,development
1574148303.2589998,3023,449,None,Move,development
1574148303.2670002,3023,448,None,Move,development
1574148303.275,3023,448,None,Move,development
1574148303.851,3024,447,None,Move,development
1574148303.859,3024,446,None,Move,development
1574148303.867,3024,446,None,Move,development
1574148303.875,3025,445,None,Move,development
1574148303.883,3025,444,None,Move,development
1574148303.891,3025,443,None,Move,development
1574148305.322,3026,441,None,Move,development
1574148305.33,3028,436,None,Move,development
1574148305.337,3030,433,None,Move,development
1574148305.346,3031,431,None,Move,development
1574148305.354,3032,431,None,Move,development
1574148305.3620002,3032,430,None,Move,development
1574148305.377,3033,430,None,Move,development
1574148305.3860002,3033,429,None,Move,development
1574148305.3920002,3034,429,None,Move,development
1574148305.4,3034,429,None,Move,development
1574148305.494,3034,429,None,Move,development
1574148305.502,3034,430,None,Move,development
1574148305.5089998,3033,432,None,Move,development
1574148305.5170002,3031,435,None,Move,development
1574148305.526,3029,438,None,Move,development
1574148305.532,3028,441,None,Move,development
1574148305.539,3026,443,None,Move,development
1574148305.5470002,3024,447,None,Move,development
1574148305.556,3021,451,None,Move,development
1574148305.564,3018,457,None,Move,development
1574148305.571,3014,463,None,Move,development
1574148305.579,3012,469,None,Move,development
1574148305.587,3010,472,None,Move,development
1574148305.596,3009,475,None,Move,development
1574148305.601,3008,477,None,Move,development
1574148305.609,3008,478,None,Move,development
1574148305.617,3008,479,None,Move,development
1574148305.625,3008,480,None,Move,development
1574148305.774,3007,480,None,Move,development
1574148305.782,3006,479,None,Move,development
1574148305.789,3006,478,None,Move,development
1574148305.7970002,3006,476,None,Move,development
1574148305.806,3006,476,None,Move,development
1574148305.814,3005,475,None,Move,development
1574148305.819,3005,473,None,Move,development
1574148305.827,3005,473,None,Move,development
1574148305.836,3005,472,None,Move,development
1574148305.843,3005,471,None,Move,development
1574148305.851,3005,470,None,Move,development
1574148305.859,3005,469,None,Move,development
1574148305.867,3005,469,None,Move,development
1574148305.883,3005,468,None,Move,development
1574148305.889,3005,468,None,Move,development
1574148305.897,3005,466,None,Move,development
1574148305.906,3005,465,None,Move,development
1574148305.913,3005,464,None,Move,development
1574148305.9220002,3006,462,None,Move,development
1574148305.929,3007,461,None,Move,development
1574148305.938,3007,460,None,Move,development
1574148305.946,3007,459,None,Move,development
1574148306.016,3008,459,None,Move,development
1574148306.0370002,3009,459,None,Move,development
1574148306.049,3009,458,None,Move,development
1574148306.0570002,3010,457,None,Move,development
1574148306.066,3011,456,None,Move,development
1574148306.074,3012,455,None,Move,development
1574148306.082,3013,453,None,Move,development
1574148306.089,3014,453,None,Move,development
1574148306.097,3014,452,None,Move,development
1574148306.103,3016,450,None,Move,development
1574148306.111,3017,449,None,Move,development
1574148306.119,3019,446,None,Move,development
1574148306.1279998,3020,443,None,Move,development
1574148306.1360002,3023,439,None,Move,development
1574148306.144,3027,435,None,Move,development
1574148306.151,3030,430,None,Move,development
1574148306.159,3034,425,None,Move,development
1574148306.167,3039,419,None,Move,development
1574148306.173,3046,413,None,Move,development
1574148306.1820002,3052,408,None,Move,development
1574148306.189,3055,405,None,Move,development
1574148306.198,3059,402,None,Move,development
1574148306.206,3061,399,None,Move,development
1574148306.214,3063,398,None,Move,development
1574148306.222,3066,396,None,Move,development
1574148306.23,3068,395,None,Move,development
1574148306.238,3069,393,None,Move,development
1574148306.244,3072,392,None,Move,development
1574148306.2510002,3073,391,None,Move,development
1574148306.26,3074,390,None,Move,development
1574148306.268,3076,389,None,Move,development
1574148306.276,3076,389,None,Move,development
1574148306.284,3078,387,None,Move,development
1574148306.291,3079,387,None,Move,development
1574148306.3,3079,386,None,Move,development
1574148306.3070002,3081,385,None,Move,development
1574148306.314,3082,384,None,Move,development
1574148306.322,3083,384,None,Move,development
1574148306.33,3084,384,None,Move,development
1574148306.3379998,3085,384,None,Move,development
1574148306.3660002,3085,384,None,Move,development
1574148306.4,3085,384,None,Move,development
1574148306.408,3085,384,None,Move,development
1574148306.416,3084,385,None,Move,development
1574148306.424,3083,387,None,Move,development
1574148306.4320002,3079,390,None,Move,development
1574148306.44,3076,392,None,Move,development
1574148306.448,3070,396,None,Move,development
1574148306.454,3065,399,None,Move,development
1574148306.462,3059,402,None,Move,development
1574148306.469,3056,404,None,Move,development
1574148306.4770002,3051,407,None,Move,development
1574148306.486,3047,408,None,Move,development
1574148306.494,3042,410,None,Move,development
1574148306.502,3040,412,None,Move,development
1574148306.5089998,3039,412,None,Move,development
1574148306.5170002,3038,412,None,Move,development
1574148306.564,3038,412,None,Move,development
1574148306.572,3039,408,None,Move,development
1574148306.58,3045,402,None,Move,development
1574148306.587,3049,396,None,Move,development
1574148306.596,3054,390,None,Move,development
1574148306.601,3060,382,None,Move,development
1574148306.609,3067,374,None,Move,development
1574148306.617,3073,366,None,Move,development
1574148306.6260002,3078,361,None,Move,development
1574148306.6339998,3080,360,None,Move,development
1574148306.6420002,3081,358,None,Move,development
1574148306.649,3083,358,None,Move,development
1574148306.657,3084,356,None,Move,development
1574148306.665,3086,355,None,Move,development
1574148306.671,3087,353,None,Move,development
1574148306.679,3089,352,None,Move,development
1574148306.687,3090,351,None,Move,development
1574148306.695,3091,350,None,Move,development
1574148306.704,3093,349,None,Move,development
1574148306.712,3094,347,None,Move,development
1574148306.72,3096,346,None,Move,development
1574148306.728,3098,344,None,Move,development
1574148306.736,3100,343,None,Move,development
1574148306.7410002,3102,341,None,Move,development
1574148306.7489998,3105,340,None,Move,development
1574148306.758,3107,338,None,Move,development
1574148306.766,3108,337,None,Move,development
1574148306.774,3110,335,None,Move,development
1574148306.782,3112,334,None,Move,development
1574148306.789,3113,332,None,Move,development
1574148306.7970002,3115,332,None,Move,development
1574148306.806,3116,330,None,Move,development
1574148306.811,3117,329,None,Move,development
1574148306.82,3117,328,None,Move,development
1574148306.8279998,3119,328,None,Move,development
1574148306.84,3119,327,None,Move,development
1574148306.856,3119,327,None,Move,development
1574148306.914,3119,327,None,Move,development
1574148306.938,3119,327,None,Move,development
1574148306.945,3118,327,None,Move,development
1574148306.951,3117,330,None,Move,development
1574148306.96,3115,332,None,Move,development
1574148306.968,3113,334,None,Move,development
1574148306.975,3111,338,None,Move,development
1574148306.984,3108,342,None,Move,development
1574148306.9910002,3104,347,None,Move,development
1574148307.0,3100,352,None,Move,development
1574148307.008,3096,357,None,Move,development
1574148307.016,3092,362,None,Move,development
1574148307.022,3088,368,None,Move,development
1574148307.03,3082,374,None,Move,development
1574148307.0370002,3076,380,None,Move,development
1574148307.046,3069,387,None,Move,development
1574148307.054,3062,394,None,Move,development
1574148307.062,3056,400,None,Move,development
1574148307.07,3050,406,None,Move,development
1574148307.077,3044,409,None,Move,development
1574148307.086,3038,412,None,Move,development
1574148307.091,3034,414,None,Move,development
1574148307.1,3032,416,None,Move,development
1574148307.1079998,3030,418,None,Move,development
1574148307.1160002,3028,419,None,Move,development
1574148307.1239998,3027,420,None,Move,development
1574148307.1320002,3026,421,None,Move,development
1574148307.14,3026,422,None,Move,development
1574148307.35,3026,422,None,Move,development
1574148307.3579998,3027,423,None,Move,development
1574148307.3660002,3027,423,None,Move,development
1574148307.3720002,3028,423,None,Move,development
1574148307.38,3030,423,None,Move,development
1574148307.3879998,3031,423,None,Move,development
1574148307.396,3032,423,None,Move,development
1574148307.404,3033,423,None,Move,development
1574148307.411,3034,423,None,Move,development
1574148307.42,3036,421,None,Move,development
1574148307.428,3037,420,None,Move,development
1574148307.436,3039,417,None,Move,development
1574148307.4420002,3041,416,None,Move,development
1574148307.45,3044,412,None,Move,development
1574148307.457,3049,406,None,Move,development
1574148307.466,3056,398,None,Move,development
1574148307.4729998,3062,391,None,Move,development
1574148307.482,3068,383,None,Move,development
1574148307.49,3075,377,None,Move,development
1574148307.4970002,3079,370,None,Move,development
1574148307.506,3083,364,None,Move,development
1574148307.5110002,3087,358,None,Move,development
1574148307.52,3091,352,None,Move,development
1574148307.5270002,3095,346,None,Move,development
1574148307.536,3099,340,None,Move,development
1574148307.544,3104,334,None,Move,development
1574148307.552,3109,327,None,Move,development
1574148307.56,3112,323,None,Move,development
1574148307.5679998,3114,320,None,Move,development
1574148307.576,3116,318,None,Move,development
1574148307.584,3117,317,None,Move,development
1574148307.59,3119,315,None,Move,development
1574148307.597,3120,313,None,Move,development
1574148307.606,3121,312,None,Move,development
1574148307.6139998,3123,310,None,Move,development
1574148307.621,3123,310,None,Move,development
1574148307.629,3125,308,None,Move,development
1574148307.637,3126,307,None,Move,development
1574148307.646,3127,306,None,Move,development
1574148307.653,3128,306,None,Move,development
1574148307.659,3129,305,None,Move,development
1574148307.667,3129,305,None,Move,development
1574148307.676,3130,303,None,Move,development
1574148307.6829998,3131,303,None,Move,development
1574148307.691,3133,301,None,Move,development
1574148307.699,3133,301,None,Move,development
1574148307.707,3134,299,None,Move,development
1574148307.716,3136,299,None,Move,development
1574148307.7229998,3137,297,None,Move,development
1574148307.729,3139,297,None,Move,development
1574148307.7370002,3139,297,None,Move,development
1574148307.745,3140,297,None,Move,development
1574148307.754,3142,297,None,Move,development
1574148307.7610002,3142,297,None,Move,development
1574148307.769,3143,297,None,Move,development
1574148307.7770002,3143,297,None,Move,development
1574148307.819,3143,297,None,Move,development
1574148307.831,3144,295,None,Move,development
1574148307.839,3145,294,None,Move,development
1574148307.847,3147,293,None,Move,development
1574148307.855,3148,291,None,Move,development
1574148307.8620002,3150,290,None,Move,development
1574148307.869,3150,290,None,Move,development
1574148307.877,3150,290,None,Move,development
1574148307.937,3150,289,None,Move,development
1574148307.947,3150,289,None,Move,development
1574148307.956,3151,288,None,Move,development
1574148307.964,3151,288,None,Move,development
1574148307.971,3152,286,None,Move,development
1574148308.214,3152,286,None,Move,development
1574148308.224,3152,285,None,Move,development
1574148308.231,3152,284,None,Move,development
1574148308.2389998,3152,283,None,Move,development
1574148308.248,3152,283,None,Move,development
1574148308.256,3152,282,None,Move,development
1574148308.264,3152,281,None,Move,development
1574148308.279,3152,281,None,Move,development
1574148308.519,3152,281,Left,Pressed,development
1574148308.651,3152,281,Left,Released,development
1574148309.216,3153,280,None,Move,development
1574148309.224,3156,279,None,Move,development
1574148309.231,3159,278,None,Move,development
1574148309.24,3162,277,None,Move,development
1574148309.2470002,3167,275,None,Move,development
1574148309.256,3174,273,None,Move,development
1574148309.264,3187,268,None,Move,development
1574148309.272,3201,264,None,Move,development
1574148309.28,3216,256,None,Move,development
1574148309.286,3234,248,None,Move,development
1574148309.294,3255,236,None,Move,development
1574148309.302,3281,223,None,Move,development
1574148309.309,3305,208,None,Move,development
1574148309.3170002,3331,195,None,Move,development
1574148309.326,3362,183,None,Move,development
1574148309.333,3392,173,None,Move,development
1574148309.342,3417,164,None,Move,development
1574148309.35,3431,159,None,Move,development
1574148309.356,3442,156,None,Move,development
1574148309.3639998,3451,154,None,Move,development
1574148309.3720002,3458,152,None,Move,development
1574148309.379,3463,150,None,Move,development
1574148309.387,3468,149,None,Move,development
1574148309.396,3469,149,None,Move,development
1574148309.404,3470,149,None,Move,development
1574148309.4120002,3470,148,None,Move,development
1574148309.428,3470,148,None,Move,development
1574148309.4729998,3471,148,None,Move,development
1574148309.481,3474,146,None,Move,development
1574148309.4889998,3479,144,None,Move,development
1574148309.496,3484,143,None,Move,development
1574148309.504,3486,142,None,Move,development
1574148309.512,3487,141,None,Move,development
1574148309.56,3487,140,None,Move,development
1574148309.566,3487,139,None,Move,development
1574148309.573,3487,139,None,Move,development
1574148309.639,3486,139,None,Move,development
1574148309.651,3486,139,None,Move,development
1574148309.659,3485,140,None,Move,development
1574148309.667,3484,140,None,Move,development
1574148309.675,3482,142,None,Move,development
1574148309.684,3481,143,None,Move,development
1574148309.691,3480,144,None,Move,development
1574148309.699,3478,144,None,Move,development
1574148309.707,3477,145,None,Move,development
1574148309.7129998,3475,146,None,Move,development
1574148309.722,3475,146,None,Move,development
1574148309.729,3474,146,None,Move,development
1574148309.7370002,3474,146,None,Move,development
1574148309.746,3473,147,None,Move,development
1574148309.7529998,3472,148,None,Move,development
1574148309.762,3471,149,None,Move,development
1574148309.769,3469,150,None,Move,development
1574148309.7770002,3468,151,None,Move,development
1574148309.784,3466,152,None,Move,development
1574148309.791,3464,153,None,Move,development
1574148309.799,3462,155,None,Move,development
1574148309.8070002,3461,155,None,Move,development
1574148309.816,3459,157,None,Move,development
1574148309.824,3458,157,None,Move,development
1574148309.831,3456,158,None,Move,development
1574148309.844,3456,158,None,Move,development
1574148309.8860002,3455,158,None,Move,development
1574148309.897,3455,159,None,Move,development
1574148309.905,3454,159,None,Move,development
1574148309.913,3454,160,None,Move,development
1574148310.049,3454,160,None,Move,development
1574148310.725,3454,160,Left,Pressed,development
1574148310.725,3454,160,None,Drag,development
1574148310.725,3454,160,Left,Released,development
1574148310.812,3454,160,None,Move,development
1574148310.846,3454,160,None,Move,development
1574148311.696,3453,161,None,Move,development
1574148311.704,3447,166,None,Move,development
1574148311.709,3438,172,None,Move,development
1574148311.718,3425,179,None,Move,development
1574148311.726,3410,187,None,Move,development
1574148311.734,3390,194,None,Move,development
1574148311.742,3374,198,None,Move,development
1574148311.7489998,3362,201,None,Move,development
1574148311.7570002,3355,203,None,Move,development
1574148311.766,3349,205,None,Move,development
1574148311.774,3348,205,None,Move,development
1574148311.779,3347,205,None,Move,development
1574148311.849,3346,206,None,Move,development
1574148311.857,3340,207,None,Move,development
1574148311.8660002,3327,210,None,Move,development
1574148311.8739998,3309,217,None,Move,development
1574148311.8820002,3290,224,None,Move,development
1574148311.89,3265,230,None,Move,development
1574148311.897,3238,238,None,Move,development
1574148311.905,3205,248,None,Move,development
1574148311.911,3159,262,None,Move,development
1574148311.919,3111,273,None,Move,development
1574148311.927,3065,287,None,Move,development
1574148311.935,3027,300,None,Move,development
1574148311.944,2996,313,None,Move,development
1574148311.952,2970,323,None,Move,development
1574148311.96,2955,331,None,Move,development
1574148311.967,2942,334,None,Move,development
1574148311.976,2931,336,None,Move,development
1574148311.9829998,2921,338,None,Move,development
1574148311.9889998,2912,340,None,Move,development
1574148311.9970002,2903,342,None,Move,development
1574148312.005,2896,344,None,Move,development
1574148312.014,2888,346,None,Move,development
1574148312.021,2881,348,None,Move,development
1574148312.029,2874,350,None,Move,development
1574148312.0370002,2866,351,None,Move,development
1574148312.046,2857,354,None,Move,development
1574148312.053,2851,354,None,Move,development
1574148312.059,2847,354,None,Move,development
1574148312.0670002,2844,354,None,Move,development
1574148312.076,2843,355,None,Move,development
1574148312.084,2842,355,None,Move,development
1574148312.091,2840,356,None,Move,development
1574148312.099,2834,357,None,Move,development
1574148312.107,2826,360,None,Move,development
1574148312.1160002,2818,362,None,Move,development
1574148312.1239998,2809,364,None,Move,development
1574148312.129,2801,366,None,Move,development
1574148312.137,2794,368,None,Move,development
1574148312.146,2787,369,None,Move,development
1574148312.153,2779,370,None,Move,development
1574148312.161,2772,370,None,Move,development
1574148312.17,2764,370,None,Move,development
1574148312.178,2756,371,None,Move,development
1574148312.186,2748,371,None,Move,development
1574148312.194,2739,372,None,Move,development
1574148312.2,2728,373,None,Move,development
1574148312.208,2717,374,None,Move,development
1574148312.216,2704,375,None,Move,development
1574148312.224,2690,377,None,Move,development
1574148312.232,2677,380,None,Move,development
1574148312.24,2664,380,None,Move,development
1574148312.248,2651,380,None,Move,development
1574148312.256,2637,379,None,Move,development
1574148312.264,2628,377,None,Move,development
1574148312.272,2619,375,None,Move,development
1574148312.278,2616,374,None,Move,development
1574148312.286,2616,373,None,Move,development
1574148312.294,2615,372,None,Move,development
1574148312.336,2614,372,None,Move,development
1574148312.347,2614,373,None,Move,development
1574148312.356,2613,374,None,Move,development
1574148312.3639998,2611,375,None,Move,development
1574148312.3720002,2610,377,None,Move,development
1574148312.38,2608,378,None,Move,development
1574148312.3879998,2602,380,None,Move,development
1574148312.396,2596,382,None,Move,development
1574148312.403,2591,384,None,Move,development
1574148312.409,2582,387,None,Move,development
1574148312.417,2572,392,None,Move,development
1574148312.426,2563,399,None,Move,development
1574148312.4329998,2550,406,None,Move,development
1574148312.441,2535,412,None,Move,development
1574148312.449,2522,419,None,Move,development
1574148312.457,2507,425,None,Move,development
1574148312.465,2495,430,None,Move,development
1574148312.4729998,2487,432,None,Move,development
1574148312.479,2478,434,None,Move,development
1574148312.4870002,2472,435,None,Move,development
1574148312.496,2465,437,None,Move,development
1574148312.5029998,2459,438,None,Move,development
1574148312.5110002,2454,438,None,Move,development
1574148312.519,2451,438,None,Move,development
1574148312.5270002,2448,438,None,Move,development
1574148312.535,2447,437,None,Move,development
1574148312.543,2446,436,None,Move,development
1574148312.549,2445,435,None,Move,development
1574148312.5570002,2443,433,None,Move,development
1574148312.565,2442,432,None,Move,development
1574148312.573,2441,430,None,Move,development
1574148312.582,2439,429,None,Move,development
1574148312.589,2438,428,None,Move,development
1574148312.5979998,2436,427,None,Move,development
1574148312.606,2435,426,None,Move,development
1574148312.613,2434,426,None,Move,development
1574148312.619,2432,424,None,Move,development
1574148312.627,2431,423,None,Move,development
1574148312.6360002,2429,422,None,Move,development
1574148312.644,2429,421,None,Move,development
1574148312.651,2429,421,None,Move,development
1574148312.659,2428,420,None,Move,development
1574148312.667,2428,419,None,Move,development
1574148312.676,2428,418,None,Move,development
1574148312.684,2428,416,None,Move,development
1574148312.691,2429,416,None,Move,development
1574148312.697,2429,415,None,Move,development
1574148312.706,2429,413,None,Move,development
1574148312.714,2430,412,None,Move,development
1574148312.722,2430,411,None,Move,development
1574148312.729,2431,409,None,Move,development
1574148312.7370002,2431,409,None,Move,development
1574148312.746,2431,408,None,Move,development
1574148312.893,2432,408,None,Move,development
1574148312.901,2432,408,None,Move,development
1574148313.056,2432,407,None,Move,development
1574148313.0670002,2433,407,None,Move,development
1574148313.076,2433,406,None,Move,development
1574148313.084,2434,405,None,Move,development
1574148313.096,2435,404,None,Move,development
1574148313.104,2435,404,None,Move,development
1574148313.111,2435,403,None,Move,development
1574148313.119,2435,402,None,Move,development
1574148313.1260002,2435,402,None,Move,development
1574148313.1339998,2435,401,None,Move,development
1574148313.146,2435,401,None,Move,development
1574148313.1620002,2435,400,None,Move,development
1574148313.199,2435,400,None,Move,development
1574148313.321,2435,400,Left,Pressed,development
1574148313.445,2435,400,Left,Released,development
1574148315.5470002,2436,400,None,Move,development
1574148315.556,2437,400,None,Move,development
1574148315.564,2439,400,None,Move,development
1574148315.572,2440,400,None,Move,development
1574148315.577,2441,400,None,Move,development
1574148315.586,2441,401,None,Move,development
1574148315.594,2442,401,None,Move,development
1574148315.725,2442,401,None,Move,development
1574148315.7370002,2443,401,None,Move,development
1574148315.789,2443,401,None,Move,development
1574148315.799,2445,401,None,Move,development
1574148315.8070002,2446,401,None,Move,development
1574148315.816,2447,401,None,Move,development
1574148315.823,2448,401,None,Move,development
1574148315.831,2449,401,None,Move,development
1574148315.839,2450,401,None,Move,development
1574148315.847,2451,402,None,Move,development
1574148315.856,2452,402,None,Move,development
1574148315.861,2453,402,None,Move,development
1574148315.869,2453,402,None,Move,development
1574148315.877,2454,402,None,Move,development
1574148315.8860002,2454,402,None,Move,development
1574148315.894,2456,402,None,Move,development
1574148315.9020002,2456,402,None,Move,development
1574148315.91,2457,402,None,Move,development
1574148315.917,2459,402,None,Move,development
1574148315.925,2459,402,None,Move,development
1574148315.931,2460,402,None,Move,development
1574148315.944,2460,403,None,Move,development
1574148316.104,2460,403,None,Move,development
1574148316.1120002,2459,403,None,Move,development
1574148316.185,2458,403,None,Move,development
1574148316.215,2457,403,None,Move,development
1574148316.371,2457,403,None,Move,development
1574148316.379,2458,402,None,Move,development
1574148316.387,2460,400,None,Move,development
1574148316.395,2462,398,None,Move,development
1574148316.403,2465,396,None,Move,development
1574148316.411,2469,393,None,Move,development
1574148316.419,2475,388,None,Move,development
1574148316.425,2481,384,None,Move,development
1574148316.4329998,2489,379,None,Move,development
1574148316.441,2496,377,None,Move,development
1574148316.449,2503,375,None,Move,development
1574148316.457,2509,374,None,Move,development
1574148316.465,2515,372,None,Move,development
1574148316.4729998,2520,371,None,Move,development
1574148316.481,2526,371,None,Move,development
1574148316.4889998,2531,370,None,Move,development
1574148316.495,2534,370,None,Move,development
1574148316.5029998,2536,370,None,Move,development
1574148316.5110002,2538,370,None,Move,development
1574148316.52,2538,370,None,Move,development
1574148316.5270002,2539,370,None,Move,development
1574148316.539,2539,370,None,Move,development
1574148316.5470002,2539,370,None,Move,development
1574148316.7029998,2540,370,None,Move,development
1574148316.709,2540,369,None,Move,development
1574148316.717,2540,369,None,Move,development
1574148316.729,2540,368,None,Move,development
1574148316.7370002,2540,368,None,Move,development
1574148316.746,2540,366,None,Move,development
1574148316.754,2540,366,None,Move,development
1574148316.762,2539,365,None,Move,development
1574148316.769,2539,365,None,Move,development
1574148316.7770002,2539,365,None,Move,development
1574148316.7870002,2538,363,None,Move,development
1574148316.793,2537,363,None,Move,development
1574148316.799,2537,362,None,Move,development
1574148316.8070002,2536,362,None,Move,development
1574148316.816,2536,361,None,Move,development
1574148316.824,2535,360,None,Move,development
1574148316.831,2535,359,None,Move,development
1574148316.839,2534,359,None,Move,development
1574148316.847,2533,359,None,Move,development
1574148316.853,2533,358,None,Move,development
1574148316.877,2533,357,None,Move,development
1574148316.8860002,2533,356,None,Move,development
1574148316.894,2533,356,None,Move,development
1574148317.228,2533,356,None,Move,development
1574148317.236,2532,356,None,Move,development
1574148317.244,2531,356,None,Move,development
1574148317.2510002,2529,356,None,Move,development
1574148317.2589998,2529,356,None,Move,development
1574148317.2670002,2529,355,None,Move,development
1574148317.931,2528,355,Left,Pressed,development
1574148317.931,2528,355,None,Drag,development
1574148317.939,2525,355,None,Drag,development
1574148317.947,2522,355,None,Drag,development
1574148317.956,2518,355,None,Drag,development
1574148317.964,2514,355,None,Drag,development
1574148317.971,2509,354,None,Drag,development
1574148317.98,2505,354,None,Drag,development
1574148317.9870002,2502,353,None,Drag,development
1574148317.995,2499,353,None,Drag,development
1574148318.004,2496,353,None,Drag,development
1574148318.0089998,2494,353,None,Drag,development
1574148318.018,2492,353,None,Drag,development
1574148318.026,2490,352,None,Drag,development
1574148318.034,2488,352,None,Drag,development
1574148318.042,2487,352,None,Drag,development
1574148318.049,2486,351,None,Drag,development
1574148318.0570002,2484,351,None,Drag,development
1574148318.065,2483,351,None,Drag,development
1574148318.074,2481,351,None,Drag,development
1574148318.079,2479,351,None,Drag,development
1574148318.087,2477,351,None,Drag,development
1574148318.095,2475,351,None,Drag,development
1574148318.103,2474,351,None,Drag,development
1574148318.111,2472,352,None,Drag,development
1574148318.119,2472,352,None,Drag,development
1574148318.127,2471,352,None,Drag,development
1574148318.169,2471,352,None,Drag,development
1574148318.181,2470,352,None,Drag,development
1574148318.189,2469,352,None,Drag,development
1574148318.197,2466,352,None,Drag,development
1574148318.205,2465,353,None,Drag,development
1574148318.211,2463,353,None,Drag,development
1574148318.219,2462,353,None,Drag,development
1574148318.2270002,2461,353,None,Drag,development
1574148318.236,2460,353,None,Drag,development
1574148318.306,2460,353,None,Drag,development
1574148318.416,2459,353,None,Drag,development
1574148318.474,2459,353,None,Drag,development
1574148318.4989998,2458,353,None,Drag,development
1574148318.5110002,2457,354,None,Drag,development
1574148318.519,2455,354,None,Drag,development
1574148318.5270002,2454,354,None,Drag,development
1574148318.536,2453,355,None,Drag,development
1574148318.544,2451,355,None,Drag,development
1574148318.551,2451,355,None,Drag,development
1574148318.7370002,2450,355,None,Drag,development
1574148318.746,2448,355,None,Drag,development
1574148318.7529998,2447,355,None,Drag,development
1574148318.7610002,2446,355,None,Drag,development
1574148318.769,2445,355,None,Drag,development
1574148318.7770002,2444,355,None,Drag,development
1574148318.783,2443,355,None,Drag,development
1574148318.791,2442,355,None,Drag,development
1574148318.799,2442,355,None,Drag,development
1574148318.8070002,2441,355,None,Drag,development
1574148318.816,2441,355,None,Drag,development
1574148318.889,2440,355,None,Drag,development
1574148318.9020002,2439,355,None,Drag,development
1574148318.914,2439,355,None,Drag,development
1574148318.936,2438,355,None,Drag,development
1574148318.944,2438,355,None,Drag,development
1574148319.021,2437,355,None,Drag,development
1574148319.0370002,2437,355,None,Drag,development
1574148319.045,2435,355,None,Drag,development
1574148319.053,2435,355,None,Drag,development
1574148319.061,2434,355,None,Drag,development
1574148319.0670002,2434,355,None,Drag,development
1574148319.111,2433,355,None,Drag,development
1574148319.149,2432,355,None,Drag,development
1574148319.165,2432,355,None,Drag,development
1574148319.181,2431,355,None,Drag,development
1574148319.205,2431,356,None,Drag,development
1574148319.231,2431,356,None,Drag,development
1574148319.326,2430,356,None,Drag,development
1574148319.346,2430,356,None,Drag,development
1574148319.3639998,2429,356,None,Drag,development
1574148319.4729998,2428,356,None,Drag,development
1574148319.4989998,2428,356,None,Drag,development
1574148319.5110002,2427,356,None,Drag,development
1574148319.5110002,2427,356,Left,Released,development
1574148320.334,2427,356,None,Move,development
1574148320.344,2427,356,None,Move,development
1574148320.351,2429,356,None,Move,development
1574148320.359,2431,356,None,Move,development
1574148320.367,2432,356,None,Move,development
1574148320.3760002,2433,356,None,Move,development
1574148320.3839998,2435,356,None,Move,development
1574148320.3920002,2435,356,None,Move,development
1574148320.4,2436,356,None,Move,development
1574148320.407,2438,356,None,Move,development
1574148320.426,2441,358,None,Move,development
1574148320.4320002,2442,359,None,Move,development
1574148320.437,2445,361,None,Move,development
1574148320.446,2450,362,None,Move,development
1574148320.454,2455,364,None,Move,development
1574148320.462,2460,366,None,Move,development
1574148320.469,2466,369,None,Move,development
1574148320.4770002,2469,371,None,Move,development
1574148320.4829998,2472,372,None,Move,development
1574148320.4910002,2475,373,None,Move,development
1574148320.4989998,2476,374,None,Move,development
1574148320.508,2477,374,None,Move,development
1574148320.581,2478,374,None,Move,development
1574148320.589,2480,374,None,Move,development
1574148320.597,2481,375,None,Move,development
1574148320.605,2483,375,None,Move,development
1574148320.613,2484,375,None,Move,development
1574148320.621,2485,375,None,Move,development
1574148320.627,2486,375,None,Move,development
1574148320.6360002,2488,375,None,Move,development
1574148320.644,2489,375,None,Move,development
1574148320.651,2490,375,None,Move,development
1574148321.47,2491,375,None,Move,development
1574148321.4770002,2494,371,None,Move,development
1574148321.484,2496,370,None,Move,development
1574148321.492,2500,368,None,Move,development
1574148321.5,2502,365,None,Move,development
1574148321.508,2504,364,None,Move,development
1574148321.516,2507,362,None,Move,development
1574148321.524,2511,360,None,Move,development
1574148321.532,2516,357,None,Move,development
1574148321.54,2519,355,None,Move,development
1574148321.548,2521,354,None,Move,development
1574148321.554,2523,354,None,Move,development
1574148321.562,2523,354,None,Move,development
1574148321.68,2524,354,None,Move,development
1574148321.687,2524,354,None,Move,development
1574148321.8,2525,354,None,Move,development
1574148321.819,2525,354,None,Move,development
1574148321.8660002,2525,354,None,Move,development
1574148321.877,2525,355,None,Move,development
1574148321.8860002,2525,355,None,Move,development
1574148321.894,2523,357,None,Move,development
1574148321.899,2522,358,None,Move,development
1574148321.907,2521,359,None,Move,development
1574148321.916,2519,360,None,Move,development
1574148321.924,2516,361,None,Move,development
1574148321.931,2512,363,None,Move,development
1574148321.939,2506,365,None,Move,development
1574148321.947,2500,367,None,Move,development
1574148321.956,2494,369,None,Move,development
1574148321.964,2489,371,None,Move,development
1574148321.971,2483,372,None,Move,development
1574148321.9770002,2477,374,None,Move,development
1574148321.986,2471,376,None,Move,development
1574148321.9929998,2467,377,None,Move,development
1574148322.002,2462,379,None,Move,development
1574148322.0089998,2459,379,None,Move,development
1574148322.0170002,2458,380,None,Move,development
1574148322.026,2456,380,None,Move,development
1574148322.033,2454,381,None,Move,development
1574148322.042,2454,381,None,Move,development
1574148322.048,2453,381,None,Move,development
1574148322.056,2451,381,None,Move,development
1574148322.064,2451,382,None,Move,development
1574148322.071,2450,382,None,Move,development
1574148322.079,2449,382,None,Move,development
1574148322.087,2449,382,None,Move,development
1574148322.096,2448,382,None,Move,development
1574148322.104,2447,383,None,Move,development
1574148322.111,2447,383,None,Move,development
1574148322.117,2446,383,None,Move,development
1574148322.1260002,2444,383,None,Move,development
1574148322.133,2443,383,None,Move,development
1574148322.141,2442,383,None,Move,development
1574148322.149,2440,383,None,Move,development
1574148322.157,2440,383,None,Move,development
1574148322.165,2439,383,None,Move,development
1574148322.173,2439,383,None,Move,development
1574148322.211,2439,385,None,Move,development
1574148322.219,2439,385,None,Move,development
1574148322.2270002,2439,386,None,Move,development
1574148322.2389998,2439,386,None,Move,development
1574148322.254,2439,387,None,Move,development
1574148322.262,2439,387,None,Move,development
1574148322.281,2439,388,None,Move,development
1574148322.294,2439,389,None,Move,development
1574148322.3639998,2439,389,None,Move,development
1574148322.3760002,2439,390,None,Move,development
1574148322.3839998,2437,392,None,Move,development
1574148322.391,2437,393,None,Move,development
1574148322.397,2436,394,None,Move,development
1574148322.405,2436,394,None,Move,development
1574148322.495,2435,395,None,Move,development
1574148322.5110002,2435,395,None,Move,development
1574148323.0170002,2435,395,Left,Pressed,development
1574148323.161,2435,395,Left,Released,development
1574148324.091,2435,395,None,Move,development
1574148324.103,2435,395,None,Move,development
1574148324.109,2443,393,None,Move,development
1574148324.117,2459,386,None,Move,development
1574148324.125,2479,377,None,Move,development
1574148324.133,2503,371,None,Move,development
1574148324.1420002,2531,361,None,Move,development
1574148324.149,2559,358,None,Move,development
1574148324.157,2585,355,None,Move,development
1574148324.166,2608,352,None,Move,development
1574148324.173,2632,346,None,Move,development
1574148324.179,2652,341,None,Move,development
1574148324.187,2667,338,None,Move,development
1574148324.195,2680,336,None,Move,development
1574148324.204,2692,334,None,Move,development
1574148324.211,2703,334,None,Move,development
1574148324.219,2711,334,None,Move,development
1574148324.2270002,2718,334,None,Move,development
1574148324.235,2723,334,None,Move,development
1574148324.2429998,2728,334,None,Move,development
1574148324.2489998,2730,335,None,Move,development
1574148324.2570002,2731,337,None,Move,development
1574148324.266,2733,338,None,Move,development
1574148324.2729998,2735,339,None,Move,development
1574148324.282,2738,341,None,Move,development
1574148324.289,2744,342,None,Move,development
1574148324.2970002,2750,344,None,Move,development
1574148324.306,2757,346,None,Move,development
1574148324.311,2765,348,None,Move,development
1574148324.319,2772,350,None,Move,development
1574148324.327,2778,352,None,Move,development
1574148324.336,2784,355,None,Move,development
1574148324.343,2789,357,None,Move,development
1574148324.351,2795,360,None,Move,development
1574148324.359,2801,363,None,Move,development
1574148324.367,2807,365,None,Move,development
1574148324.375,2813,368,None,Move,development
1574148324.383,2818,371,None,Move,development
1574148324.389,2821,373,None,Move,development
1574148324.397,2823,375,None,Move,development
1574148324.406,2825,376,None,Move,development
1574148324.413,2827,378,None,Move,development
1574148324.4220002,2828,379,None,Move,development
1574148324.43,2830,381,None,Move,development
1574148324.437,2831,381,None,Move,development
1574148324.561,2831,381,None,Move,development
1574148324.585,2832,382,None,Move,development
1574148324.593,2834,383,None,Move,development
1574148324.599,2836,385,None,Move,development
1574148324.607,2837,386,None,Move,development
1574148324.615,2839,388,None,Move,development
1574148324.623,2839,388,None,Move,development
1574148324.631,2840,389,None,Move,development
1574148324.706,2840,389,None,Move,development
1574148324.718,2841,390,None,Move,development
1574148324.725,2841,393,None,Move,development
1574148324.734,2841,399,None,Move,development
1574148324.74,2841,404,None,Move,development
1574148324.7470002,2841,410,None,Move,development
1574148324.756,2841,418,None,Move,development
1574148324.764,2840,426,None,Move,development
1574148324.772,2840,434,None,Move,development
1574148324.78,2840,440,None,Move,development
1574148324.7870002,2841,444,None,Move,development
1574148324.796,2843,450,None,Move,development
1574148324.804,2844,455,None,Move,development
1574148324.811,2846,464,None,Move,development
1574148324.8170002,2847,469,None,Move,development
1574148324.826,2849,475,None,Move,development
1574148324.834,2849,483,None,Move,development
1574148324.842,2850,490,None,Move,development
1574148324.85,2850,498,None,Move,development
1574148324.857,2850,505,None,Move,development
1574148324.8660002,2850,513,None,Move,development
1574148324.873,2850,519,None,Move,development
1574148324.881,2850,526,None,Move,development
1574148324.887,2850,532,None,Move,development
1574148324.896,2852,536,None,Move,development
1574148324.903,2854,541,None,Move,development
1574148324.911,2856,543,None,Move,development
1574148324.919,2857,544,None,Move,development
1574148324.927,2858,546,None,Move,development
1574148324.936,2858,547,None,Move,development
1574148324.944,2859,548,None,Move,development
1574148324.949,2859,550,None,Move,development
1574148324.957,2859,550,None,Move,development
1574148325.079,2861,550,None,Move,development
1574148325.087,2862,550,None,Move,development
1574148325.093,2863,550,None,Move,development
1574148325.1020002,2864,549,None,Move,development
1574148325.109,2864,548,None,Move,development
1574148325.117,2865,547,None,Move,development
1574148325.1260002,2865,546,None,Move,development
1574148325.1339998,2866,545,None,Move,development
1574148325.141,2866,544,None,Move,development
1574148325.149,2866,544,None,Move,development
1574148325.158,2866,543,None,Move,development
1574148325.164,2866,542,None,Move,development
1574148325.171,2866,541,None,Move,development
1574148325.18,2866,540,None,Move,development
1574148325.188,2866,540,None,Move,development
1574148325.195,2866,539,None,Move,development
1574148326.8620002,2868,538,None,Move,development
1574148326.869,2876,533,None,Move,development
1574148326.875,2884,528,None,Move,development
1574148326.8839998,2892,526,None,Move,development
1574148326.891,2899,524,None,Move,development
1574148326.899,2905,523,None,Move,development
1574148326.907,2909,522,None,Move,development
1574148326.916,2914,522,None,Move,development
1574148326.923,2918,522,None,Move,development
1574148326.931,2923,522,None,Move,development
1574148326.939,2930,524,None,Move,development
1574148326.946,2938,525,None,Move,development
1574148326.954,2948,525,None,Move,development
1574148326.962,2957,525,None,Move,development
1574148326.969,2965,525,None,Move,development
1574148326.9770002,2972,525,None,Move,development
1574148326.986,2977,525,None,Move,development
1574148326.994,2980,525,None,Move,development
1574148327.002,2982,526,None,Move,development
1574148327.0089998,2983,527,None,Move,development
1574148327.016,2984,528,None,Move,development
1574148327.0229998,2984,530,None,Move,development
1574148327.031,2985,532,None,Move,development
1574148327.039,2985,533,None,Move,development
1574148327.0470002,2987,535,None,Move,development
1574148327.056,2988,536,None,Move,development
1574148327.064,2991,538,None,Move,development
1574148327.071,2997,540,None,Move,development
1574148327.079,3002,540,None,Move,development
1574148327.086,3010,540,None,Move,development
1574148327.094,3017,542,None,Move,development
1574148327.1020002,3026,544,None,Move,development
1574148327.109,3033,546,None,Move,development
1574148327.117,3038,551,None,Move,development
1574148327.125,3040,555,None,Move,development
1574148327.356,3040,555,None,Move,development
1574148327.3820002,3041,555,None,Move,development
1574148327.484,3041,555,None,Move,development
1574148327.492,3041,555,None,Move,development
1574148327.4989998,3041,553,None,Move,development
1574148327.5070002,3038,552,None,Move,development
1574148327.5129998,3037,550,None,Move,development
1574148327.521,3035,550,None,Move,development
1574148327.53,3034,550,None,Move,development
1574148327.5370002,3034,549,None,Move,development
1574148327.592,3034,549,None,Move,development
1574148327.615,3034,548,None,Move,development
1574148327.623,3034,547,None,Move,development
1574148327.631,3036,546,None,Move,development
1574148327.639,3038,545,None,Move,development
1574148327.647,3041,544,None,Move,development
1574148327.653,3043,544,None,Move,development
1574148327.6620002,3042,545,None,Move,development
1574148327.669,3042,546,None,Move,development
1574148327.678,3041,547,None,Move,development
1574148327.686,3039,551,None,Move,development
1574148327.694,3037,555,None,Move,development
1574148327.701,3035,561,None,Move,development
1574148327.709,3035,566,None,Move,development
1574148327.717,3035,572,None,Move,development
1574148327.7229998,3035,580,None,Move,development
1574148327.731,3037,588,None,Move,development
1574148327.7389998,3041,595,None,Move,development
1574148327.7470002,3046,604,None,Move,development
1574148327.755,3051,611,None,Move,development
1574148327.764,3058,619,None,Move,development
1574148327.771,3066,627,None,Move,development
1574148327.779,3073,635,None,Move,development
1574148327.7870002,3079,645,None,Move,development
1574148327.794,3085,656,None,Move,development
1574148327.802,3089,664,None,Move,development
1574148327.809,3092,673,None,Move,development
1574148327.8170002,3094,680,None,Move,development
1574148327.825,3096,686,None,Move,development
1574148327.833,3098,691,None,Move,development
1574148327.842,3100,697,None,Move,development
1574148327.85,3102,703,None,Move,development
1574148327.857,3104,709,None,Move,development
1574148327.8639998,3107,715,None,Move,development
1574148327.8720002,3109,720,None,Move,development
1574148327.879,3112,726,None,Move,development
1574148327.887,3117,732,None,Move,development
1574148327.896,3122,739,None,Move,development
1574148327.903,3127,745,None,Move,development
1574148327.911,3131,751,None,Move,development
1574148327.919,3135,754,None,Move,development
1574148327.927,3137,758,None,Move,development
1574148327.9329998,3142,761,None,Move,development
1574148327.941,3148,763,None,Move,development
1574148327.949,3154,768,None,Move,development
1574148327.957,3160,770,None,Move,development
1574148327.965,3166,773,None,Move,development
1574148327.974,3169,776,None,Move,development
1574148327.982,3174,779,None,Move,development
1574148327.99,3177,781,None,Move,development
1574148327.998,3181,784,None,Move,development
1574148328.004,3183,786,None,Move,development
1574148328.012,3185,789,None,Move,development
1574148328.02,3187,791,None,Move,development
1574148328.0270002,3188,793,None,Move,development
1574148328.036,3190,797,None,Move,development
1574148328.044,3191,800,None,Move,development
1574148328.052,3192,804,None,Move,development
1574148328.06,3193,806,None,Move,development
1574148328.0670002,3194,808,None,Move,development
1574148328.074,3195,810,None,Move,development
1574148328.082,3195,814,None,Move,development
1574148328.09,3195,817,None,Move,development
1574148328.0979998,3195,820,None,Move,development
1574148328.106,3195,824,None,Move,development
1574148328.1139998,3195,829,None,Move,development
1574148328.1220002,3193,832,None,Move,development
1574148328.129,3191,836,None,Move,development
1574148328.137,3190,839,None,Move,development
1574148328.144,3189,842,None,Move,development
1574148328.151,3188,845,None,Move,development
1574148328.159,3187,849,None,Move,development
1574148328.167,3185,853,None,Move,development
1574148328.176,3183,858,None,Move,development
1574148328.184,3181,861,None,Move,development
1574148328.191,3181,863,None,Move,development
1574148328.199,3181,864,None,Move,development
1574148328.207,3181,866,None,Move,development
1574148328.215,3181,867,None,Move,development
1574148328.222,3181,868,None,Move,development
1574148328.229,3181,869,None,Move,development
1574148328.2370002,3181,871,None,Move,development
1574148328.256,3181,873,None,Move,development
1574148328.265,3181,875,None,Move,development
1574148328.27,3182,875,None,Move,development
1574148328.2770002,3184,877,None,Move,development
1574148328.284,3185,878,None,Move,development
1574148328.291,3187,879,None,Move,development
1574148328.299,3188,880,None,Move,development
1574148328.3070002,3189,882,None,Move,development
1574148328.316,3190,883,None,Move,development
1574148328.324,3191,885,None,Move,development
1574148328.331,3192,886,None,Move,development
1574148328.339,3192,887,None,Move,development
1574148328.347,3192,889,None,Move,development
1574148328.354,3193,890,None,Move,development
1574148328.3620002,3193,891,None,Move,development
1574148328.369,3194,893,None,Move,development
1574148328.3779998,3195,894,None,Move,development
1574148328.3860002,3196,895,None,Move,development
1574148328.394,3197,897,None,Move,development
1574148328.4020002,3199,898,None,Move,development
1574148328.409,3200,900,None,Move,development
1574148328.417,3201,901,None,Move,development
1574148328.424,3203,902,None,Move,development
1574148328.431,3203,902,None,Move,development
1574148328.439,3205,903,None,Move,development
1574148328.451,3205,904,None,Move,development
1574148328.529,3206,904,None,Move,development
1574148328.542,3206,904,None,Move,development
1574148328.954,3207,904,None,Move,development
1574148328.966,3207,904,None,Move,development
1574148328.9770002,3207,903,None,Move,development
1574148329.065,3208,903,None,Move,development
1574148329.995,3208,903,None,Move,development
1574148330.0029998,3207,902,None,Move,development
1574148330.0110002,3207,902,None,Move,development
1574148330.019,3206,901,None,Move,development
1574148330.0270002,3205,900,None,Move,development
1574148330.035,3204,900,None,Move,development
1574148330.044,3204,898,None,Move,development
1574148330.051,3203,898,None,Move,development
1574148330.6260002,3203,898,None,Move,development
1574148330.637,3203,897,None,Move,development
1574148330.645,3205,895,None,Move,development
1574148330.653,3205,894,None,Move,development
1574148330.6620002,3206,893,None,Move,development
1574148330.669,3206,893,None,Move,development
1574148330.677,3208,893,None,Move,development
1574148330.686,3209,892,None,Move,development
1574148330.691,3210,892,None,Move,development
1574148330.699,3211,892,None,Move,development
1574148330.794,3211,892,None,Move,development
1574148330.806,3212,892,None,Move,development
1574148330.814,3216,892,None,Move,development
1574148330.822,3221,892,None,Move,development
1574148330.829,3226,893,None,Move,development
1574148330.837,3232,894,None,Move,development
1574148330.844,3236,895,None,Move,development
1574148330.851,3241,895,None,Move,development
1574148330.859,3245,896,None,Move,development
1574148330.867,3248,897,None,Move,development
1574148330.8760002,3250,897,None,Move,development
1574148330.8839998,3251,897,None,Move,development
1574148335.041,3251,897,None,Move,development
1574148335.049,3251,896,None,Move,development
1574148335.0570002,3250,895,None,Move,development
1574148335.065,3249,893,None,Move,development
1574148335.073,3248,891,None,Move,development
1574148335.081,3247,890,None,Move,development
1574148335.089,3246,888,None,Move,development
1574148335.097,3246,888,None,Move,development
1574148335.104,3245,887,None,Move,development
1574148335.111,3245,885,None,Move,development
1574148335.119,3244,884,None,Move,development
1574148335.127,3244,883,None,Move,development
1574148335.135,3244,883,None,Move,development
1574148335.144,3244,882,None,Move,development
1574148335.151,3242,880,None,Move,development
1574148335.159,3241,879,None,Move,development
1574148335.167,3239,877,None,Move,development
1574148335.174,3238,876,None,Move,development
1574148335.1820002,3237,874,None,Move,development
1574148335.189,3235,873,None,Move,development
1574148335.197,3234,872,None,Move,development
1574148335.206,3232,870,None,Move,development
1574148335.2129998,3231,869,None,Move,development
1574148335.222,3229,867,None,Move,development
1574148335.229,3228,867,None,Move,development
1574148335.2370002,3227,865,None,Move,development
1574148335.244,3226,865,None,Move,development
1574148335.2510002,3225,863,None,Move,development
1574148335.2589998,3223,862,None,Move,development
1574148335.2670002,3222,861,None,Move,development
1574148335.276,3221,859,None,Move,development
1574148335.284,3219,858,None,Move,development
1574148335.291,3218,856,None,Move,development
1574148335.299,3216,855,None,Move,development
1574148335.3070002,3215,853,None,Move,development
1574148335.314,3213,852,None,Move,development
1574148335.321,3212,851,None,Move,development
1574148335.329,3211,850,None,Move,development
1574148335.337,3210,849,None,Move,development
1574148335.345,3209,847,None,Move,development
1574148335.354,3209,846,None,Move,development
1574148335.361,3208,845,None,Move,development
1574148335.369,3207,844,None,Move,development
1574148335.377,3207,843,None,Move,development
1574148335.387,3207,843,None,Move,development
1574148335.396,3207,843,None,Move,development
1574148335.427,3206,842,None,Move,development
1574148335.444,3206,842,None,Move,development
1574148335.449,3206,841,None,Move,development
1574148335.457,3206,840,None,Move,development
1574148335.465,3206,839,None,Move,development
1574148335.4729998,3206,839,None,Move,development
1574148335.9020002,3206,839,None,Move,development
1574148335.914,3206,839,None,Move,development
1574148335.9220002,3208,837,None,Move,development
1574148335.929,3211,837,None,Move,development
1574148335.938,3214,837,None,Move,development
1574148335.946,3218,837,None,Move,development
1574148335.9529998,3224,839,None,Move,development
1574148335.96,3231,844,None,Move,development
1574148335.968,3238,851,None,Move,development
1574148335.976,3246,857,None,Move,development
1574148335.984,3252,863,None,Move,development
1574148335.992,3257,868,None,Move,development
1574148336.0,3262,872,None,Move,development
1574148336.008,3264,876,None,Move,development
1574148336.016,3266,877,None,Move,development
1574148336.022,3267,878,None,Move,development
1574148336.03,3267,880,None,Move,development
1574148336.038,3267,880,None,Move,development
1574148336.045,3267,882,None,Move,development
1574148336.053,3267,882,None,Move,development
1574148336.062,3267,883,None,Move,development
1574148336.07,3267,883,None,Move,development
1574148336.077,3267,884,None,Move,development
1574148336.086,3267,886,None,Move,development
1574148336.092,3266,886,None,Move,development
1574148336.1,3266,888,None,Move,development
1574148336.1120002,3266,888,None,Move,development
1574148336.12,3266,889,None,Move,development
1574148336.127,3266,889,None,Move,development
1574148336.271,3265,889,None,Move,development
1574148336.279,3264,891,None,Move,development
1574148336.2870002,3263,891,None,Move,development
1574148336.295,3263,891,None,Move,development
1574148336.302,3261,892,None,Move,development
1574148336.313,3261,892,None,Move,development
1574148336.4770002,3261,892,None,Move,development
1574148337.033,3261,892,None,Move,development
1574148337.042,3260,887,None,Move,development
1574148337.049,3259,881,None,Move,development
1574148337.0570002,3258,877,None,Move,development
1574148337.066,3258,874,None,Move,development
1574148337.074,3258,870,None,Move,development
1574148337.079,3258,867,None,Move,development
1574148337.087,3257,864,None,Move,development
1574148337.096,3257,862,None,Move,development
1574148337.103,3257,861,None,Move,development
1574148337.111,3257,860,None,Move,development
1574148337.119,3257,859,None,Move,development
1574148337.24,3257,858,None,Move,development
1574148337.248,3257,856,None,Move,development
1574148337.256,3257,856,None,Move,development
1574148337.349,3256,856,None,Move,development
1574148337.419,3256,855,None,Move,development
1574148337.427,3253,854,None,Move,development
1574148337.4329998,3249,852,None,Move,development
1574148337.441,3247,851,None,Move,development
1574148337.449,3245,850,None,Move,development
1574148337.457,3243,848,None,Move,development
1574148337.465,3241,847,None,Move,development
1574148337.4729998,3239,845,None,Move,development
1574148337.481,3238,845,None,Move,development
1574148337.4889998,3236,844,None,Move,development
1574148337.4970002,3235,843,None,Move,development
1574148337.506,3234,843,None,Move,development
1574148337.5110002,3232,842,None,Move,development
1574148337.519,3231,841,None,Move,development
1574148337.5270002,3230,841,None,Move,development
1574148337.535,3228,840,None,Move,development
1574148337.543,3227,839,None,Move,development
1574148337.551,3225,839,None,Move,development
1574148337.559,3224,838,None,Move,development
1574148337.5670002,3223,837,None,Move,development
1574148337.575,3221,836,None,Move,development
1574148337.581,3221,836,None,Move,development
1574148337.589,3221,836,None,Move,development
1574148337.597,3220,835,None,Move,development
1574148337.605,3219,835,None,Move,development
1574148337.613,3218,834,None,Move,development
1574148337.621,3218,834,None,Move,development
1574148337.717,3218,834,None,Move,development
1574148339.4329998,3219,834,None,Move,development
1574148339.441,3226,834,None,Move,development
1574148339.449,3235,834,None,Move,development
1574148339.457,3245,834,None,Move,development
1574148339.465,3254,833,None,Move,development
1574148339.4729998,3264,830,None,Move,development
1574148339.481,3272,828,None,Move,development
1574148339.4889998,3280,827,None,Move,development
1574148339.495,3289,825,None,Move,development
1574148339.5029998,3297,825,None,Move,development
1574148339.5110002,3304,824,None,Move,development
1574148339.519,3309,824,None,Move,development
1574148339.5270002,3311,824,None,Move,development
1574148339.535,3312,824,None,Move,development
1574148339.543,3314,824,None,Move,development
1574148339.7329998,3314,824,None,Move,development
1574148339.745,3314,824,None,Move,development
1574148339.7529998,3312,824,None,Move,development
1574148339.7610002,3310,824,None,Move,development
1574148339.769,3309,824,None,Move,development
1574148339.775,3308,824,None,Move,development
1574148339.783,3306,824,None,Move,development
1574148339.791,3305,824,None,Move,development
1574148339.804,3305,824,None,Move,development
1574148339.916,3304,825,None,Move,development
1574148339.923,3301,827,None,Move,development
1574148339.931,3295,831,None,Move,development
1574148339.939,3289,835,None,Move,development
1574148339.947,3282,839,None,Move,development
1574148339.955,3276,843,None,Move,development
1574148339.964,3269,846,None,Move,development
1574148339.971,3263,849,None,Move,development
1574148339.979,3259,851,None,Move,development
1574148339.985,3257,852,None,Move,development
1574148339.9929998,3256,854,None,Move,development
1574148340.002,3254,855,None,Move,development
1574148340.0089998,3254,855,None,Move,development
1574148340.127,3254,855,None,Move,development
1574148340.133,3253,856,None,Move,development
1574148340.141,3251,858,None,Move,development
1574148340.149,3250,859,None,Move,development
1574148340.157,3247,862,None,Move,development
1574148340.165,3244,865,None,Move,development
1574148340.173,3238,869,None,Move,development
1574148340.181,3233,872,None,Move,development
1574148340.189,3227,876,None,Move,development
1574148340.195,3222,879,None,Move,development
1574148340.2029998,3219,881,None,Move,development
1574148340.211,3214,884,None,Move,development
1574148340.219,3212,886,None,Move,development
1574148340.2270002,3211,887,None,Move,development
1574148340.235,3209,889,None,Move,development
1574148340.244,3208,889,None,Move,development
1574148340.2510002,3207,890,None,Move,development
1574148340.2589998,3207,890,None,Move,development
1574148340.269,3207,891,None,Move,development
1574148340.936,3207,891,Left,Pressed,development
1574148341.051,3207,891,Left,Released,development
1574148342.834,3207,887,None,Move,development
1574148342.841,3210,869,None,Move,development
1574148342.849,3212,853,None,Move,development
1574148342.857,3215,840,None,Move,development
1574148342.8660002,3218,826,None,Move,development
1574148342.8739998,3220,813,None,Move,development
1574148342.881,3223,801,None,Move,development
1574148342.889,3225,787,None,Move,development
1574148342.896,3228,772,None,Move,development
1574148342.904,3228,759,None,Move,development
1574148342.911,3229,744,None,Move,development
1574148342.919,3227,729,None,Move,development
1574148342.927,3226,707,None,Move,development
1574148342.936,3225,684,None,Move,development
1574148342.944,3221,656,None,Move,development
1574148342.951,3218,628,None,Move,development
1574148342.959,3213,596,None,Move,development
1574148342.966,3210,570,None,Move,development
1574148342.9729998,3207,547,None,Move,development
1574148342.981,3205,529,None,Move,development
1574148342.9889998,3205,515,None,Move,development
1574148342.9970002,3205,502,None,Move,development
1574148343.006,3206,490,None,Move,development
1574148343.014,3208,479,None,Move,development
1574148343.021,3210,470,None,Move,development
1574148343.029,3212,462,None,Move,development
1574148343.035,3214,455,None,Move,development
1574148343.043,3216,449,None,Move,development
1574148343.051,3217,447,None,Move,development
1574148343.059,3218,445,None,Move,development
1574148343.087,3218,445,None,Move,development
1574148343.231,3218,444,None,Move,development
1574148343.2389998,3218,443,None,Move,development
1574148343.245,3218,442,None,Move,development
1574148343.2529998,3217,441,None,Move,development
1574148343.2610002,3217,441,None,Move,development
1574148343.269,3216,440,None,Move,development
1574148343.281,3216,440,None,Move,development
1574148343.339,3216,440,None,Move,development
1574148343.347,3216,445,None,Move,development
1574148343.355,3218,455,None,Move,development
1574148343.363,3220,467,None,Move,development
1574148343.371,3220,481,None,Move,development
1574148343.379,3220,491,None,Move,development
1574148343.385,3219,502,None,Move,development
1574148343.393,3216,514,None,Move,development
1574148343.401,3213,524,None,Move,development
1574148343.409,3211,534,None,Move,development
1574148343.417,3209,541,None,Move,development
1574148343.425,3208,548,None,Move,development
1574148343.4329998,3207,554,None,Move,development
1574148343.441,3205,561,None,Move,development
1574148343.449,3204,567,None,Move,development
1574148343.455,3202,573,None,Move,development
1574148343.4629998,3201,578,None,Move,development
1574148343.471,3199,584,None,Move,development
1574148343.479,3197,590,None,Move,development
1574148343.4870002,3195,596,None,Move,development
1574148343.495,3193,601,None,Move,development
1574148343.5029998,3191,607,None,Move,development
1574148343.5110002,3189,612,None,Move,development
1574148343.519,3188,616,None,Move,development
1574148343.525,3187,621,None,Move,development
1574148343.533,3187,623,None,Move,development
1574148343.541,3187,625,None,Move,development
1574148343.549,3187,626,None,Move,development
1574148343.5570002,3187,627,None,Move,development
1574148343.565,3187,629,None,Move,development
1574148343.573,3188,630,None,Move,development
1574148343.581,3189,632,None,Move,development
1574148343.589,3192,633,None,Move,development
1574148343.597,3193,635,None,Move,development
1574148343.603,3195,636,None,Move,development
1574148343.611,3197,637,None,Move,development
1574148343.619,3199,639,None,Move,development
1574148343.627,3200,640,None,Move,development
1574148343.635,3202,640,None,Move,development
1574148343.643,3203,641,None,Move,development
1574148343.651,3204,642,None,Move,development
1574148343.66,3206,643,None,Move,development
1574148343.667,3208,644,None,Move,development
1574148343.673,3209,645,None,Move,development
1574148343.681,3212,647,None,Move,development
1574148343.689,3215,648,None,Move,development
1574148343.697,3218,648,None,Move,development
1574148343.705,3220,648,None,Move,development
1574148343.7129998,3221,648,None,Move,development
1574148343.721,3223,648,None,Move,development
1574148343.729,3224,648,None,Move,development
1574148343.7370002,3225,647,None,Move,development
1574148343.7429998,3227,647,None,Move,development
1574148343.7510002,3227,647,None,Move,development
1574148343.7589998,3228,647,None,Move,development
1574148343.775,3228,647,None,Move,development
1574148343.7870002,3229,647,None,Move,development
1574148344.2,3229,646,None,Move,development
1574148344.207,3230,646,None,Move,development
1574148344.216,3232,645,None,Move,development
1574148344.224,3232,645,None,Move,development
1574148344.231,3233,645,None,Move,development
1574148344.238,3235,645,None,Move,development
1574148344.246,3236,645,None,Move,development
1574148344.254,3237,645,None,Move,development
1574148344.262,3237,646,None,Move,development
1574148344.356,3238,646,None,Move,development
1574148344.367,3239,646,None,Move,development
1574148344.3760002,3240,646,None,Move,development
1574148344.381,3240,646,None,Move,development
1574148344.389,3241,646,None,Move,development
1574148345.331,3241,646,None,Move,development
1574148345.339,3240,655,None,Move,development
1574148345.347,3240,664,None,Move,development
1574148345.355,3240,676,None,Move,development
1574148345.363,3240,685,None,Move,development
1574148345.369,3240,696,None,Move,development
1574148345.377,3240,707,None,Move,development
1574148345.3860002,3241,719,None,Move,development
1574148345.394,3241,732,None,Move,development
1574148345.4020002,3240,747,None,Move,development
1574148345.409,3237,760,None,Move,development
1574148345.417,3233,774,None,Move,development
1574148345.426,3231,787,None,Move,development
1574148345.4329998,3229,801,None,Move,development
1574148345.439,3228,813,None,Move,development
1574148345.447,3228,823,None,Move,development
1574148345.455,3228,834,None,Move,development
1574148345.464,3229,844,None,Move,development
1574148345.471,3231,852,None,Move,development
1574148345.479,3233,860,None,Move,development
1574148345.4870002,3235,867,None,Move,development
1574148345.495,3237,873,None,Move,development
1574148345.504,3239,879,None,Move,development
1574148345.5089998,3240,883,None,Move,development
1574148345.5170002,3241,886,None,Move,development
1574148345.526,3242,889,None,Move,development
1574148345.533,3243,891,None,Move,development
1574148345.541,3243,893,None,Move,development
1574148345.549,3243,895,None,Move,development
1574148345.5570002,3243,896,None,Move,development
1574148345.565,3243,898,None,Move,development
1574148345.573,3243,899,None,Move,development
1574148345.579,3243,900,None,Move,development
1574148345.587,3243,902,None,Move,development
1574148345.595,3243,902,None,Move,development
1574148345.603,3243,903,None,Move,development
1574148345.611,3243,904,None,Move,development
1574148345.619,3243,905,None,Move,development
1574148345.627,3243,906,None,Move,development
1574148345.635,3243,906,None,Move,development
1574148345.643,3243,908,None,Move,development
1574148345.649,3244,908,None,Move,development
1574148345.657,3244,908,None,Move,development
1574148345.665,3244,909,None,Move,development
1574148345.885,3245,909,None,Move,development
1574148345.893,3246,909,None,Move,development
1574148345.899,3246,908,None,Move,development
1574148345.911,3247,908,None,Move,development
1574148345.924,3247,907,None,Move,development
1574148346.504,3247,907,None,Move,development
1574148346.518,3247,906,None,Move,development
1574148346.526,3247,904,None,Move,development
1574148346.534,3248,904,None,Move,development
1574148346.542,3248,903,None,Move,development
1574148346.554,3248,903,None,Move,development
1574148346.57,3248,902,None,Move,development
1574148346.6320002,3248,901,None,Move,development
1574148346.637,3248,900,None,Move,development
1574148346.646,3248,899,None,Move,development
1574148346.654,3248,898,None,Move,development
1574148346.6620002,3248,897,None,Move,development
1574148346.67,3248,895,None,Move,development
1574148346.677,3248,894,None,Move,development
1574148346.686,3248,893,None,Move,development
1574148346.694,3248,891,None,Move,development
1574148346.702,3248,888,None,Move,development
1574148346.71,3248,886,None,Move,development
1574148346.716,3248,883,None,Move,development
1574148346.724,3248,880,None,Move,development
1574148346.732,3248,876,None,Move,development
1574148346.74,3248,873,None,Move,development
1574148346.7470002,3248,869,None,Move,development
1574148346.756,3248,865,None,Move,development
1574148346.764,3248,860,None,Move,development
1574148346.771,3248,855,None,Move,development
1574148346.779,3249,850,None,Move,development
1574148346.786,3249,844,None,Move,development
1574148346.794,3249,839,None,Move,development
1574148346.802,3249,834,None,Move,development
1574148346.809,3249,825,None,Move,development
1574148346.8170002,3249,819,None,Move,development
1574148346.826,3249,812,None,Move,development
1574148346.834,3249,804,None,Move,development
1574148346.842,3249,798,None,Move,development
1574148346.85,3249,792,None,Move,development
1574148346.856,3248,785,None,Move,development
1574148346.8639998,3248,778,None,Move,development
1574148346.8720002,3248,771,None,Move,development
1574148346.879,3247,765,None,Move,development
1574148346.887,3245,757,None,Move,development
1574148346.896,3243,750,None,Move,development
1574148346.904,3242,744,None,Move,development
1574148346.9120002,3241,737,None,Move,development
1574148346.92,3239,732,None,Move,development
1574148346.925,3238,728,None,Move,development
1574148346.9329998,3238,723,None,Move,development
1574148346.9420002,3236,720,None,Move,development
1574148346.949,3235,718,None,Move,development
1574148346.957,3234,717,None,Move,development
1574148346.965,3232,714,None,Move,development
1574148346.974,3231,713,None,Move,development
1574148346.982,3229,711,None,Move,development
1574148346.9889998,3229,710,None,Move,development
1574148346.996,3228,709,None,Move,development
1574148347.004,3228,707,None,Move,development
1574148347.012,3227,704,None,Move,development
1574148347.019,3227,702,None,Move,development
1574148347.0270002,3227,700,None,Move,development
1574148347.036,3227,697,None,Move,development
1574148347.044,3227,696,None,Move,development
1574148347.052,3227,695,None,Move,development
1574148347.059,3227,693,None,Move,development
1574148347.066,3226,692,None,Move,development
1574148347.074,3225,690,None,Move,development
1574148347.082,3224,689,None,Move,development
1574148347.089,3223,688,None,Move,development
1574148347.097,3222,686,None,Move,development
1574148347.106,3220,685,None,Move,development
1574148347.1139998,3219,683,None,Move,development
1574148347.1220002,3217,682,None,Move,development
1574148347.129,3216,680,None,Move,development
1574148347.1360002,3215,678,None,Move,development
1574148347.143,3213,677,None,Move,development
1574148347.1520002,3212,675,None,Move,development
1574148347.16,3210,673,None,Move,development
1574148347.167,3210,672,None,Move,development
1574148347.176,3208,670,None,Move,development
1574148347.184,3208,669,None,Move,development
1574148347.191,3207,668,None,Move,development
1574148347.199,3207,666,None,Move,development
1574148347.206,3207,665,None,Move,development
1574148347.214,3206,664,None,Move,development
1574148347.222,3206,663,None,Move,development
1574148347.229,3205,661,None,Move,development
1574148347.2370002,3205,660,None,Move,development
1574148347.246,3205,659,None,Move,development
1574148347.254,3204,657,None,Move,development
1574148347.262,3204,656,None,Move,development
1574148347.269,3204,655,None,Move,development
1574148347.275,3204,654,None,Move,development
1574148347.284,3203,654,None,Move,development
1574148347.498,3203,654,None,Move,development
1574148347.5089998,3204,653,None,Move,development
1574148347.518,3205,653,None,Move,development
1574148347.526,3207,652,None,Move,development
1574148347.534,3208,652,None,Move,development
1574148347.542,3209,651,None,Move,development
1574148347.55,3209,651,None,Move,development
1574148347.9529998,3210,651,None,Move,development
1574148347.966,3211,650,None,Move,development
1574148347.974,3211,650,None,Move,development
1574148348.209,3212,650,None,Move,development
1574148348.217,3213,651,None,Move,development
1574148348.225,3213,653,None,Move,development
1574148348.2329998,3213,654,None,Move,development
1574148348.2410002,3213,657,None,Move,development
1574148348.2489998,3213,662,None,Move,development
1574148348.2570002,3211,668,None,Move,development
1574148348.264,3210,676,None,Move,development
1574148348.271,3209,683,None,Move,development
1574148348.28,3208,691,None,Move,development
1574148348.2870002,3208,699,None,Move,development
1574148348.296,3208,706,None,Move,development
1574148348.303,3208,712,None,Move,development
1574148348.311,3208,718,None,Move,development
1574148348.32,3210,724,None,Move,development
1574148348.327,3212,727,None,Move,development
1574148348.336,3214,732,None,Move,development
1574148348.341,3215,735,None,Move,development
1574148348.349,3217,739,None,Move,development
1574148348.357,3220,744,None,Move,development
1574148348.3660002,3223,750,None,Move,development
1574148348.3739998,3225,756,None,Move,development
1574148348.3820002,3227,762,None,Move,development
1574148348.389,3229,767,None,Move,development
1574148348.397,3230,772,None,Move,development
1574148348.406,3232,775,None,Move,development
1574148348.411,3234,778,None,Move,development
1574148348.42,3235,780,None,Move,development
1574148348.427,3236,781,None,Move,development
1574148348.436,3237,783,None,Move,development
1574148348.444,3239,784,None,Move,development
1574148348.451,3239,785,None,Move,development
1574148348.459,3240,787,None,Move,development
1574148348.467,3241,788,None,Move,development
1574148348.476,3241,789,None,Move,development
1574148348.481,3241,792,None,Move,development
1574148348.4889998,3241,795,None,Move,development
1574148348.498,3241,799,None,Move,development
1574148348.506,3241,801,None,Move,development
1574148348.514,3241,803,None,Move,development
1574148348.522,3241,805,None,Move,development
1574148348.53,3239,808,None,Move,development
1574148348.5370002,3239,811,None,Move,development
1574148348.544,3238,814,None,Move,development
1574148348.552,3238,815,None,Move,development
1574148348.56,3238,817,None,Move,development
1574148348.5670002,3237,818,None,Move,development
1574148348.576,3237,820,None,Move,development
1574148348.584,3237,821,None,Move,development
1574148348.591,3237,822,None,Move,development
1574148348.599,3237,823,None,Move,development
1574148348.607,3237,824,None,Move,development
1574148348.613,3237,825,None,Move,development
1574148348.621,3236,827,None,Move,development
1574148348.629,3236,828,None,Move,development
1574148348.637,3234,829,None,Move,development
1574148348.645,3233,831,None,Move,development
1574148348.653,3231,832,None,Move,development
1574148348.6620002,3231,834,None,Move,development
1574148348.669,3229,835,None,Move,development
1574148348.677,3229,836,None,Move,development
1574148348.685,3228,838,None,Move,development
1574148348.691,3227,839,None,Move,development
1574148348.699,3227,841,None,Move,development
1574148348.707,3226,842,None,Move,development
1574148348.715,3226,843,None,Move,development
1574148348.724,3226,844,None,Move,development
1574148348.732,3226,846,None,Move,development
1574148348.74,3226,847,None,Move,development
1574148348.7610002,3225,848,None,Move,development
1574148348.768,3223,851,None,Move,development
1574148348.774,3222,853,None,Move,development
1574148348.779,3221,854,None,Move,development
1574148348.786,3220,855,None,Move,development
1574148348.794,3220,857,None,Move,development
1574148348.802,3218,858,None,Move,development
1574148348.81,3218,860,None,Move,development
1574148348.8170002,3217,861,None,Move,development
1574148348.826,3217,862,None,Move,development
1574148348.832,3217,863,None,Move,development
1574148348.84,3217,865,None,Move,development
1574148348.847,3217,866,None,Move,development
1574148348.855,3217,867,None,Move,development
1574148348.8639998,3217,869,None,Move,development
1574148348.871,3219,870,None,Move,development
1574148348.879,3220,872,None,Move,development
1574148348.887,3222,873,None,Move,development
1574148348.896,3222,874,None,Move,development
1574148348.901,3224,876,None,Move,development
1574148348.909,3225,877,None,Move,development
1574148348.917,3227,879,None,Move,development
1574148348.926,3228,880,None,Move,development
1574148348.934,3229,881,None,Move,development
1574148348.9420002,3230,883,None,Move,development
1574148348.949,3231,884,None,Move,development
1574148348.957,3231,885,None,Move,development
1574148348.966,3231,885,None,Move,development
1574148348.971,3232,886,None,Move,development
1574148348.979,3232,887,None,Move,development
1574148348.9870002,3234,888,None,Move,development
1574148348.996,3234,888,None,Move,development
1574148349.004,3236,889,None,Move,development
1574148349.0110002,3236,890,None,Move,development
1574148349.019,3237,890,None,Move,development
1574148349.0270002,3239,891,None,Move,development
1574148349.036,3240,892,None,Move,development
1574148349.041,3241,892,None,Move,development
1574148349.049,3242,892,None,Move,development
1574148349.0570002,3243,892,None,Move,development
1574148349.066,3243,893,None,Move,development
1574148349.077,3244,893,None,Move,development
1574148349.085,3244,893,None,Move,development
1574148349.299,3245,893,None,Move,development
1574148349.311,3245,894,None,Move,development
1574148349.319,3246,894,None,Move,development
1574148349.431,3246,894,Left,Pressed,development
1574148349.526,3246,894,Left,Released,development
1574148350.181,3247,894,None,Move,development
1574148350.189,3248,892,None,Move,development
1574148350.197,3250,890,None,Move,development
1574148350.205,3252,889,None,Move,development
1574148350.2129998,3253,888,None,Move,development
1574148350.222,3254,887,None,Move,development
1574148350.229,3254,887,None,Move,development
1574148350.2370002,3255,887,None,Move,development
1574148350.246,3255,886,None,Move,development
1574148350.555,3255,884,None,Move,development
1574148350.563,3254,877,None,Move,development
1574148350.571,3252,870,None,Move,development
1574148350.579,3250,864,None,Move,development
1574148350.587,3248,858,None,Move,development
1574148350.595,3245,852,None,Move,development
1574148350.603,3240,846,None,Move,development
1574148350.609,3234,839,None,Move,development
1574148350.617,3228,832,None,Move,development
1574148350.625,3222,826,None,Move,development
1574148350.633,3215,820,None,Move,development
1574148350.641,3207,815,None,Move,development
1574148350.649,3201,809,None,Move,development
1574148350.657,3194,803,None,Move,development
1574148350.666,3187,797,None,Move,development
1574148350.674,3183,793,None,Move,development
1574148350.679,3180,788,None,Move,development
1574148350.687,3178,787,None,Move,development
1574148350.696,3177,786,None,Move,development
1574148350.704,3176,784,None,Move,development
1574148350.711,3176,783,None,Move,development
1574148351.169,3176,783,Left,Pressed,development
1574148351.264,3176,783,Left,Released,development
1574148351.917,3167,783,None,Move,development
1574148351.925,3119,788,None,Move,development
1574148351.9329998,3056,788,None,Move,development
1574148351.9420002,2987,774,None,Move,development
1574148351.949,2916,748,None,Move,development
1574148351.955,2847,716,None,Move,development
1574148351.964,2776,683,None,Move,development
1574148351.971,2704,653,None,Move,development
1574148351.979,2634,632,None,Move,development
1574148351.9870002,2564,615,None,Move,development
1574148351.995,2503,603,None,Move,development
1574148352.004,2446,588,None,Move,development
1574148352.0110002,2391,562,None,Move,development
1574148352.019,2341,536,None,Move,development
1574148352.026,2297,502,None,Move,development
1574148352.034,2263,469,None,Move,development
1574148352.042,2234,445,None,Move,development
1574148352.049,2214,428,None,Move,development
1574148352.0570002,2199,412,None,Move,development
1574148352.066,2188,400,None,Move,development
1574148352.087,2180,390,None,Move,development
1574148352.093,2169,375,None,Move,development
1574148352.0979998,2167,369,None,Move,development
1574148352.103,2167,366,None,Move,development
1574148352.111,2166,365,None,Move,development
1574148352.119,2166,364,None,Move,development
1574148352.127,2166,362,None,Move,development
1574148352.1360002,2166,361,None,Move,development
1574148352.144,2166,360,None,Move,development
1574148352.151,2166,358,None,Move,development
1574148352.159,2167,358,None,Move,development
1574148352.165,2168,358,None,Move,development
1574148352.174,2168,357,None,Move,development
1574148352.1820002,2169,356,None,Move,development
1574148352.189,2171,355,None,Move,development
1574148352.197,2174,351,None,Move,development
1574148352.206,2178,345,None,Move,development
1574148352.214,2182,339,None,Move,development
1574148352.222,2187,333,None,Move,development
1574148352.229,2190,327,None,Move,development
1574148352.235,2194,321,None,Move,development
1574148352.244,2197,315,None,Move,development
1574148352.2510002,2200,309,None,Move,development
1574148352.2589998,2204,303,None,Move,development
1574148352.2670002,2207,297,None,Move,development
1574148352.275,2210,292,None,Move,development
1574148352.283,2214,287,None,Move,development
1574148352.291,2218,281,None,Move,development
1574148352.299,2223,275,None,Move,development
1574148352.306,2229,268,None,Move,development
1574148352.314,2235,262,None,Move,development
1574148352.322,2244,256,None,Move,development
1574148352.329,2252,249,None,Move,development
1574148352.337,2258,244,None,Move,development
1574148352.345,2261,241,None,Move,development
1574148352.353,2264,237,None,Move,development
1574148352.3620002,2265,236,None,Move,development
1574148352.369,2266,234,None,Move,development
1574148352.375,2266,233,None,Move,development
1574148352.383,2266,232,None,Move,development
1574148352.391,2266,230,None,Move,development
1574148352.399,2266,230,None,Move,development
1574148352.407,2264,229,None,Move,development
1574148352.416,2264,227,None,Move,development
1574148352.424,2262,226,None,Move,development
1574148352.431,2262,224,None,Move,development
1574148352.439,2261,223,None,Move,development
1574148352.446,2261,222,None,Move,development
1574148352.454,2260,220,None,Move,development
1574148352.461,2260,219,None,Move,development
1574148352.469,2260,218,None,Move,development
1574148352.4770002,2260,216,None,Move,development
1574148352.485,2259,215,None,Move,development
1574148352.494,2258,214,None,Move,development
1574148352.5070002,2256,212,None,Move,development
1574148352.5129998,2255,212,None,Move,development
1574148352.519,2253,211,None,Move,development
1574148352.5229998,2252,210,None,Move,development
1574148352.531,2251,209,None,Move,development
1574148352.539,2249,209,None,Move,development
1574148352.5470002,2249,208,None,Move,development
1574148352.556,2248,208,None,Move,development
1574148352.566,2248,206,None,Move,development
1574148352.571,2247,205,None,Move,development
1574148352.579,2247,205,None,Move,development
1574148352.586,2247,204,None,Move,development
1574148352.73,2245,204,None,Move,development
1574148352.738,2242,205,None,Move,development
1574148352.746,2240,206,None,Move,development
1574148352.754,2238,207,None,Move,development
1574148352.762,2237,209,None,Move,development
1574148352.77,2235,210,None,Move,development
1574148352.7770002,2235,210,None,Move,development
1574148352.87,2234,210,None,Move,development
1574148352.8820002,2234,210,None,Move,development
1574148352.89,2233,210,None,Move,development
1574148352.897,2232,210,None,Move,development
1574148352.906,2232,210,None,Move,development
1574148352.914,2231,210,None,Move,development
1574148352.929,2231,210,None,Move,development
1574148352.944,2230,210,None,Move,development
1574148352.952,2230,211,None,Move,development
1574148352.96,2229,211,None,Move,development
1574148353.552,2229,211,Left,Pressed,development
1574148353.645,2229,211,Left,Released,development
1574148355.613,2229,211,None,Move,development
1574148355.621,2237,216,None,Move,development
1574148355.629,2256,227,None,Move,development
1574148355.635,2287,241,None,Move,development
1574148355.643,2318,253,None,Move,development
1574148355.651,2356,266,None,Move,development
1574148355.659,2398,283,None,Move,development
1574148355.667,2442,300,None,Move,development
1574148355.675,2485,315,None,Move,development
1574148355.6829998,2532,333,None,Move,development
1574148355.691,2577,352,None,Move,development
1574148355.699,2619,371,None,Move,development
1574148355.707,2651,393,None,Move,development
1574148355.7129998,2678,410,None,Move,development
1574148355.721,2696,419,None,Move,development
1574148355.729,2705,426,None,Move,development
1574148355.7370002,2711,431,None,Move,development
1574148355.745,2713,432,None,Move,development
1574148355.7529998,2714,434,None,Move,development
1574148355.847,2715,434,None,Move,development
1574148355.857,2715,434,None,Move,development
1574148355.865,2715,435,None,Move,development
1574148355.873,2716,436,None,Move,development
1574148355.881,2716,437,None,Move,development
1574148355.959,2715,437,None,Move,development
1574148355.967,2708,430,None,Move,development
1574148355.975,2698,421,None,Move,development
1574148355.9829998,2683,411,None,Move,development
1574148355.9889998,2665,396,None,Move,development
1574148355.9970002,2647,385,None,Move,development
1574148356.006,2630,374,None,Move,development
1574148356.0129998,2614,363,None,Move,development
1574148356.022,2602,355,None,Move,development
1574148356.029,2595,349,None,Move,development
1574148356.0370002,2591,345,None,Move,development
1574148356.046,2589,344,None,Move,development
1574148356.053,2588,342,None,Move,development
1574148356.059,2586,341,None,Move,development
1574148356.0670002,2585,341,None,Move,development
1574148356.076,2584,340,None,Move,development
1574148356.083,2583,340,None,Move,development
1574148356.091,2582,339,None,Move,development
1574148356.099,2581,338,None,Move,development
1574148356.107,2581,337,None,Move,development
1574148356.1160002,2580,336,None,Move,development
1574148356.123,2579,334,None,Move,development
1574148356.129,2577,332,None,Move,development
1574148356.137,2576,330,None,Move,development
1574148356.145,2574,328,None,Move,development
1574148356.154,2573,325,None,Move,development
1574148356.1620002,2571,324,None,Move,development
1574148356.169,2570,323,None,Move,development
1574148356.177,2568,321,None,Move,development
1574148356.186,2567,320,None,Move,development
1574148356.1929998,2566,320,None,Move,development
1574148356.216,2566,320,None,Move,development
1574148356.224,2565,321,None,Move,development
1574148356.231,2565,323,None,Move,development
1574148356.2389998,2566,324,None,Move,development
1574148356.26,2567,326,None,Move,development
1574148356.2670002,2567,327,None,Move,development
1574148356.272,2567,327,None,Move,development
1574148356.2770002,2568,328,None,Move,development
1574148356.285,2568,328,None,Move,development
1574148356.294,2569,329,None,Move,development
1574148356.301,2570,330,None,Move,development
1574148356.309,2571,332,None,Move,development
1574148356.3170002,2573,333,None,Move,development
1574148356.326,2574,334,None,Move,development
1574148356.333,2576,336,None,Move,development
1574148356.342,2578,337,None,Move,development
1574148356.347,2579,339,None,Move,development
1574148356.356,2581,340,None,Move,development
1574148356.3639998,2582,342,None,Move,development
1574148356.371,2584,343,None,Move,development
1574148356.379,2584,344,None,Move,development
1574148356.391,2584,344,None,Move,development
1574148356.594,2584,344,None,Move,development
1574148356.881,2585,344,None,Move,development
1574148356.894,2585,343,None,Move,development
1574148356.959,2585,343,Left,Pressed,development
1574148356.959,2585,343,None,Drag,development
1574148356.959,2585,343,Left,Released,development
1574148358.189,2587,344,None,Move,development
1574148358.195,2593,347,None,Move,development
1574148358.204,2597,350,None,Move,development
1574148358.211,2599,352,None,Move,development
1574148358.219,2604,355,None,Move,development
1574148358.2270002,2608,358,None,Move,development
1574148358.236,2615,363,None,Move,development
1574148358.244,2621,368,None,Move,development
1574148358.2510002,2627,372,None,Move,development
1574148358.2570002,2630,375,None,Move,development
1574148358.266,2633,376,None,Move,development
1574148358.274,2635,378,None,Move,development
1574148358.282,2636,379,None,Move,development
1574148358.289,2637,381,None,Move,development
1574148358.2970002,2638,381,None,Move,development
1574148358.391,2638,382,None,Move,development
1574148358.399,2638,382,None,Move,development
1574148358.406,2638,383,None,Move,development
1574148358.414,2638,384,None,Move,development
1574148358.4220002,2638,385,None,Move,development
1574148358.429,2638,385,None,Move,development
1574148358.437,2638,386,None,Move,development
1574148358.454,2638,386,None,Move,development
1574148358.462,2638,387,None,Move,development
1574148358.6139998,2638,388,None,Move,development
1574148358.619,2637,388,None,Move,development
1574148358.627,2635,388,None,Move,development
1574148358.6360002,2632,388,None,Move,development
1574148358.643,2627,388,None,Move,development
1574148358.651,2621,388,None,Move,development
1574148358.659,2615,388,None,Move,development
1574148358.667,2610,386,None,Move,development
1574148358.676,2604,384,None,Move,development
1574148358.684,2598,383,None,Move,development
1574148358.689,2595,383,None,Move,development
1574148358.697,2592,381,None,Move,development
1574148358.706,2591,380,None,Move,development
1574148358.714,2589,379,None,Move,development
1574148358.722,2588,378,None,Move,development
1574148358.729,2587,377,None,Move,development
1574148358.7370002,2587,377,None,Move,development
1574148358.779,2587,376,None,Move,development
1574148358.791,2586,376,None,Move,development
1574148358.799,2585,375,None,Move,development
1574148358.842,2585,375,None,Move,development
1574148358.853,2585,374,None,Move,development
1574148358.861,2585,374,None,Move,development
1574148358.869,2585,373,None,Move,development
1574148358.877,2585,372,None,Move,development
1574148358.8860002,2585,370,None,Move,development
1574148358.893,2585,370,None,Move,development
1574148358.899,2585,369,None,Move,development
1574148358.907,2584,369,None,Move,development
1574148358.915,2584,368,None,Move,development
1574148358.924,2583,368,None,Move,development
1574148358.931,2583,368,None,Move,development
1574148358.939,2582,367,None,Move,development
1574148359.0370002,2581,367,None,Move,development
1574148359.043,2581,367,None,Move,development
1574148359.231,2581,366,None,Move,development
1574148359.244,2581,366,None,Move,development
1574148359.286,2581,365,None,Move,development
1574148359.397,2581,365,Left,Pressed,development
1574148359.535,2581,365,Left,Released,development
1574148359.573,2581,365,None,Move,development
1574148359.585,2581,364,None,Move,development
1574148359.611,2582,364,None,Move,development
1574148359.825,2582,364,None,Move,development
1574148360.165,2582,364,None,Move,development
1574148360.173,2583,364,None,Move,development
1574148360.179,2584,366,None,Move,development
1574148360.187,2585,367,None,Move,development
1574148360.195,2587,368,None,Move,development
1574148360.2029998,2588,370,None,Move,development
1574148360.211,2590,371,None,Move,development
1574148360.219,2591,373,None,Move,development
1574148360.2270002,2593,374,None,Move,development
1574148360.235,2595,375,None,Move,development
1574148360.2429998,2596,376,None,Move,development
1574148360.2489998,2598,377,None,Move,development
1574148360.2570002,2598,378,None,Move,development
1574148360.2729998,2598,378,None,Move,development
1574148360.281,2598,379,None,Move,development
1574148360.289,2599,381,None,Move,development
1574148360.2970002,2600,382,None,Move,development
1574148360.3070002,2601,384,None,Move,development
1574148360.313,2602,385,None,Move,development
1574148360.321,2603,386,None,Move,development
1574148360.327,2604,388,None,Move,development
1574148360.335,2605,389,None,Move,development
1574148360.343,2606,391,None,Move,development
1574148360.351,2607,392,None,Move,development
1574148360.359,2607,392,None,Move,development
1574148360.367,2608,394,None,Move,development
1574148360.375,2608,394,None,Move,development
1574148360.383,2610,395,None,Move,development
1574148360.391,2611,396,None,Move,development
1574148360.397,2612,396,None,Move,development
1574148360.405,2614,397,None,Move,development
1574148360.413,2617,398,None,Move,development
1574148360.421,2622,399,None,Move,development
1574148360.429,2629,400,None,Move,development
1574148360.437,2638,402,None,Move,development
1574148360.445,2650,404,None,Move,development
1574148360.4529998,2663,406,None,Move,development
1574148360.461,2678,408,None,Move,development
1574148360.467,2701,411,None,Move,development
1574148360.475,2725,416,None,Move,development
1574148360.4829998,2752,424,None,Move,development
1574148360.4910002,2779,430,None,Move,development
1574148360.4989998,2803,436,None,Move,development
1574148360.5070002,2829,449,None,Move,development
1574148360.515,2853,462,None,Move,development
1574148360.5229998,2869,471,None,Move,development
1574148360.531,2884,479,None,Move,development
1574148360.5370002,2897,486,None,Move,development
1574148360.545,2907,491,None,Move,development
1574148360.553,2916,496,None,Move,development
1574148360.561,2922,500,None,Move,development
1574148360.569,2926,502,None,Move,development
1574148360.577,2932,506,None,Move,development
1574148360.585,2936,508,None,Move,development
1574148360.593,2938,510,None,Move,development
1574148360.601,2940,511,None,Move,development
1574148360.607,2941,512,None,Move,development
1574148360.615,2944,514,None,Move,development
1574148360.623,2945,515,None,Move,development
1574148360.631,2947,517,None,Move,development
1574148360.639,2949,518,None,Move,development
1574148360.647,2951,520,None,Move,development
1574148360.655,2953,521,None,Move,development
1574148360.663,2956,523,None,Move,development
1574148360.671,2960,525,None,Move,development
1574148360.677,2964,526,None,Move,development
1574148360.685,2970,530,None,Move,development
1574148360.6929998,2976,534,None,Move,development
1574148360.701,2982,538,None,Move,development
1574148360.709,2988,542,None,Move,development
1574148360.717,2995,549,None,Move,development
1574148360.725,3001,554,None,Move,development
1574148360.7329998,3006,559,None,Move,development
1574148360.7410002,3011,565,None,Move,development
1574148360.7470002,3014,569,None,Move,development
1574148360.755,3016,575,None,Move,development
1574148360.7629998,3018,579,None,Move,development
1574148360.771,3020,583,None,Move,development
1574148360.779,3021,585,None,Move,development
1574148360.7870002,3023,588,None,Move,development
1574148360.795,3024,590,None,Move,development
1574148360.803,3026,592,None,Move,development
1574148360.811,3027,594,None,Move,development
1574148360.8170002,3029,595,None,Move,development
1574148360.825,3030,597,None,Move,development
1574148360.833,3032,599,None,Move,development
1574148360.842,3033,600,None,Move,development
1574148360.85,3035,602,None,Move,development
1574148360.857,3036,603,None,Move,development
1574148360.8660002,3037,604,None,Move,development
1574148360.8739998,3038,605,None,Move,development
1574148360.969,3038,605,None,Move,development
1574148360.982,3039,605,None,Move,development
1574148360.9889998,3040,605,None,Move,development
1574148360.9970002,3040,605,None,Move,development
1574148361.006,3040,604,None,Move,development
1574148361.0129998,3040,602,None,Move,development
1574148361.022,3040,601,None,Move,development
1574148361.0270002,3040,600,None,Move,development
1574148361.036,3040,599,None,Move,development
1574148361.044,3040,599,None,Move,development
1574148361.113,3040,598,None,Move,development
1574148361.149,3039,596,None,Move,development
1574148361.161,3039,596,None,Move,development
1574148361.2270002,3038,595,None,Move,development
1574148361.375,3038,594,Left,Pressed,development
1574148361.3760002,3038,594,None,Drag,development
1574148361.3760002,3038,594,Left,Released,development
1574148361.389,3035,594,None,Move,development
1574148361.397,3030,596,None,Move,development
1574148361.406,3027,597,None,Move,development
1574148361.414,3025,598,None,Move,development
1574148361.4220002,3023,599,None,Move,development
1574148361.429,3022,599,None,Move,development
1574148361.437,3020,599,None,Move,development
1574148361.445,3019,599,None,Move,development
1574148361.4529998,3017,599,None,Move,development
1574148361.459,3014,599,None,Move,development
1574148361.467,3011,599,None,Move,development
1574148361.476,3006,599,None,Move,development
1574148361.484,3001,598,None,Move,development
1574148361.4910002,2992,594,None,Move,development
1574148361.4989998,2982,590,None,Move,development
1574148361.5070002,2968,584,None,Move,development
1574148361.516,2954,579,None,Move,development
1574148361.521,2931,570,None,Move,development
1574148361.529,2908,567,None,Move,development
1574148361.5370002,2883,558,None,Move,development
1574148361.545,2857,547,None,Move,development
1574148361.553,2834,536,None,Move,development
1574148361.561,2813,524,None,Move,development
1574148361.569,2797,513,None,Move,development
1574148361.577,2784,506,None,Move,development
1574148361.585,2770,497,None,Move,development
1574148361.591,2759,490,None,Move,development
1574148361.599,2750,486,None,Move,development
1574148361.607,2742,483,None,Move,development
1574148361.615,2734,480,None,Move,development
1574148361.623,2724,476,None,Move,development
1574148361.631,2713,470,None,Move,development
1574148361.639,2703,465,None,Move,development
1574148361.647,2696,462,None,Move,development
1574148361.656,2690,459,None,Move,development
1574148361.664,2688,457,None,Move,development
1574148361.669,2687,456,None,Move,development
1574148361.677,2686,454,None,Move,development
1574148361.686,2685,453,None,Move,development
1574148361.6929998,2684,452,None,Move,development
1574148361.701,2683,450,None,Move,development
1574148361.709,2683,450,None,Move,development
1574148361.722,2682,450,None,Move,development
1574148361.729,2682,450,None,Move,development
1574148361.736,2681,450,None,Move,development
1574148361.744,2680,450,None,Move,development
1574148361.7510002,2679,450,None,Move,development
1574148361.7589998,2679,450,None,Move,development
1574148361.803,2678,450,None,Move,development
1574148361.809,2677,448,None,Move,development
1574148361.8170002,2676,447,None,Move,development
1574148361.825,2675,446,None,Move,development
1574148361.833,2673,444,None,Move,development
1574148361.841,2673,443,None,Move,development
1574148361.849,2672,441,None,Move,development
1574148361.857,2671,440,None,Move,development
1574148361.865,2671,439,None,Move,development
1574148361.871,2670,437,None,Move,development
1574148361.879,2670,436,None,Move,development
1574148361.887,2669,435,None,Move,development
1574148361.895,2669,434,None,Move,development
1574148361.903,2669,434,None,Move,development
1574148361.911,2669,433,None,Move,development
1574148361.919,2670,432,None,Move,development
1574148361.927,2671,431,None,Move,development
1574148361.936,2674,430,None,Move,development
1574148361.941,2681,430,None,Move,development
1574148361.949,2689,434,None,Move,development
1574148361.957,2701,438,None,Move,development
1574148361.966,2710,442,None,Move,development
1574148361.9729998,2720,447,None,Move,development
1574148361.982,2729,451,None,Move,development
1574148361.9889998,2737,454,None,Move,development
1574148361.9970002,2744,458,None,Move,development
1574148362.006,2750,460,None,Move,development
1574148362.0129998,2756,463,None,Move,development
1574148362.019,2761,466,None,Move,development
1574148362.0270002,2765,468,None,Move,development
1574148362.035,2770,469,None,Move,development
1574148362.043,2773,471,None,Move,development
1574148362.051,2779,473,None,Move,development
1574148362.059,2783,475,None,Move,development
1574148362.0670002,2789,477,None,Move,development
1574148362.076,2793,479,None,Move,development
1574148362.083,2797,480,None,Move,development
1574148362.089,2798,482,None,Move,development
1574148362.097,2800,483,None,Move,development
1574148362.106,2800,484,None,Move,development
1574148362.117,2801,484,None,Move,development
1574148362.151,2801,484,None,Move,development
1574148362.159,2800,483,None,Move,development
1574148362.167,2798,482,None,Move,development
1574148362.176,2796,480,None,Move,development
1574148362.1829998,2794,479,None,Move,development
1574148362.191,2790,475,None,Move,development
1574148362.199,2784,471,None,Move,development
1574148362.207,2776,465,None,Move,development
1574148362.215,2767,459,None,Move,development
1574148362.2229998,2759,452,None,Move,development
1574148362.229,2751,447,None,Move,development
1574148362.2370002,2743,440,None,Move,development
1574148362.245,2734,434,None,Move,development
1574148362.254,2725,427,None,Move,development
1574148362.262,2719,421,None,Move,development
1574148362.27,2713,419,None,Move,development
1574148362.2770002,2708,417,None,Move,development
1574148362.286,2702,415,None,Move,development
1574148362.294,2697,413,None,Move,development
1574148362.299,2692,412,None,Move,development
1574148362.3070002,2688,410,None,Move,development
1574148362.316,2684,408,None,Move,development
1574148362.324,2680,406,None,Move,development
1574148362.346,2678,405,None,Move,development
1574148362.3520002,2675,402,None,Move,development
1574148362.3579998,2674,401,None,Move,development
1574148362.363,2673,401,None,Move,development
1574148362.369,2672,401,None,Move,development
1574148362.377,2672,401,None,Move,development
1574148362.385,2670,400,None,Move,development
1574148362.393,2669,399,None,Move,development
1574148362.401,2668,399,None,Move,development
1574148362.409,2666,397,None,Move,development
1574148362.417,2665,397,None,Move,development
1574148362.425,2663,395,None,Move,development
1574148362.4329998,2662,395,None,Move,development
1574148362.441,2661,393,None,Move,development
1574148362.447,2659,392,None,Move,development
1574148362.455,2658,391,None,Move,development
1574148362.4629998,2656,390,None,Move,development
1574148362.471,2655,388,None,Move,development
1574148362.479,2654,387,None,Move,development
1574148362.4870002,2652,385,None,Move,development
1574148362.495,2651,385,None,Move,development
1574148362.5029998,2650,385,None,Move,development
1574148362.5110002,2650,385,None,Move,development
1574148362.525,2649,385,None,Move,development
1574148362.541,2649,385,None,Move,development
1574148362.681,2649,385,None,Move,development
1574148362.801,2649,385,None,Move,development
1574148362.837,2649,384,None,Move,development
1574148362.8620002,2649,383,None,Move,development
1574148362.869,2650,383,None,Move,development
1574148362.875,2650,383,None,Move,development
1574148362.961,2650,383,Left,Pressed,development
1574148363.071,2650,383,Left,Released,development
1574148363.339,2650,383,None,Move,development
1574148363.4829998,2650,383,None,Move,development
1574148363.508,2651,384,None,Move,development
1574148363.514,2651,384,None,Move,development
1574148363.521,2652,385,None,Move,development
1574148363.529,2652,386,None,Move,development
1574148363.5370002,2652,387,None,Move,development
1574148363.545,2652,388,None,Move,development
1574148363.553,2653,388,None,Move,development
1574148363.561,2653,389,None,Move,development
1574148363.571,2653,389,None,Move,development
1574148363.595,2653,390,None,Move,development
1574148364.681,2656,388,None,Move,development
1574148364.689,2675,374,None,Move,development
1574148364.697,2715,349,None,Move,development
1574148364.705,2768,323,None,Move,development
1574148364.711,2821,294,None,Move,development
1574148364.719,2871,274,None,Move,development
1574148364.7270002,2917,261,None,Move,development
1574148364.735,2956,256,None,Move,development
1574148364.744,2992,256,None,Move,development
1574148364.7510002,3023,260,None,Move,development
1574148364.7589998,3051,261,None,Move,development
1574148364.7670002,3081,263,None,Move,development
1574148364.776,3119,263,None,Move,development
1574148364.781,3157,263,None,Move,development
1574148364.789,3202,258,None,Move,development
1574148364.7970002,3246,254,None,Move,development
1574148364.806,3289,247,None,Move,development
1574148364.814,3321,239,None,Move,development
1574148364.822,3349,229,None,Move,development
1574148364.829,3372,216,None,Move,development
1574148364.837,3383,206,None,Move,development
1574148364.846,3390,197,None,Move,development
1574148364.853,3397,186,None,Move,development
1574148364.859,3400,177,None,Move,development
1574148364.867,3401,163,None,Move,development
1574148364.8760002,3401,149,None,Move,development
1574148364.8839998,3401,129,None,Move,development
1574148364.905,3404,103,None,Move,development
1574148364.911,3415,50,None,Move,development
1574148364.916,3419,29,None,Move,development
1574148364.924,3425,4,None,Move,development
1574148364.929,3432,-13,None,Move,development
1574148364.937,3439,-17,None,Move,development
1574148364.946,3443,-14,None,Move,development
1574148364.9529998,3446,-11,None,Move,development
1574148364.962,3446,-9,None,Move,development
1574148364.969,3446,-7,None,Move,development
1574148364.9770002,3444,-7,None,Move,development
1574148364.986,3442,-6,None,Move,development
1574148364.994,3440,-3,None,Move,development
1574148364.9989998,3439,-2,None,Move,development
1574148365.0070002,3437,-1,None,Move,development
1574148365.015,3436,-2,None,Move,development
1574148365.024,3434,0,None,Move,development
1574148365.031,3433,0,None,Move,development
1574148365.039,3429,0,None,Move,development
1574148365.0470002,3423,3,None,Move,development
1574148365.056,3415,7,None,Move,development
1574148365.061,3406,13,None,Move,development
1574148365.069,3391,20,None,Move,development
1574148365.077,3373,32,None,Move,development
1574148365.085,3347,43,None,Move,development
1574148365.093,3319,54,None,Move,development
1574148365.1020002,3289,64,None,Move,development
1574148365.109,3253,75,None,Move,development
1574148365.117,3221,82,None,Move,development
1574148365.1260002,3195,86,None,Move,development
1574148365.133,3171,93,None,Move,development
1574148365.139,3155,96,None,Move,development
1574148365.147,3143,98,None,Move,development
1574148365.156,3132,101,None,Move,development
1574148365.164,3125,103,None,Move,development
1574148365.171,3120,103,None,Move,development
1574148365.179,3119,103,None,Move,development
1574148365.2129998,3119,103,None,Move,development
1574148365.222,3118,102,None,Move,development
1574148365.23,3118,100,None,Move,development
1574148365.2370002,3116,99,None,Move,development
1574148365.245,3115,98,None,Move,development
1574148365.2529998,3114,96,None,Move,development
1574148365.2610002,3112,95,None,Move,development
1574148365.269,3111,93,None,Move,development
1574148365.276,3111,93,None,Move,development
1574148365.283,3111,92,None,Move,development
1574148365.291,3110,90,None,Move,development
1574148365.299,3110,89,None,Move,development
1574148365.3070002,3110,88,None,Move,development
1574148365.316,3110,86,None,Move,development
1574148365.324,3110,85,None,Move,development
1574148365.331,3110,84,None,Move,development
1574148365.339,3110,82,None,Move,development
1574148365.345,3110,80,None,Move,development
1574148365.353,3112,77,None,Move,development
1574148365.361,3115,72,None,Move,development
1574148365.369,3120,67,None,Move,development
1574148365.377,3123,64,None,Move,development
1574148365.385,3125,62,None,Move,development
1574148365.393,3127,61,None,Move,development
1574148365.401,3127,60,None,Move,development
1574148365.409,3128,58,None,Move,development
1574148365.415,3128,57,None,Move,development
1574148365.423,3128,56,None,Move,development
1574148365.431,3128,54,None,Move,development
1574148365.439,3128,53,None,Move,development
1574148365.447,3129,52,None,Move,development
1574148365.455,3129,50,None,Move,development
1574148365.464,3130,49,None,Move,development
1574148365.471,3132,48,None,Move,development
1574148365.479,3132,45,None,Move,development
1574148365.485,3133,45,None,Move,development
1574148365.4929998,3133,44,None,Move,development
1574148365.5010002,3133,43,None,Move,development
1574148365.5089998,3133,42,None,Move,development
1574148365.5170002,3133,42,None,Move,development
1574148365.529,3133,41,None,Move,development
1574148365.564,3134,41,None,Move,development
1574148365.575,3135,41,None,Move,development
1574148365.583,3137,39,None,Move,development
1574148365.591,3138,37,None,Move,development
1574148365.599,3139,36,None,Move,development
1574148365.607,3140,35,None,Move,development
1574148365.615,3141,35,None,Move,development
1574148365.774,3141,34,Left,Pressed,development
1574148365.774,3141,34,None,Drag,development
1574148365.774,3141,34,Left,Released,development
1574148366.101,3141,34,None,Move,development
1574148366.109,3141,40,None,Move,development
1574148366.117,3143,48,None,Move,development
1574148366.123,3146,59,None,Move,development
1574148366.131,3148,69,None,Move,development
1574148366.139,3151,82,None,Move,development
1574148366.147,3153,96,None,Move,development
1574148366.156,3156,109,None,Move,development
1574148366.163,3157,124,None,Move,development
1574148366.186,3158,138,None,Move,development
1574148366.1929998,3158,169,None,Move,development
1574148366.199,3158,182,None,Move,development
1574148366.207,3155,196,None,Move,development
1574148366.2229998,3150,216,None,Move,development
1574148366.24,3147,225,None,Move,development
1574148366.246,3145,227,None,Move,development
1574148366.2629998,3143,230,None,Move,development
1574148366.268,3142,230,None,Move,development
1574148366.2729998,3141,232,None,Move,development
1574148366.279,3140,233,None,Move,development
1574148366.2870002,3139,234,None,Move,development
1574148366.295,3138,240,None,Move,development
1574148366.303,3138,245,None,Move,development
1574148366.311,3138,250,None,Move,development
1574148366.319,3138,257,None,Move,development
1574148366.327,3136,263,None,Move,development
1574148366.335,3134,269,None,Move,development
1574148366.341,3132,274,None,Move,development
1574148366.349,3131,279,None,Move,development
1574148366.37,3129,282,None,Move,development
1574148366.3760002,3126,286,None,Move,development
1574148366.381,3125,287,None,Move,development
1574148366.389,3123,289,None,Move,development
1574148366.397,3123,290,None,Move,development
1574148366.403,3121,292,None,Move,development
1574148366.411,3120,293,None,Move,development
1574148366.419,3120,294,None,Move,development
1574148366.427,3120,296,None,Move,development
1574148366.435,3120,298,None,Move,development
1574148366.4429998,3120,300,None,Move,development
1574148366.451,3120,302,None,Move,development
1574148366.459,3119,303,None,Move,development
1574148366.467,3119,305,None,Move,development
1574148366.4729998,3119,306,None,Move,development
1574148366.481,3118,307,None,Move,development
1574148366.4889998,3118,308,None,Move,development
1574148366.4970002,3118,308,None,Move,development
1574148366.6620002,3118,308,None,Move,development
1574148366.669,3118,308,None,Move,development
1574148366.677,3118,307,None,Move,development
1574148366.686,3118,306,None,Move,development
