client_timestamp,x,y,button,state,window
1569750386.5129998,633,531,None,Move,browsing
1569750386.525,624,535,None,Move,browsing
1569750386.534,615,539,None,Move,browsing
1569750386.545,609,540,None,Move,browsing
1569750386.555,604,540,None,Move,browsing
1569750386.566,594,534,None,Move,browsing
1569750386.5779998,582,529,None,Move,browsing
1569750439.321,590,546,None,Move,browsing
1569750439.331,608,576,None,Move,browsing
1569750439.339,617,592,None,Move,browsing
1569750439.3479998,625,611,None,Move,browsing
1569750439.356,632,625,None,Move,browsing
1569750439.367,636,637,None,Move,browsing
1569750439.379,640,646,None,Move,browsing
1569750439.3920002,641,650,None,Move,browsing
1569750439.405,642,654,None,Move,browsing
1569750439.417,642,656,None,Move,browsing
1569750439.43,642,657,None,Move,browsing
1569750439.438,642,658,None,Move,browsing
1569750439.45,642,658,None,Move,browsing
1569750439.472,642,658,None,Move,browsing
1569750439.482,642,654,None,Move,browsing
1569750439.492,642,649,None,Move,browsing
1569750439.502,641,646,None,Move,browsing
1569750439.5129998,640,644,None,Move,browsing
1569750439.521,639,642,None,Move,browsing
1569750439.533,638,640,None,Move,browsing
1569750439.541,638,638,None,Move,browsing
1569750439.548,637,637,None,Move,browsing
1569750439.5570002,637,635,None,Move,browsing
1569750439.5679998,636,635,None,Move,browsing
1569750439.5779998,636,631,None,Move,browsing
1569750439.585,635,628,None,Move,browsing
1569750439.597,633,621,None,Move,browsing
1569750439.603,633,615,None,Move,browsing
1569750439.615,629,606,None,Move,browsing
1569750439.6260002,628,597,None,Move,browsing
1569750439.6320002,627,589,None,Move,browsing
1569750439.6420002,625,581,None,Move,browsing
1569750439.65,622,571,None,Move,browsing
1569750439.661,619,564,None,Move,browsing
1569750439.675,615,557,None,Move,browsing
1569750439.6829998,610,548,None,Move,browsing
1569750439.696,608,540,None,Move,browsing
1569750439.705,604,533,None,Move,browsing
1569750439.72,599,523,None,Move,browsing
1569750439.7370002,595,514,None,Move,browsing
1569750439.75,590,505,None,Move,browsing
1569750439.762,587,499,None,Move,browsing
1569750439.774,582,495,None,Move,browsing
1569750439.785,579,487,None,Move,browsing
1569750439.799,576,479,None,Move,browsing
1569750439.811,574,475,None,Move,browsing
1569750439.821,573,472,None,Move,browsing
1569750439.83,572,469,None,Move,browsing
1569750439.84,571,467,None,Move,browsing
1569750439.849,569,466,None,Move,browsing
1569750439.86,568,465,None,Move,browsing
1569750439.8720002,568,464,None,Move,browsing
1569750439.883,568,463,None,Move,browsing
1569750439.893,568,463,None,Move,browsing
1569750439.901,568,462,None,Move,browsing
1569750439.913,567,462,None,Move,browsing
1569750439.921,567,460,None,Move,browsing
1569750439.9329998,567,460,None,Move,browsing
1569750439.946,566,459,None,Move,browsing
1569750439.966,566,458,None,Move,browsing
1569750439.981,566,457,None,Move,browsing
1569750439.996,566,457,None,Move,browsing
1569750440.01,566,456,None,Move,browsing
1569750440.022,565,456,None,Move,browsing
1569750440.034,565,455,None,Move,browsing
1569750440.048,565,455,None,Move,browsing
1569750440.056,564,455,None,Move,browsing
1569750440.07,564,453,None,Move,browsing
1569750440.084,563,452,None,Move,browsing
1569750440.095,563,452,None,Move,browsing
1569750456.704,563,452,None,Move,browsing
1569750456.712,557,452,None,Move,browsing
1569750456.72,543,452,None,Move,browsing
1569750456.73,525,445,None,Move,browsing
1569750456.738,500,434,None,Move,browsing
1569750456.7489998,465,416,None,Move,browsing
1569750456.7589998,434,389,None,Move,browsing
1569750456.77,397,357,None,Move,browsing
1569750456.784,359,324,None,Move,browsing
1569750456.7970002,339,307,None,Move,browsing
1569750456.812,308,290,None,Move,browsing
1569750456.821,295,283,None,Move,browsing
1569750456.833,268,271,None,Move,browsing
1569750456.846,251,267,None,Move,browsing
1569750456.855,244,267,None,Move,browsing
1569750456.863,238,267,None,Move,browsing
1569750456.8720002,236,268,None,Move,browsing
1569750456.887,232,271,None,Move,browsing
1569750456.897,231,272,None,Move,browsing
1569750456.905,229,274,None,Move,browsing
1569750456.916,225,279,None,Move,browsing
1569750456.928,222,281,None,Move,browsing
1569750456.938,218,285,None,Move,browsing
1569750456.951,209,292,None,Move,browsing
1569750456.961,207,294,None,Move,browsing
1569750456.97,204,298,None,Move,browsing
1569750456.982,203,299,None,Move,browsing
1569750456.994,203,299,None,Move,browsing
1569750457.0029998,203,300,None,Move,browsing
1569750457.014,203,302,None,Move,browsing
1569750457.0229998,203,302,None,Move,browsing
1569750457.033,203,303,None,Move,browsing
1569750457.056,203,303,None,Move,browsing
1569750457.106,202,304,None,Move,browsing
1569750457.119,198,305,None,Move,browsing
1569750457.13,189,310,None,Move,browsing
1569750457.143,163,324,None,Move,browsing
1569750457.154,124,345,None,Move,browsing
1569750457.164,113,352,None,Move,browsing
1569750457.171,104,359,None,Move,browsing
1569750457.184,97,365,None,Move,browsing
1569750457.196,84,377,None,Move,browsing
1569750457.205,78,385,None,Move,browsing
1569750457.215,71,391,None,Move,browsing
1569750457.226,59,401,None,Move,browsing
1569750457.236,54,405,None,Move,browsing
1569750457.246,42,409,None,Move,browsing
1569750457.258,33,411,None,Move,browsing
1569750457.266,25,413,None,Move,browsing
1569750457.282,15,415,None,Move,browsing
1569750457.291,13,415,None,Move,browsing
1569750457.303,11,416,None,Move,browsing
1569750457.312,11,416,None,Move,browsing
1569750457.34,11,416,None,Move,browsing
1569750457.353,11,416,None,Move,browsing
1569750457.3660002,12,415,None,Move,browsing
1569750457.3820002,13,412,None,Move,browsing
1569750457.394,15,411,None,Move,browsing
1569750457.4020002,18,407,None,Move,browsing
1569750457.414,19,404,None,Move,browsing
1569750457.426,21,400,None,Move,browsing
1569750457.436,27,387,None,Move,browsing
1569750457.451,40,373,None,Move,browsing
1569750457.464,54,362,None,Move,browsing
1569750457.4770002,62,358,None,Move,browsing
1569750457.488,67,355,None,Move,browsing
1569750457.502,82,349,None,Move,browsing
1569750457.5110002,88,346,None,Move,browsing
1569750457.521,94,344,None,Move,browsing
1569750457.534,95,344,None,Move,browsing
1569750457.546,98,342,None,Move,browsing
1569750457.556,99,342,None,Move,browsing
1569750457.78,99,342,None,Move,browsing
1569750457.789,99,341,None,Move,browsing
1569750457.803,99,341,None,Move,browsing
1569750457.816,97,339,None,Move,browsing
1569750457.8279998,96,336,None,Move,browsing
1569750457.837,95,335,None,Move,browsing
1569750457.849,95,334,None,Move,browsing
1569750457.859,106,331,None,Move,browsing
1569750457.871,109,329,None,Move,browsing
1569750457.883,112,327,None,Move,browsing
1569750457.893,116,326,None,Move,browsing
1569750457.905,122,324,None,Move,browsing
1569750457.915,140,321,None,Move,browsing
1569750457.927,155,319,None,Move,browsing
1569750457.935,182,312,None,Move,browsing
1569750457.95,266,286,None,Move,browsing
1569750457.962,342,274,None,Move,browsing
1569750457.974,373,276,None,Move,browsing
1569750457.981,399,279,None,Move,browsing
1569750457.995,445,283,None,Move,browsing
1569750458.004,465,286,None,Move,browsing
1569750458.0170002,501,291,None,Move,browsing
1569750458.026,514,293,None,Move,browsing
1569750458.035,530,297,None,Move,browsing
1569750458.052,555,301,None,Move,browsing
1569750458.065,575,310,None,Move,browsing
1569750458.076,581,313,None,Move,browsing
1569750458.087,588,316,None,Move,browsing
1569750458.097,589,318,None,Move,browsing
1569750458.11,592,321,None,Move,browsing
1569750458.1220002,594,322,None,Move,browsing
1569750458.133,600,325,None,Move,browsing
1569750458.147,604,328,None,Move,browsing
1569750458.159,614,332,None,Move,browsing
1569750458.1720002,621,335,None,Move,browsing
1569750458.185,624,337,None,Move,browsing
1569750458.195,631,340,None,Move,browsing
1569750458.205,635,342,None,Move,browsing
1569750458.221,649,348,None,Move,browsing
1569750458.231,657,352,None,Move,browsing
1569750458.246,677,356,None,Move,browsing
1569750458.258,695,361,None,Move,browsing
1569750458.271,702,363,None,Move,browsing
1569750458.283,711,363,None,Move,browsing
1569750458.296,717,363,None,Move,browsing
1569750458.309,720,363,None,Move,browsing
1569750458.321,728,361,None,Move,browsing
1569750458.33,733,359,None,Move,browsing
1569750458.333,738,358,None,Move,browsing
1569750458.347,743,357,None,Move,browsing
1569750458.36,751,357,None,Move,browsing
1569750458.371,753,357,None,Move,browsing
1569750458.38,754,357,None,Move,browsing
1569750458.39,754,357,None,Move,browsing
1569750458.538,754,358,None,Move,browsing
1569750458.551,754,359,None,Move,browsing
1569750458.561,755,365,None,Move,browsing
1569750458.57,755,368,None,Move,browsing
1569750458.585,756,375,None,Move,browsing
1569750458.6,759,386,None,Move,browsing
1569750458.613,761,392,None,Move,browsing
1569750458.627,765,403,None,Move,browsing
1569750458.6379998,769,411,None,Move,browsing
1569750458.6479998,770,413,None,Move,browsing
1569750458.66,771,414,None,Move,browsing
1569750458.67,773,417,None,Move,browsing
1569750458.681,773,418,None,Move,browsing
1569750458.694,774,420,None,Move,browsing
1569750458.7029998,777,424,None,Move,browsing
1569750458.714,779,426,None,Move,browsing
1569750458.728,784,434,None,Move,browsing
1569750458.7370002,787,439,None,Move,browsing
1569750458.7510002,791,445,None,Move,browsing
1569750458.7610002,792,446,None,Move,browsing
1569750458.769,794,448,None,Move,browsing
1569750458.782,796,450,None,Move,browsing
1569750458.795,798,451,None,Move,browsing
1569750458.805,798,452,None,Move,browsing
1569750458.814,799,453,None,Move,browsing
1569750458.83,799,453,None,Move,browsing
1569750458.853,800,453,None,Move,browsing
1569750458.936,801,453,None,Move,browsing
1569750458.97,801,453,None,Move,browsing
1569750458.984,802,453,None,Move,browsing
1569750458.9970002,803,454,None,Move,browsing
1569750459.01,803,454,None,Move,browsing
1569750459.021,804,454,None,Move,browsing
1569750459.029,805,454,None,Move,browsing
1569750459.039,805,455,None,Move,browsing
1569750459.052,808,456,None,Move,browsing
1569750459.065,810,458,None,Move,browsing
1569750459.0779998,811,459,None,Move,browsing
1569750459.085,812,460,None,Move,browsing
1569750459.097,814,462,None,Move,browsing
1569750459.105,816,463,None,Move,browsing
1569750459.117,816,464,None,Move,browsing
1569750459.13,819,465,None,Move,browsing
1569750459.1420002,819,465,None,Move,browsing
1569750460.768,819,465,None,Move,browsing
1569750460.783,819,465,None,Move,browsing
1569750460.7970002,820,462,None,Move,browsing
1569750460.809,820,461,None,Move,browsing
1569750460.819,820,460,None,Move,browsing
1569750460.833,820,458,None,Move,browsing
1569750460.843,821,456,None,Move,browsing
1569750460.8520002,821,455,None,Move,browsing
1569750460.865,822,454,None,Move,browsing
1569750460.873,822,453,None,Move,browsing
1569750460.883,823,450,None,Move,browsing
1569750460.893,824,448,None,Move,browsing
1569750460.9020002,824,447,None,Move,browsing
1569750460.911,824,446,None,Move,browsing
1569750460.92,824,445,None,Move,browsing
1569750460.9320002,824,442,None,Move,browsing
1569750460.941,825,441,None,Move,browsing
1569750460.95,825,441,None,Move,browsing
1569750460.96,825,440,None,Move,browsing
1569750461.03,825,440,None,Move,browsing
1569750461.44,825,440,Left,Pressed,browsing
1569750461.552,825,440,Left,Released,browsing
1569750462.048,825,439,None,Move,browsing
1569750462.062,825,436,None,Move,browsing
1569750462.075,821,425,None,Move,browsing
1569750462.083,819,419,None,Move,browsing
1569750462.094,816,408,None,Move,browsing
1569750462.105,814,402,None,Move,browsing
1569750462.113,812,395,None,Move,browsing
1569750462.1220002,810,389,None,Move,browsing
1569750462.131,808,383,None,Move,browsing
1569750462.1420002,805,376,None,Move,browsing
1569750462.15,799,364,None,Move,browsing
1569750462.16,795,357,None,Move,browsing
1569750462.17,791,350,None,Move,browsing
1569750462.178,785,343,None,Move,browsing
1569750462.188,777,328,None,Move,browsing
1569750462.196,772,319,None,Move,browsing
1569750462.205,766,310,None,Move,browsing
1569750462.2129998,761,301,None,Move,browsing
1569750462.224,754,291,None,Move,browsing
1569750462.236,741,274,None,Move,browsing
1569750462.246,735,266,None,Move,browsing
1569750462.256,727,259,None,Move,browsing
1569750462.266,711,246,None,Move,browsing
1569750462.275,705,240,None,Move,browsing
1569750462.284,702,236,None,Move,browsing
1569750462.295,701,235,None,Move,browsing
1569750462.304,701,232,None,Move,browsing
1569750462.312,712,221,None,Move,browsing
1569750462.321,724,215,None,Move,browsing
1569750462.33,734,208,None,Move,browsing
1569750462.339,744,204,None,Move,browsing
1569750462.3479998,751,201,None,Move,browsing
1569750462.356,752,201,None,Move,browsing
1569750462.3660002,752,200,None,Move,browsing
1569750462.452,752,200,None,Move,browsing
1569750462.464,752,200,None,Move,browsing
1569750462.478,750,199,None,Move,browsing
1569750462.4870002,749,198,None,Move,browsing
1569750462.4970002,748,196,None,Move,browsing
1569750462.505,748,194,None,Move,browsing
1569750462.514,748,190,None,Move,browsing
1569750462.522,747,184,None,Move,browsing
1569750462.531,744,174,None,Move,browsing
1569750462.542,734,150,None,Move,browsing
1569750462.55,723,134,None,Move,browsing
1569750462.559,709,116,None,Move,browsing
1569750462.5670002,695,101,None,Move,browsing
1569750462.577,681,86,None,Move,browsing
1569750462.584,668,74,None,Move,browsing
1569750462.596,660,64,None,Move,browsing
1569750462.6079998,642,41,None,Move,browsing
1569750462.623,629,27,None,Move,browsing
1569750462.6320002,624,20,None,Move,browsing
1569750462.646,621,12,None,Move,browsing
1569750462.657,619,9,None,Move,browsing
1569750462.667,618,8,None,Move,browsing
1569750462.68,617,6,None,Move,browsing
1569750462.6920002,617,3,None,Move,browsing
1569750462.706,616,2,None,Move,browsing
1569750462.715,614,-2,None,Move,browsing
1569750462.7270002,612,-3,None,Move,browsing
1569750462.74,609,-4,None,Move,browsing
1569750462.755,608,-3,None,Move,browsing
1569750462.772,607,-2,None,Move,browsing
1569750462.783,607,0,None,Move,browsing
1569750462.794,607,-1,None,Move,browsing
1569750462.847,606,-1,None,Move,browsing
1569750462.86,602,-1,None,Move,browsing
1569750462.8720002,591,-4,None,Move,browsing
1569750462.8839998,585,-2,None,Move,browsing
1569750462.896,572,-4,None,Move,browsing
1569750462.91,566,-2,None,Move,browsing
1569750462.927,546,-5,None,Move,browsing
1569750462.94,523,0,None,Move,browsing
1569750462.958,497,0,None,Move,browsing
1569750462.9770002,471,5,None,Move,browsing
1569750462.9870002,461,8,None,Move,browsing
1569750462.9970002,451,12,None,Move,browsing
1569750463.0129998,449,13,None,Move,browsing
1569750463.025,448,13,None,Move,browsing
1569750463.133,448,13,None,Move,browsing
1569750463.144,448,12,None,Move,browsing
1569750463.157,447,11,None,Move,browsing
1569750463.198,434,3,None,Move,browsing
1569750463.211,427,1,None,Move,browsing
1569750463.225,407,-9,None,Move,browsing
1569750463.24,386,-13,None,Move,browsing
1569750463.255,366,-14,None,Move,browsing
1569750463.268,360,-4,None,Move,browsing
1569750463.284,352,-5,None,Move,browsing
1569750463.299,351,-1,None,Move,browsing
1569750463.316,351,-1,None,Move,browsing
1569750463.3820002,351,0,Left,Pressed,browsing
1569750463.3820002,351,0,None,Drag,browsing
1569750463.41,351,0,None,Drag,browsing
1569750463.41,351,0,Left,Released,browsing
1569750463.462,351,0,None,Move,browsing
1569750463.476,351,0,None,Move,browsing
1569750463.49,351,0,None,Move,browsing
1569750463.506,351,1,None,Move,browsing
1569750463.525,351,1,None,Move,browsing
1569750463.54,353,3,None,Move,browsing
1569750463.549,354,4,None,Move,browsing
1569750463.56,358,7,None,Move,browsing
1569750463.575,360,8,None,Move,browsing
1569750463.593,379,14,None,Move,browsing
1569750463.607,390,16,None,Move,browsing
1569750463.617,415,17,None,Move,browsing
1569750463.633,433,16,None,Move,browsing
1569750463.6479998,455,11,None,Move,browsing
1569750463.6620002,474,8,None,Move,browsing
1569750463.676,482,7,None,Move,browsing
1569750463.689,498,4,None,Move,browsing
1569750463.699,506,4,None,Move,browsing
1569750463.711,519,3,None,Move,browsing
1569750463.721,524,3,None,Move,browsing
1569750463.7329998,528,2,None,Move,browsing
1569750463.904,528,2,None,Move,browsing
1569750463.916,528,2,None,Move,browsing
1569750463.928,528,3,None,Move,browsing
1569750463.937,528,5,None,Move,browsing
1569750463.948,530,11,None,Move,browsing
1569750463.961,533,16,None,Move,browsing
1569750463.9729998,543,26,None,Move,browsing
1569750463.981,548,28,None,Move,browsing
1569750463.9929998,553,32,None,Move,browsing
1569750464.006,557,35,None,Move,browsing
1569750464.015,559,37,None,Move,browsing
1569750464.0270002,561,39,None,Move,browsing
1569750464.232,561,39,None,Move,browsing
1569750464.242,561,40,None,Move,browsing
1569750464.252,562,40,None,Move,browsing
1569750464.262,563,43,None,Move,browsing
1569750464.2729998,564,44,None,Move,browsing
1569750464.281,564,44,None,Move,browsing
1569750464.337,564,44,Left,Pressed,browsing
1569750464.5,564,44,Left,Released,browsing
1569750468.8379998,564,45,None,Move,browsing
1569750468.8520002,564,46,None,Move,browsing
1569750468.8660002,559,59,None,Move,browsing
1569750468.883,533,78,None,Move,browsing
1569750468.9020002,403,120,None,Move,browsing
1569750468.92,248,204,None,Move,browsing
1569750468.939,85,288,None,Move,browsing
1569750468.956,-75,378,None,Move,browsing
1569750468.974,-56,424,None,Move,browsing
1569750468.992,-40,463,None,Move,browsing
1569750469.008,-39,518,None,Move,browsing
1569750469.019,-24,567,None,Move,browsing
1569750469.031,-5,581,None,Move,browsing
1569750469.039,-2,588,None,Move,browsing
1569750469.049,-1,597,None,Move,browsing
1569750469.059,1,601,None,Move,browsing
1569750469.07,3,607,None,Move,browsing
1569750469.0879998,13,624,None,Move,browsing
1569750469.11,24,629,None,Move,browsing
1569750469.135,29,630,None,Move,browsing
1569750469.1520002,32,628,None,Move,browsing
1569750469.167,37,625,None,Move,browsing
1569750469.181,47,617,None,Move,browsing
1569750469.1929998,53,610,None,Move,browsing
1569750469.211,70,597,None,Move,browsing
1569750469.225,87,588,None,Move,browsing
1569750469.238,105,582,None,Move,browsing
1569750469.2510002,126,575,None,Move,browsing
1569750469.266,147,564,None,Move,browsing
1569750469.28,157,556,None,Move,browsing
1569750469.293,177,538,None,Move,browsing
1569750469.309,197,510,None,Move,browsing
1569750469.3179998,206,494,None,Move,browsing
1569750469.334,220,455,None,Move,browsing
1569750469.3479998,228,411,None,Move,browsing
1569750469.361,230,400,None,Move,browsing
1569750469.373,231,387,None,Move,browsing
1569750469.3820002,231,383,None,Move,browsing
1569750469.397,231,380,None,Move,browsing
1569750469.409,231,379,None,Move,browsing
1569750469.4220002,231,378,None,Move,browsing
1569750469.486,231,378,None,Move,browsing
1569750469.496,231,376,None,Move,browsing
1569750469.506,232,373,None,Move,browsing
1569750469.52,236,363,None,Move,browsing
1569750469.532,239,354,None,Move,browsing
1569750469.548,246,336,None,Move,browsing
1569750469.561,251,317,None,Move,browsing
1569750469.575,255,306,None,Move,browsing
1569750469.592,259,294,None,Move,browsing
1569750469.6020002,260,291,None,Move,browsing
1569750469.617,262,286,None,Move,browsing
1569750469.63,262,283,None,Move,browsing
1569750469.647,262,282,None,Move,browsing
1569750469.659,262,281,None,Move,browsing
1569750469.766,262,281,None,Move,browsing
1569750469.7770002,262,281,None,Move,browsing
1569750469.843,262,280,Left,Pressed,browsing
1569750469.843,262,280,None,Drag,browsing
1569750469.844,262,280,Left,Released,browsing
1569750469.952,262,280,None,Move,browsing
1569750470.1520002,262,280,None,Move,browsing
1569750470.165,262,281,None,Move,browsing
1569750470.175,263,281,None,Move,browsing
1569750470.188,263,282,None,Move,browsing
1569750470.199,264,284,None,Move,browsing
1569750470.208,264,284,None,Move,browsing
1569750470.218,264,285,None,Move,browsing
1569750470.2270002,265,286,None,Move,browsing
1569750470.238,265,288,None,Move,browsing
1569750470.248,265,289,None,Move,browsing
1569750470.258,266,290,None,Move,browsing
1569750470.268,268,294,None,Move,browsing
1569750470.278,270,298,None,Move,browsing
1569750470.288,272,303,None,Move,browsing
1569750470.299,274,309,None,Move,browsing
1569750470.309,280,319,None,Move,browsing
1569750470.32,286,322,None,Move,browsing
1569750470.331,295,326,None,Move,browsing
1569750470.339,303,328,None,Move,browsing
1569750470.351,327,332,None,Move,browsing
1569750470.363,358,338,None,Move,browsing
1569750470.373,376,341,None,Move,browsing
1569750470.391,427,347,None,Move,browsing
1569750470.417,532,360,None,Move,browsing
1569750470.434,600,359,None,Move,browsing
1569750470.4529998,615,361,None,Move,browsing
1569750470.467,628,372,None,Move,browsing
1569750470.485,632,379,None,Move,browsing
1569750470.498,632,379,None,Move,browsing
1569750470.736,632,379,None,Move,browsing
1569750470.75,628,379,None,Move,browsing
1569750470.7670002,614,376,None,Move,browsing
1569750470.7770002,605,373,None,Move,browsing
1569750470.785,597,373,None,Move,browsing
1569750470.794,597,374,None,Move,browsing
1569750470.802,597,374,None,Move,browsing
1569750470.812,597,374,None,Move,browsing
1569750470.821,596,372,None,Move,browsing
1569750470.831,595,372,None,Move,browsing
1569750470.847,592,370,None,Move,browsing
1569750470.8639998,590,367,None,Move,browsing
1569750470.8760002,588,366,None,Move,browsing
1569750471.1379998,588,366,None,Move,browsing
1569750471.154,584,366,None,Move,browsing
1569750471.164,569,373,None,Move,browsing
1569750471.174,541,385,None,Move,browsing
1569750471.2,397,428,None,Move,browsing
1569750471.2129998,370,434,None,Move,browsing
1569750471.224,344,439,None,Move,browsing
1569750471.236,315,443,None,Move,browsing
1569750471.2470002,306,444,None,Move,browsing
1569750471.258,289,448,None,Move,browsing
1569750471.274,273,450,None,Move,browsing
1569750471.285,265,451,None,Move,browsing
1569750471.2970002,241,456,None,Move,browsing
1569750471.3079998,227,458,None,Move,browsing
1569750471.3170002,214,460,None,Move,browsing
1569750471.327,188,465,None,Move,browsing
1569750471.336,176,468,None,Move,browsing
1569750471.345,167,470,None,Move,browsing
1569750471.353,159,472,None,Move,browsing
1569750471.3620002,153,473,None,Move,browsing
1569750471.37,150,473,None,Move,browsing
1569750471.379,149,473,None,Move,browsing
1569750471.387,149,473,None,Move,browsing
1569750471.52,149,473,None,Move,browsing
1569750471.535,148,473,None,Move,browsing
1569750471.545,147,472,None,Move,browsing
1569750471.5579998,146,469,None,Move,browsing
1569750471.57,145,467,None,Move,browsing
1569750471.587,141,458,None,Move,browsing
1569750471.605,139,451,None,Move,browsing
1569750471.619,136,445,None,Move,browsing
1569750471.6339998,135,444,None,Move,browsing
1569750471.649,133,439,None,Move,browsing
1569750471.6620002,130,436,None,Move,browsing
1569750471.673,128,433,None,Move,browsing
1569750471.689,125,429,None,Move,browsing
1569750471.696,124,428,None,Move,browsing
1569750471.707,124,427,None,Move,browsing
1569750471.719,124,425,None,Move,browsing
1569750471.7329998,124,424,None,Move,browsing
1569750471.748,124,424,None,Move,browsing
1569750471.844,124,423,None,Move,browsing
1569750471.992,123,423,None,Move,browsing
1569750472.016,123,423,None,Move,browsing
1569750472.029,122,423,None,Move,browsing
1569750472.0370002,122,424,None,Move,browsing
1569750472.048,122,424,None,Move,browsing
1569750472.0579998,122,427,None,Move,browsing
1569750472.07,121,429,None,Move,browsing
1569750472.081,120,431,None,Move,browsing
1569750472.092,119,440,None,Move,browsing
1569750472.103,118,444,None,Move,browsing
1569750472.1160002,116,452,None,Move,browsing
1569750472.1260002,116,454,None,Move,browsing
1569750472.1339998,115,456,None,Move,browsing
1569750472.146,114,459,None,Move,browsing
1569750472.158,113,460,None,Move,browsing
1569750472.1720002,113,462,None,Move,browsing
1569750472.185,113,464,None,Move,browsing
1569750472.196,113,465,None,Move,browsing
1569750472.205,113,465,None,Move,browsing
1569750472.216,113,466,None,Move,browsing
1569750472.224,113,467,None,Move,browsing
1569750472.235,112,469,None,Move,browsing
1569750472.244,112,470,None,Move,browsing
1569750472.254,111,472,None,Move,browsing
1569750472.264,111,473,None,Move,browsing
1569750472.275,111,476,None,Move,browsing
1569750472.285,110,477,None,Move,browsing
1569750472.295,109,478,None,Move,browsing
1569750472.304,107,482,None,Move,browsing
1569750472.315,106,485,None,Move,browsing
1569750472.324,105,490,None,Move,browsing
1569750472.335,103,494,None,Move,browsing
1569750472.344,99,506,None,Move,browsing
1569750472.355,98,511,None,Move,browsing
1569750472.365,97,517,None,Move,browsing
1569750472.375,95,527,None,Move,browsing
1569750472.3860002,95,531,None,Move,browsing
1569750472.397,95,535,None,Move,browsing
1569750472.407,95,546,None,Move,browsing
1569750472.418,94,552,None,Move,browsing
1569750472.428,93,556,None,Move,browsing
1569750472.438,93,567,None,Move,browsing
1569750472.452,93,572,None,Move,browsing
1569750472.462,93,579,None,Move,browsing
1569750472.47,93,581,None,Move,browsing
1569750472.48,93,584,None,Move,browsing
1569750472.4889998,93,585,None,Move,browsing
1569750472.498,93,586,None,Move,browsing
1569750472.5070002,93,589,None,Move,browsing
1569750472.516,93,594,None,Move,browsing
1569750472.524,93,597,None,Move,browsing
1569750472.532,93,599,None,Move,browsing
1569750472.54,93,600,None,Move,browsing
1569750472.548,93,603,None,Move,browsing
1569750472.555,93,604,None,Move,browsing
1569750472.566,93,606,None,Move,browsing
1569750472.574,93,609,None,Move,browsing
1569750472.583,93,610,None,Move,browsing
1569750472.591,94,612,None,Move,browsing
1569750472.6,95,619,None,Move,browsing
1569750472.6079998,97,623,None,Move,browsing
1569750472.6160002,98,627,None,Move,browsing
1569750472.6239998,100,632,None,Move,browsing
1569750472.6320002,101,634,None,Move,browsing
1569750472.64,101,636,None,Move,browsing
1569750472.65,101,638,None,Move,browsing
1569750472.658,101,639,None,Move,browsing
1569750472.666,101,640,None,Move,browsing
1569750472.674,101,641,None,Move,browsing
1569750472.6829998,101,641,None,Move,browsing
1569750472.6920002,101,643,None,Move,browsing
1569750472.701,101,644,None,Move,browsing
1569750472.71,100,646,None,Move,browsing
1569750472.718,100,647,None,Move,browsing
1569750472.7270002,99,649,None,Move,browsing
1569750472.734,98,650,None,Move,browsing
1569750472.7429998,96,651,None,Move,browsing
1569750472.75,95,653,None,Move,browsing
1569750472.758,93,654,None,Move,browsing
1569750472.766,90,656,None,Move,browsing
1569750472.774,89,656,None,Move,browsing
1569750472.782,88,657,None,Move,browsing
1569750472.85,88,657,None,Move,browsing
1569750472.8620002,87,657,None,Move,browsing
1569750472.87,85,656,None,Move,browsing
1569750472.8779998,84,655,None,Move,browsing
1569750472.8860002,82,654,None,Move,browsing
1569750472.894,81,653,None,Move,browsing
1569750472.904,80,653,None,Move,browsing
1569750472.9120002,80,652,None,Move,browsing
1569750472.921,80,652,None,Move,browsing
1569750472.964,80,652,None,Move,browsing
1569750473.0370002,80,652,None,Move,browsing
1569750473.054,80,653,None,Move,browsing
1569750473.06,80,655,None,Move,browsing
1569750473.069,80,657,None,Move,browsing
1569750473.076,80,660,None,Move,browsing
1569750473.083,80,661,None,Move,browsing
1569750473.092,80,662,None,Move,browsing
1569750473.099,80,663,None,Move,browsing
1569750473.1079998,80,665,None,Move,browsing
1569750473.1160002,80,667,None,Move,browsing
1569750473.1239998,80,668,None,Move,browsing
1569750473.1339998,80,669,None,Move,browsing
1569750473.31,80,669,Left,Pressed,browsing
1569750473.462,80,669,Left,Released,browsing
1569750473.93,80,669,None,Move,browsing
1569750473.9420002,81,669,None,Move,browsing
1569750473.956,81,669,None,Move,browsing
1569750473.969,81,668,None,Move,browsing
1569750473.982,81,667,None,Move,browsing
1569750473.992,82,666,None,Move,browsing
1569750474.0029998,82,665,None,Move,browsing
1569750474.016,83,662,None,Move,browsing
1569750474.0270002,83,661,None,Move,browsing
1569750474.0370002,85,654,None,Move,browsing
1569750474.049,87,648,None,Move,browsing
1569750474.063,90,635,None,Move,browsing
1569750474.072,92,626,None,Move,browsing
1569750474.085,96,608,None,Move,browsing
1569750474.094,99,597,None,Move,browsing
1569750474.106,105,574,None,Move,browsing
1569750474.1179998,109,563,None,Move,browsing
1569750474.139,120,532,None,Move,browsing
1569750474.151,122,524,None,Move,browsing
1569750474.166,126,504,None,Move,browsing
1569750474.179,131,482,None,Move,browsing
1569750474.19,133,474,None,Move,browsing
1569750474.2029998,137,461,None,Move,browsing
1569750474.216,139,453,None,Move,browsing
1569750474.229,140,451,None,Move,browsing
1569750474.2410002,143,444,None,Move,browsing
1569750474.254,143,442,None,Move,browsing
1569750474.27,146,437,None,Move,browsing
1569750474.286,150,432,None,Move,browsing
1569750474.2970002,150,431,None,Move,browsing
1569750474.31,150,430,None,Move,browsing
1569750474.324,150,429,None,Move,browsing
1569750474.512,150,429,None,Move,browsing
1569750474.521,150,430,None,Move,browsing
1569750474.532,150,430,None,Move,browsing
1569750474.544,150,431,None,Move,browsing
1569750474.555,148,433,None,Move,browsing
1569750474.566,146,435,None,Move,browsing
1569750474.579,143,441,None,Move,browsing
1569750474.601,139,452,None,Move,browsing
1569750474.6160002,132,468,None,Move,browsing
1569750474.6320002,124,492,None,Move,browsing
1569750474.65,120,508,None,Move,browsing
1569750474.665,117,522,None,Move,browsing
1569750474.68,115,533,None,Move,browsing
1569750474.6920002,115,539,None,Move,browsing
1569750474.7029998,113,549,None,Move,browsing
1569750474.7129998,113,554,None,Move,browsing
1569750474.722,113,558,None,Move,browsing
1569750474.73,113,561,None,Move,browsing
1569750474.74,112,564,None,Move,browsing
1569750474.748,112,566,None,Move,browsing
1569750474.758,112,568,None,Move,browsing
1569750474.766,112,570,None,Move,browsing
1569750474.776,111,572,None,Move,browsing
1569750474.784,111,575,None,Move,browsing
1569750474.794,111,576,None,Move,browsing
1569750474.803,111,578,None,Move,browsing
1569750474.812,110,579,None,Move,browsing
1569750474.821,110,583,None,Move,browsing
1569750474.83,110,585,None,Move,browsing
1569750474.839,110,587,None,Move,browsing
1569750474.85,110,589,None,Move,browsing
1569750474.857,110,591,None,Move,browsing
1569750474.869,111,598,None,Move,browsing
1569750474.879,112,603,None,Move,browsing
1569750474.889,114,614,None,Move,browsing
1569750474.8979998,115,620,None,Move,browsing
1569750474.908,116,625,None,Move,browsing
1569750474.916,116,631,None,Move,browsing
1569750474.926,116,636,None,Move,browsing
1569750474.936,114,646,None,Move,browsing
1569750474.946,113,652,None,Move,browsing
1569750474.955,111,658,None,Move,browsing
1569750474.964,109,662,None,Move,browsing
1569750474.9729998,107,668,None,Move,browsing
1569750474.985,103,677,None,Move,browsing
1569750474.995,101,682,None,Move,browsing
1569750475.0070002,100,686,None,Move,browsing
1569750475.02,97,693,None,Move,browsing
1569750475.031,94,697,None,Move,browsing
1569750475.039,94,699,None,Move,browsing
1569750475.049,94,702,None,Move,browsing
1569750475.059,92,705,None,Move,browsing
1569750475.0679998,91,709,None,Move,browsing
1569750475.0779998,90,715,None,Move,browsing
1569750475.085,89,720,None,Move,browsing
1569750475.096,87,730,None,Move,browsing
1569750475.104,86,736,None,Move,browsing
1569750475.1139998,86,741,None,Move,browsing
1569750475.1220002,84,747,None,Move,browsing
1569750475.131,82,753,None,Move,browsing
1569750475.139,81,759,None,Move,browsing
1569750475.1479998,79,767,None,Move,browsing
1569750475.157,77,771,None,Move,browsing
1569750475.167,76,774,None,Move,browsing
1569750475.176,74,778,None,Move,browsing
1569750475.1820002,73,781,None,Move,browsing
1569750475.194,71,786,None,Move,browsing
1569750475.201,70,790,None,Move,browsing
1569750475.212,67,798,None,Move,browsing
1569750475.222,66,802,None,Move,browsing
1569750475.231,65,806,None,Move,browsing
1569750475.2389998,65,809,None,Move,browsing
1569750475.2489998,62,813,None,Move,browsing
1569750475.2570002,62,816,None,Move,browsing
1569750475.266,60,818,None,Move,browsing
1569750475.274,59,819,None,Move,browsing
1569750475.284,59,820,None,Move,browsing
1569750475.293,59,822,None,Move,browsing
1569750475.302,59,822,None,Move,browsing
1569750475.313,58,823,None,Move,browsing
1569750475.322,58,823,None,Move,browsing
1569750475.334,58,824,None,Move,browsing
1569750475.394,58,824,None,Move,browsing
1569750475.408,58,825,None,Move,browsing
1569750475.416,58,826,None,Move,browsing
1569750475.424,58,828,None,Move,browsing
1569750475.4320002,58,829,None,Move,browsing
1569750475.44,58,830,None,Move,browsing
1569750475.448,58,831,None,Move,browsing
1569750475.456,58,833,None,Move,browsing
1569750475.464,58,834,None,Move,browsing
1569750475.472,58,835,None,Move,browsing
1569750475.48,58,837,None,Move,browsing
1569750475.488,58,838,None,Move,browsing
1569750475.496,58,839,None,Move,browsing
1569750475.5029998,58,840,None,Move,browsing
1569750475.512,58,841,None,Move,browsing
1569750475.519,59,842,None,Move,browsing
1569750475.53,59,842,None,Move,browsing
1569750475.5370002,59,843,None,Move,browsing
1569750475.5470002,59,844,None,Move,browsing
1569750475.553,59,844,None,Move,browsing
1569750475.562,59,845,None,Move,browsing
1569750475.826,59,846,None,Move,browsing
1569750475.842,59,847,None,Move,browsing
1569750475.85,58,847,None,Move,browsing
1569750475.859,58,848,None,Move,browsing
1569750475.8660002,58,848,None,Move,browsing
1569750475.875,58,849,None,Move,browsing
1569750475.881,58,850,None,Move,browsing
1569750475.8920002,58,850,None,Move,browsing
1569750475.908,58,851,None,Move,browsing
1569750475.917,58,852,None,Move,browsing
1569750475.924,58,854,None,Move,browsing
1569750475.9320002,58,856,None,Move,browsing
1569750475.941,58,858,None,Move,browsing
1569750475.948,58,860,None,Move,browsing
1569750475.956,59,865,None,Move,browsing
1569750475.962,60,871,None,Move,browsing
1569750475.969,62,879,None,Move,browsing
1569750475.978,63,886,None,Move,browsing
1569750475.9870002,64,891,None,Move,browsing
1569750475.994,64,896,None,Move,browsing
1569750476.002,65,898,None,Move,browsing
1569750476.01,65,899,None,Move,browsing
1569750476.018,65,900,None,Move,browsing
1569750476.15,65,900,None,Move,browsing
1569750476.158,65,900,None,Move,browsing
1569750476.166,65,899,None,Move,browsing
1569750476.174,64,898,None,Move,browsing
1569750476.181,62,896,None,Move,browsing
1569750476.189,61,895,None,Move,browsing
1569750476.198,59,894,None,Move,browsing
1569750476.206,59,893,None,Move,browsing
1569750476.212,59,892,None,Move,browsing
1569750476.22,58,892,None,Move,browsing
1569750476.3179998,58,891,None,Move,browsing
1569750476.33,58,891,None,Move,browsing
1569750476.337,58,890,None,Move,browsing
1569750476.3720002,58,890,Left,Pressed,browsing
1569750476.492,58,890,Left,Released,browsing
1569750476.73,59,888,None,Move,browsing
1569750476.776,145,838,None,Move,browsing
1569750476.792,228,808,None,Move,browsing
1569750476.805,328,764,None,Move,browsing
1569750476.82,430,718,None,Move,browsing
1569750476.834,540,675,None,Move,browsing
1569750476.847,591,659,None,Move,browsing
1569750476.859,694,611,None,Move,browsing
1569750476.8720002,774,596,None,Move,browsing
1569750476.8839998,812,585,None,Move,browsing
1569750476.899,885,566,None,Move,browsing
1569750476.911,929,557,None,Move,browsing
1569750476.921,946,552,None,Move,browsing
1569750476.934,970,543,None,Move,browsing
1569750476.945,978,540,None,Move,browsing
1569750476.957,986,536,None,Move,browsing
1569750476.968,987,535,None,Move,browsing
1569750476.982,987,534,None,Move,browsing
1569750476.992,987,534,None,Move,browsing
1569750477.0029998,988,533,None,Move,browsing
1569750477.015,989,529,None,Move,browsing
1569750477.028,994,518,None,Move,browsing
1569750477.039,998,511,None,Move,browsing
1569750477.054,1008,494,None,Move,browsing
1569750477.0670002,1009,491,None,Move,browsing
1569750477.722,1009,491,None,Move,browsing
1569750477.74,1009,493,None,Move,browsing
1569750477.75,1010,495,None,Move,browsing
1569750477.762,1010,496,None,Move,browsing
1569750477.775,1010,497,None,Move,browsing
1569750477.791,1011,497,None,Move,browsing
1569750477.9,1012,497,None,Move,browsing
1569750477.909,1012,497,None,Move,browsing
1569750477.921,1012,497,None,Move,browsing
1569750477.93,1012,496,None,Move,browsing
1569750477.941,1012,493,None,Move,browsing
1569750477.95,1012,492,None,Move,browsing
1569750477.96,1012,490,None,Move,browsing
1569750477.968,1012,489,None,Move,browsing
1569750477.979,1012,489,None,Move,browsing
1569750478.178,1012,489,None,Move,browsing
1569750478.794,1012,489,None,Move,browsing
1569750478.81,1012,490,None,Move,browsing
1569750478.8179998,1012,491,None,Move,browsing
1569750478.827,1012,491,None,Move,browsing
1569750478.835,1012,492,None,Move,browsing
1569750479.4989998,1012,491,None,Move,browsing
1569750479.512,1011,490,None,Move,browsing
1569750479.521,1010,489,None,Move,browsing
1569750479.528,1008,487,None,Move,browsing
1569750479.538,1008,486,None,Move,browsing
1569750479.545,1007,485,None,Move,browsing
1569750479.554,1007,485,None,Move,browsing
1569750479.586,1007,485,None,Move,browsing
1569750479.61,1006,485,None,Move,browsing
1569750479.6260002,1005,484,None,Move,browsing
1569750479.635,1004,483,None,Move,browsing
1569750479.643,1002,483,None,Move,browsing
1569750479.651,999,482,None,Move,browsing
1569750479.658,993,481,None,Move,browsing
1569750479.666,988,481,None,Move,browsing
1569750479.673,984,481,None,Move,browsing
1569750479.681,981,481,None,Move,browsing
1569750479.688,979,481,None,Move,browsing
1569750479.699,979,481,None,Move,browsing
1569750479.708,978,481,None,Move,browsing
1569750479.716,977,481,None,Move,browsing
1569750480.168,977,481,None,Move,browsing
1569750480.18,976,481,None,Move,browsing
1569750480.19,975,481,None,Move,browsing
1569750480.702,974,480,None,Move,browsing
1569750480.711,969,474,None,Move,browsing
1569750480.721,962,467,None,Move,browsing
1569750480.729,953,457,None,Move,browsing
1569750480.738,943,448,None,Move,browsing
1569750480.746,928,438,None,Move,browsing
1569750480.755,907,428,None,Move,browsing
1569750480.762,886,422,None,Move,browsing
1569750480.769,863,419,None,Move,browsing
1569750480.7770002,829,416,None,Move,browsing
1569750480.785,798,412,None,Move,browsing
1569750480.793,762,411,None,Move,browsing
1569750480.8,724,409,None,Move,browsing
1569750480.81,687,405,None,Move,browsing
1569750480.8170002,660,404,None,Move,browsing
1569750480.83,626,399,None,Move,browsing
1569750480.842,616,397,None,Move,browsing
1569750480.85,609,395,None,Move,browsing
1569750480.8579998,605,393,None,Move,browsing
1569750480.8660002,601,393,None,Move,browsing
1569750480.9,601,393,None,Move,browsing
1569750480.908,601,394,None,Move,browsing
1569750480.917,602,399,None,Move,browsing
1569750480.925,604,402,None,Move,browsing
1569750480.9320002,605,406,None,Move,browsing
1569750480.9420002,606,409,None,Move,browsing
1569750480.949,606,411,None,Move,browsing
1569750480.959,607,412,None,Move,browsing
1569750480.966,607,413,None,Move,browsing
1569750481.034,608,414,None,Move,browsing
1569750481.042,612,417,None,Move,browsing
1569750481.05,616,420,None,Move,browsing
1569750481.0570002,620,422,None,Move,browsing
1569750481.064,624,423,None,Move,browsing
1569750481.072,627,423,None,Move,browsing
1569750481.08,629,423,None,Move,browsing
1569750481.087,631,423,None,Move,browsing
1569750481.096,636,423,None,Move,browsing
1569750481.104,640,421,None,Move,browsing
1569750481.1120002,646,419,None,Move,browsing
1569750481.12,651,417,None,Move,browsing
1569750481.127,655,415,None,Move,browsing
1569750481.1360002,656,415,None,Move,browsing
1569750481.143,658,414,None,Move,browsing
1569750481.1520002,658,414,None,Move,browsing
1569750481.29,658,414,Left,Pressed,browsing
1569750481.421,658,414,Left,Released,browsing
1569750481.907,658,414,Left,Pressed,browsing
1569750482.024,658,414,Left,Released,browsing
1569750482.3639998,658,414,Left,Pressed,browsing
1569750482.4970002,658,414,Left,Released,browsing
1569750482.9929998,658,414,Left,Pressed,browsing
1569750483.125,658,414,Left,Released,browsing
1569750483.178,658,414,None,Move,browsing
1569750483.186,657,413,None,Move,browsing
1569750483.194,655,413,None,Move,browsing
1569750483.202,654,413,None,Move,browsing
1569750483.21,652,413,None,Move,browsing
1569750483.218,650,413,None,Move,browsing
1569750483.226,648,413,None,Move,browsing
1569750483.234,646,413,None,Move,browsing
1569750483.2410002,643,413,None,Move,browsing
1569750483.2489998,641,413,None,Move,browsing
1569750483.256,640,413,None,Move,browsing
1569750483.264,639,413,None,Move,browsing
1569750483.272,637,413,None,Move,browsing
1569750483.281,636,413,None,Move,browsing
1569750483.288,635,413,None,Move,browsing
1569750483.2970002,633,413,None,Move,browsing
1569750483.305,632,412,None,Move,browsing
1569750483.312,631,411,None,Move,browsing
1569750483.319,629,409,None,Move,browsing
1569750483.327,628,408,None,Move,browsing
1569750483.335,627,408,None,Move,browsing
1569750483.343,624,406,None,Move,browsing
1569750483.351,623,406,None,Move,browsing
1569750483.3579998,622,405,None,Move,browsing
1569750483.3660002,620,404,None,Move,browsing
1569750483.3739998,619,404,None,Move,browsing
1569750483.383,618,404,None,Move,browsing
1569750483.39,616,404,None,Move,browsing
1569750483.399,615,404,None,Move,browsing
1569750483.406,614,404,None,Move,browsing
1569750483.413,612,404,None,Move,browsing
1569750483.421,612,404,None,Move,browsing
1569750483.429,611,404,None,Move,browsing
1569750483.436,609,404,None,Move,browsing
1569750483.444,607,404,None,Move,browsing
1569750483.452,606,404,None,Move,browsing
1569750483.46,603,404,None,Move,browsing
1569750483.467,601,404,None,Move,browsing
1569750483.4729998,599,404,None,Move,browsing
1569750483.482,597,404,None,Move,browsing
1569750483.4889998,594,404,None,Move,browsing
1569750483.498,591,404,None,Move,browsing
1569750483.506,588,404,None,Move,browsing
1569750483.514,585,404,None,Move,browsing
1569750483.522,582,404,None,Move,browsing
1569750483.53,579,405,None,Move,browsing
1569750483.538,578,405,None,Move,browsing
1569750483.546,577,405,None,Move,browsing
1569750483.554,577,405,None,Move,browsing
1569750483.7510002,577,405,None,Move,browsing
1569750483.76,578,405,None,Move,browsing
1569750483.768,579,405,None,Move,browsing
1569750483.776,579,405,None,Move,browsing
1569750483.783,581,407,None,Move,browsing
1569750483.79,582,408,None,Move,browsing
1569750483.798,584,411,None,Move,browsing
1569750483.806,591,417,None,Move,browsing
1569750483.814,597,423,None,Move,browsing
1569750483.822,605,429,None,Move,browsing
1569750483.83,615,436,None,Move,browsing
1569750483.8379998,628,443,None,Move,browsing
1569750483.846,641,450,None,Move,browsing
1569750483.855,655,455,None,Move,browsing
1569750483.863,669,458,None,Move,browsing
1569750483.869,680,460,None,Move,browsing
1569750483.8760002,689,462,None,Move,browsing
1569750483.885,697,464,None,Move,browsing
1569750483.8920002,703,467,None,Move,browsing
1569750483.9,707,469,None,Move,browsing
1569750483.908,710,472,None,Move,browsing
1569750483.916,711,473,None,Move,browsing
1569750483.923,712,474,None,Move,browsing
1569750483.9320002,714,475,None,Move,browsing
1569750483.939,714,476,None,Move,browsing
1569750484.8,714,476,None,Move,browsing
1569750484.812,714,475,None,Move,browsing
1569750484.82,718,474,None,Move,browsing
1569750484.8279998,722,472,None,Move,browsing
1569750484.837,729,471,None,Move,browsing
1569750484.844,736,469,None,Move,browsing
1569750484.8520002,744,467,None,Move,browsing
1569750484.86,753,465,None,Move,browsing
1569750484.8679998,760,465,None,Move,browsing
1569750484.8760002,768,465,None,Move,browsing
1569750484.883,776,466,None,Move,browsing
1569750484.891,784,466,None,Move,browsing
1569750484.8979998,792,466,None,Move,browsing
1569750484.907,799,467,None,Move,browsing
1569750484.915,807,467,None,Move,browsing
1569750484.923,815,467,None,Move,browsing
1569750484.93,823,467,None,Move,browsing
1569750484.938,831,467,None,Move,browsing
1569750484.946,839,467,None,Move,browsing
1569750484.954,844,467,None,Move,browsing
1569750484.9629998,847,468,None,Move,browsing
1569750484.97,847,468,None,Move,browsing
1569750485.159,847,468,None,Move,browsing
1569750485.346,848,469,None,Move,browsing
1569750485.354,852,470,None,Move,browsing
1569750485.3620002,859,471,None,Move,browsing
1569750485.371,867,471,None,Move,browsing
1569750485.377,881,471,None,Move,browsing
1569750485.3860002,897,471,None,Move,browsing
1569750485.395,922,474,None,Move,browsing
1569750485.4020002,958,474,None,Move,browsing
1569750485.41,1004,476,None,Move,browsing
1569750485.416,1042,476,None,Move,browsing
1569750485.424,1094,475,None,Move,browsing
1569750485.4320002,1157,471,None,Move,browsing
1569750485.44,1214,467,None,Move,browsing
1569750485.448,1269,463,None,Move,browsing
1569750485.456,1322,457,None,Move,browsing
1569750485.464,1382,453,None,Move,browsing
1569750485.472,1442,451,None,Move,browsing
1569750485.48,1494,452,None,Move,browsing
1569750485.486,1537,451,None,Move,browsing
1569750485.495,1577,446,None,Move,browsing
1569750485.502,1605,444,None,Move,browsing
1569750485.51,1620,442,None,Move,browsing
1569750485.518,1633,442,None,Move,browsing
1569750485.526,1641,442,None,Move,browsing
1569750485.5370002,1644,442,None,Move,browsing
1569750485.545,1645,442,None,Move,browsing
1569750485.5879998,1645,442,None,Move,browsing
1569750485.604,1645,442,None,Move,browsing
1569750485.8,1644,443,None,Move,browsing
1569750485.809,1644,443,None,Move,browsing
1569750485.8179998,1642,443,None,Move,browsing
1569750485.826,1636,444,None,Move,browsing
1569750485.834,1631,445,None,Move,browsing
1569750485.842,1625,445,None,Move,browsing
1569750485.85,1617,446,None,Move,browsing
1569750485.8579998,1609,447,None,Move,browsing
1569750485.867,1600,447,None,Move,browsing
1569750485.8739998,1586,447,None,Move,browsing
1569750485.8820002,1571,445,None,Move,browsing
1569750485.891,1556,442,None,Move,browsing
1569750485.8979998,1536,440,None,Move,browsing
1569750485.906,1508,430,None,Move,browsing
1569750485.914,1475,418,None,Move,browsing
1569750485.921,1437,411,None,Move,browsing
1569750485.929,1394,399,None,Move,browsing
1569750485.937,1349,388,None,Move,browsing
1569750485.945,1309,382,None,Move,browsing
1569750485.9529998,1271,372,None,Move,browsing
1569750485.96,1230,359,None,Move,browsing
1569750485.968,1184,343,None,Move,browsing
1569750485.976,1143,326,None,Move,browsing
1569750485.984,1114,315,None,Move,browsing
1569750485.992,1092,305,None,Move,browsing
1569750485.9989998,1074,299,None,Move,browsing
1569750486.0070002,1065,295,None,Move,browsing
1569750486.014,1060,293,None,Move,browsing
1569750486.0229998,1060,292,None,Move,browsing
1569750486.044,1060,292,None,Move,browsing
1569750486.052,1060,292,None,Move,browsing
1569750486.06,1061,293,None,Move,browsing
1569750486.07,1064,295,None,Move,browsing
1569750486.0779998,1070,299,None,Move,browsing
1569750486.085,1079,306,None,Move,browsing
1569750486.094,1089,313,None,Move,browsing
1569750486.101,1102,320,None,Move,browsing
1569750486.11,1122,330,None,Move,browsing
1569750486.117,1153,342,None,Move,browsing
1569750486.125,1183,352,None,Move,browsing
1569750486.1320002,1222,367,None,Move,browsing
1569750486.141,1262,378,None,Move,browsing
1569750486.1479998,1301,392,None,Move,browsing
1569750486.155,1337,405,None,Move,browsing
1569750486.163,1378,418,None,Move,browsing
1569750486.171,1409,432,None,Move,browsing
1569750486.179,1435,443,None,Move,browsing
1569750486.187,1455,452,None,Move,browsing
1569750486.195,1471,461,None,Move,browsing
1569750486.2029998,1481,468,None,Move,browsing
1569750486.211,1488,474,None,Move,browsing
1569750486.218,1494,478,None,Move,browsing
1569750486.228,1496,480,None,Move,browsing
1569750486.238,1498,482,None,Move,browsing
1569750486.244,1499,482,None,Move,browsing
1569750486.254,1499,483,None,Move,browsing
1569750486.33,1499,483,None,Move,browsing
1569750486.342,1500,483,None,Move,browsing
1569750486.3639998,1500,483,None,Move,browsing
1569750486.3760002,1502,483,None,Move,browsing
1569750486.387,1503,483,None,Move,browsing
1569750486.3979998,1504,483,None,Move,browsing
1569750486.407,1505,483,None,Move,browsing
1569750486.417,1509,484,None,Move,browsing
1569750486.425,1512,486,None,Move,browsing
1569750486.436,1514,487,None,Move,browsing
1569750486.444,1517,488,None,Move,browsing
1569750486.4529998,1518,488,None,Move,browsing
1569750486.461,1520,489,None,Move,browsing
1569750486.469,1522,490,None,Move,browsing
1569750486.4770002,1524,490,None,Move,browsing
1569750486.488,1526,491,None,Move,browsing
1569750486.4970002,1527,492,None,Move,browsing
1569750486.5070002,1528,492,None,Move,browsing
1569750486.5170002,1531,494,None,Move,browsing
1569750486.525,1533,495,None,Move,browsing
1569750486.533,1535,496,None,Move,browsing
1569750486.541,1535,496,None,Move,browsing
1569750486.551,1536,497,None,Move,browsing
1569750486.5579998,1536,497,None,Move,browsing
1569750486.5670002,1537,497,None,Move,browsing
1569750486.6720002,1537,497,Left,Pressed,browsing
1569750486.795,1537,497,Left,Released,browsing
1569750486.934,1537,497,None,Move,browsing
1569750486.9420002,1537,497,None,Move,browsing
1569750486.95,1534,498,None,Move,browsing
1569750486.959,1528,499,None,Move,browsing
1569750486.966,1520,501,None,Move,browsing
1569750486.9729998,1507,503,None,Move,browsing
1569750486.981,1487,509,None,Move,browsing
1569750486.988,1458,514,None,Move,browsing
1569750486.996,1429,519,None,Move,browsing
1569750487.0029998,1395,524,None,Move,browsing
1569750487.0129998,1356,528,None,Move,browsing
1569750487.021,1330,531,None,Move,browsing
1569750487.03,1309,535,None,Move,browsing
1569750487.0370002,1296,537,None,Move,browsing
1569750487.045,1288,538,None,Move,browsing
1569750487.054,1281,538,None,Move,browsing
1569750487.062,1276,538,None,Move,browsing
1569750487.07,1270,538,None,Move,browsing
1569750487.079,1268,538,None,Move,browsing
1569750487.087,1267,538,None,Move,browsing
1569750487.292,1267,538,None,Move,browsing
1569750487.8739998,1267,537,None,Move,browsing
1569750488.061,1266,537,None,Move,browsing
1569750488.072,1265,535,None,Move,browsing
1569750488.081,1265,535,None,Move,browsing
1569750488.092,1264,533,None,Move,browsing
1569750488.103,1263,532,None,Move,browsing
1569750488.1139998,1262,529,None,Move,browsing
1569750488.1239998,1261,528,None,Move,browsing
1569750488.1360002,1259,526,None,Move,browsing
1569750488.147,1256,521,None,Move,browsing
1569750488.157,1254,518,None,Move,browsing
1569750488.165,1251,512,None,Move,browsing
1569750488.175,1241,500,None,Move,browsing
1569750488.187,1236,493,None,Move,browsing
1569750488.196,1230,486,None,Move,browsing
1569750488.205,1222,477,None,Move,browsing
1569750488.215,1200,459,None,Move,browsing
1569750488.2229998,1181,447,None,Move,browsing
1569750488.2329998,1155,434,None,Move,browsing
1569750488.242,1127,421,None,Move,browsing
1569750488.2529998,1041,388,None,Move,browsing
1569750488.2629998,992,373,None,Move,browsing
1569750488.2729998,952,360,None,Move,browsing
1569750488.282,901,348,None,Move,browsing
1569750488.289,857,337,None,Move,browsing
1569750488.298,799,315,None,Move,browsing
1569750488.306,773,304,None,Move,browsing
1569750488.315,755,294,None,Move,browsing
1569750488.322,740,286,None,Move,browsing
1569750488.33,726,278,None,Move,browsing
1569750488.3379998,713,271,None,Move,browsing
1569750488.346,705,264,None,Move,browsing
1569750488.354,697,260,None,Move,browsing
1569750488.3620002,692,258,None,Move,browsing
1569750488.37,686,256,None,Move,browsing
1569750488.377,681,254,None,Move,browsing
1569750488.385,680,254,None,Move,browsing
1569750488.3920002,679,254,None,Move,browsing
1569750488.401,678,254,None,Move,browsing
1569750488.446,678,254,None,Move,browsing
1569750488.458,677,255,None,Move,browsing
1569750488.532,677,255,None,Move,browsing
1569750488.54,672,255,None,Move,browsing
1569750488.548,659,257,None,Move,browsing
1569750488.556,644,260,None,Move,browsing
1569750488.564,624,262,None,Move,browsing
1569750488.572,603,265,None,Move,browsing
1569750488.58,588,268,None,Move,browsing
1569750488.5879998,581,269,None,Move,browsing
1569750488.596,578,269,None,Move,browsing
1569750488.603,575,268,None,Move,browsing
1569750488.611,572,264,None,Move,browsing
1569750488.619,566,259,None,Move,browsing
1569750488.627,560,251,None,Move,browsing
1569750488.6339998,553,240,None,Move,browsing
1569750488.6420002,546,228,None,Move,browsing
1569750488.651,540,214,None,Move,browsing
1569750488.658,538,199,None,Move,browsing
1569750488.666,535,178,None,Move,browsing
1569750488.674,533,160,None,Move,browsing
1569750488.6820002,530,142,None,Move,browsing
1569750488.691,529,128,None,Move,browsing
1569750488.699,529,115,None,Move,browsing
1569750488.707,529,105,None,Move,browsing
1569750488.714,528,95,None,Move,browsing
1569750488.722,527,84,None,Move,browsing
1569750488.735,526,74,None,Move,browsing
1569750488.746,525,59,None,Move,browsing
1569750488.7570002,525,53,None,Move,browsing
1569750488.7670002,526,36,None,Move,browsing
1569750488.776,528,28,None,Move,browsing
1569750488.7870002,531,20,None,Move,browsing
1569750488.799,535,8,None,Move,browsing
1569750488.8079998,536,5,None,Move,browsing
1569750488.82,536,4,None,Move,browsing
1569750488.832,536,1,None,Move,browsing
1569750488.842,536,0,None,Move,browsing
1569750488.8520002,536,-1,None,Move,browsing
1569750488.863,536,-1,None,Move,browsing
1569750488.8720002,536,-1,None,Move,browsing
1569750488.904,536,-1,None,Move,browsing
1569750489.1360002,536,0,None,Move,browsing
1569750489.147,535,1,None,Move,browsing
1569750489.154,534,1,None,Move,browsing
1569750489.163,533,2,None,Move,browsing
1569750489.17,532,4,None,Move,browsing
1569750489.18,530,5,None,Move,browsing
1569750489.189,528,7,None,Move,browsing
1569750489.198,525,8,None,Move,browsing
1569750489.207,520,10,None,Move,browsing
1569750489.217,514,14,None,Move,browsing
1569750489.225,510,16,None,Move,browsing
1569750489.234,508,18,None,Move,browsing
1569750489.2410002,507,19,None,Move,browsing
1569750489.252,505,20,None,Move,browsing
1569750489.2589998,505,21,None,Move,browsing
1569750489.269,504,22,None,Move,browsing
1569750489.2770002,504,22,None,Move,browsing
1569750489.2870002,504,23,None,Move,browsing
1569750489.6160002,504,23,None,Move,file system
1569750489.629,504,24,None,Move,file system
1569750489.637,504,24,None,Move,file system
1569750489.647,504,26,None,Move,file system
1569750489.657,504,26,None,Move,file system
1569750489.668,504,27,None,Move,file system
1569750489.676,504,27,None,Move,file system
1569750489.687,504,28,None,Move,file system
1569750489.696,504,29,None,Move,file system
1569750492.522,1790,16,None,Move,browsing
1569750492.546,1790,17,None,Move,browsing
1569750492.562,1790,17,None,Move,browsing
1569750492.5779998,1788,20,None,Move,browsing
1569750492.589,1786,22,None,Move,browsing
1569750492.603,1783,25,None,Move,browsing
1569750492.615,1781,31,None,Move,browsing
1569750492.625,1774,43,None,Move,browsing
1569750492.639,1767,50,None,Move,browsing
1569750492.653,1750,68,None,Move,browsing
1569750492.663,1707,103,None,Move,browsing
1569750492.681,1633,170,None,Move,browsing
1569750492.696,1565,220,None,Move,browsing
1569750492.705,1535,239,None,Move,browsing
1569750492.717,1493,263,None,Move,browsing
1569750492.73,1394,321,None,Move,browsing
1569750492.7429998,1318,370,None,Move,browsing
1569750492.755,1288,393,None,Move,browsing
1569750492.768,1225,450,None,Move,browsing
1569750492.781,1173,489,None,Move,browsing
1569750492.789,1157,499,None,Move,browsing
1569750492.801,1147,505,None,Move,browsing
1569750492.812,1135,510,None,Move,browsing
1569750492.82,1134,512,None,Move,browsing
1569750492.833,1133,512,None,Move,browsing
1569750492.843,1131,513,None,Move,browsing
1569750492.853,1130,513,None,Move,browsing
1569750492.8660002,1130,513,None,Move,browsing
1569750492.904,1130,514,None,Move,browsing
1569750493.724,1130,514,None,Move,file system
1569750493.736,1128,515,None,Move,development
1569750493.7610002,1117,516,None,Move,development
1569750493.7770002,1100,517,None,Move,development
1569750493.792,1078,518,None,Move,development
1569750493.802,1064,520,None,Move,development
1569750493.811,1038,522,None,Move,development
1569750493.82,1021,522,None,Move,development
1569750493.829,1003,519,None,Move,development
1569750493.8379998,983,518,None,Move,development
1569750493.847,964,518,None,Move,development
1569750493.856,938,521,None,Move,development
1569750493.863,909,528,None,Move,development
1569750493.87,885,531,None,Move,development
1569750493.877,866,531,None,Move,development
1569750493.885,854,530,None,Move,development
1569750493.891,844,530,None,Move,development
1569750493.8979998,836,530,None,Move,development
1569750493.906,829,530,None,Move,development
1569750493.913,823,530,None,Move,development
1569750493.9220002,820,529,None,Move,development
1569750493.928,819,527,None,Move,development
1569750493.936,817,527,None,Move,development
1569750493.9429998,817,526,None,Move,development
1569750493.954,817,526,None,Move,development
1569750493.962,817,526,None,Move,development
1569750494.0579998,816,526,None,Move,development
1569750494.07,816,526,None,Move,development
1569750494.079,814,526,None,Move,development
1569750494.086,810,527,None,Move,development
1569750494.094,805,529,None,Move,development
1569750494.101,801,530,None,Move,development
1569750494.111,796,532,None,Move,development
1569750494.12,790,534,None,Move,development
1569750494.129,785,536,None,Move,development
1569750494.1379998,779,538,None,Move,development
1569750494.147,772,540,None,Move,development
1569750494.155,766,543,None,Move,development
1569750494.164,761,545,None,Move,development
1569750494.1720002,754,548,None,Move,development
1569750494.18,750,550,None,Move,development
1569750494.189,747,551,None,Move,development
1569750494.196,746,553,None,Move,development
1569750494.205,744,554,None,Move,development
1569750494.212,744,554,None,Move,development
1569750494.218,742,555,None,Move,development
1569750494.2270002,742,555,None,Move,development
1569750494.238,741,556,None,Move,development
1569750494.282,741,556,None,Move,development
1569750494.292,740,557,None,Move,development
1569750494.301,740,558,None,Move,development
1569750494.3079998,738,559,None,Move,development
1569750494.316,737,560,None,Move,development
1569750494.325,735,562,None,Move,development
1569750494.332,731,563,None,Move,development
1569750494.342,727,565,None,Move,development
1569750494.349,719,567,None,Move,development
1569750494.357,709,569,None,Move,development
1569750494.365,699,573,None,Move,development
1569750494.373,689,575,None,Move,development
1569750494.381,679,576,None,Move,development
1569750494.389,668,577,None,Move,development
1569750494.397,659,578,None,Move,development
1569750494.405,651,579,None,Move,development
1569750494.4120002,641,579,None,Move,development
1569750494.42,632,579,None,Move,development
1569750494.429,621,579,None,Move,development
1569750494.435,610,574,None,Move,development
1569750494.445,599,568,None,Move,development
1569750494.452,589,561,None,Move,development
1569750494.46,580,552,None,Move,development
1569750494.467,573,545,None,Move,development
1569750494.476,565,538,None,Move,development
1569750494.4829998,559,532,None,Move,development
1569750494.4910002,553,525,None,Move,development
1569750494.4989998,549,519,None,Move,development
1569750494.5070002,547,514,None,Move,development
1569750494.516,545,511,None,Move,development
1569750494.5229998,544,510,None,Move,development
1569750494.532,544,508,None,Move,development
1569750494.539,543,507,None,Move,development
1569750494.5470002,543,506,None,Move,development
1569750494.5570002,543,505,None,Move,development
1569750494.565,543,504,None,Move,development
1569750494.573,542,504,None,Move,development
1569750494.58,542,503,None,Move,development
1569750494.589,541,503,None,Move,development
1569750494.596,540,502,None,Move,development
1569750494.605,539,502,None,Move,development
1569750494.6120002,538,500,None,Move,development
1569750494.62,536,499,None,Move,development
1569750494.627,535,498,None,Move,development
1569750494.635,534,498,None,Move,development
1569750494.644,532,497,None,Move,development
1569750494.651,531,496,None,Move,development
1569750494.659,530,495,None,Move,development
1569750494.666,528,495,None,Move,development
1569750494.675,527,495,None,Move,development
1569750494.6829998,526,495,None,Move,development
1569750494.691,524,495,None,Move,development
1569750494.699,523,495,None,Move,development
1569750494.708,522,495,None,Move,development
1569750494.715,521,495,None,Move,development
1569750494.7229998,519,495,None,Move,development
1569750494.73,518,496,None,Move,development
1569750494.7389998,515,497,None,Move,development
1569750494.7470002,513,498,None,Move,development
1569750494.756,509,500,None,Move,development
1569750494.7629998,505,503,None,Move,development
1569750494.771,499,508,None,Move,development
1569750494.78,492,513,None,Move,development
1569750494.7870002,486,519,None,Move,development
1569750494.796,480,525,None,Move,development
1569750494.805,469,539,None,Move,development
1569750494.814,465,545,None,Move,development
1569750494.821,461,551,None,Move,development
1569750494.83,458,555,None,Move,development
1569750494.836,455,561,None,Move,development
1569750494.845,452,567,None,Move,development
1569750494.8520002,450,573,None,Move,development
1569750494.86,448,579,None,Move,development
1569750494.8679998,447,586,None,Move,development
1569750494.877,446,591,None,Move,development
1569750494.885,446,597,None,Move,development
1569750494.891,445,602,None,Move,development
1569750494.9,445,608,None,Move,development
1569750494.907,446,612,None,Move,development
1569750494.916,447,617,None,Move,development
1569750494.923,448,620,None,Move,development
1569750494.931,449,623,None,Move,development
1569750494.939,450,625,None,Move,development
1569750494.948,450,626,None,Move,development
1569750494.956,450,628,None,Move,development
1569750494.9629998,450,628,None,Move,development
1569750494.972,450,630,None,Move,development
1569750494.979,450,630,None,Move,development
1569750494.988,450,631,None,Move,development
1569750494.996,450,632,None,Move,development
1569750495.002,450,632,None,Move,development
1569750495.0110002,450,633,None,Move,development
1569750495.019,449,634,None,Move,development
1569750495.0270002,448,634,None,Move,development
1569750495.035,448,635,None,Move,development
1569750495.043,447,635,None,Move,development
1569750495.051,447,636,None,Move,development
1569750495.059,446,637,None,Move,development
1569750495.066,444,639,None,Move,development
1569750495.075,443,640,None,Move,development
1569750495.082,441,641,None,Move,development
1569750495.091,440,643,None,Move,development
1569750495.0979998,438,644,None,Move,development
1569750495.107,436,646,None,Move,development
1569750495.1139998,435,647,None,Move,development
1569750495.123,433,649,None,Move,development
1569750495.13,432,650,None,Move,development
1569750495.1379998,431,651,None,Move,development
1569750495.178,431,651,None,Move,development
1569750495.19,430,651,None,Move,development
1569750495.198,430,651,None,Move,development
1569750495.49,430,651,None,Move,development
1569750495.9420002,430,649,None,Move,development
1569750495.949,429,644,None,Move,development
1569750495.957,428,638,None,Move,development
1569750495.965,428,633,None,Move,development
1569750495.974,428,627,None,Move,development
1569750495.982,428,623,None,Move,development
1569750495.992,428,619,None,Move,development
1569750496.0,429,617,None,Move,development
1569750496.008,430,614,None,Move,development
1569750496.016,430,613,None,Move,development
1569750496.024,431,612,None,Move,development
1569750496.032,431,610,None,Move,development
1569750496.04,432,610,None,Move,development
1569750496.048,432,610,None,Move,development
1569750496.09,432,609,None,Move,development
1569750496.1020002,433,608,None,Move,development
1569750496.11,433,608,None,Move,development
1569750496.1179998,435,606,None,Move,development
1569750496.1260002,436,605,None,Move,development
1569750496.1339998,437,603,None,Move,development
1569750496.1420002,437,603,None,Move,development
1569750496.149,438,603,None,Move,development
1569750496.22,438,602,None,Move,development
1569750496.232,438,602,None,Move,development
1569750496.242,438,601,None,Move,development
1569750496.332,439,601,None,Move,development
1569750496.3479998,439,601,None,Move,development
1569750496.356,439,602,None,Move,development
1569750496.3639998,439,603,None,Move,development
1569750496.3720002,439,605,None,Move,development
1569750496.38,439,606,None,Move,development
1569750496.3879998,439,607,None,Move,development
1569750496.396,439,608,None,Move,development
1569750496.4020002,439,609,None,Move,development
1569750496.418,439,610,None,Move,development
1569750496.586,439,610,Left,Pressed,development
1569750496.586,439,610,None,Drag,development
1569750496.597,439,609,None,Drag,development
1569750496.607,439,608,None,Drag,development
1569750496.6160002,437,606,None,Drag,development
1569750496.6260002,435,602,None,Drag,development
1569750496.6339998,433,596,None,Drag,development
1569750496.6420002,432,590,None,Drag,development
1569750496.65,430,584,None,Drag,development
1569750496.657,428,579,None,Drag,development
1569750496.67,424,566,None,Drag,development
1569750496.679,422,559,None,Drag,development
1569750496.6920002,420,551,None,Drag,development
1569750496.7,416,534,None,Drag,development
1569750496.7129998,415,526,None,Drag,development
1569750496.728,411,507,None,Drag,development
1569750496.744,411,487,None,Drag,development
1569750496.758,411,469,None,Drag,development
1569750496.774,412,457,None,Drag,development
1569750496.789,412,447,None,Drag,development
1569750496.8079998,412,443,None,Drag,development
1569750496.823,412,441,None,Drag,development
1569750496.831,412,441,None,Drag,development
1569750496.846,412,440,None,Drag,development
1569750496.86,412,440,None,Drag,development
1569750496.875,412,437,None,Drag,development
1569750496.8839998,411,436,None,Drag,development
1569750496.897,409,434,None,Drag,development
1569750496.907,408,432,None,Drag,development
1569750496.918,407,432,None,Drag,development
1569750496.928,405,430,None,Drag,development
1569750496.9429998,404,430,None,Drag,development
1569750496.955,403,429,None,Drag,development
1569750496.965,402,429,None,Drag,development
1569750496.974,402,429,None,Drag,development
1569750496.984,401,428,None,Drag,development
1569750496.9970002,400,427,None,Drag,development
1569750497.0070002,400,426,None,Drag,development
1569750497.018,399,426,None,Drag,development
1569750497.1160002,399,426,None,Drag,development
1569750497.178,399,427,None,Drag,development
1569750497.252,398,427,None,Drag,development
1569750497.264,398,428,None,Drag,development
1569750497.274,397,428,None,Drag,development
1569750497.284,397,428,None,Drag,development
1569750497.2970002,396,429,None,Drag,development
1569750497.3070002,396,429,None,Drag,development
1569750497.3179998,395,429,None,Drag,development
1569750497.341,395,430,None,Drag,development
1569750497.35,394,431,None,Drag,development
1569750497.3620002,394,431,None,Drag,development
1569750497.3760002,392,433,None,Drag,development
1569750497.387,389,435,None,Drag,development
1569750497.407,376,442,None,Drag,development
1569750497.417,370,444,None,Drag,development
1569750497.431,358,448,None,Drag,development
1569750497.441,353,450,None,Drag,development
1569750497.457,347,453,None,Drag,development
1569750497.465,347,453,None,Drag,development
1569750497.6420002,346,453,None,Drag,development
1569750497.653,345,453,None,Drag,development
1569750497.661,344,452,None,Drag,development
1569750497.669,343,450,None,Drag,development
1569750497.678,341,449,None,Drag,development
1569750497.686,340,447,None,Drag,development
1569750497.696,339,447,None,Drag,development
1569750497.7029998,339,446,None,Drag,development
1569750497.714,338,446,None,Drag,development
1569750497.752,338,445,None,Drag,development
1569750497.764,337,445,None,Drag,development
1569750497.7729998,336,444,None,Drag,development
1569750497.788,336,444,None,Drag,development
1569750497.788,336,444,Left,Released,development
1569750498.173,336,444,None,Move,development
1569750498.27,336,444,None,Move,development
1569750498.322,336,444,None,Move,development
1569750498.544,336,445,None,Move,development
1569750498.5679998,336,445,None,Move,development
1569750498.593,337,446,None,Move,development
1569750498.6520002,337,446,None,Move,development
1569750498.679,338,446,None,Move,development
1569750498.6920002,338,446,None,Move,development
1569750498.706,339,446,None,Move,development
1569750498.715,339,446,None,Move,development
1569750498.725,340,446,None,Move,development
1569750498.742,341,446,None,Move,development
1569750498.75,341,446,None,Move,development
1569750498.84,342,446,None,Move,development
1569750498.8520002,342,446,None,Move,development
1569750498.861,343,446,None,Move,development
1569750498.87,343,445,None,Move,development
1569750498.88,343,445,None,Move,development
1569750498.894,344,445,None,Move,development
1569750498.906,345,445,None,Move,development
1569750498.915,345,444,None,Move,development
1569750498.924,346,444,None,Move,development
1569750498.9320002,348,442,None,Move,development
1569750498.9420002,349,442,None,Move,development
1569750498.951,351,440,None,Move,development
1569750498.962,353,439,None,Move,development
1569750498.972,358,437,None,Move,development
1569750498.9829998,360,436,None,Move,development
1569750498.996,365,433,None,Move,development
1569750499.006,366,431,None,Move,development
1569750499.0170002,370,430,None,Move,development
1569750499.031,371,429,None,Move,development
1569750499.041,372,428,None,Move,development
1569750499.049,373,428,None,Move,development
1569750499.094,373,428,None,Move,development
1569750499.1160002,374,427,None,Move,development
1569750499.125,375,427,None,Move,development
1569750499.133,376,426,None,Move,development
1569750499.144,376,426,None,Move,development
1569750499.156,377,426,None,Move,development
1569750499.702,378,426,None,Move,development
1569750499.714,378,426,None,Move,development
1569750499.726,379,426,None,Move,development
1569750499.7370002,379,426,None,Move,development
1569750499.7470002,380,425,None,Move,development
1569750499.758,381,425,None,Move,development
1569750499.769,382,425,None,Move,development
1569750499.781,383,425,None,Move,development
1569750499.791,383,424,None,Move,development
1569750499.801,384,424,None,Move,development
1569750499.809,386,424,None,Move,development
1569750499.821,388,423,None,Move,development
1569750499.831,388,423,None,Move,development
1569750499.84,389,423,None,Move,development
1569750499.849,391,423,None,Move,development
1569750499.859,393,422,None,Move,development
1569750499.8679998,393,422,None,Move,development
1569750499.8760002,394,422,None,Move,development
1569750499.885,395,422,None,Move,development
1569750499.8920002,395,422,None,Move,development
1569750499.903,396,422,None,Move,development
1569750499.911,397,422,None,Move,development
1569750499.92,398,422,None,Move,development
1569750499.928,398,422,None,Move,development
1569750499.937,399,422,None,Move,development
1569750499.945,399,422,None,Move,development
1569750499.964,400,422,None,Move,development
1569750502.3860002,400,422,None,Move,browsing
1569750502.6160002,400,422,None,Move,browsing
1569750503.732,400,422,None,Move,browsing
1569750503.74,400,424,None,Move,browsing
1569750503.7470002,405,429,None,Move,browsing
1569750503.755,414,435,None,Move,browsing
1569750503.762,431,446,None,Move,browsing
1569750503.772,460,461,None,Move,browsing
1569750503.781,492,479,None,Move,browsing
1569750503.789,523,489,None,Move,browsing
1569750503.796,560,496,None,Move,browsing
1569750503.803,590,497,None,Move,browsing
1569750503.81,616,501,None,Move,browsing
1569750503.819,631,503,None,Move,browsing
1569750503.827,644,503,None,Move,browsing
1569750503.836,654,503,None,Move,browsing
1569750503.843,659,498,None,Move,browsing
1569750503.851,660,490,None,Move,browsing
1569750503.8579998,660,473,None,Move,browsing
1569750503.8660002,655,439,None,Move,browsing
1569750503.873,651,400,None,Move,browsing
1569750503.8820002,652,364,None,Move,browsing
1569750503.89,655,323,None,Move,browsing
1569750503.8979998,657,290,None,Move,browsing
1569750503.905,656,254,None,Move,browsing
1569750503.914,656,224,None,Move,browsing
1569750503.9220002,658,196,None,Move,browsing
1569750503.929,661,170,None,Move,browsing
1569750503.937,665,151,None,Move,browsing
1569750503.944,672,134,None,Move,browsing
1569750503.9529998,676,122,None,Move,browsing
1569750503.96,680,113,None,Move,browsing
1569750503.97,683,107,None,Move,browsing
1569750503.98,684,103,None,Move,browsing
1569750503.9889998,685,103,None,Move,browsing
1569750504.056,685,102,None,Move,browsing
1569750504.063,687,99,None,Move,browsing
1569750504.071,689,93,None,Move,browsing
1569750504.0779998,691,87,None,Move,browsing
1569750504.087,693,81,None,Move,browsing
1569750504.094,694,78,None,Move,browsing
1569750504.104,694,77,None,Move,browsing
1569750504.11,694,75,None,Move,browsing
1569750504.121,694,73,None,Move,browsing
1569750504.1279998,693,73,None,Move,browsing
1569750504.1360002,692,73,None,Move,browsing
1569750504.143,689,73,None,Move,browsing
1569750504.153,687,75,None,Move,browsing
1569750504.161,686,76,None,Move,browsing
1569750504.17,685,77,None,Move,browsing
1569750504.179,685,79,None,Move,browsing
1569750504.187,684,80,None,Move,browsing
1569750504.197,684,84,None,Move,browsing
1569750504.205,684,86,None,Move,browsing
1569750504.212,684,89,None,Move,browsing
1569750504.221,683,91,None,Move,browsing
1569750504.228,682,95,None,Move,browsing
1569750504.238,681,98,None,Move,browsing
1569750504.245,679,103,None,Move,browsing
1569750504.256,677,109,None,Move,browsing
1569750504.264,676,114,None,Move,browsing
1569750504.272,675,120,None,Move,browsing
1569750504.282,675,125,None,Move,browsing
1569750504.292,675,132,None,Move,browsing
1569750504.302,675,135,None,Move,browsing
1569750504.31,675,137,None,Move,browsing
1569750504.3179998,676,138,None,Move,browsing
1569750504.326,677,139,None,Move,browsing
1569750504.335,677,140,None,Move,browsing
1569750504.3520002,678,140,None,Move,browsing
1569750504.3679998,678,141,None,Move,browsing
1569750504.381,679,141,None,Move,browsing
1569750504.39,680,141,None,Move,browsing
1569750504.406,680,142,None,Move,browsing
1569750504.415,681,142,None,Move,browsing
1569750504.426,681,142,None,Move,browsing
1569750504.6360002,681,142,None,Move,browsing
1569750504.71,681,142,Left,Pressed,browsing
1569750504.71,681,142,None,Drag,browsing
1569750504.722,682,142,None,Drag,browsing
1569750504.73,682,141,None,Drag,browsing
1569750504.738,683,140,None,Drag,browsing
1569750504.738,683,140,Left,Released,browsing
1569750504.752,684,139,None,Move,browsing
1569750504.76,685,138,None,Move,browsing
1569750504.768,686,136,None,Move,browsing
1569750504.778,687,136,None,Move,browsing
1569750504.972,687,135,None,Move,browsing
1569750505.1479998,687,135,Left,Pressed,browsing
1569750505.1479998,687,135,None,Drag,browsing
1569750505.1479998,687,135,Left,Released,browsing
1569750505.244,687,135,None,Move,browsing
1569750505.3179998,687,135,None,Move,browsing
1569750505.4320002,687,136,None,Move,browsing
1569750505.44,691,142,None,Move,browsing
1569750505.448,698,155,None,Move,browsing
1569750505.456,708,169,None,Move,browsing
1569750505.464,716,178,None,Move,browsing
1569750505.471,719,183,None,Move,browsing
1569750505.49,719,183,None,Move,browsing
1569750505.502,718,183,None,Move,browsing
1569750505.515,715,182,None,Move,browsing
1569750505.525,708,178,None,Move,browsing
1569750505.532,699,174,None,Move,browsing
1569750505.54,692,170,None,Move,browsing
1569750505.548,686,165,None,Move,browsing
1569750505.554,680,161,None,Move,browsing
1569750505.563,674,158,None,Move,browsing
1569750505.569,668,154,None,Move,browsing
1569750505.576,662,152,None,Move,browsing
1569750505.583,656,150,None,Move,browsing
1569750505.591,652,148,None,Move,browsing
1569750505.599,650,148,None,Move,browsing
1569750505.606,647,147,None,Move,browsing
1569750505.627,635,146,None,Move,browsing
1569750505.6379998,631,145,None,Move,browsing
1569750505.646,626,144,None,Move,browsing
1569750505.653,622,143,None,Move,browsing
1569750505.66,617,142,None,Move,browsing
1569750505.667,612,140,None,Move,browsing
1569750505.675,607,139,None,Move,browsing
1569750505.6820002,604,138,None,Move,browsing
1569750505.69,601,137,None,Move,browsing
1569750505.698,597,137,None,Move,browsing
1569750505.705,590,136,None,Move,browsing
1569750505.7129998,583,136,None,Move,browsing
1569750505.72,573,136,None,Move,browsing
1569750505.728,561,136,None,Move,browsing
1569750505.736,548,136,None,Move,browsing
1569750505.744,534,136,None,Move,browsing
1569750505.752,521,136,None,Move,browsing
1569750505.76,509,136,None,Move,browsing
1569750505.768,497,136,None,Move,browsing
1569750505.776,485,136,None,Move,browsing
1569750505.784,477,137,None,Move,browsing
1569750505.792,470,138,None,Move,browsing
1569750505.801,465,139,None,Move,browsing
1569750505.8079998,462,139,None,Move,browsing
1569750505.8170002,460,139,None,Move,browsing
1569750505.825,460,139,None,Move,browsing
1569750505.832,460,138,None,Move,browsing
1569750505.8379998,460,138,None,Move,browsing
1569750505.847,460,137,None,Move,browsing
1569750505.86,460,137,None,Move,browsing
1569750505.962,460,137,None,Move,browsing
1569750505.974,461,137,None,Move,browsing
1569750506.08,461,136,None,Move,browsing
1569750506.204,461,136,None,Move,browsing
1569750506.232,461,136,Left,Pressed,browsing
1569750506.381,461,136,Left,Released,browsing
1569750506.426,462,136,None,Move,browsing
1569750506.8479998,462,136,None,Move,browsing
1569750506.857,463,135,None,Move,browsing
1569750506.865,465,135,None,Move,browsing
1569750506.873,467,134,None,Move,browsing
1569750506.88,468,134,None,Move,browsing
1569750506.887,469,134,None,Move,browsing
1569750506.8979998,472,134,None,Move,browsing
1569750506.906,475,133,None,Move,browsing
1569750506.915,477,133,None,Move,browsing
1569750506.923,480,132,None,Move,browsing
1569750506.931,483,132,None,Move,browsing
1569750506.938,487,132,None,Move,browsing
1569750506.945,490,132,None,Move,browsing
1569750506.954,492,132,None,Move,browsing
1569750506.962,495,132,None,Move,browsing
1569750506.969,496,132,None,Move,browsing
1569750506.9770002,498,132,None,Move,browsing
1569750506.984,499,134,None,Move,browsing
1569750506.9910002,500,135,None,Move,browsing
1569750506.998,502,135,None,Move,browsing
1569750507.006,503,135,None,Move,browsing
1569750507.014,504,136,None,Move,browsing
1569750507.022,507,137,None,Move,browsing
1569750507.029,508,137,None,Move,browsing
1569750507.0370002,509,138,None,Move,browsing
1569750507.044,512,139,None,Move,browsing
1569750507.051,514,139,None,Move,browsing
1569750507.06,515,140,None,Move,browsing
1569750507.0670002,517,141,None,Move,browsing
1569750507.074,518,141,None,Move,browsing
1569750507.082,519,141,None,Move,browsing
1569750507.091,520,141,None,Move,browsing
1569750507.105,520,141,None,Move,browsing
1569750507.1160002,521,141,None,Move,browsing
1569750507.1239998,521,141,None,Move,browsing
1569750507.131,522,141,None,Move,browsing
1569750507.139,523,141,None,Move,browsing
1569750507.1479998,524,141,None,Move,browsing
1569750507.156,524,141,None,Move,browsing
1569750507.198,524,141,None,Move,browsing
1569750507.272,524,141,Left,Pressed,browsing
1569750507.272,524,141,None,Drag,browsing
1569750507.272,524,141,Left,Released,browsing
1569750507.42,525,141,None,Move,browsing
1569750507.522,525,140,None,Move,browsing
1569750507.534,526,140,None,Move,browsing
1569750507.542,527,139,None,Move,browsing
1569750507.55,528,138,None,Move,browsing
1569750507.5579998,528,138,None,Move,browsing
1569750507.566,530,137,None,Move,browsing
1569750507.574,530,137,None,Move,browsing
1569750507.581,531,136,None,Move,browsing
1569750507.59,533,135,None,Move,browsing
1569750507.5979998,535,134,None,Move,browsing
1569750507.606,538,132,None,Move,browsing
1569750507.6139998,541,131,None,Move,browsing
1569750507.621,545,129,None,Move,browsing
1569750507.629,548,128,None,Move,browsing
1569750507.639,551,127,None,Move,browsing
1569750507.646,552,126,None,Move,browsing
1569750507.655,555,125,None,Move,browsing
1569750507.6620002,555,125,None,Move,browsing
1569750507.67,556,125,None,Move,browsing
1569750507.677,557,124,None,Move,browsing
1569750507.724,558,124,None,Move,browsing
1569750507.736,558,124,None,Move,browsing
1569750507.744,559,124,None,Move,browsing
1569750507.752,560,123,None,Move,browsing
1569750507.76,561,123,None,Move,browsing
1569750507.768,561,123,None,Move,browsing
1569750507.776,562,123,None,Move,browsing
1569750507.785,562,123,None,Move,browsing
1569750507.792,563,123,None,Move,browsing
1569750507.799,564,123,None,Move,browsing
1569750507.8070002,565,123,None,Move,browsing
1569750507.815,567,123,None,Move,browsing
1569750507.822,568,124,None,Move,browsing
1569750507.832,569,125,None,Move,browsing
1569750507.839,571,126,None,Move,browsing
1569750507.847,572,126,None,Move,browsing
1569750507.855,573,127,None,Move,browsing
1569750507.8620002,574,127,None,Move,browsing
1569750507.87,575,128,None,Move,browsing
1569750507.877,576,128,None,Move,browsing
1569750507.885,576,128,None,Move,browsing
1569750507.8920002,577,128,None,Move,browsing
1569750507.9,578,129,None,Move,browsing
1569750507.908,579,130,None,Move,browsing
1569750507.916,580,131,None,Move,browsing
1569750507.924,581,132,None,Move,browsing
1569750507.9320002,583,133,None,Move,browsing
1569750507.94,584,133,None,Move,browsing
1569750508.022,584,133,Left,Pressed,browsing
1569750508.022,584,133,None,Drag,browsing
1569750508.022,584,133,Left,Released,browsing
1569750508.232,584,133,None,Move,browsing
1569750508.244,585,133,None,Move,browsing
1569750508.2510002,586,133,None,Move,browsing
1569750508.2589998,587,133,None,Move,browsing
1569750508.266,590,133,None,Move,browsing
1569750508.274,594,133,None,Move,browsing
1569750508.282,600,134,None,Move,browsing
1569750508.29,605,135,None,Move,browsing
1569750508.298,611,135,None,Move,browsing
1569750508.306,616,135,None,Move,browsing
1569750508.314,622,135,None,Move,browsing
1569750508.322,626,135,None,Move,browsing
1569750508.33,630,135,None,Move,browsing
1569750508.3379998,635,135,None,Move,browsing
1569750508.346,638,135,None,Move,browsing
1569750508.3520002,641,135,None,Move,browsing
1569750508.36,644,135,None,Move,browsing
1569750508.3679998,647,134,None,Move,browsing
1569750508.3760002,648,134,None,Move,browsing
1569750508.3839998,649,134,None,Move,browsing
1569750508.3920002,651,133,None,Move,browsing
1569750508.4,652,133,None,Move,browsing
1569750508.408,653,132,None,Move,browsing
1569750508.416,655,132,None,Move,browsing
1569750508.423,656,132,None,Move,browsing
1569750508.43,657,132,None,Move,browsing
1569750508.438,659,131,None,Move,browsing
1569750508.446,660,131,None,Move,browsing
1569750508.454,660,131,None,Move,browsing
1569750508.462,661,131,None,Move,browsing
1569750508.486,662,131,None,Move,browsing
1569750508.512,662,130,None,Move,browsing
1569750508.52,662,130,Left,Pressed,browsing
1569750508.664,662,130,Left,Released,browsing
1569750509.206,662,130,Left,Pressed,browsing
1569750509.353,662,130,Left,Released,browsing
1569750509.508,662,130,Left,Pressed,browsing
1569750509.684,662,130,Left,Released,browsing
1569750510.076,662,130,Left,Pressed,browsing
1569750510.228,662,130,Left,Released,browsing
1569750510.4320002,662,130,None,Move,browsing
1569750510.444,662,130,None,Move,browsing
1569750510.452,662,131,None,Move,browsing
1569750510.46,663,132,None,Move,browsing
1569750510.467,663,133,None,Move,browsing
1569750510.474,664,134,None,Move,browsing
1569750510.482,665,136,None,Move,browsing
1569750510.49,667,137,None,Move,browsing
1569750510.5,668,139,None,Move,browsing
1569750510.5070002,670,142,None,Move,browsing
1569750510.515,671,144,None,Move,browsing
1569750510.522,673,145,None,Move,browsing
1569750510.53,674,147,None,Move,browsing
1569750510.5370002,675,149,None,Move,browsing
1569750510.545,676,150,None,Move,browsing
1569750510.552,676,151,None,Move,browsing
1569750510.56,676,153,None,Move,browsing
1569750510.5670002,677,154,None,Move,browsing
1569750510.576,677,155,None,Move,browsing
1569750510.584,677,157,None,Move,browsing
1569750510.592,677,158,None,Move,browsing
1569750510.6,677,159,None,Move,browsing
1569750510.6079998,678,161,None,Move,browsing
1569750510.6160002,678,162,None,Move,browsing
1569750510.623,678,163,None,Move,browsing
1569750510.63,679,169,None,Move,browsing
1569750510.6379998,681,174,None,Move,browsing
1569750510.646,683,179,None,Move,browsing
1569750510.654,685,182,None,Move,browsing
1569750510.6620002,685,184,None,Move,browsing
1569750510.67,685,185,None,Move,browsing
1569750510.716,685,185,None,Move,browsing
1569750513.026,685,185,None,Move,browsing
1569750513.038,685,185,None,Move,browsing
1569750513.046,685,185,None,Move,browsing
1569750513.0879998,685,185,None,Move,browsing
1569750513.1,685,185,None,Move,browsing
1569750513.1079998,690,180,None,Move,browsing
1569750513.115,707,169,None,Move,browsing
1569750513.125,746,135,None,Move,browsing
1569750513.133,803,98,None,Move,browsing
1569750513.14,872,63,None,Move,browsing
1569750513.1479998,953,32,None,Move,browsing
1569750513.156,1035,6,None,Move,browsing
1569750513.163,1117,-32,None,Move,browsing
1569750513.171,1210,-41,None,Move,browsing
1569750513.179,1294,-35,None,Move,browsing
1569750513.186,1369,-38,None,Move,browsing
1569750513.197,1451,-40,None,Move,browsing
1569750513.205,1525,-32,None,Move,browsing
1569750513.2129998,1594,-28,None,Move,browsing
1569750513.221,1653,-34,None,Move,browsing
1569750513.228,1693,-23,None,Move,browsing
1569750513.235,1722,-17,None,Move,browsing
1569750513.244,1739,-6,None,Move,browsing
1569750513.2529998,1747,-3,None,Move,browsing
1569750513.2629998,1753,0,None,Move,browsing
1569750513.27,1756,-1,None,Move,browsing
1569750513.279,1764,0,None,Move,browsing
1569750513.286,1770,0,None,Move,browsing
1569750513.296,1775,0,None,Move,browsing
1569750513.303,1783,0,None,Move,browsing
1569750513.31,1789,0,None,Move,browsing
1569750513.3179998,1791,0,None,Move,browsing
1569750513.327,1792,0,None,Move,browsing
1569750513.383,1793,2,None,Move,browsing
1569750513.393,1798,4,None,Move,browsing
1569750513.4,1805,6,None,Move,browsing
1569750513.408,1814,6,None,Move,browsing
1569750513.415,1825,6,None,Move,browsing
1569750513.423,1837,7,None,Move,browsing
1569750513.431,1846,7,None,Move,browsing
1569750513.44,1853,7,None,Move,browsing
1569750513.448,1859,7,None,Move,browsing
1569750513.457,1860,7,None,Move,browsing
1569750513.482,1860,6,None,Move,browsing
1569750513.532,1861,6,None,Move,browsing
1569750513.544,1861,6,None,Move,browsing
1569750513.63,1861,6,None,Move,browsing
1569750513.68,1861,5,Left,Pressed,browsing
1569750513.68,1861,5,None,Drag,browsing
1569750513.68,1861,5,Left,Released,browsing
1569750513.816,1861,5,None,Move,browsing
1569750513.834,1861,5,None,Move,browsing
1569750513.846,1859,5,None,Move,browsing
1569750513.857,1858,6,None,Move,browsing
1569750513.8679998,1853,7,None,Move,browsing
1569750513.879,1847,9,None,Move,browsing
1569750513.887,1840,11,None,Move,browsing
1569750513.897,1833,13,None,Move,browsing
1569750513.905,1824,17,None,Move,browsing
1569750513.916,1806,26,None,Move,browsing
1569750513.927,1793,33,None,Move,browsing
1569750513.938,1776,41,None,Move,browsing
1569750513.948,1743,56,None,Move,browsing
1569750513.958,1723,63,None,Move,browsing
1569750513.972,1685,80,None,Move,browsing
1569750513.9829998,1673,85,None,Move,browsing
1569750513.995,1649,92,None,Move,browsing
1569750514.002,1638,95,None,Move,browsing
1569750514.012,1628,100,None,Move,browsing
1569750514.02,1618,105,None,Move,browsing
1569750514.029,1608,111,None,Move,browsing
1569750514.0370002,1597,117,None,Move,browsing
1569750514.044,1586,123,None,Move,browsing
1569750514.052,1576,129,None,Move,browsing
1569750514.06,1566,137,None,Move,browsing
1569750514.0670002,1555,145,None,Move,browsing
1569750514.073,1544,157,None,Move,browsing
1569750514.08,1534,175,None,Move,browsing
1569750514.0879998,1524,196,None,Move,browsing
1569750514.095,1516,211,None,Move,browsing
1569750514.1020002,1511,221,None,Move,browsing
1569750514.11,1509,228,None,Move,browsing
1569750514.1179998,1507,233,None,Move,browsing
1569750514.1260002,1507,234,None,Move,browsing
1569750514.1320002,1507,234,None,Move,browsing
1569750514.176,1506,234,None,Move,browsing
1569750514.184,1504,235,None,Move,browsing
1569750514.1920002,1501,236,None,Move,browsing
1569750514.2,1497,236,None,Move,browsing
1569750514.208,1492,236,None,Move,browsing
1569750514.216,1486,236,None,Move,browsing
1569750514.2229998,1480,233,None,Move,browsing
1569750514.23,1474,230,None,Move,browsing
1569750514.238,1468,226,None,Move,browsing
1569750514.246,1463,223,None,Move,browsing
1569750514.254,1457,221,None,Move,browsing
1569750514.262,1455,220,None,Move,browsing
1569750514.27,1453,218,None,Move,browsing
1569750514.278,1453,218,None,Move,browsing
1569750514.3479998,1452,218,None,Move,browsing
1569750514.355,1449,223,None,Move,browsing
1569750514.3620002,1446,229,None,Move,browsing
1569750514.37,1444,233,None,Move,browsing
1569750514.3779998,1440,237,None,Move,browsing
1569750514.3860002,1437,240,None,Move,browsing
1569750514.394,1436,242,None,Move,browsing
1569750514.406,1434,243,None,Move,browsing
1569750514.413,1432,245,None,Move,browsing
1569750514.42,1431,246,None,Move,browsing
1569750514.427,1429,248,None,Move,browsing
1569750514.434,1428,250,None,Move,browsing
1569750514.4420002,1423,254,None,Move,browsing
1569750514.45,1419,259,None,Move,browsing
1569750514.457,1412,265,None,Move,browsing
1569750514.465,1406,272,None,Move,browsing
1569750514.472,1401,278,None,Move,browsing
1569750514.48,1397,284,None,Move,browsing
1569750514.488,1394,286,None,Move,browsing
1569750514.496,1391,289,None,Move,browsing
1569750514.504,1389,290,None,Move,browsing
1569750514.512,1388,292,None,Move,browsing
1569750514.519,1387,292,None,Move,browsing
1569750514.534,1387,293,None,Move,browsing
1569750514.542,1386,294,None,Move,browsing
1569750514.55,1386,295,None,Move,browsing
1569750514.5579998,1385,298,None,Move,browsing
1569750514.566,1384,299,None,Move,browsing
1569750514.574,1383,301,None,Move,browsing
1569750514.582,1383,302,None,Move,browsing
1569750514.59,1383,304,None,Move,browsing
1569750514.596,1383,304,None,Move,browsing
1569750514.604,1383,306,None,Move,browsing
1569750514.6120002,1382,306,None,Move,browsing
1569750514.62,1382,307,None,Move,browsing
1569750514.6279998,1381,309,None,Move,browsing
1569750514.6360002,1380,310,None,Move,browsing
1569750514.644,1379,312,None,Move,browsing
1569750514.6520002,1378,313,None,Move,browsing
1569750514.66,1378,314,None,Move,browsing
1569750514.668,1378,314,None,Move,browsing
1569750514.73,1377,314,None,Move,browsing
1569750514.742,1377,314,None,Move,browsing
1569750514.7489998,1376,314,None,Move,browsing
1569750514.7629998,1376,314,Left,Pressed,browsing
1569750514.7629998,1376,314,None,Drag,browsing
1569750514.769,1375,313,None,Drag,browsing
1569750514.776,1374,312,None,Drag,browsing
1569750514.784,1373,312,None,Drag,browsing
1569750514.791,1372,310,None,Drag,browsing
1569750514.798,1370,308,None,Drag,browsing
1569750514.806,1368,306,None,Drag,browsing
1569750514.812,1363,301,None,Drag,browsing
1569750514.823,1356,295,None,Drag,browsing
1569750514.834,1345,282,None,Drag,browsing
1569750514.846,1336,276,None,Drag,browsing
1569750514.8579998,1327,270,None,Drag,browsing
1569750514.879,1282,243,None,Drag,browsing
1569750514.889,1268,234,None,Drag,browsing
1569750514.899,1249,215,None,Drag,browsing
1569750514.91,1239,207,None,Drag,browsing
1569750514.918,1230,199,None,Drag,browsing
1569750514.931,1215,184,None,Drag,browsing
1569750514.9429998,1209,175,None,Drag,browsing
1569750514.955,1191,159,None,Drag,browsing
1569750514.966,1182,151,None,Drag,browsing
1569750514.978,1169,140,None,Drag,browsing
1569750514.9889998,1163,134,None,Drag,browsing
1569750515.0,1150,127,None,Drag,browsing
1569750515.012,1144,125,None,Drag,browsing
1569750515.024,1134,122,None,Drag,browsing
1569750515.034,1130,120,None,Drag,browsing
1569750515.045,1128,119,None,Drag,browsing
1569750515.054,1127,118,None,Drag,browsing
1569750515.065,1126,117,None,Drag,browsing
1569750515.22,1126,117,None,Drag,browsing
1569750515.232,1126,117,None,Drag,browsing
1569750515.2410002,1127,118,None,Drag,browsing
1569750515.248,1128,119,None,Drag,browsing
1569750515.258,1129,120,None,Drag,browsing
1569750515.2670002,1131,121,None,Drag,browsing
1569750515.278,1132,121,None,Drag,browsing
1569750515.29,1134,123,None,Drag,browsing
1569750515.299,1135,123,None,Drag,browsing
1569750515.31,1137,125,None,Drag,browsing
1569750515.319,1144,126,None,Drag,browsing
1569750515.33,1147,127,None,Drag,browsing
1569750515.341,1149,128,None,Drag,browsing
1569750515.35,1151,129,None,Drag,browsing
1569750515.361,1152,129,None,Drag,browsing
1569750515.373,1154,130,None,Drag,browsing
1569750515.3820002,1155,131,None,Drag,browsing
1569750515.393,1156,132,None,Drag,browsing
1569750515.401,1158,132,None,Drag,browsing
1569750515.413,1160,134,None,Drag,browsing
1569750515.425,1162,134,None,Drag,browsing
1569750515.434,1163,135,None,Drag,browsing
1569750515.446,1164,136,None,Drag,browsing
1569750515.456,1165,136,None,Drag,browsing
1569750515.456,1165,136,Left,Released,browsing
1569750515.577,1167,136,None,Move,browsing
1569750515.586,1171,137,None,Move,browsing
1569750515.594,1180,139,None,Move,browsing
1569750515.603,1192,145,None,Move,browsing
1569750515.61,1212,153,None,Move,browsing
1569750515.621,1238,164,None,Move,browsing
1569750515.63,1297,188,None,Move,browsing
1569750515.639,1327,196,None,Move,browsing
1569750515.647,1359,204,None,Move,browsing
1569750515.654,1397,217,None,Move,browsing
1569750515.665,1427,225,None,Move,browsing
1569750515.676,1455,229,None,Move,browsing
1569750515.6829998,1499,230,None,Move,browsing
1569750515.6929998,1578,243,None,Move,browsing
1569750515.702,1615,246,None,Move,browsing
1569750515.7129998,1640,249,None,Move,browsing
1569750515.7229998,1663,252,None,Move,browsing
1569750515.73,1681,255,None,Move,browsing
1569750515.738,1692,258,None,Move,browsing
1569750515.746,1700,262,None,Move,browsing
1569750515.754,1705,265,None,Move,browsing
1569750515.762,1710,269,None,Move,browsing
1569750515.771,1712,271,None,Move,browsing
1569750515.778,1714,272,None,Move,browsing
1569750515.7870002,1715,273,None,Move,browsing
1569750515.794,1717,275,None,Move,browsing
1569750515.802,1718,276,None,Move,browsing
1569750515.81,1719,279,None,Move,browsing
1569750515.819,1721,281,None,Move,browsing
1569750515.826,1722,282,None,Move,browsing
1569750515.834,1724,284,None,Move,browsing
1569750515.842,1725,285,None,Move,browsing
1569750515.85,1727,286,None,Move,browsing
1569750515.8579998,1728,288,None,Move,browsing
1569750515.865,1729,289,None,Move,browsing
1569750515.8720002,1731,291,None,Move,browsing
1569750515.88,1733,292,None,Move,browsing
1569750515.8879998,1735,294,None,Move,browsing
1569750515.896,1740,296,None,Move,browsing
1569750515.904,1745,300,None,Move,browsing
1569750515.9120002,1751,305,None,Move,browsing
1569750515.918,1758,311,None,Move,browsing
1569750515.927,1765,315,None,Move,browsing
1569750515.935,1772,318,None,Move,browsing
1569750515.946,1778,320,None,Move,browsing
1569750515.954,1784,322,None,Move,browsing
1569750515.961,1787,323,None,Move,browsing
1569750515.969,1789,324,None,Move,browsing
1569750515.976,1791,325,None,Move,browsing
1569750515.9829998,1792,326,None,Move,browsing
1569750515.9910002,1794,327,None,Move,browsing
1569750515.998,1795,328,None,Move,browsing
1569750516.006,1797,330,None,Move,browsing
1569750516.014,1800,331,None,Move,browsing
1569750516.021,1805,333,None,Move,browsing
1569750516.028,1811,336,None,Move,browsing
1569750516.0370002,1818,338,None,Move,browsing
1569750516.044,1826,340,None,Move,browsing
1569750516.052,1836,342,None,Move,browsing
1569750516.06,1844,344,None,Move,browsing
1569750516.0679998,1851,346,None,Move,browsing
1569750516.075,1858,347,None,Move,browsing
1569750516.082,1864,348,None,Move,browsing
1569750516.09,1868,349,None,Move,browsing
1569750516.0979998,1869,350,None,Move,browsing
1569750516.106,1871,350,None,Move,browsing
1569750516.306,1871,350,None,Move,browsing
1569750516.34,1872,350,None,Move,browsing
1569750516.39,1872,351,None,Move,browsing
1569750516.4020002,1873,351,None,Move,browsing
1569750516.409,1873,352,None,Move,browsing
1569750516.418,1874,353,None,Move,browsing
1569750516.425,1875,354,None,Move,browsing
1569750516.434,1876,355,None,Move,browsing
1569750516.4420002,1876,355,None,Move,browsing
1569750516.45,1876,355,None,Move,browsing
1569750516.754,1876,355,Left,Pressed,browsing
1569750516.754,1876,355,None,Drag,browsing
1569750516.762,1876,355,None,Drag,browsing
1569750516.769,1874,355,None,Drag,browsing
1569750516.776,1871,355,None,Drag,browsing
1569750516.7870002,1868,355,None,Drag,browsing
1569750516.8070002,1859,355,None,Drag,browsing
1569750516.827,1833,358,None,Drag,browsing
1569750516.841,1789,370,None,Drag,browsing
1569750516.855,1722,387,None,Drag,browsing
1569750516.873,1644,403,None,Drag,browsing
1569750516.896,1576,418,None,Drag,browsing
1569750516.909,1552,421,None,Drag,browsing
1569750516.927,1504,427,None,Drag,browsing
1569750516.9420002,1481,430,None,Drag,browsing
1569750516.962,1465,432,None,Drag,browsing
1569750516.982,1448,435,None,Drag,browsing
1569750517.0,1432,435,None,Drag,browsing
1569750517.015,1414,438,None,Drag,browsing
1569750517.029,1387,441,None,Drag,browsing
1569750517.0470002,1353,447,None,Drag,browsing
1569750517.064,1327,451,None,Drag,browsing
1569750517.081,1264,458,None,Drag,browsing
1569750517.096,1238,460,None,Drag,browsing
1569750517.1139998,1154,467,None,Drag,browsing
1569750517.1320002,1101,467,None,Drag,browsing
1569750517.147,1064,470,None,Drag,browsing
1569750517.1620002,1041,472,None,Drag,browsing
1569750517.181,1031,472,None,Drag,browsing
1569750517.198,1028,471,None,Drag,browsing
1569750517.212,1025,470,None,Drag,browsing
1569750517.226,1024,470,None,Drag,browsing
1569750517.248,1024,470,None,Drag,browsing
1569750517.262,1021,469,None,Drag,browsing
1569750517.2729998,1014,467,None,Drag,browsing
1569750517.291,1002,463,None,Drag,browsing
1569750517.3070002,991,463,None,Drag,browsing
1569750517.326,980,459,None,Drag,browsing
1569750517.34,967,457,None,Drag,browsing
1569750517.353,947,457,None,Drag,browsing
1569750517.367,921,456,None,Drag,browsing
1569750517.383,893,456,None,Drag,browsing
1569750517.4,868,456,None,Drag,browsing
1569750517.415,850,456,None,Drag,browsing
1569750517.431,839,456,None,Drag,browsing
1569750517.448,837,456,None,Drag,browsing
1569750517.4629998,835,456,None,Drag,browsing
1569750517.53,833,457,None,Drag,browsing
1569750517.54,829,458,None,Drag,browsing
1569750517.554,818,460,None,Drag,browsing
1569750517.565,812,462,None,Drag,browsing
1569750517.58,798,465,None,Drag,browsing
1569750517.595,779,466,None,Drag,browsing
1569750517.601,767,466,None,Drag,browsing
1569750517.62,748,464,None,Drag,browsing
1569750517.6320002,737,462,None,Drag,browsing
1569750517.6479998,734,461,None,Drag,browsing
1569750517.664,734,461,None,Drag,browsing
1569750517.744,733,461,None,Drag,browsing
1569750517.7529998,732,461,None,Drag,browsing
1569750517.764,731,461,None,Drag,browsing
1569750517.778,731,461,None,Drag,browsing
1569750517.778,731,461,Left,Released,browsing
1569750518.014,730,459,None,Move,browsing
1569750518.0229998,728,456,None,Move,browsing
1569750518.03,726,450,None,Move,browsing
1569750518.0370002,723,442,None,Move,browsing
1569750518.045,720,432,None,Move,browsing
1569750518.053,715,420,None,Move,browsing
1569750518.06,709,406,None,Move,browsing
1569750518.0679998,702,383,None,Move,browsing
1569750518.076,694,366,None,Move,browsing
1569750518.084,682,340,None,Move,browsing
1569750518.091,672,310,None,Move,browsing
1569750518.0979998,659,284,None,Move,browsing
1569750518.106,647,260,None,Move,browsing
1569750518.1139998,635,239,None,Move,browsing
1569750518.1220002,626,225,None,Move,browsing
1569750518.13,616,213,None,Move,browsing
1569750518.1379998,607,202,None,Move,browsing
1569750518.146,597,193,None,Move,browsing
1569750518.154,588,185,None,Move,browsing
1569750518.1620002,576,178,None,Move,browsing
1569750518.1720002,566,173,None,Move,browsing
1569750518.179,557,168,None,Move,browsing
1569750518.188,549,165,None,Move,browsing
1569750518.196,541,163,None,Move,browsing
1569750518.204,534,163,None,Move,browsing
1569750518.212,528,162,None,Move,browsing
1569750518.2229998,524,162,None,Move,browsing
1569750518.23,520,162,None,Move,browsing
1569750518.238,517,161,None,Move,browsing
1569750518.246,514,161,None,Move,browsing
1569750518.2570002,513,161,None,Move,browsing
1569750518.3279998,512,161,None,Move,browsing
1569750518.34,511,161,None,Move,browsing
1569750518.3479998,510,161,None,Move,browsing
1569750518.356,509,161,None,Move,browsing
1569750518.3639998,507,160,None,Move,browsing
1569750518.3720002,506,159,None,Move,browsing
1569750518.38,504,158,None,Move,browsing
1569750518.389,503,156,None,Move,browsing
1569750518.396,500,153,None,Move,browsing
1569750518.405,494,148,None,Move,browsing
1569750518.4120002,487,142,None,Move,browsing
1569750518.42,481,136,None,Move,browsing
1569750518.428,475,130,None,Move,browsing
1569750518.436,469,123,None,Move,browsing
1569750518.4429998,463,118,None,Move,browsing
1569750518.451,456,113,None,Move,browsing
1569750518.459,452,111,None,Move,browsing
1569750518.467,450,110,None,Move,browsing
1569750518.475,449,108,None,Move,browsing
1569750518.486,448,108,None,Move,browsing
1569750518.4970002,448,107,None,Move,browsing
1569750518.708,448,107,None,Move,browsing
1569750518.722,448,107,None,Move,browsing
1569750518.738,448,107,None,Move,browsing
1569750518.746,448,108,None,Move,browsing
1569750518.754,448,109,None,Move,browsing
1569750518.762,448,109,None,Move,browsing
1569750518.774,448,110,None,Move,browsing
1569750518.782,448,110,None,Move,browsing
1569750518.79,448,110,None,Move,browsing
1569750518.7970002,448,111,None,Move,browsing
1569750518.804,448,111,None,Move,browsing
1569750518.811,448,112,None,Move,browsing
1569750518.819,448,113,None,Move,browsing
1569750518.832,448,113,None,Move,browsing
1569750518.84,448,114,None,Move,browsing
1569750518.8520002,448,115,None,Move,browsing
1569750518.86,448,116,None,Move,browsing
1569750518.867,448,117,None,Move,browsing
1569750518.8820002,449,117,None,Move,browsing
1569750518.894,449,117,None,Move,browsing
1569750518.934,449,118,None,Move,browsing
1569750518.952,449,118,None,Move,browsing
1569750518.96,450,119,None,Move,browsing
1569750518.968,451,120,None,Move,browsing
1569750518.976,452,122,None,Move,browsing
1569750518.9889998,454,123,Left,Pressed,browsing
1569750518.9889998,454,123,None,Drag,browsing
1569750518.996,455,124,None,Drag,browsing
1569750519.002,457,124,None,Drag,browsing
1569750519.0110002,457,125,None,Drag,browsing
1569750519.0170002,458,126,None,Drag,browsing
1569750519.024,460,126,None,Drag,browsing
1569750519.032,461,127,None,Drag,browsing
1569750519.043,463,128,None,Drag,browsing
1569750519.054,474,129,None,Drag,browsing
1569750519.064,482,129,None,Drag,browsing
1569750519.074,495,129,None,Drag,browsing
1569750519.083,509,128,None,Drag,browsing
1569750519.094,526,126,None,Drag,browsing
1569750519.106,580,120,None,Drag,browsing
1569750519.115,613,118,None,Drag,browsing
1569750519.123,680,113,None,Drag,browsing
1569750519.133,721,111,None,Drag,browsing
1569750519.143,762,110,None,Drag,browsing
1569750519.155,808,110,None,Drag,browsing
1569750519.1620002,857,110,None,Drag,browsing
1569750519.174,928,106,None,Drag,browsing
1569750519.1820002,964,104,None,Drag,browsing
1569750519.1929998,992,103,None,Drag,browsing
1569750519.204,1028,105,None,Drag,browsing
1569750519.212,1041,108,None,Drag,browsing
1569750519.2229998,1053,109,None,Drag,browsing
1569750519.231,1063,110,None,Drag,browsing
1569750519.242,1071,112,None,Drag,browsing
1569750519.2529998,1085,114,None,Drag,browsing
1569750519.2610002,1092,115,None,Drag,browsing
1569750519.272,1100,115,None,Drag,browsing
1569750519.28,1108,115,None,Drag,browsing
1569750519.29,1119,113,None,Drag,browsing
1569750519.301,1125,112,None,Drag,browsing
1569750519.31,1128,112,None,Drag,browsing
1569750519.322,1130,112,None,Drag,browsing
1569750519.3860002,1130,111,None,Drag,browsing
1569750519.436,1130,111,None,Drag,browsing
1569750519.449,1129,110,None,Drag,browsing
1569750519.455,1129,110,None,Drag,browsing
1569750519.465,1128,109,None,Drag,browsing
1569750519.474,1128,108,None,Drag,browsing
1569750519.482,1128,107,None,Drag,browsing
1569750519.4929998,1127,107,None,Drag,browsing
1569750519.505,1126,106,None,Drag,browsing
1569750519.514,1126,105,None,Drag,browsing
1569750519.5879998,1126,105,None,Drag,browsing
1569750519.596,1126,105,None,Drag,browsing
1569750519.604,1126,106,None,Drag,browsing
1569750519.6120002,1126,107,None,Drag,browsing
1569750519.613,1126,107,Left,Released,browsing
1569750519.6279998,1126,110,None,Move,browsing
1569750519.64,1128,118,None,Move,browsing
1569750519.647,1130,123,None,Move,browsing
1569750519.654,1133,128,None,Move,browsing
1569750519.6620002,1137,133,None,Move,browsing
1569750519.669,1142,139,None,Move,browsing
1569750519.677,1147,145,None,Move,browsing
1569750519.686,1153,151,None,Move,browsing
1569750519.6929998,1159,158,None,Move,browsing
1569750519.704,1165,164,None,Move,browsing
1569750519.711,1172,170,None,Move,browsing
1569750519.72,1179,175,None,Move,browsing
1569750519.728,1188,181,None,Move,browsing
1569750519.738,1204,187,None,Move,browsing
1569750519.745,1211,189,None,Move,browsing
1569750519.756,1218,191,None,Move,browsing
1569750519.764,1227,193,None,Move,browsing
1569750519.775,1234,195,None,Move,browsing
1569750519.785,1245,199,None,Move,browsing
1569750519.793,1250,201,None,Move,browsing
1569750519.802,1252,202,None,Move,browsing
1569750519.811,1253,203,None,Move,browsing
1569750519.819,1254,203,None,Move,browsing
1569750519.827,1255,203,None,Move,browsing
1569750519.837,1255,204,None,Move,browsing
1569750519.843,1256,205,None,Move,browsing
1569750519.8520002,1256,206,None,Move,browsing
1569750519.861,1258,207,None,Move,browsing
1569750519.87,1259,209,None,Move,browsing
1569750519.877,1261,211,None,Move,browsing
1569750519.887,1262,213,None,Move,browsing
1569750519.894,1264,216,None,Move,browsing
1569750519.903,1265,218,None,Move,browsing
1569750519.911,1267,220,None,Move,browsing
1569750519.919,1268,221,None,Move,browsing
1569750519.927,1270,223,None,Move,browsing
1569750519.936,1270,223,None,Move,browsing
1569750519.986,1270,223,None,Move,browsing
1569750519.994,1269,223,None,Move,browsing
1569750520.005,1268,223,None,Move,browsing
1569750520.012,1267,223,None,Move,browsing
1569750520.022,1265,223,None,Move,browsing
1569750520.029,1262,223,None,Move,browsing
1569750520.039,1260,222,None,Move,browsing
1569750520.045,1259,222,None,Move,browsing
1569750520.055,1258,221,None,Move,browsing
1569750520.062,1257,221,None,Move,browsing
1569750520.129,1256,220,Left,Pressed,browsing
1569750520.129,1256,220,None,Drag,browsing
1569750520.13,1256,220,Left,Released,browsing
1569750520.8639998,1256,220,Left,Pressed,browsing
1569750520.996,1256,220,Left,Released,browsing
1569750521.156,1256,220,None,Move,browsing
1569750521.1720002,1257,220,None,Move,browsing
1569750521.541,1257,220,Left,Pressed,browsing
1569750521.541,1257,220,None,Drag,browsing
1569750521.541,1257,220,Left,Released,browsing
1569750521.5579998,1256,220,None,Move,browsing
1569750521.566,1256,220,None,Move,browsing
1569750521.586,1255,220,None,Move,browsing
1569750521.593,1255,220,None,Move,browsing
1569750521.601,1255,221,None,Move,browsing
1569750521.6079998,1254,221,None,Move,browsing
1569750521.617,1252,222,None,Move,browsing
1569750521.625,1251,223,None,Move,browsing
1569750521.6320002,1245,225,None,Move,browsing
1569750521.64,1240,227,None,Move,browsing
1569750521.6479998,1231,229,None,Move,browsing
1569750521.657,1221,231,None,Move,browsing
1569750521.666,1208,235,None,Move,browsing
1569750521.674,1197,238,None,Move,browsing
1569750521.6829998,1184,240,None,Move,browsing
1569750521.691,1171,243,None,Move,browsing
1569750521.7,1157,248,None,Move,browsing
1569750521.708,1139,255,None,Move,browsing
1569750521.717,1115,262,None,Move,browsing
1569750521.726,1090,272,None,Move,browsing
1569750521.735,1043,285,None,Move,browsing
1569750521.7429998,1026,290,None,Move,browsing
1569750521.752,1007,292,None,Move,browsing
1569750521.7589998,989,294,None,Move,browsing
1569750521.77,973,297,None,Move,browsing
1569750521.778,958,299,None,Move,browsing
1569750521.788,945,301,None,Move,browsing
1569750521.796,934,303,None,Move,browsing
1569750521.806,917,307,None,Move,browsing
1569750521.816,912,308,None,Move,browsing
1569750521.827,906,310,None,Move,browsing
1569750521.836,897,314,None,Move,browsing
1569750521.844,895,314,None,Move,browsing
1569750521.854,893,315,None,Move,browsing
1569750521.8620002,892,316,None,Move,browsing
1569750521.87,891,317,None,Move,browsing
1569750521.877,890,318,None,Move,browsing
1569750521.8860002,889,319,None,Move,browsing
1569750521.893,887,321,None,Move,browsing
1569750521.9020002,886,321,None,Move,browsing
1569750521.91,884,323,None,Move,browsing
1569750521.919,882,324,None,Move,browsing
1569750521.926,880,326,None,Move,browsing
1569750521.9329998,879,326,None,Move,browsing
1569750521.941,877,327,None,Move,browsing
1569750521.949,877,327,None,Move,browsing
1569750521.99,876,328,None,Move,browsing
1569750521.998,875,329,None,Move,browsing
1569750522.006,873,330,None,Move,browsing
1569750522.014,872,332,None,Move,browsing
1569750522.025,870,333,None,Move,browsing
1569750522.032,870,334,None,Move,browsing
1569750522.04,868,335,None,Move,browsing
1569750522.0470002,868,336,None,Move,browsing
1569750522.056,868,336,None,Move,browsing
1569750522.063,868,336,None,Move,browsing
1569750522.07,868,337,None,Move,browsing
1569750522.0779998,868,337,None,Move,browsing
1569750522.0879998,868,338,None,Move,browsing
1569750522.096,868,339,None,Move,browsing
1569750522.111,868,339,None,Move,browsing
1569750522.1239998,868,339,Left,Pressed,browsing
1569750522.252,868,339,Left,Released,browsing
1569750522.6920002,868,339,Left,Pressed,browsing
1569750522.822,868,339,Left,Released,browsing
1569750522.904,868,339,None,Move,browsing
1569750522.9120002,869,339,None,Move,browsing
1569750522.919,870,338,None,Move,browsing
1569750522.926,873,336,None,Move,browsing
1569750522.934,879,334,None,Move,browsing
1569750522.9420002,886,331,None,Move,browsing
1569750522.95,898,328,None,Move,browsing
1569750522.958,915,326,None,Move,browsing
1569750522.966,942,326,None,Move,browsing
1569750522.974,975,325,None,Move,browsing
1569750522.982,1006,325,None,Move,browsing
1569750522.99,1036,327,None,Move,browsing
1569750522.9989998,1078,331,None,Move,browsing
1569750523.006,1117,334,None,Move,browsing
1569750523.015,1155,333,None,Move,browsing
1569750523.022,1191,332,None,Move,browsing
1569750523.03,1226,332,None,Move,browsing
1569750523.038,1257,330,None,Move,browsing
1569750523.045,1281,330,None,Move,browsing
1569750523.053,1304,330,None,Move,browsing
1569750523.06,1317,330,None,Move,browsing
1569750523.0679998,1329,330,None,Move,browsing
1569750523.075,1340,330,None,Move,browsing
1569750523.082,1349,330,None,Move,browsing
1569750523.09,1356,330,None,Move,browsing
1569750523.0979998,1361,330,None,Move,browsing
1569750523.106,1367,330,None,Move,browsing
1569750523.1139998,1370,330,None,Move,browsing
1569750523.1220002,1374,330,None,Move,browsing
1569750523.13,1376,330,None,Move,browsing
1569750523.1379998,1377,330,None,Move,browsing
1569750523.146,1379,330,None,Move,browsing
1569750523.1520002,1381,330,None,Move,browsing
1569750523.16,1382,330,None,Move,browsing
1569750523.168,1384,331,None,Move,browsing
1569750523.176,1386,332,None,Move,browsing
1569750523.184,1389,333,None,Move,browsing
1569750523.191,1391,335,None,Move,browsing
1569750523.199,1394,336,None,Move,browsing
1569750523.207,1399,338,None,Move,browsing
1569750523.215,1405,340,None,Move,browsing
1569750523.222,1410,342,None,Move,browsing
1569750523.23,1415,344,None,Move,browsing
1569750523.238,1417,345,None,Move,browsing
1569750523.246,1419,346,None,Move,browsing
1569750523.254,1420,347,None,Move,browsing
1569750523.262,1421,348,None,Move,browsing
1569750523.27,1423,349,None,Move,browsing
1569750523.278,1423,350,None,Move,browsing
1569750523.286,1425,351,None,Move,browsing
1569750523.294,1425,351,None,Move,browsing
1569750523.301,1425,352,None,Move,browsing
1569750523.312,1425,352,None,Move,browsing
1569750523.336,1425,353,None,Move,browsing
1569750523.35,1425,354,None,Move,browsing
1569750523.359,1425,354,None,Move,browsing
1569750523.367,1424,354,None,Move,browsing
1569750523.373,1423,354,None,Move,browsing
1569750523.381,1423,354,None,Move,browsing
1569750523.3879998,1422,354,None,Move,browsing
1569750523.395,1422,354,None,Move,browsing
1569750523.406,1421,354,None,Move,browsing
1569750523.414,1421,354,None,Move,browsing
1569750523.4220002,1420,354,None,Move,browsing
1569750523.43,1419,354,None,Move,browsing
1569750523.438,1417,354,None,Move,browsing
1569750523.447,1416,354,None,Move,browsing
1569750523.455,1415,354,None,Move,browsing
1569750523.4629998,1414,354,None,Move,browsing
1569750523.471,1412,354,None,Move,browsing
1569750523.479,1411,354,None,Move,browsing
1569750523.486,1410,354,None,Move,browsing
1569750523.4929998,1409,354,None,Move,browsing
1569750523.502,1409,353,None,Move,browsing
1569750523.5089998,1408,353,None,Move,browsing
1569750523.6520002,1408,353,None,Move,browsing
1569750523.664,1407,353,None,Move,browsing
1569750523.714,1407,352,None,Move,browsing
1569750523.738,1406,351,None,Move,browsing
1569750523.75,1406,351,None,Move,browsing
1569750523.7570002,1405,350,None,Move,browsing
1569750523.765,1404,349,None,Move,browsing
1569750523.772,1403,349,None,Move,browsing
1569750524.074,1403,349,Left,Pressed,browsing
1569750524.075,1403,349,None,Drag,browsing
1569750524.086,1401,349,None,Drag,browsing
1569750524.095,1397,350,None,Drag,browsing
1569750524.104,1384,354,None,Drag,browsing
1569750524.121,1363,360,None,Drag,browsing
1569750524.135,1350,363,None,Drag,browsing
1569750524.146,1317,370,None,Drag,browsing
1569750524.1620002,1286,376,None,Drag,browsing
1569750524.175,1244,385,None,Drag,browsing
1569750524.19,1211,390,None,Drag,browsing
1569750524.205,1198,390,None,Drag,browsing
1569750524.22,1177,393,None,Drag,browsing
1569750524.235,1162,397,None,Drag,browsing
1569750524.248,1148,401,None,Drag,browsing
1569750524.268,1136,405,None,Drag,browsing
1569750524.279,1125,408,None,Drag,browsing
1569750524.292,1114,411,None,Drag,browsing
1569750524.303,1108,413,None,Drag,browsing
1569750524.312,1102,415,None,Drag,browsing
1569750524.323,1085,419,None,Drag,browsing
1569750524.331,1077,420,None,Drag,browsing
1569750524.3379998,1072,420,None,Drag,browsing
1569750524.347,1066,420,None,Drag,browsing
1569750524.354,1058,420,None,Drag,browsing
1569750524.3620002,1052,421,None,Drag,browsing
1569750524.37,1044,421,None,Drag,browsing
1569750524.3779998,1036,421,None,Drag,browsing
1569750524.3860002,1027,421,None,Drag,browsing
1569750524.3920002,1018,422,None,Drag,browsing
1569750524.4,1007,425,None,Drag,browsing
1569750524.408,995,427,None,Drag,browsing
1569750524.416,986,429,None,Drag,browsing
1569750524.424,977,431,None,Drag,browsing
1569750524.4320002,969,432,None,Drag,browsing
1569750524.44,961,434,None,Drag,browsing
1569750524.448,954,434,None,Drag,browsing
1569750524.456,947,434,None,Drag,browsing
1569750524.464,942,435,None,Drag,browsing
1569750524.471,936,435,None,Drag,browsing
1569750524.479,931,435,None,Drag,browsing
1569750524.486,927,436,None,Drag,browsing
1569750524.494,924,436,None,Drag,browsing
1569750524.502,922,436,None,Drag,browsing
1569750524.51,920,437,None,Drag,browsing
1569750524.518,919,437,None,Drag,browsing
1569750524.526,918,437,None,Drag,browsing
1569750525.24,918,438,None,Drag,browsing
1569750525.248,920,439,None,Drag,browsing
1569750525.255,923,439,None,Drag,browsing
1569750525.2629998,929,439,None,Drag,browsing
1569750525.27,937,440,None,Drag,browsing
1569750525.278,946,440,None,Drag,browsing
1569750525.286,956,440,None,Drag,browsing
1569750525.294,968,440,None,Drag,browsing
1569750525.302,983,438,None,Drag,browsing
1569750525.321,1029,432,None,Drag,browsing
1569750525.33,1057,429,None,Drag,browsing
1569750525.3379998,1088,430,None,Drag,browsing
1569750525.346,1122,433,None,Drag,browsing
1569750525.353,1168,433,None,Drag,browsing
1569750525.361,1216,433,None,Drag,browsing
1569750525.3720002,1269,430,None,Drag,browsing
1569750525.3860002,1371,439,None,Drag,browsing
1569750525.4,1478,447,None,Drag,browsing
1569750525.4120002,1579,453,None,Drag,browsing
1569750525.427,1641,461,None,Drag,browsing
1569750525.438,1667,464,None,Drag,browsing
1569750525.4529998,1715,465,None,Drag,browsing
1569750525.467,1741,465,None,Drag,browsing
1569750525.478,1751,466,None,Drag,browsing
1569750525.4929998,1765,468,None,Drag,browsing
1569750525.5089998,1771,469,None,Drag,browsing
1569750525.525,1772,469,None,Drag,browsing
1569750525.778,1772,469,None,Drag,browsing
1569750525.79,1772,469,None,Drag,browsing
1569750525.798,1771,469,None,Drag,browsing
1569750525.805,1770,468,None,Drag,browsing
1569750525.821,1769,467,None,Drag,browsing
1569750525.832,1767,465,None,Drag,browsing
1569750525.832,1767,465,Left,Released,browsing
1569750525.859,1755,456,None,Move,browsing
1569750525.8739998,1736,436,None,Move,browsing
1569750525.889,1718,413,None,Move,browsing
1569750525.901,1692,361,None,Move,browsing
1569750525.91,1680,330,None,Move,browsing
1569750525.919,1671,302,None,Move,browsing
1569750525.926,1664,265,None,Move,browsing
1569750525.9329998,1660,234,None,Move,browsing
1569750525.941,1657,206,None,Move,browsing
1569750525.949,1653,182,None,Move,browsing
1569750525.956,1650,167,None,Move,browsing
1569750525.9629998,1648,155,None,Move,browsing
1569750525.97,1647,144,None,Move,browsing
1569750525.979,1646,137,None,Move,browsing
1569750525.986,1646,132,None,Move,browsing
1569750525.995,1646,126,None,Move,browsing
1569750526.0070002,1647,122,None,Move,browsing
1569750526.0170002,1652,114,None,Move,browsing
1569750526.024,1657,109,None,Move,browsing
1569750526.036,1663,102,None,Move,browsing
1569750526.044,1670,97,None,Move,browsing
1569750526.051,1676,93,None,Move,browsing
1569750526.06,1680,90,None,Move,browsing
1569750526.0679998,1683,88,None,Move,browsing
1569750526.0779998,1686,85,None,Move,browsing
1569750526.087,1690,82,None,Move,browsing
1569750526.097,1692,78,None,Move,browsing
1569750526.105,1694,75,None,Move,browsing
1569750526.113,1695,73,None,Move,browsing
1569750526.1220002,1697,70,None,Move,browsing
1569750526.131,1698,68,None,Move,browsing
1569750526.1379998,1700,67,None,Move,browsing
1569750526.1479998,1701,65,None,Move,browsing
1569750526.156,1701,65,None,Move,browsing
1569750526.164,1701,65,None,Move,browsing
1569750526.171,1702,65,None,Move,browsing
1569750526.19,1702,65,None,Move,browsing
1569750526.201,1702,65,None,Move,browsing
1569750526.208,1703,66,None,Move,browsing
1569750526.218,1704,68,None,Move,browsing
1569750526.226,1706,69,None,Move,browsing
1569750526.234,1707,71,None,Move,browsing
1569750526.244,1709,72,None,Move,browsing
1569750526.252,1709,73,None,Move,browsing
1569750526.262,1711,76,None,Move,browsing
1569750526.27,1711,77,None,Move,browsing
1569750526.281,1711,79,None,Move,browsing
1569750526.288,1711,80,None,Move,browsing
1569750526.2970002,1711,81,None,Move,browsing
1569750526.305,1711,83,None,Move,browsing
1569750526.315,1711,83,None,Move,browsing
1569750526.324,1711,84,None,Move,browsing
1569750526.514,1711,85,None,Move,browsing
1569750526.531,1711,86,None,Move,browsing
1569750526.5370002,1710,87,None,Move,browsing
1569750526.546,1709,89,None,Move,browsing
1569750526.555,1708,90,None,Move,browsing
1569750526.563,1708,92,None,Move,browsing
1569750526.57,1707,93,None,Move,browsing
1569750526.577,1706,94,None,Move,browsing
1569750526.585,1706,95,None,Move,browsing
1569750526.595,1706,95,None,Move,browsing
1569750526.603,1706,95,None,Move,browsing
1569750526.611,1705,97,None,Move,browsing
1569750526.62,1705,97,None,Move,browsing
1569750526.6279998,1704,98,None,Move,browsing
1569750526.6360002,1703,98,None,Move,browsing
1569750526.644,1703,99,None,Move,browsing
1569750526.651,1703,99,None,Move,browsing
1569750526.658,1703,100,None,Move,browsing
1569750526.725,1703,100,Left,Pressed,browsing
1569750526.726,1703,100,None,Drag,browsing
1569750526.756,1703,100,None,Drag,browsing
1569750526.7570002,1703,100,Left,Released,browsing
1569750526.8579998,1703,101,None,Move,browsing
1569750526.954,1703,101,None,Move,browsing
1569750526.966,1702,102,None,Move,browsing
1569750526.974,1699,103,None,Move,browsing
1569750526.985,1693,106,None,Move,browsing
1569750526.998,1687,108,None,Move,browsing
1569750527.0070002,1668,113,None,Move,browsing
1569750527.018,1656,116,None,Move,browsing
1569750527.0270002,1642,118,None,Move,browsing
1569750527.039,1590,135,None,Move,browsing
1569750527.049,1551,150,None,Move,browsing
1569750527.056,1514,158,None,Move,browsing
1569750527.066,1483,162,None,Move,browsing
1569750527.073,1458,163,None,Move,browsing
1569750527.085,1403,173,None,Move,browsing
1569750527.094,1374,176,None,Move,browsing
1569750527.1020002,1346,179,None,Move,browsing
1569750527.11,1318,182,None,Move,browsing
1569750527.117,1286,187,None,Move,browsing
1569750527.1239998,1255,190,None,Move,browsing
1569750527.1320002,1229,193,None,Move,browsing
1569750527.139,1206,196,None,Move,browsing
1569750527.147,1190,200,None,Move,browsing
1569750527.154,1178,202,None,Move,browsing
1569750527.1620002,1171,204,None,Move,browsing
1569750527.17,1169,205,None,Move,browsing
1569750527.178,1168,205,None,Move,browsing
1569750527.225,1168,205,None,Move,browsing
1569750527.252,1168,205,None,Move,browsing
1569750527.454,1169,205,None,Move,browsing
1569750527.762,1169,205,None,Move,browsing
1569750527.775,1166,209,None,Move,browsing
1569750527.785,1162,214,None,Move,browsing
1569750527.792,1159,219,None,Move,browsing
1569750527.799,1157,221,None,Move,browsing
1569750527.805,1150,226,None,Move,browsing
1569750527.812,1142,233,None,Move,browsing
1569750527.82,1127,240,None,Move,browsing
1569750527.827,1107,250,None,Move,browsing
1569750527.834,1083,263,None,Move,browsing
1569750527.84,1054,276,None,Move,browsing
1569750527.8479998,1007,300,None,Move,browsing
1569750527.856,953,331,None,Move,browsing
1569750527.8639998,900,360,None,Move,browsing
1569750527.8720002,842,385,None,Move,browsing
1569750527.88,797,394,None,Move,browsing
1569750527.8879998,760,390,None,Move,browsing
1569750527.894,732,378,None,Move,browsing
1569750527.9020002,712,361,None,Move,browsing
1569750527.91,697,337,None,Move,browsing
1569750527.918,687,316,None,Move,browsing
1569750527.926,676,300,None,Move,browsing
1569750527.934,665,284,None,Move,browsing
1569750527.9420002,659,275,None,Move,browsing
1569750527.95,652,265,None,Move,browsing
1569750527.958,646,253,None,Move,browsing
1569750527.966,642,242,None,Move,browsing
1569750527.9729998,640,233,None,Move,browsing
1569750527.98,638,226,None,Move,browsing
1569750527.988,636,219,None,Move,browsing
1569750527.996,635,214,None,Move,browsing
1569750528.004,635,209,None,Move,browsing
1569750528.012,635,207,None,Move,browsing
1569750528.02,636,205,None,Move,browsing
1569750528.028,638,203,None,Move,browsing
1569750528.0370002,639,201,None,Move,browsing
1569750528.044,641,199,None,Move,browsing
1569750528.05,642,198,None,Move,browsing
1569750528.0579998,645,195,None,Move,browsing
1569750528.066,647,194,None,Move,browsing
1569750528.074,649,192,None,Move,browsing
1569750528.082,650,191,None,Move,browsing
1569750528.09,652,189,None,Move,browsing
1569750528.0979998,653,188,None,Move,browsing
1569750528.106,654,187,None,Move,browsing
1569750528.1139998,654,187,None,Move,browsing
1569750528.1220002,654,186,None,Move,browsing
1569750528.131,654,186,None,Move,browsing
1569750528.14,654,185,None,Move,browsing
1569750528.1479998,654,185,None,Move,browsing
1569750528.156,654,184,None,Move,browsing
1569750528.165,655,183,None,Move,browsing
1569750528.1720002,655,181,None,Move,browsing
1569750528.181,657,179,None,Move,browsing
1569750528.188,658,176,None,Move,browsing
1569750528.196,660,174,None,Move,browsing
1569750528.2029998,661,171,None,Move,browsing
1569750528.211,662,166,None,Move,browsing
1569750528.218,663,163,None,Move,browsing
1569750528.226,665,157,None,Move,browsing
1569750528.234,667,153,None,Move,browsing
1569750528.242,669,147,None,Move,browsing
1569750528.2510002,670,141,None,Move,browsing
1569750528.258,671,137,None,Move,browsing
1569750528.268,671,134,None,Move,browsing
1569750528.275,671,132,None,Move,browsing
1569750528.284,671,130,None,Move,browsing
1569750528.294,671,128,None,Move,browsing
1569750528.301,671,126,None,Move,browsing
1569750528.309,671,125,None,Move,browsing
1569750528.316,671,124,None,Move,browsing
1569750528.325,671,123,None,Move,browsing
1569750528.332,671,123,None,Move,browsing
1569750528.3739998,671,122,None,Move,browsing
1569750528.394,671,122,Left,Pressed,browsing
1569750528.504,671,122,Left,Released,browsing
1569750528.562,671,122,None,Move,browsing
1569750528.756,671,122,Left,Pressed,browsing
1569750528.8660002,671,122,Left,Released,browsing
1569750528.8739998,671,122,None,Move,browsing
1569750528.8820002,671,123,None,Move,browsing
1569750528.89,670,124,None,Move,browsing
1569750528.8979998,670,125,None,Move,browsing
1569750528.904,668,126,None,Move,browsing
1569750528.9120002,667,127,None,Move,browsing
1569750528.92,666,127,None,Move,browsing
1569750528.928,664,129,None,Move,browsing
1569750528.938,662,130,None,Move,browsing
1569750528.945,659,132,None,Move,browsing
1569750528.952,653,134,None,Move,browsing
1569750528.96,646,136,None,Move,browsing
1569750528.968,639,138,None,Move,browsing
1569750528.976,632,140,None,Move,browsing
1569750528.982,625,141,None,Move,browsing
1569750528.99,620,141,None,Move,browsing
1569750528.998,614,141,None,Move,browsing
1569750529.0070002,608,140,None,Move,browsing
1569750529.014,603,138,None,Move,browsing
1569750529.022,597,137,None,Move,browsing
1569750529.03,590,136,None,Move,browsing
1569750529.038,583,135,None,Move,browsing
1569750529.046,578,133,None,Move,browsing
1569750529.053,574,132,None,Move,browsing
1569750529.06,572,131,None,Move,browsing
1569750529.0670002,571,130,None,Move,browsing
1569750529.075,570,129,None,Move,browsing
1569750529.084,570,128,None,Move,browsing
1569750529.092,569,128,None,Move,browsing
1569750529.104,569,127,None,Move,browsing
1569750529.198,569,127,None,Move,browsing
1569750529.232,569,126,None,Move,browsing
1569750529.26,569,126,None,Move,browsing
1569750529.28,569,126,Left,Pressed,browsing
1569750529.28,569,126,None,Drag,browsing
1569750529.288,570,126,None,Drag,browsing
1569750529.295,570,126,None,Drag,browsing
1569750529.302,570,126,None,Drag,browsing
1569750529.396,570,126,None,Drag,browsing
1569750529.396,570,126,Left,Released,browsing
1569750529.42,570,127,None,Move,browsing
1569750529.4320002,570,127,None,Move,browsing
1569750529.724,570,127,None,Move,browsing
1569750529.744,570,127,None,Move,browsing
1569750529.834,570,127,None,Move,browsing
1569750529.8479998,571,127,None,Move,browsing
1569750529.856,571,129,None,Move,browsing
1569750529.8639998,571,129,None,Move,browsing
1569750529.8720002,571,130,None,Move,browsing
1569750529.8820002,571,131,None,Move,browsing
1569750529.891,569,132,None,Move,browsing
1569750529.8979998,568,134,None,Move,browsing
1569750529.905,565,135,None,Move,browsing
1569750529.913,561,137,None,Move,browsing
1569750529.92,556,139,None,Move,browsing
1569750529.926,550,141,None,Move,browsing
1569750529.934,544,143,None,Move,browsing
1569750529.9420002,538,144,None,Move,browsing
1569750529.95,535,145,None,Move,browsing
1569750529.958,533,145,None,Move,browsing
1569750529.966,532,145,None,Move,browsing
1569750529.974,530,145,None,Move,browsing
1569750529.982,528,145,None,Move,browsing
1569750529.99,526,145,None,Move,browsing
1569750529.998,525,145,None,Move,browsing
1569750530.005,524,145,None,Move,browsing
1569750530.056,524,144,None,Move,browsing
1569750530.072,524,144,None,Move,browsing
1569750530.146,524,144,None,Move,browsing
1569750530.153,523,145,None,Move,browsing
1569750530.16,521,148,None,Move,browsing
1569750530.167,519,152,None,Move,browsing
1569750530.176,517,157,None,Move,browsing
1569750530.184,516,161,None,Move,browsing
1569750530.1920002,514,165,None,Move,browsing
1569750530.2,512,168,None,Move,browsing
1569750530.208,512,170,None,Move,browsing
1569750530.216,512,171,None,Move,browsing
1569750530.224,512,173,None,Move,browsing
1569750530.232,512,174,None,Move,browsing
1569750530.2389998,512,175,None,Move,browsing
1569750530.246,512,176,None,Move,browsing
1569750530.254,512,177,None,Move,browsing
1569750530.262,513,179,None,Move,browsing
1569750530.27,515,179,None,Move,browsing
1569750530.278,516,181,None,Move,browsing
1569750530.286,517,181,None,Move,browsing
1569750530.294,521,183,None,Move,browsing
1569750530.302,525,184,None,Move,browsing
1569750530.31,529,186,None,Move,browsing
1569750530.3170002,535,188,None,Move,browsing
1569750530.325,541,188,None,Move,browsing
1569750530.332,546,189,None,Move,browsing
1569750530.34,552,190,None,Move,browsing
1569750530.3479998,558,191,None,Move,browsing
1569750530.355,563,192,None,Move,browsing
1569750530.3639998,569,193,None,Move,browsing
1569750530.371,574,194,None,Move,browsing
1569750530.38,580,194,None,Move,browsing
1569750530.3879998,585,194,None,Move,browsing
1569750530.394,591,194,None,Move,browsing
1569750530.4020002,596,195,None,Move,browsing
1569750530.41,602,195,None,Move,browsing
1569750530.418,605,195,None,Move,browsing
1569750530.426,607,195,None,Move,browsing
1569750530.434,608,195,None,Move,browsing
1569750530.4420002,609,195,None,Move,file system
1569750530.451,611,195,None,Move,file system
1569750530.475,612,195,None,Move,file system
1569750531.464,612,196,None,Move,development
1569750531.484,614,198,None,Move,development
1569750531.502,619,205,None,Move,development
1569750531.52,624,215,None,Move,development
1569750531.549,639,232,None,Move,development
1569750531.561,649,241,None,Move,development
1569750531.571,655,245,None,Move,development
1569750531.581,665,249,None,Move,development
1569750531.59,667,251,None,Move,development
1569750531.5979998,670,252,None,Move,development
1569750531.609,671,253,None,Move,development
1569750531.617,672,253,None,Move,development
1569750531.6239998,673,253,None,Move,development
1569750532.38,674,254,None,Move,browsing
1569750532.454,674,254,None,Move,browsing
1569750532.504,675,254,None,Move,browsing
1569750532.516,675,255,None,Move,browsing
1569750532.524,676,256,None,Move,browsing
1569750532.532,677,257,None,Move,browsing
1569750532.54,681,260,None,Move,browsing
1569750532.548,685,264,None,Move,browsing
1569750532.556,690,268,None,Move,browsing
1569750532.564,695,271,None,Move,browsing
1569750532.572,700,275,None,Move,browsing
1569750532.579,705,280,None,Move,browsing
1569750532.586,709,283,None,Move,browsing
1569750532.596,712,285,None,Move,browsing
1569750532.6020002,714,288,None,Move,browsing
1569750532.61,715,289,None,Move,browsing
1569750532.6179998,717,290,None,Move,browsing
1569750532.6260002,718,292,None,Move,browsing
1569750532.633,720,293,None,Move,browsing
1569750532.6420002,720,295,None,Move,browsing
1569750532.65,722,295,None,Move,browsing
1569750532.657,722,297,None,Move,browsing
1569750532.664,724,298,None,Move,browsing
1569750532.673,728,300,None,Move,browsing
1569750532.68,732,301,None,Move,browsing
1569750532.688,737,301,None,Move,browsing
1569750532.696,739,301,None,Move,browsing
1569750532.704,740,300,None,Move,browsing
1569750532.746,740,299,None,Move,browsing
1569750532.7570002,740,298,None,Move,browsing
1569750532.766,738,292,None,Move,browsing
1569750532.7729998,733,285,None,Move,browsing
1569750532.78,727,278,None,Move,browsing
1569750532.7870002,721,269,None,Move,browsing
1569750532.794,713,258,None,Move,browsing
1569750532.802,703,244,None,Move,browsing
1569750532.81,691,227,None,Move,browsing
1569750532.8170002,673,209,None,Move,browsing
1569750532.824,650,190,None,Move,browsing
1569750532.832,622,171,None,Move,browsing
1569750532.84,588,151,None,Move,browsing
1569750532.8479998,551,134,None,Move,browsing
1569750532.856,514,112,None,Move,browsing
1569750532.8639998,472,95,None,Move,browsing
1569750532.8720002,430,76,None,Move,browsing
1569750532.881,392,63,None,Move,browsing
1569750532.891,362,53,None,Move,browsing
1569750532.9020002,334,45,None,Move,browsing
1569750532.917,283,23,None,Move,browsing
1569750532.93,228,11,None,Move,browsing
1569750532.941,204,8,None,Move,browsing
1569750532.9629998,162,-1,None,Move,browsing
1569750532.974,158,-3,None,Move,browsing
1569750532.9829998,158,-1,None,Move,browsing
1569750532.992,158,-1,None,Move,browsing
1569750533.0,158,-2,None,Move,browsing
1569750533.01,158,-2,None,Move,browsing
1569750533.018,159,-2,None,Move,browsing
1569750533.0270002,159,-1,None,Move,browsing
1569750533.034,159,-2,None,Move,browsing
1569750533.044,159,-1,None,Move,browsing
1569750533.052,159,0,None,Move,browsing
1569750533.061,159,-1,None,Move,browsing
1569750533.0670002,159,0,None,Move,browsing
1569750533.0779998,157,0,None,Move,browsing
1569750533.087,153,0,None,Move,browsing
1569750533.096,147,0,None,Move,browsing
1569750533.104,139,1,None,Move,browsing
1569750533.115,125,2,None,Move,browsing
1569750533.1239998,120,3,None,Move,browsing
1569750533.1320002,115,4,None,Move,browsing
1569750533.1420002,113,4,None,Move,browsing
1569750533.151,111,4,None,Move,browsing
1569750533.161,108,2,None,Move,browsing
1569750533.168,108,2,None,Move,browsing
1569750533.178,107,2,None,Move,browsing
1569750533.188,107,1,None,Move,browsing
1569750533.274,107,1,Left,Pressed,browsing
1569750533.274,107,1,None,Drag,browsing
1569750533.324,107,1,None,Drag,browsing
1569750533.337,107,1,None,Drag,browsing
1569750533.337,107,1,Left,Released,browsing
1569750533.3639998,107,2,None,Move,browsing
1569750533.377,113,14,None,Move,browsing
1569750533.39,117,19,None,Move,browsing
1569750533.404,132,34,None,Move,browsing
1569750533.419,168,77,None,Move,browsing
1569750533.4320002,228,117,None,Move,browsing
1569750533.4420002,258,138,None,Move,browsing
1569750533.457,344,191,None,Move,browsing
1569750533.472,429,223,None,Move,browsing
1569750533.488,538,277,None,Move,browsing
1569750533.504,641,310,None,Move,browsing
1569750533.519,705,335,None,Move,browsing
1569750533.535,741,351,None,Move,browsing
1569750533.552,755,360,None,Move,browsing
1569750533.566,760,362,None,Move,browsing
1569750533.62,760,362,None,Move,browsing
1569750533.64,760,362,None,Move,browsing
1569750533.656,760,362,Left,Pressed,browsing
1569750533.742,760,362,Left,Released,browsing
1569750534.428,760,362,None,Move,browsing
1569750534.444,760,362,None,Move,browsing
1569750534.454,761,364,None,Move,browsing
1569750534.464,761,364,None,Move,browsing
1569750534.4770002,761,366,None,Move,browsing
1569750534.4910002,761,367,None,Move,browsing
1569750534.5,761,368,None,Move,browsing
1569750534.5129998,761,368,None,Move,browsing
1569750534.525,761,369,None,Move,browsing
1569750534.592,761,369,None,Move,browsing
1569750534.6079998,761,369,None,Move,browsing
1569750534.646,761,369,None,Move,browsing
1569750534.6820002,761,368,None,Move,browsing
1569750534.77,761,368,None,Move,browsing
1569750534.794,761,367,None,Move,browsing
1569750534.844,761,366,None,Move,browsing
1569750534.8920002,761,366,None,Move,browsing
1569750535.0670002,761,365,None,Move,browsing
1569750535.0779998,761,365,None,Move,browsing
1569750535.086,761,365,None,Move,browsing
1569750535.164,761,365,None,Move,browsing
1569750535.1920002,761,365,None,Move,browsing
1569750535.2029998,761,366,None,Move,browsing
1569750535.21,761,366,None,Move,browsing
1569750535.367,761,366,None,Move,browsing
1569750535.383,761,366,None,Move,browsing
1569750535.394,761,365,None,Move,browsing
1569750535.41,761,365,None,Move,browsing
1569750535.554,761,364,None,Move,browsing
1569750535.577,761,364,None,Move,browsing
1569750535.726,761,364,None,Move,browsing
1569750535.952,761,363,None,Move,browsing
1569750535.96,761,363,None,Move,browsing
1569750535.984,761,362,None,Move,browsing
1569750536.248,761,362,Left,Pressed,browsing
1569750536.248,761,362,None,Drag,browsing
1569750536.248,761,362,Left,Released,browsing
1569750536.309,761,362,Left,Pressed,browsing
1569750536.42,761,362,Left,Released,browsing
1569750536.449,761,362,None,Move,browsing
1569750536.469,761,363,None,Move,browsing
1569750536.49,761,364,None,Move,browsing
1569750536.519,761,364,None,Move,browsing
1569750536.5370002,761,365,None,Move,browsing
1569750536.555,761,366,None,Move,browsing
1569750536.596,761,366,None,Move,browsing
1569750538.344,761,367,None,Move,browsing
1569750538.356,761,367,None,Move,browsing
1569750538.365,761,368,None,Move,browsing
1569750538.379,762,370,None,Move,browsing
1569750538.387,764,374,None,Move,browsing
1569750538.397,765,377,None,Move,browsing
1569750538.407,768,382,None,Move,browsing
1569750538.419,779,392,None,Move,browsing
1569750538.427,788,396,None,Move,browsing
1569750538.435,796,396,None,Move,browsing
1569750538.445,799,393,None,Move,browsing
1569750538.455,799,392,None,Move,browsing
1569750538.464,797,390,None,Move,browsing
1569750553.964,797,390,None,Move,browsing
1569750553.976,797,387,None,Move,browsing
1569750553.985,799,382,None,Move,browsing
1569750553.994,801,377,None,Move,browsing
1569750554.005,802,366,None,Move,browsing
1569750554.014,802,359,None,Move,browsing
1569750554.0229998,801,352,None,Move,browsing
1569750554.035,799,344,None,Move,browsing
1569750554.044,795,327,None,Move,browsing
1569750554.0579998,794,320,None,Move,browsing
1569750554.073,793,308,None,Move,browsing
1569750554.0879998,793,297,None,Move,browsing
1569750554.0979998,794,286,None,Move,browsing
1569750554.109,794,283,None,Move,browsing
1569750554.12,795,281,None,Move,browsing
1569750554.1279998,796,279,None,Move,browsing
1569750554.1379998,796,278,None,Move,browsing
1569750554.146,796,278,None,Move,browsing
1569750554.156,796,277,None,Move,browsing
1569750554.218,796,277,None,Move,browsing
1569750554.23,796,277,None,Move,browsing
1569750554.246,796,278,None,Move,browsing
1569750554.28,796,278,None,Move,browsing
1569750554.458,796,278,None,Move,browsing
1569750554.48,796,279,None,Move,browsing
1569750556.451,796,279,None,Move,browsing
1569750556.512,796,280,None,Move,browsing
1569750558.8920002,796,281,None,Move,browsing
1569750558.9020002,796,281,None,Move,browsing
1569750558.9120002,796,282,None,Move,browsing
1569750558.926,796,282,None,Move,browsing
1569750558.937,796,280,None,Move,browsing
1569750558.945,796,279,None,Move,browsing
1569750558.956,796,279,None,Move,browsing
1569750564.024,796,279,None,Move,browsing
1569750564.032,796,279,None,Move,browsing
1569750564.044,796,280,None,Move,browsing
1569750564.06,796,280,None,Move,browsing
1569750564.076,796,281,None,Move,browsing
1569750564.085,796,281,None,Move,browsing
1569750564.097,796,282,None,Move,browsing
1569750564.105,796,283,None,Move,browsing
1569750564.1160002,796,283,None,Move,browsing
1569750564.146,796,283,None,Move,browsing
1569750564.158,796,283,None,Move,browsing
1569750564.167,796,282,None,Move,browsing
1569750564.176,796,282,None,Move,browsing
1569750564.185,797,281,None,Move,browsing
1569750564.196,797,280,None,Move,browsing
1569750564.208,798,279,None,Move,browsing
1569750564.218,799,277,None,Move,browsing
1569750564.232,801,275,None,Move,browsing
1569750564.2470002,804,272,None,Move,browsing
1569750564.258,807,269,None,Move,browsing
1569750564.268,809,267,None,Move,browsing
1569750564.28,810,265,None,Move,browsing
1569750564.29,813,260,None,Move,browsing
1569750564.301,815,258,None,Move,browsing
1569750564.314,818,254,None,Move,browsing
1569750564.327,819,252,None,Move,browsing
1569750564.337,822,245,None,Move,browsing
1569750564.351,826,240,None,Move,browsing
1569750564.365,834,231,None,Move,browsing
1569750564.3779998,837,227,None,Move,browsing
1569750564.3860002,838,226,None,Move,browsing
1569750564.3979998,839,224,None,Move,browsing
1569750564.409,841,222,None,Move,browsing
1569750564.42,841,221,None,Move,browsing
1569750564.431,841,221,None,Move,browsing
1569750564.444,841,220,None,Move,browsing
1569750564.454,841,219,None,Move,browsing
1569750564.47,841,219,None,Move,browsing
1569750564.496,841,218,None,Move,browsing
1569750564.516,841,218,None,Move,browsing
1569750564.529,841,217,None,Move,browsing
1569750564.538,841,217,None,Move,browsing
1569750564.549,841,214,None,Move,browsing
1569750564.561,841,213,None,Move,browsing
1569750564.57,841,212,None,Move,browsing
1569750564.581,841,209,None,Move,browsing
1569750564.59,841,208,None,Move,browsing
1569750564.597,841,206,None,Move,browsing
1569750564.607,841,205,None,Move,browsing
1569750564.62,840,203,None,Move,browsing
1569750564.631,840,203,None,Move,browsing
1569750564.639,840,202,None,Move,browsing
1569750564.6479998,840,201,None,Move,browsing
1569750564.661,840,200,None,Move,browsing
1569750564.671,840,199,None,Move,browsing
1569750564.6829998,840,199,None,Move,browsing
1569750564.734,840,199,None,Move,browsing
1569750564.7470002,840,199,None,Move,browsing
1569750564.762,840,199,None,Move,browsing
1569750564.8520002,840,199,None,Move,browsing
1569750564.8779998,840,199,None,Move,browsing
1569750564.89,840,199,None,Move,browsing
1569750565.015,840,199,None,Move,browsing
1569750565.0270002,840,199,None,Move,browsing
1569750565.0370002,840,200,None,Move,browsing
1569750565.054,840,200,None,Move,browsing
1569750565.064,840,202,None,Move,browsing
1569750565.071,840,202,None,Move,browsing
1569750565.082,840,203,None,Move,browsing
1569750565.093,840,203,None,Move,browsing
1569750565.1020002,840,204,None,Move,browsing
1569750565.25,840,204,None,Move,browsing
1569750565.262,841,206,None,Move,browsing
1569750565.27,842,207,None,Move,browsing
1569750565.283,842,208,None,Move,browsing
1569750565.312,842,208,None,Move,browsing
1569750565.332,842,208,None,Move,browsing
1569750565.686,842,207,None,Move,browsing
1569750565.699,842,207,None,Move,browsing
1569750565.712,842,205,None,Move,browsing
1569750565.722,841,204,None,Move,browsing
1569750565.7370002,841,203,None,Move,browsing
1569750565.7489998,841,201,None,Move,browsing
1569750565.764,841,200,None,Move,browsing
1569750565.775,841,200,None,Move,browsing
1569750565.846,841,200,None,Move,browsing
1569750565.857,841,200,None,Move,browsing
1569750565.87,841,201,None,Move,browsing
1569750565.885,841,203,None,Move,browsing
1569750565.8979998,841,204,None,Move,browsing
1569750565.913,841,205,None,Move,browsing
1569750565.948,841,205,None,Move,browsing
1569750565.959,841,204,None,Move,browsing
1569750565.97,841,204,None,Move,browsing
1569750565.981,841,203,None,Move,browsing
1569750566.104,841,203,None,Move,browsing
1569750566.1260002,841,202,None,Move,browsing
1569750566.135,839,201,None,Move,browsing
1569750566.146,836,199,None,Move,browsing
1569750566.155,835,198,None,Move,browsing
1569750566.168,832,195,None,Move,browsing
1569750566.18,831,194,None,Move,browsing
1569750566.2410002,831,194,None,Move,browsing
1569750566.333,831,195,None,Move,browsing
1569750566.3839998,831,195,None,Move,browsing
1569750566.408,830,195,None,Move,browsing
1569750566.421,830,194,None,Move,browsing
1569750566.434,828,193,None,Move,browsing
1569750566.446,826,191,None,Move,browsing
1569750566.455,826,191,None,Move,browsing
1569750566.744,826,190,None,Move,browsing
1569750566.756,825,190,None,Move,browsing
1569750567.22,825,190,None,Move,browsing
1569750567.3679998,825,190,None,Move,browsing
1569750567.407,825,190,None,Move,browsing
1569750568.222,825,190,None,Move,browsing
1569750568.4320002,825,190,None,Move,browsing
1569750568.756,825,190,None,Move,browsing
1569750568.776,825,191,None,Move,browsing
1569750568.789,825,191,None,Move,browsing
1569750568.948,825,191,None,Move,browsing
1569750568.965,825,191,None,Move,browsing
1569750568.976,824,191,None,Move,browsing
1569750569.092,823,191,None,Move,browsing
1569750569.103,822,190,None,Move,browsing
1569750569.115,820,189,None,Move,browsing
1569750569.1260002,820,188,None,Move,browsing
1569750569.1339998,818,188,None,Move,browsing
1569750569.141,818,187,None,Move,browsing
1569750569.151,818,187,None,Move,browsing
1569750569.163,817,187,None,Move,browsing
1569750569.174,817,187,None,Move,browsing
1569750569.184,816,187,None,Move,browsing
1569750569.195,816,186,None,Move,browsing
1569750569.208,815,186,None,Move,browsing
1569750569.224,814,186,None,Move,browsing
1569750569.244,814,186,None,Move,browsing
1569750569.256,814,186,None,Move,browsing
1569750569.265,814,185,None,Move,browsing
1569750569.274,813,185,None,Move,browsing
1569750569.33,813,185,None,Move,browsing
1569750569.408,813,185,None,Move,browsing
1569750569.494,813,185,None,Move,browsing
1569750578.59,813,185,None,Move,browsing
1569750578.5979998,811,185,None,Move,browsing
1569750578.606,808,185,None,Move,browsing
1569750578.6139998,805,184,None,Move,browsing
1569750578.621,804,184,None,Move,browsing
1569750578.631,804,183,None,Move,browsing
1569750578.71,804,183,None,Move,browsing
1569750578.984,803,183,None,Move,browsing
1569750578.996,802,183,None,Move,browsing
1569750579.005,801,183,None,Move,browsing
1569750579.015,800,183,None,Move,browsing
1569750579.0229998,799,183,None,Move,browsing
1569750579.034,799,183,None,Move,browsing
1569750579.041,798,183,None,Move,browsing
1569750579.129,798,183,None,Move,browsing
1569750579.139,800,183,None,Move,browsing
1569750579.15,801,183,None,Move,browsing
1569750579.158,802,183,None,Move,browsing
1569750579.222,803,183,None,Move,browsing
1569750579.236,804,183,None,Move,browsing
1569750579.2470002,805,183,None,Move,browsing
1569750579.256,807,183,None,Move,browsing
1569750579.265,809,184,None,Move,browsing
1569750579.272,810,184,None,Move,browsing
1569750579.282,811,185,None,Move,browsing
1569750579.42,811,185,None,Move,browsing
1569750579.604,811,186,None,Move,browsing
1569750579.6220002,811,186,None,Move,browsing
1569750579.697,811,186,None,Move,browsing
1569750579.707,811,186,None,Move,browsing
1569750583.39,810,186,None,Move,file system
1569750583.4020002,809,186,None,Move,file system
1569750583.415,808,186,None,Move,file system
1569750583.46,808,186,None,Move,file system
1569750583.4729998,808,186,None,Move,file system
1569750583.62,808,186,None,Move,file system
1569750583.6320002,809,187,None,Move,file system
1569750583.659,809,187,None,Move,file system
1569750583.668,808,187,None,Move,file system
1569750583.6820002,807,187,None,Move,browsing
1569750583.706,793,186,None,Move,browsing
1569750583.717,785,185,None,Move,browsing
1569750583.73,770,187,None,Move,browsing
1569750583.738,763,190,None,Move,browsing
1569750583.7489998,755,192,None,Move,browsing
1569750583.7589998,745,194,None,Move,browsing
1569750583.7670002,734,196,None,Move,browsing
1569750583.78,705,201,None,Move,browsing
1569750583.788,687,205,None,Move,browsing
1569750583.798,669,207,None,Move,browsing
1569750583.8070002,655,209,None,Move,browsing
1569750583.8179998,634,218,None,Move,browsing
1569750583.826,628,224,None,Move,browsing
1569750583.835,622,229,None,Move,browsing
1569750583.843,617,233,None,Move,browsing
1569750583.849,613,236,None,Move,browsing
1569750583.8620002,609,238,None,Move,browsing
1569750583.869,607,239,None,Move,browsing
1569750583.879,596,243,None,Move,browsing
1569750583.887,589,245,None,Move,browsing
1569750583.896,581,247,None,Move,browsing
1569750583.903,572,248,None,Move,browsing
1569750583.919,557,247,None,Move,browsing
1569750583.927,550,245,None,Move,browsing
1569750583.935,542,240,None,Move,browsing
1569750583.946,528,234,None,Move,browsing
1569750583.9529998,505,226,None,Move,browsing
1569750583.962,483,217,None,Move,browsing
1569750583.97,466,212,None,Move,browsing
1569750583.978,451,206,None,Move,browsing
1569750583.985,440,202,None,Move,browsing
1569750583.995,432,198,None,Move,browsing
1569750584.002,422,195,None,Move,browsing
1569750584.01,419,193,None,Move,browsing
1569750584.018,418,192,None,Move,browsing
1569750584.026,417,190,None,Move,browsing
1569750584.033,417,189,None,Move,browsing
1569750584.045,417,188,None,Move,browsing
1569750584.052,418,186,None,Move,browsing
1569750584.061,419,185,None,Move,browsing
1569750584.0679998,420,184,None,Move,browsing
1569750584.0779998,422,182,None,Move,browsing
1569750584.085,422,182,None,Move,browsing
1569750584.092,424,180,None,Move,browsing
1569750584.1,424,180,None,Move,browsing
1569750584.109,425,179,None,Move,browsing
1569750584.117,425,179,None,Move,browsing
1569750584.1279998,426,177,None,Move,browsing
1569750584.1360002,428,175,None,Move,browsing
1569750584.145,428,173,None,Move,browsing
1569750584.153,429,171,None,Move,browsing
1569750584.161,430,168,None,Move,browsing
1569750584.168,432,165,None,Move,browsing
1569750584.178,434,160,None,Move,browsing
1569750584.186,436,156,None,Move,browsing
1569750584.195,437,154,None,Move,browsing
1569750584.202,439,153,None,Move,browsing
1569750584.2129998,439,152,None,Move,browsing
1569750584.22,440,151,None,Move,browsing
1569750584.288,440,150,None,Move,browsing
1569750584.296,443,150,None,Move,browsing
1569750584.3070002,446,148,None,Move,browsing
1569750584.3179998,452,148,None,Move,browsing
1569750584.327,457,148,None,Move,browsing
1569750584.335,460,148,None,Move,browsing
1569750584.346,462,148,None,Move,browsing
1569750584.353,465,148,None,Move,browsing
1569750584.36,468,148,None,Move,browsing
1569750584.367,474,149,None,Move,browsing
1569750584.3760002,479,149,None,Move,browsing
1569750584.3820002,483,150,None,Move,browsing
1569750584.39,489,151,None,Move,browsing
1569750584.399,493,152,None,Move,browsing
1569750584.407,496,152,None,Move,browsing
1569750584.415,499,152,None,Move,browsing
1569750584.424,502,152,None,Move,browsing
1569750584.431,507,151,None,Move,browsing
1569750584.438,509,150,None,Move,browsing
1569750584.449,511,148,None,Move,browsing
1569750584.458,513,147,None,Move,browsing
1569750584.467,515,146,None,Move,browsing
1569750584.4770002,517,144,None,Move,browsing
1569750584.485,517,144,None,Move,browsing
1569750584.55,517,143,None,Move,browsing
1569750584.5579998,520,142,None,Move,browsing
1569750584.564,523,140,None,Move,browsing
1569750584.572,526,138,None,Move,browsing
1569750584.583,527,137,None,Move,browsing
1569750584.59,529,136,None,Move,browsing
1569750584.5979998,529,136,None,Move,browsing
1569750584.736,530,136,None,Move,browsing
1569750584.748,530,136,None,Move,browsing
1569750584.7589998,531,136,None,Move,browsing
1569750584.766,532,136,None,Move,browsing
1569750584.7729998,533,136,None,Move,browsing
1569750584.781,535,136,None,Move,browsing
1569750584.789,536,136,None,Move,browsing
1569750584.799,538,136,None,Move,browsing
1569750584.8070002,540,136,None,Move,browsing
1569750584.815,542,136,None,Move,browsing
1569750584.822,545,135,None,Move,browsing
1569750584.831,550,134,None,Move,browsing
1569750584.845,561,131,None,Move,browsing
1569750584.854,568,129,None,Move,browsing
1569750584.863,574,127,None,Move,browsing
1569750584.8660002,579,125,None,Move,browsing
1569750584.875,582,124,None,Move,browsing
1569750584.8839998,583,123,None,Move,browsing
1569750584.8920002,584,123,None,Move,browsing
1569750584.9,586,123,None,Move,browsing
1569750584.909,586,123,None,Move,browsing
1569750584.917,587,123,None,Move,browsing
1569750584.982,587,122,None,Move,browsing
1569750584.998,588,122,None,Move,browsing
1569750585.072,589,122,None,Move,browsing
1569750585.084,590,122,None,Move,browsing
1569750585.092,591,122,None,Move,browsing
1569750585.0979998,592,122,None,Move,browsing
1569750585.11,594,122,None,Move,browsing
1569750585.117,595,122,None,Move,browsing
1569750585.125,596,122,None,Move,browsing
1569750585.133,597,122,None,Move,browsing
1569750585.143,598,122,None,Move,browsing
1569750585.151,599,122,None,Move,browsing
1569750585.158,599,122,None,Move,browsing
1569750585.165,599,122,None,Move,browsing
1569750585.1720002,600,123,None,Move,browsing
1569750585.179,601,124,None,Move,browsing
1569750585.186,603,125,None,Move,browsing
1569750585.196,604,127,None,Move,browsing
1569750585.2029998,606,128,None,Move,browsing
1569750585.215,610,129,None,Move,browsing
1569750585.224,615,130,None,Move,browsing
1569750585.232,619,130,None,Move,browsing
1569750585.24,622,130,None,Move,browsing
1569750585.2489998,629,130,None,Move,browsing
1569750585.256,631,130,None,Move,browsing
1569750585.264,634,129,None,Move,browsing
1569750585.274,637,128,None,Move,browsing
1569750585.283,639,128,None,Move,browsing
1569750585.291,642,128,None,Move,browsing
1569750585.298,645,127,None,Move,browsing
1569750585.3070002,648,127,None,Move,browsing
1569750585.314,650,127,None,Move,browsing
1569750585.323,653,127,None,Move,browsing
1569750585.331,654,127,None,Move,browsing
1569750585.3379998,655,127,None,Move,browsing
1569750585.346,657,127,None,Move,browsing
1569750585.353,658,127,None,Move,browsing
1569750585.361,659,127,None,Move,browsing
1569750585.3679998,660,127,None,Move,browsing
1569750585.379,661,127,None,Move,browsing
1569750585.387,662,127,None,Move,browsing
1569750585.395,663,127,None,Move,browsing
1569750585.403,663,127,None,Move,browsing
1569750585.414,664,127,None,Move,browsing
1569750585.644,664,127,None,Move,browsing
1569750585.664,664,127,None,Move,browsing
1569750585.6720002,664,128,None,Move,browsing
1569750585.684,664,129,None,Move,browsing
1569750585.6920002,664,130,None,Move,browsing
1569750585.7,664,132,None,Move,browsing
1569750585.71,666,133,None,Move,browsing
1569750585.717,667,134,None,Move,browsing
1569750585.7270002,670,138,None,Move,browsing
1569750585.734,672,140,None,Move,browsing
1569750585.7429998,675,143,None,Move,browsing
1569750585.7510002,679,147,None,Move,browsing
1569750585.758,684,152,None,Move,browsing
1569750585.766,690,156,None,Move,browsing
1569750585.7770002,696,160,None,Move,browsing
1569750585.785,702,164,None,Move,browsing
1569750585.793,710,168,None,Move,browsing
1569750585.801,718,173,None,Move,browsing
1569750585.813,735,183,None,Move,browsing
1569750585.821,742,186,None,Move,browsing
1569750585.829,748,188,None,Move,browsing
1569750585.837,754,190,None,Move,browsing
1569750585.844,760,192,None,Move,browsing
1569750585.8520002,763,192,None,Move,browsing
1569750585.8620002,766,192,None,Move,browsing
1569750585.869,768,192,None,Move,browsing
1569750585.8760002,769,192,None,Move,browsing
1569750585.883,771,191,None,Move,browsing
1569750585.891,771,191,None,Move,browsing
1569750585.906,771,191,None,Move,browsing
1569750585.917,771,190,None,Move,browsing
1569750585.93,771,190,None,Move,browsing
1569750585.938,771,188,None,Move,browsing
1569750585.947,769,187,None,Move,browsing
1569750585.955,765,185,None,Move,browsing
1569750585.962,757,182,None,Move,browsing
1569750585.969,745,180,None,Move,browsing
1569750585.976,730,178,None,Move,browsing
1569750585.984,708,170,None,Move,browsing
1569750585.994,682,166,None,Move,browsing
1569750586.0010002,652,157,None,Move,browsing
1569750586.0089998,624,147,None,Move,browsing
1569750586.016,597,138,None,Move,browsing
1569750586.025,566,128,None,Move,browsing
1569750586.032,539,118,None,Move,browsing
1569750586.043,513,108,None,Move,browsing
1569750586.05,496,100,None,Move,browsing
1569750586.06,483,95,None,Move,browsing
1569750586.0670002,472,90,None,Move,browsing
1569750586.081,450,84,None,Move,browsing
1569750586.091,437,79,None,Move,browsing
1569750586.097,425,73,None,Move,browsing
1569750586.107,415,70,None,Move,browsing
1569750586.1160002,403,66,None,Move,browsing
1569750586.127,378,60,None,Move,browsing
1569750586.1339998,367,58,None,Move,browsing
1569750586.143,359,56,None,Move,browsing
1569750586.15,352,54,None,Move,browsing
1569750586.161,347,53,None,Move,browsing
1569750586.168,344,51,None,Move,browsing
1569750586.179,343,51,None,Move,browsing
1569750586.186,343,50,None,Move,browsing
1569750586.272,343,50,None,Move,browsing
1569750586.28,343,51,None,Move,browsing
1569750586.289,343,54,None,Move,browsing
1569750586.298,344,57,None,Move,browsing
1569750586.3079998,347,63,None,Move,browsing
1569750586.316,351,70,None,Move,browsing
1569750586.3279998,363,88,None,Move,browsing
1569750586.336,367,96,None,Move,browsing
1569750586.3479998,373,106,None,Move,browsing
1569750586.3579998,380,125,None,Move,browsing
1569750586.3660002,384,134,None,Move,browsing
1569750586.377,387,143,None,Move,browsing
1569750586.383,390,157,None,Move,browsing
1569750586.395,395,175,None,Move,browsing
1569750586.403,405,200,None,Move,browsing
1569750586.414,423,245,None,Move,browsing
1569750586.427,434,268,None,Move,browsing
1569750586.435,446,290,None,Move,browsing
1569750586.448,464,320,None,Move,browsing
1569750586.458,470,328,None,Move,browsing
1569750586.465,475,333,None,Move,browsing
1569750586.4770002,479,335,None,Move,browsing
1569750586.485,480,335,None,Move,browsing
1569750586.555,480,335,None,Move,file system
1569750587.026,481,335,None,Move,file system
1569750587.034,484,336,None,Move,file system
1569750587.043,486,337,None,Move,file system
1569750587.05,489,338,None,Move,file system
1569750587.061,491,338,None,Move,file system
1569750587.069,495,339,None,Move,file system
1569750587.077,498,339,None,Move,file system
1569750587.085,501,340,None,Move,file system
1569750587.091,502,340,None,Move,file system
1569750587.0979998,504,341,None,Move,file system
1569750587.11,506,341,None,Move,file system
1569750587.1160002,510,343,None,Move,file system
1569750587.1239998,516,343,None,Move,file system
1569750587.131,523,345,None,Move,file system
1569750587.14,530,347,None,Move,file system
1569750587.15,541,349,None,Move,file system
1569750587.158,547,349,None,Move,file system
1569750587.166,551,347,None,Move,file system
1569750587.174,557,347,None,Move,file system
1569750587.1820002,561,349,None,Move,file system
1569750587.198,565,351,None,Move,browsing
1569750587.216,576,356,None,Move,browsing
1569750587.242,591,361,None,Move,browsing
1569750587.2589998,600,366,None,Move,browsing
1569750587.271,609,370,None,Move,browsing
1569750587.28,612,371,None,Move,browsing
1569750587.293,619,374,None,Move,browsing
1569750587.303,621,374,None,Move,browsing
1569750587.314,623,373,None,Move,browsing
1569750587.325,625,372,None,Move,browsing
1569750587.332,626,371,None,Move,browsing
1569750587.346,626,368,None,Move,browsing
1569750587.355,626,367,None,Move,browsing
1569750587.3639998,624,366,None,Move,browsing
1569750587.375,622,365,None,Move,browsing
1569750587.383,621,364,None,Move,browsing
1569750587.399,618,362,None,Move,browsing
1569750587.4120002,613,365,None,Move,browsing
1569750587.423,611,367,None,Move,browsing
1569750587.4329998,601,372,None,Move,browsing
1569750587.4429998,595,374,None,Move,browsing
1569750587.458,589,375,None,Move,browsing
1569750587.468,587,375,None,Move,browsing
1569750587.4770002,586,373,None,Move,browsing
1569750587.4870002,584,364,None,Move,browsing
1569750587.4970002,583,360,None,Move,browsing
1569750587.512,583,358,None,Move,browsing
1569750587.5229998,583,357,None,Move,browsing
1569750587.531,583,356,None,Move,browsing
1569750587.541,583,354,None,Move,browsing
1569750587.552,583,353,None,Move,browsing
1569750587.563,583,352,None,Move,browsing
1569750587.571,584,351,None,Move,browsing
1569750587.581,584,350,None,Move,browsing
1569750587.606,584,349,None,Move,browsing
1569750587.625,584,348,None,Move,browsing
1569750587.646,584,348,None,Move,browsing
1569750587.657,584,348,None,Move,browsing
1569750587.668,582,347,None,Move,browsing
1569750587.681,582,347,None,Move,browsing
1569750593.29,582,347,None,Move,browsing
1569750593.3079998,582,347,None,Move,browsing
1569750593.3779998,582,348,None,Move,browsing
1569750593.39,582,349,None,Move,browsing
1569750593.3979998,582,349,None,Move,browsing
1569750593.754,583,349,None,Move,browsing
1569750593.768,584,348,None,Move,browsing
1569750593.778,585,346,None,Move,browsing
1569750593.785,586,346,None,Move,browsing
1569750593.792,586,345,None,Move,browsing
1569750594.186,586,345,None,Move,browsing
1569750594.4120002,586,345,None,Move,browsing
1569750594.424,586,346,None,Move,browsing
1569750594.6079998,586,346,None,Move,browsing
1569750597.335,587,347,None,Move,browsing
1569750597.345,587,347,None,Move,browsing
1569750597.356,590,346,None,Move,browsing
1569750597.3660002,595,344,None,Move,browsing
1569750597.373,598,343,None,Move,browsing
1569750597.3860002,603,340,None,Move,browsing
1569750597.394,605,338,None,Move,browsing
1569750597.4020002,607,337,None,Move,browsing
1569750597.413,612,335,None,Move,browsing
1569750597.42,621,333,None,Move,browsing
1569750597.429,635,333,None,Move,browsing
1569750597.438,690,342,None,Move,browsing
1569750597.449,735,349,None,Move,browsing
1569750597.457,784,353,None,Move,browsing
1569750597.467,836,355,None,Move,browsing
1569750597.4770002,888,357,None,Move,browsing
1569750597.4889998,976,362,None,Move,browsing
1569750597.4989998,1009,362,None,Move,browsing
1569750597.508,1039,362,None,Move,browsing
1569750597.518,1090,365,None,Move,browsing
1569750597.525,1105,366,None,Move,browsing
1569750597.534,1118,368,None,Move,browsing
1569750597.542,1130,371,None,Move,browsing
1569750597.555,1138,372,None,Move,browsing
1569750597.565,1151,373,None,Move,browsing
1569750597.573,1153,373,None,Move,browsing
1569750597.585,1153,373,None,Move,browsing
1569750597.6220002,1153,373,None,Move,browsing
1569750597.633,1153,373,None,Move,browsing
1569750597.644,1153,373,None,Move,browsing
1569750597.655,1152,373,None,Move,browsing
1569750597.724,1152,373,None,Move,browsing
1569750597.746,1151,373,None,Move,browsing
1569750597.758,1150,373,None,Move,browsing
1569750597.769,1150,372,None,Move,browsing
1569750597.78,1149,372,None,Move,browsing
1569750597.8860002,1149,371,None,Move,browsing
1569750597.914,1149,371,None,Move,browsing
1569750597.926,1148,371,None,Move,browsing
1569750597.968,1148,371,None,Move,browsing
1569750598.032,1147,371,None,Move,browsing
1569750604.288,1147,371,Left,Pressed,browsing
1569750604.424,1147,371,Left,Released,browsing
1569750604.623,1147,370,None,Move,browsing
1569750604.6339998,1146,370,None,Move,browsing
1569750604.6479998,1144,366,None,Move,file system
1569750604.667,1133,348,None,Move,file system
1569750604.686,1126,338,None,Move,file system
1569750604.697,1114,331,None,Move,file system
1569750604.715,1100,326,None,Move,file system
1569750604.7370002,1070,320,None,Move,browsing
1569750604.765,1031,314,None,Move,browsing
1569750604.782,1012,313,None,Move,browsing
1569750604.8,998,306,None,Move,browsing
1569750604.815,995,303,None,Move,browsing
1569750604.8279998,992,300,None,Move,browsing
1569750604.842,984,296,None,Move,browsing
1569750604.853,977,291,None,Move,browsing
1569750604.8679998,971,289,None,Move,browsing
1569750604.883,953,287,None,Move,browsing
1569750604.894,936,285,None,Move,browsing
1569750604.907,929,284,None,Move,browsing
1569750604.92,920,283,None,Move,browsing
1569750604.9329998,916,283,None,Move,browsing
1569750604.948,913,283,None,Move,browsing
1569750604.962,912,283,None,Move,browsing
1569750604.9770002,909,283,None,Move,browsing
1569750604.986,908,283,None,Move,browsing
1569750604.9989998,907,283,None,Move,browsing
1569750605.048,907,283,None,Move,browsing
1569750605.196,907,283,None,Move,browsing
1569750605.246,906,283,None,Move,browsing
1569750605.258,905,282,None,Move,browsing
1569750605.268,901,282,None,Move,browsing
1569750605.28,891,281,None,Move,browsing
1569750605.291,859,276,None,Move,browsing
1569750605.3,826,265,None,Move,browsing
1569750605.311,796,257,None,Move,browsing
1569750605.3179998,767,249,None,Move,browsing
1569750605.329,720,234,None,Move,browsing
1569750605.341,695,228,None,Move,browsing
1569750605.349,668,220,None,Move,browsing
1569750605.36,611,212,None,Move,browsing
1569750605.3679998,586,210,None,Move,browsing
1569750605.379,565,207,None,Move,browsing
1569750605.387,552,205,None,Move,browsing
1569750605.395,540,202,None,Move,browsing
1569750605.403,529,195,None,Move,browsing
1569750605.41,518,191,None,Move,browsing
1569750605.418,508,185,None,Move,browsing
1569750605.425,500,179,None,Move,browsing
1569750605.4329998,494,173,None,Move,browsing
1569750605.44,489,167,None,Move,browsing
1569750605.448,486,163,None,Move,browsing
1569750605.456,485,161,None,Move,browsing
1569750605.4629998,484,160,None,Move,browsing
1569750605.471,484,159,None,Move,browsing
1569750605.478,484,158,None,Move,browsing
1569750605.488,484,158,None,Move,browsing
1569750605.512,484,157,None,Move,browsing
1569750605.55,484,157,None,Move,browsing
1569750605.586,483,155,None,Move,browsing
1569750605.594,482,154,None,Move,browsing
1569750605.6020002,481,153,None,Move,browsing
1569750605.61,479,151,None,Move,browsing
1569750605.617,477,150,None,Move,browsing
1569750605.6239998,475,148,None,Move,browsing
1569750605.6320002,473,147,None,Move,browsing
1569750605.64,471,147,None,Move,browsing
1569750605.649,469,146,None,Move,browsing
1569750605.658,468,145,None,Move,browsing
1569750605.665,468,145,None,Move,browsing
1569750605.674,467,145,None,Move,browsing
1569750605.804,467,145,None,Move,browsing
1569750605.812,467,145,None,Move,browsing
1569750605.821,468,144,None,Move,browsing
1569750605.8279998,469,144,None,Move,browsing
1569750605.837,470,144,None,Move,browsing
1569750605.844,472,144,None,Move,browsing
1569750605.853,475,143,None,Move,browsing
1569750605.861,478,142,None,Move,browsing
1569750605.877,482,141,None,Move,file system
1569750605.893,485,141,None,Move,file system
1569750605.9,486,142,None,Move,file system
1569750605.9120002,489,143,None,Move,file system
1569750605.921,493,146,None,Move,file system
1569750605.9320002,505,156,None,Move,file system
1569750605.9420002,511,162,None,Move,file system
1569750605.949,518,169,None,Move,file system
1569750605.958,524,174,None,Move,file system
1569750605.966,529,179,None,Move,file system
1569750605.974,534,185,None,Move,file system
1569750605.982,540,191,None,Move,file system
1569750605.9889998,546,197,None,Move,file system
1569750605.9970002,552,205,None,Move,file system
1569750606.005,559,211,None,Move,file system
1569750606.0129998,565,216,None,Move,file system
1569750606.0229998,577,225,None,Move,file system
1569750606.031,582,230,None,Move,file system
1569750606.038,588,235,None,Move,file system
1569750606.046,594,241,None,Move,file system
1569750606.055,600,247,None,Move,file system
1569750606.062,607,253,None,Move,file system
1569750606.07,613,257,None,Move,file system
1569750606.0779998,618,258,None,Move,file system
1569750606.086,623,260,None,Move,file system
1569750606.093,625,262,None,Move,file system
1569750606.101,627,263,None,Move,file system
1569750606.1079998,628,264,None,Move,file system
1569750606.115,629,264,None,Move,file system
1569750606.123,630,264,None,Move,file system
1569750606.131,632,265,None,Move,file system
1569750606.139,633,265,None,Move,file system
1569750606.1479998,635,265,None,Move,file system
1569750606.156,638,266,None,Move,file system
1569750606.163,641,267,None,Move,file system
1569750606.171,644,267,None,Move,file system
1569750606.178,645,267,None,Move,file system
1569750606.186,646,267,None,Move,file system
1569750606.194,647,267,None,Move,file system
1569750606.3379998,647,267,None,Move,development
1569750606.351,648,267,None,Move,development
1569750606.3639998,649,265,None,Move,development
1569750606.377,650,263,None,Move,development
1569750606.387,650,261,None,Move,development
1569750606.396,649,260,None,Move,development
1569750606.405,646,259,None,Move,development
1569750606.4120002,640,257,None,Move,development
1569750606.421,635,256,None,Move,development
1569750606.428,629,256,None,Move,development
1569750606.436,623,256,None,Move,development
1569750606.4429998,617,258,None,Move,development
1569750606.451,610,260,None,Move,development
1569750606.459,605,261,None,Move,development
1569750606.467,602,263,None,Move,development
1569750606.474,599,265,None,Move,development
1569750606.481,597,266,None,Move,development
1569750606.488,596,268,None,Move,development
1569750606.496,594,269,None,Move,development
1569750606.5029998,593,271,None,Move,development
1569750606.51,592,274,None,Move,development
1569750606.518,591,280,None,Move,development
1569750606.526,591,285,None,Move,development
1569750606.534,591,291,None,Move,development
1569750606.542,590,299,None,Move,development
1569750606.55,589,308,None,Move,development
1569750606.5570002,587,318,None,Move,development
1569750606.564,584,325,None,Move,development
1569750606.572,580,335,None,Move,development
1569750606.58,574,343,None,Move,development
1569750606.5879998,568,352,None,Move,development
1569750606.596,564,359,None,Move,development
1569750606.604,561,366,None,Move,development
1569750606.6120002,557,371,None,Move,development
1569750606.62,555,373,None,Move,development
1569750606.6279998,554,374,None,Move,development
1569750606.635,553,375,None,Move,development
1569750606.643,553,375,None,Move,development
1569750606.674,552,375,None,Move,development
1569750606.684,551,377,None,Move,development
1569750606.691,549,379,None,Move,development
1569750606.699,549,382,None,Move,development
1569750606.706,549,386,None,Move,development
1569750606.7129998,549,390,None,Move,development
1569750606.721,550,397,None,Move,development
1569750606.73,556,405,None,Move,development
1569750606.7370002,562,413,None,Move,development
1569750606.745,570,422,None,Move,development
1569750606.7529998,580,432,None,Move,development
1569750606.7610002,595,442,None,Move,development
1569750606.769,606,450,None,Move,development
1569750606.7770002,618,458,None,Move,development
1569750606.785,625,464,None,Move,development
1569750606.792,630,468,None,Move,development
1569750606.799,635,473,None,Move,development
1569750606.8070002,638,477,None,Move,development
1569750606.816,641,480,None,Move,development
1569750606.824,642,483,None,Move,development
1569750606.831,643,484,None,Move,development
1569750606.8379998,644,485,None,Move,development
1569750606.846,645,489,None,Move,development
1569750606.854,647,500,None,Move,development
1569750606.861,649,510,None,Move,development
1569750606.869,652,521,None,Move,development
1569750606.8760002,658,529,None,Move,development
1569750606.883,661,535,None,Move,development
1569750606.8920002,661,537,None,Move,development
1569750606.938,661,537,None,Move,development
1569750606.954,660,537,None,Move,development
1569750606.962,660,536,None,Move,development
1569750606.97,660,535,None,Move,development
1569750606.978,659,534,None,Move,development
1569750606.986,659,533,None,Move,development
1569750606.994,658,531,None,Move,development
1569750607.002,658,529,None,Move,development
1569750607.01,657,527,None,Move,development
1569750607.018,656,523,None,Move,development
1569750607.025,656,518,None,Move,development
1569750607.032,655,516,None,Move,development
1569750607.04,655,515,None,Move,development
1569750607.048,654,511,None,Move,development
1569750607.056,653,504,None,Move,development
1569750607.064,651,493,None,Move,development
1569750607.072,649,485,None,Move,development
1569750607.08,646,474,None,Move,development
1569750607.0879998,642,467,None,Move,development
1569750607.096,639,458,None,Move,development
1569750607.103,635,450,None,Move,development
1569750607.11,630,441,None,Move,development
1569750607.1179998,626,434,None,Move,development
1569750607.1260002,621,425,None,Move,development
1569750607.1339998,618,418,None,Move,development
1569750607.1420002,615,412,None,Move,development
1569750607.15,613,408,None,Move,development
1569750607.158,613,404,None,Move,development
1569750607.166,612,400,None,Move,development
1569750607.174,611,397,None,Move,development
1569750607.181,610,395,None,Move,development
1569750607.189,610,394,None,Move,development
1569750607.196,610,393,None,Move,development
1569750607.204,610,391,None,Move,development
1569750607.212,610,389,None,Move,development
1569750607.22,610,388,None,Move,development
1569750607.228,609,386,None,Move,development
1569750607.236,609,385,None,Move,development
1569750607.244,609,384,None,Move,development
1569750607.252,609,383,None,Move,development
1569750607.2589998,610,381,None,Move,development
1569750607.2670002,612,380,None,Move,development
1569750607.274,612,379,None,Move,development
1569750607.282,612,379,None,Move,development
1569750607.334,612,378,None,Move,development
1569750607.3879998,611,378,None,Move,development
1569750607.396,606,377,None,Move,development
1569750607.404,600,376,None,Move,development
1569750607.411,594,376,None,Move,development
1569750607.419,585,376,None,Move,development
1569750607.426,573,378,None,Move,development
1569750607.434,560,380,None,Move,development
1569750607.4420002,543,382,None,Move,development
1569750607.45,527,386,None,Move,development
1569750607.458,514,388,None,Move,development
1569750607.466,503,390,None,Move,development
1569750607.474,491,391,None,Move,development
1569750607.482,479,392,None,Move,development
1569750607.49,468,392,None,Move,development
1569750607.4970002,459,392,None,Move,development
1569750607.504,451,392,None,Move,development
1569750607.512,443,392,None,Move,development
1569750607.52,436,391,None,Move,development
1569750607.528,431,390,None,Move,development
1569750607.536,429,389,None,Move,development
1569750607.544,428,387,None,Move,development
1569750607.552,426,387,None,Move,development
1569750607.6179998,426,386,None,Move,development
1569750607.6260002,427,386,None,Move,development
1569750607.6339998,427,386,None,Move,development
1569750607.6420002,428,385,None,Move,development
1569750607.65,428,384,None,Move,development
1569750607.657,429,384,None,Move,development
1569750607.664,431,383,None,Move,development
1569750607.6720002,432,382,None,Move,development
1569750607.679,434,380,None,Move,development
1569750607.687,435,380,None,Move,development
1569750607.695,436,379,None,Move,development
1569750607.704,439,377,None,Move,development
1569750607.711,443,376,None,Move,development
1569750607.719,447,374,None,Move,development
1569750607.726,452,373,None,Move,development
1569750607.734,457,372,None,Move,development
1569750607.742,463,370,None,Move,development
1569750607.75,470,368,None,Move,development
1569750607.758,477,366,None,Move,development
1569750607.7670002,488,364,None,Move,development
1569750607.774,504,358,None,Move,development
1569750607.782,525,354,None,Move,development
1569750607.79,554,350,None,Move,development
1569750607.796,583,350,None,Move,development
1569750607.803,617,349,None,Move,development
1569750607.812,644,349,None,Move,development
1569750607.82,672,351,None,Move,development
1569750607.827,699,351,None,Move,development
1569750607.835,721,351,None,Move,development
1569750607.844,735,351,None,Move,development
1569750607.8520002,743,351,None,Move,development
1569750607.86,747,351,None,Move,development
1569750607.8679998,749,351,None,Move,development
1569750607.8760002,749,351,None,Move,development
1569750607.8860002,750,351,None,Move,development
1569750607.8979998,750,352,None,Move,development
1569750607.934,750,352,None,Move,development
1569750607.95,750,352,None,Move,development
1569750607.957,749,352,None,Move,development
1569750607.964,749,352,None,Move,development
1569750607.972,748,352,None,Move,development
1569750607.98,748,352,None,Move,development
1569750607.988,747,352,None,Move,development
1569750607.996,747,352,None,Move,development
1569750608.086,747,353,None,Move,development
1569750608.099,747,353,None,Move,development
1569750608.11,747,354,None,Move,development
1569750608.117,747,355,None,Move,development
1569750608.125,748,356,None,Move,development
1569750608.1320002,749,359,None,Move,development
1569750608.139,751,360,None,Move,development
1569750608.147,753,363,None,Move,development
1569750608.156,755,367,None,Move,development
1569750608.164,758,370,None,Move,development
1569750608.171,759,372,None,Move,development
1569750608.18,761,375,None,Move,development
1569750608.188,763,377,None,Move,development
1569750608.194,764,379,None,Move,development
1569750608.202,766,381,None,Move,development
1569750608.21,767,383,None,Move,development
1569750608.218,769,384,None,Move,development
1569750608.226,770,386,None,Move,development
1569750608.234,772,387,None,Move,development
1569750608.242,773,389,None,Move,development
1569750608.25,774,390,None,Move,development
1569750608.258,775,391,None,Move,development
1569750608.266,776,393,None,Move,development
1569750608.2729998,776,394,None,Move,development
1569750608.28,776,395,None,Move,development
1569750608.288,776,395,None,Move,development
1569750608.296,777,396,None,Move,development
1569750608.304,777,397,None,Move,development
1569750608.312,778,398,None,Move,development
1569750608.321,778,400,None,Move,development
1569750608.3279998,779,400,None,Move,development
1569750608.337,780,401,None,Move,development
1569750608.344,780,402,None,Move,development
1569750608.351,780,403,None,Move,development
1569750608.3620002,780,403,None,Move,development
1569750608.4320002,780,404,None,Move,development
1569750608.444,781,404,None,Move,development
1569750608.4529998,781,406,None,Move,development
1569750608.462,781,407,None,Move,development
1569750608.47,782,408,None,Move,development
1569750608.478,782,409,None,Move,development
1569750608.4870002,783,411,None,Move,development
1569750608.494,784,412,None,Move,development
1569750608.502,786,414,None,Move,development
1569750608.5089998,788,416,None,Move,development
1569750608.516,789,417,None,Move,development
1569750608.5229998,791,419,None,Move,development
1569750608.53,792,420,None,Move,development
1569750608.538,793,422,None,Move,development
1569750608.546,795,422,None,Move,development
1569750608.554,796,422,None,Move,development
1569750608.562,797,422,None,Move,development
1569750608.57,798,422,None,Move,development
1569750608.577,799,422,None,Move,development
1569750608.585,800,422,None,Move,development
1569750608.592,800,422,None,Move,development
1569750608.6,800,422,None,Move,development
1569750608.6079998,802,422,None,Move,development
1569750608.6160002,803,422,None,Move,development
1569750608.6239998,804,422,None,Move,development
1569750608.6320002,806,422,None,Move,development
1569750608.64,808,422,None,Move,development
1569750608.647,813,421,None,Move,development
1569750608.656,817,420,None,Move,development
1569750608.6620002,823,418,None,Move,development
1569750608.669,826,417,None,Move,development
1569750608.677,830,416,None,Move,development
1569750608.685,832,415,None,Move,development
1569750608.694,834,414,None,Move,development
1569750608.702,836,414,None,Move,development
1569750608.71,837,413,None,Move,development
1569750608.718,839,413,None,Move,development
1569750608.726,840,413,None,Move,development
1569750608.734,841,413,None,Move,development
1569750608.7410002,843,413,None,Move,development
1569750608.748,844,413,None,Move,development
1569750608.756,845,413,None,Move,development
1569750608.764,846,413,None,Move,development
1569750608.772,848,413,None,Move,development
1569750608.78,849,413,None,Move,development
1569750608.788,850,413,None,Move,development
1569750608.8,850,413,None,Move,development
1569750608.822,851,413,None,Move,development
1569750608.83,851,413,None,Move,development
1569750608.8379998,852,413,None,Move,development
1569750608.846,853,413,None,Move,development
1569750608.854,854,413,None,Move,development
1569750608.8620002,856,414,None,Move,development
1569750608.87,860,415,None,Move,development
1569750608.8779998,863,416,None,Move,development
1569750608.8860002,867,416,None,Move,development
1569750608.893,871,418,None,Move,development
1569750608.9,876,420,None,Move,development
1569750608.908,880,421,None,Move,development
1569750608.916,883,421,None,Move,development
1569750608.924,886,422,None,Move,development
1569750608.9320002,889,422,None,Move,development
1569750608.94,891,422,None,Move,development
1569750608.948,893,422,None,Move,development
1569750608.956,894,422,None,Move,development
1569750608.964,896,422,None,Move,development
1569750608.972,898,422,None,Move,development
1569750608.979,899,423,None,Move,development
1569750608.986,901,424,None,Move,development
1569750608.994,903,424,None,Move,development
1569750609.002,904,424,None,Move,development
1569750609.01,905,424,None,Move,development
1569750609.026,906,424,None,Move,development
1569750609.61,906,424,None,Move,development
1569750609.6260002,906,424,None,Move,development
1569750609.6339998,905,422,None,Move,development
1569750609.6420002,905,417,None,Move,development
1569750609.651,904,412,None,Move,development
1569750609.658,902,405,None,Move,development
1569750609.666,900,399,None,Move,development
1569750609.674,898,393,None,Move,development
1569750609.681,896,387,None,Move,development
1569750609.689,895,382,None,Move,development
1569750609.697,894,377,None,Move,development
1569750609.705,893,372,None,Move,development
1569750609.712,893,368,None,Move,development
1569750609.72,893,365,None,Move,development
1569750609.728,893,362,None,Move,development
1569750609.736,894,360,None,Move,development
1569750609.744,894,359,None,Move,development
1569750609.752,895,358,None,Move,development
1569750609.7589998,895,357,None,Move,development
1569750609.7670002,895,356,None,Move,development
1569750609.832,896,356,None,Move,development
1569750609.86,896,356,None,Move,development
1569750609.8720002,896,357,None,Move,development
1569750609.88,897,358,None,Move,development
1569750609.8879998,898,359,None,Move,development
1569750609.896,900,361,None,Move,development
1569750609.904,901,364,None,Move,development
1569750609.911,903,366,None,Move,development
1569750609.919,904,369,None,Move,development
1569750609.927,906,374,None,Move,development
1569750609.934,908,377,None,Move,development
1569750609.9420002,909,380,None,Move,development
1569750609.95,911,384,None,Move,development
1569750609.958,912,386,None,Move,development
1569750609.966,912,388,None,Move,development
1569750609.974,913,390,None,Move,development
1569750609.982,914,392,None,Move,development
1569750609.9889998,915,393,None,Move,development
1569750609.996,915,394,None,Move,development
1569750610.004,915,395,None,Move,development
1569750610.012,916,396,None,Move,development
1569750610.02,917,398,None,Move,development
1569750610.028,917,399,None,Move,development
1569750610.036,917,400,None,Move,development
1569750610.044,917,401,None,Move,development
1569750610.052,917,403,None,Move,development
1569750610.06,917,403,None,Move,development
1569750610.069,917,404,None,Move,development
1569750610.082,917,404,None,Move,development
1569750610.196,917,404,None,Move,development
1569750610.208,916,404,None,Move,development
1569750610.216,914,403,None,Move,development
1569750610.2229998,912,401,None,Move,development
1569750610.23,910,400,None,Move,development
1569750610.2370002,908,400,None,Move,development
1569750610.245,908,400,None,Move,development
1569750610.282,908,400,None,Move,development
1569750610.29,907,401,None,Move,development
1569750610.296,907,403,None,Move,development
1569750610.304,906,406,None,Move,development
1569750610.311,906,408,None,Move,development
1569750610.32,905,409,None,Move,development
1569750610.331,904,410,None,Move,development
1569750610.339,904,412,None,Move,development
1569750610.347,904,413,None,Move,development
1569750610.355,904,414,None,Move,development
1569750610.3639998,904,416,None,Move,development
1569750610.3720002,904,416,None,Move,development
1569750610.379,904,417,None,Move,development
1569750610.3860002,904,418,None,Move,development
1569750610.394,904,419,None,Move,development
1569750610.582,904,419,Left,Pressed,development
1569750610.69,904,419,Left,Released,development
1569750610.73,904,419,Left,Pressed,development
1569750610.859,904,419,Left,Released,development
1569750611.222,904,419,None,Move,development
1569750611.244,903,418,None,Move,development
1569750611.284,902,418,None,Move,development
1569750611.296,902,418,None,Move,development
1569750611.37,902,417,None,Move,development
1569750611.3820002,901,417,None,Move,development
1569750611.39,901,416,None,Move,development
1569750611.397,900,415,None,Move,development
1569750611.405,899,413,None,Move,development
1569750611.4120002,898,412,None,Move,development
1569750611.42,897,411,None,Move,development
1569750611.428,896,409,None,Move,development
1569750611.436,894,407,None,Move,development
1569750611.444,894,406,None,Move,development
1569750611.4529998,892,403,None,Move,development
1569750611.46,891,402,None,Move,development
1569750611.469,889,401,None,Move,development
1569750611.476,889,399,None,Move,development
1569750611.4829998,888,398,None,Move,development
1569750611.49,887,397,None,Move,development
1569750611.498,887,395,None,Move,development
1569750611.506,886,394,None,Move,development
1569750611.514,885,392,None,Move,development
1569750611.522,885,391,None,Move,development
1569750611.53,884,390,None,Move,development
1569750611.538,883,388,None,Move,development
1569750611.546,883,387,None,Move,development
1569750611.556,882,386,None,Move,development
1569750611.572,882,386,None,Move,development
1569750612.333,881,385,None,Move,development
1569750612.341,881,385,None,Move,development
1569750612.35,880,384,None,Move,development
1569750612.357,879,383,None,Move,development
1569750612.3660002,878,381,None,Move,development
1569750612.3739998,876,380,None,Move,development
1569750612.381,875,379,None,Move,development
1569750612.389,874,377,None,Move,development
1569750612.396,873,377,None,Move,development
1569750612.404,873,376,None,Move,development
1569750612.4120002,873,376,None,Move,development
1569750612.42,872,375,None,Move,development
1569750612.427,872,374,None,Move,development
1569750612.434,871,374,None,Move,development
1569750612.4420002,870,373,None,Move,development
1569750612.45,870,373,None,Move,development
1569750612.459,870,372,None,Move,development
1569750612.474,870,371,None,Move,development
1569750612.54,869,371,None,Move,development
1569750612.556,869,370,None,Move,development
1569750612.564,868,370,None,Move,development
1569750612.572,867,370,None,Move,development
1569750612.579,866,369,None,Move,development
1569750612.586,866,369,None,Move,development
1569750612.594,865,369,None,Move,development
1569750612.6020002,865,369,None,Move,development
1569750612.61,865,368,None,Move,development
1569750613.1479998,863,366,None,Move,file system
1569750613.161,858,361,None,Move,file system
1569750613.176,847,348,None,Move,file system
1569750613.217,803,315,None,Move,browsing
1569750613.232,782,302,None,Move,browsing
1569750613.2410002,775,300,None,Move,browsing
1569750613.2529998,766,300,None,Move,browsing
1569750613.265,765,299,None,Move,browsing
1569750613.276,764,297,None,Move,browsing
1569750613.2870002,764,296,None,Move,browsing
1569750613.299,765,286,None,Move,browsing
1569750613.309,766,279,None,Move,browsing
1569750613.319,767,274,None,Move,browsing
1569750613.327,768,268,None,Move,browsing
1569750613.3379998,769,259,None,Move,browsing
1569750613.347,770,256,None,Move,browsing
1569750613.356,770,254,None,Move,browsing
1569750613.3660002,770,252,None,Move,browsing
1569750613.3760002,771,246,None,Move,browsing
1569750613.3860002,771,243,None,Move,browsing
1569750613.393,771,241,None,Move,browsing
1569750613.403,772,238,None,Move,browsing
1569750613.4120002,773,236,None,Move,browsing
1569750613.421,774,233,None,Move,browsing
1569750613.429,775,229,None,Move,browsing
1569750613.438,775,227,None,Move,browsing
1569750613.446,776,224,None,Move,browsing
1569750613.455,776,222,None,Move,browsing
1569750613.462,776,221,None,Move,browsing
1569750613.47,776,219,None,Move,browsing
1569750613.478,776,216,None,Move,browsing
1569750613.485,775,211,None,Move,browsing
1569750613.492,771,205,None,Move,browsing
1569750613.5,764,200,None,Move,browsing
1569750613.508,754,195,None,Move,browsing
1569750613.516,743,193,None,Move,browsing
1569750613.5229998,731,190,None,Move,browsing
1569750613.531,723,188,None,Move,browsing
1569750613.539,714,186,None,Move,browsing
1569750613.5470002,709,184,None,Move,browsing
1569750613.554,703,181,None,Move,browsing
1569750613.562,698,179,None,Move,browsing
1569750613.57,695,177,None,Move,browsing
1569750613.5779998,690,175,None,Move,browsing
1569750613.586,687,174,None,Move,browsing
1569750613.594,685,172,None,Move,browsing
1569750613.6020002,683,171,None,Move,browsing
1569750613.609,682,169,None,Move,browsing
1569750613.6179998,681,167,None,Move,browsing
1569750613.625,681,165,None,Move,browsing
1569750613.6320002,681,164,None,Move,browsing
1569750613.64,681,163,None,Move,browsing
1569750613.6479998,681,161,None,Move,browsing
1569750613.656,682,160,None,Move,browsing
1569750613.664,682,159,None,Move,browsing
1569750613.6720002,682,159,None,Move,browsing
1569750613.6829998,682,158,None,Move,browsing
1569750613.691,682,158,None,Move,browsing
1569750613.706,682,157,None,Move,browsing
1569750613.714,682,156,None,Move,browsing
1569750613.722,682,156,None,Move,browsing
1569750613.73,683,155,None,Move,browsing
1569750613.738,684,153,None,Move,browsing
1569750613.746,684,152,None,Move,browsing
1569750613.752,684,151,None,Move,browsing
1569750613.76,684,149,None,Move,browsing
1569750613.768,684,148,None,Move,browsing
1569750613.776,684,146,None,Move,browsing
1569750613.784,684,144,None,Move,browsing
1569750613.792,684,142,None,Move,browsing
1569750613.8,684,142,None,Move,browsing
1569750613.8079998,684,141,None,Move,browsing
1569750613.816,684,141,None,Move,browsing
1569750613.83,684,140,None,Move,browsing
1569750613.842,684,140,None,Move,browsing
1569750613.893,684,139,Left,Pressed,browsing
1569750613.893,684,139,None,Drag,browsing
1569750613.9120002,684,138,None,Drag,browsing
1569750613.968,684,138,None,Drag,browsing
1569750613.976,684,139,None,Drag,browsing
1569750613.986,684,139,None,Drag,browsing
1569750613.994,684,140,None,Drag,browsing
1569750613.994,684,140,Left,Released,browsing
1569750614.008,684,140,None,Move,browsing
1569750614.0170002,684,141,None,Move,browsing
1569750614.0229998,684,141,None,Move,browsing
1569750614.034,684,142,None,Move,browsing
1569750614.042,684,143,None,Move,browsing
1569750614.05,684,143,None,Move,browsing
1569750614.0579998,684,144,None,Move,browsing
1569750614.066,683,146,None,Move,browsing
1569750614.074,682,147,None,Move,browsing
1569750614.081,680,149,None,Move,browsing
1569750614.0879998,679,153,None,Move,browsing
1569750614.096,678,157,None,Move,browsing
1569750614.104,676,163,None,Move,browsing
1569750614.1120002,674,168,None,Move,browsing
1569750614.12,672,174,None,Move,browsing
1569750614.1279998,670,180,None,Move,browsing
1569750614.1360002,668,186,None,Move,browsing
1569750614.144,668,190,None,Move,browsing
1569750614.151,667,194,None,Move,browsing
1569750614.159,667,197,None,Move,browsing
1569750614.167,667,201,None,Move,browsing
1569750614.173,667,204,None,Move,browsing
1569750614.1820002,667,205,None,Move,browsing
1569750614.19,667,206,None,Move,browsing
1569750614.198,667,208,None,Move,browsing
1569750614.206,667,208,None,Move,browsing
1569750614.2129998,668,208,None,Move,browsing
1569750614.256,668,209,None,Move,browsing
1569750614.33,668,210,None,Move,browsing
1569750614.3379998,669,210,None,Move,browsing
1569750614.346,669,212,None,Move,browsing
1569750614.354,669,212,None,Move,browsing
1569750614.3620002,670,214,None,Move,browsing
1569750614.37,670,214,None,Move,browsing
1569750614.38,671,214,None,Move,browsing
1569750614.3879998,671,215,None,Move,browsing
1569750614.51,672,215,None,Move,browsing
1569750614.522,672,214,None,Move,browsing
1569750614.53,672,213,None,Move,browsing
1569750614.539,673,210,None,Move,browsing
1569750614.548,673,205,None,Move,browsing
1569750614.556,673,201,None,Move,browsing
1569750614.565,674,197,None,Move,browsing
1569750614.572,676,193,None,Move,browsing
1569750614.579,677,191,None,Move,browsing
1569750614.587,677,190,None,Move,browsing
1569750614.593,678,189,None,Move,browsing
1569750614.601,678,187,None,Move,browsing
1569750614.61,679,186,None,Move,browsing
1569750614.617,679,185,None,Move,browsing
1569750614.625,679,185,None,Move,browsing
1569750614.633,679,184,None,Move,browsing
1569750614.64,679,183,None,Move,browsing
1569750614.647,679,182,None,Move,browsing
1569750614.654,680,181,None,Move,browsing
1569750614.6620002,681,180,None,Move,browsing
1569750614.67,681,178,None,Move,browsing
1569750614.678,681,177,None,Move,browsing
1569750614.688,681,177,None,Move,browsing
1569750614.8379998,681,177,None,Move,browsing
1569750614.8479998,681,177,None,Move,browsing
1569750614.856,681,177,None,Move,browsing
1569750614.8639998,681,178,None,Move,browsing
1569750614.8720002,681,180,None,Move,browsing
1569750614.88,681,181,None,Move,browsing
1569750614.8879998,681,184,None,Move,browsing
1569750614.896,682,187,None,Move,browsing
1569750614.904,684,192,None,Move,browsing
1569750614.9120002,686,197,None,Move,browsing
1569750614.92,688,204,None,Move,browsing
1569750614.926,689,210,None,Move,browsing
1569750614.934,690,217,None,Move,browsing
1569750614.9420002,691,222,None,Move,browsing
1569750614.95,693,228,None,Move,browsing
1569750614.958,694,233,None,Move,browsing
1569750614.966,695,236,None,Move,browsing
1569750614.974,696,237,None,Move,browsing
1569750614.982,697,239,None,Move,browsing
1569750614.99,697,240,None,Move,browsing
1569750614.998,697,240,None,Move,browsing
1569750615.064,697,241,None,Move,browsing
1569750615.075,699,246,None,Move,browsing
1569750615.082,701,253,None,Move,browsing
1569750615.09,704,261,None,Move,browsing
1569750615.0979998,706,268,None,Move,browsing
1569750615.106,708,276,None,Move,browsing
1569750615.113,710,285,None,Move,browsing
1569750615.12,712,293,None,Move,browsing
1569750615.127,715,301,None,Move,browsing
1569750615.135,717,308,None,Move,browsing
1569750615.143,719,314,None,Move,browsing
1569750615.15,720,322,None,Move,browsing
1569750615.157,721,328,None,Move,browsing
1569750615.165,722,335,None,Move,browsing
1569750615.1720002,722,341,None,Move,browsing
1569750615.18,722,347,None,Move,browsing
1569750615.188,724,354,None,Move,browsing
1569750615.196,725,362,None,Move,browsing
1569750615.204,726,368,None,Move,browsing
1569750615.212,728,373,None,Move,browsing
1569750615.22,730,379,None,Move,browsing
1569750615.228,731,384,None,Move,browsing
1569750615.234,732,386,None,Move,browsing
1569750615.242,733,387,None,Move,browsing
1569750615.25,734,389,None,Move,browsing
1569750615.258,734,390,None,Move,browsing
1569750615.27,734,390,None,Move,browsing
1569750615.406,734,390,None,Move,file system
1569750615.418,733,390,None,Move,file system
1569750615.426,733,390,None,Move,file system
1569750615.434,732,390,None,Move,file system
1569750615.4420002,732,390,None,Move,file system
1569750615.451,731,390,None,Move,file system
1569750615.5979998,731,389,None,Move,development
1569750615.61,730,389,None,Move,development
1569750615.6220002,729,388,None,Move,development
1569750615.631,729,387,None,Move,development
1569750615.645,726,384,None,Move,development
1569750615.653,725,382,None,Move,development
1569750615.659,722,378,None,Move,development
1569750615.666,718,374,None,Move,development
1569750615.674,713,367,None,Move,development
1569750615.6829998,708,362,None,Move,development
1569750615.69,702,357,None,Move,development
1569750615.698,696,351,None,Move,development
1569750615.706,690,345,None,Move,development
1569750615.7129998,683,339,None,Move,development
1569750615.72,675,332,None,Move,development
1569750615.7270002,666,326,None,Move,development
1569750615.735,657,319,None,Move,development
1569750615.742,649,312,None,Move,development
1569750615.75,640,303,None,Move,development
1569750615.758,631,293,None,Move,development
1569750615.766,623,285,None,Move,development
1569750615.774,617,278,None,Move,development
1569750615.782,611,270,None,Move,development
1569750615.789,607,264,None,Move,development
1569750615.796,603,258,None,Move,development
1569750615.804,601,255,None,Move,development
1569750615.812,600,253,None,Move,development
1569750615.82,598,250,None,Move,development
1569750615.827,597,248,None,Move,development
1569750615.836,595,247,None,Move,development
1569750615.843,594,244,None,Move,development
1569750615.8520002,592,243,None,Move,development
1569750615.86,591,241,None,Move,development
1569750615.867,589,239,None,Move,development
1569750615.8760002,588,238,None,Move,development
1569750615.883,586,236,None,Move,development
1569750615.891,585,234,None,Move,development
1569750615.8979998,584,233,None,Move,development
1569750615.906,584,232,None,Move,development
1569750615.936,583,231,None,Move,development
1569750615.948,582,230,None,Move,development
1569750615.957,581,230,None,Move,development
1569750615.965,580,230,None,Move,development
1569750615.972,579,229,None,Move,development
1569750615.979,577,229,None,Move,development
1569750615.9870002,576,229,None,Move,development
1569750615.994,575,229,None,Move,development
1569750616.0010002,575,229,None,Move,development
1569750616.0089998,573,231,None,Move,development
1569750616.015,572,235,None,Move,development
1569750616.022,570,241,None,Move,development
1569750616.03,569,246,None,Move,development
1569750616.038,569,252,None,Move,development
1569750616.046,569,257,None,Move,development
1569750616.054,570,262,None,Move,development
1569750616.062,570,265,None,Move,development
1569750616.07,571,266,None,Move,development
1569750616.0779998,572,268,None,Move,development
1569750616.086,573,271,None,Move,development
1569750616.094,574,273,None,Move,development
1569750616.1,575,274,None,Move,development
1569750616.1079998,576,277,None,Move,development
1569750616.1160002,578,281,None,Move,development
1569750616.1239998,580,285,None,Move,development
1569750616.1320002,582,289,None,Move,development
1569750616.14,584,292,None,Move,development
1569750616.1479998,585,293,None,Move,development
1569750616.156,588,296,None,Move,development
1569750616.164,590,297,None,Move,development
1569750616.171,591,299,None,Move,development
1569750616.178,593,299,None,Move,development
1569750616.186,594,299,None,Move,development
1569750616.194,595,299,None,Move,development
1569750616.202,596,299,None,Move,development
1569750616.212,597,298,None,Move,development
1569750616.219,597,298,None,Move,development
1569750616.2270002,598,297,None,Move,development
1569750616.234,599,296,None,Move,development
1569750616.242,600,295,None,Move,development
1569750616.25,602,294,None,Move,development
1569750616.2570002,603,293,None,Move,development
1569750616.264,606,292,None,Move,development
1569750616.272,609,290,None,Move,development
1569750616.28,613,288,None,Move,development
1569750616.2870002,619,287,None,Move,development
1569750616.296,623,285,None,Move,development
1569750616.304,629,285,None,Move,development
1569750616.313,634,285,None,Move,development
1569750616.319,640,285,None,Move,development
1569750616.327,644,285,None,Move,development
1569750616.335,650,285,None,Move,development
1569750616.342,655,287,None,Move,development
1569750616.35,661,290,None,Move,development
1569750616.3579998,667,292,None,Move,development
1569750616.3660002,673,296,None,Move,development
1569750616.3739998,680,299,None,Move,development
1569750616.3820002,686,303,None,Move,development
1569750616.39,692,306,None,Move,development
1569750616.3979998,696,309,None,Move,development
1569750616.406,702,312,None,Move,development
1569750616.413,703,313,None,Move,development
1569750616.42,704,315,None,Move,development
1569750616.428,705,315,None,Move,development
1569750616.436,706,317,None,Move,development
1569750616.444,706,317,None,Move,development
1569750616.452,707,318,None,Move,development
1569750616.46,707,319,None,Move,development
1569750616.468,707,319,None,Move,development
1569750616.476,707,321,None,Move,development
1569750616.4829998,707,322,None,Move,development
1569750616.49,707,323,None,Move,development
1569750616.498,707,325,None,Move,development
1569750616.506,708,326,None,Move,development
1569750616.514,708,327,None,Move,development
1569750616.522,709,329,None,Move,development
1569750616.53,709,330,None,Move,development
1569750616.538,710,331,None,Move,development
1569750616.5470002,711,332,None,Move,development
1569750616.553,711,332,None,Move,development
1569750616.6160002,711,332,None,Move,development
1569750616.6239998,711,332,None,Move,development
1569750616.631,710,329,None,Move,development
1569750616.6379998,708,324,None,Move,development
1569750616.646,704,316,None,Move,development
1569750616.654,702,309,None,Move,development
1569750616.6620002,698,301,None,Move,development
1569750616.67,696,293,None,Move,development
1569750616.678,693,284,None,Move,development
1569750616.686,690,276,None,Move,development
1569750616.694,688,270,None,Move,development
1569750616.702,686,264,None,Move,development
1569750616.71,685,261,None,Move,development
1569750616.717,684,259,None,Move,development
1569750616.725,683,258,None,Move,development
1569750616.7329998,683,256,None,Move,development
1569750616.74,682,256,None,Move,development
1569750616.7489998,682,254,None,Move,development
1569750616.76,681,254,None,Move,development
1569750616.776,681,253,None,Move,development
1569750616.8920002,681,253,None,Move,development
1569750616.907,681,253,None,Move,development
1569750616.915,682,255,None,Move,development
1569750616.9220002,682,255,None,Move,development
1569750616.93,683,255,None,Move,development
1569750616.936,683,256,None,Move,development
1569750616.994,683,256,Left,Pressed,development
1569750616.994,683,256,None,Drag,development
1569750617.146,683,256,None,Drag,development
1569750617.159,683,255,None,Drag,development
1569750617.159,683,255,Left,Released,development
1569750617.232,683,255,Left,Pressed,development
1569750617.344,683,255,Left,Released,development
1569750617.577,683,255,None,Move,development
1569750617.601,683,255,None,Move,development
1569750617.6139998,683,255,None,Move,development
1569750617.627,683,255,None,Move,development
1569750617.635,683,255,None,Move,development
1569750617.6420002,683,255,None,Move,development
1569750620.316,683,255,None,Move,file system
1569750620.5,683,255,None,Move,file system
1569750620.552,683,255,None,Move,browsing
1569750620.565,682,255,None,Move,browsing
1569750620.574,681,255,None,Move,browsing
1569750620.582,680,255,None,Move,browsing
1569750620.591,679,255,None,Move,browsing
1569750620.599,678,255,None,Move,browsing
1569750620.6520002,678,255,None,Move,browsing
1569750620.8779998,678,256,None,Move,browsing
1569750620.89,678,256,None,Move,browsing
1569750620.968,678,256,None,Move,browsing
1569750621.0579998,678,256,None,Move,browsing
1569750621.268,678,257,None,Move,browsing
1569750621.39,678,258,None,Move,browsing
1569750621.406,678,258,None,Move,browsing
1569750621.428,678,258,None,Move,browsing
1569750621.936,678,259,None,Move,browsing
1569750621.945,678,259,None,Move,browsing
1569750621.96,679,260,None,Move,browsing
1569750621.968,680,260,None,Move,browsing
1569750621.976,681,260,None,Move,browsing
1569750621.985,682,261,None,Move,browsing
1569750621.992,684,262,None,Move,browsing
1569750622.0,686,262,None,Move,browsing
1569750622.006,689,262,None,Move,browsing
1569750622.014,692,262,None,Move,browsing
1569750622.022,696,262,None,Move,browsing
1569750622.03,700,262,None,Move,browsing
1569750622.038,705,262,None,Move,browsing
1569750622.045,709,262,None,Move,browsing
1569750622.052,715,262,None,Move,browsing
1569750622.06,719,263,None,Move,browsing
1569750622.0679998,723,263,None,Move,browsing
1569750622.076,726,263,None,Move,browsing
1569750622.084,731,264,None,Move,browsing
1569750622.092,734,266,None,Move,browsing
1569750622.1,740,268,None,Move,browsing
1569750622.1079998,745,270,None,Move,browsing
1569750622.1160002,750,272,None,Move,browsing
1569750622.123,754,273,None,Move,browsing
1569750622.131,759,274,None,Move,browsing
1569750622.1379998,761,276,None,Move,browsing
1569750622.146,763,276,None,Move,browsing
1569750622.154,764,277,None,Move,browsing
1569750622.1620002,764,277,None,Move,browsing
1569750622.22,764,277,None,Move,browsing
1569750622.248,764,277,None,Move,browsing
1569750622.302,764,277,None,Move,browsing
1569750622.326,764,277,None,Move,browsing
1569750622.3379998,764,277,None,Move,browsing
1569750622.346,762,277,None,Move,browsing
1569750622.353,757,277,None,Move,browsing
1569750622.36,750,275,None,Move,browsing
1569750622.369,742,273,None,Move,browsing
1569750622.3760002,730,271,None,Move,browsing
1569750622.3839998,717,268,None,Move,browsing
1569750622.3920002,703,266,None,Move,browsing
1569750622.4,686,264,None,Move,browsing
1569750622.408,668,261,None,Move,browsing
1569750622.416,648,258,None,Move,browsing
1569750622.424,630,256,None,Move,browsing
1569750622.4320002,609,253,None,Move,browsing
1569750622.439,593,249,None,Move,browsing
1569750622.446,581,246,None,Move,browsing
1569750622.454,570,243,None,Move,browsing
1569750622.462,562,240,None,Move,browsing
1569750622.47,552,236,None,Move,browsing
1569750622.478,541,231,None,Move,browsing
1569750622.4870002,534,229,None,Move,browsing
1569750622.495,527,226,None,Move,browsing
1569750622.5029998,521,224,None,Move,browsing
1569750622.5110002,519,222,None,Move,browsing
1569750622.518,518,221,None,Move,browsing
1569750622.5270002,518,221,None,Move,browsing
1569750622.5679998,518,221,None,Move,browsing
1569750622.58,518,221,None,Move,browsing
1569750622.587,518,221,None,Move,browsing
1569750622.593,520,222,None,Move,browsing
1569750622.6020002,521,223,None,Move,browsing
1569750622.61,523,225,None,Move,browsing
1569750622.6179998,527,230,None,Move,browsing
1569750622.6260002,533,235,None,Move,browsing
1569750622.6339998,539,239,None,Move,browsing
1569750622.6420002,545,244,None,Move,browsing
1569750622.65,551,248,None,Move,browsing
1569750622.658,555,252,None,Move,browsing
1569750622.666,557,253,None,Move,browsing
1569750622.673,560,255,None,Move,browsing
1569750622.681,561,257,None,Move,browsing
1569750622.69,563,259,None,Move,browsing
1569750622.698,566,261,None,Move,browsing
1569750622.705,567,262,None,Move,browsing
1569750622.712,571,264,None,Move,browsing
1569750622.72,574,265,None,Move,browsing
1569750622.728,577,267,None,Move,browsing
1569750622.736,581,269,None,Move,browsing
1569750622.744,584,270,None,Move,browsing
1569750622.75,590,273,None,Move,browsing
1569750622.758,596,277,None,Move,browsing
1569750622.766,603,281,None,Move,browsing
1569750622.774,610,286,None,Move,browsing
1569750622.782,614,289,None,Move,browsing
1569750622.79,618,293,None,Move,browsing
1569750622.798,620,294,None,Move,browsing
1569750622.806,621,295,None,Move,browsing
1569750622.814,622,296,None,Move,browsing
1569750622.8879998,622,296,None,Move,browsing
1569750622.896,621,295,None,Move,browsing
1569750622.903,619,289,None,Move,browsing
1569750622.91,617,282,None,Move,browsing
1569750622.917,615,270,None,Move,browsing
1569750622.926,613,257,None,Move,browsing
1569750622.9329998,611,246,None,Move,browsing
1569750622.9420002,607,234,None,Move,browsing
1569750622.95,604,222,None,Move,browsing
1569750622.958,601,211,None,Move,browsing
1569750622.966,597,202,None,Move,browsing
1569750622.974,590,194,None,Move,browsing
1569750622.981,584,185,None,Move,browsing
1569750622.988,578,176,None,Move,browsing
1569750622.996,575,169,None,Move,browsing
1569750623.004,573,163,None,Move,browsing
1569750623.012,571,158,None,Move,browsing
1569750623.02,570,153,None,Move,browsing
1569750623.028,568,150,None,Move,browsing
1569750623.036,567,148,None,Move,browsing
1569750623.044,567,146,None,Move,browsing
1569750623.052,566,145,None,Move,browsing
1569750623.06,566,144,None,Move,browsing
1569750623.0670002,566,143,None,Move,browsing
1569750623.074,566,143,None,Move,browsing
1569750623.082,566,143,None,Move,browsing
1569750623.218,565,141,None,Move,browsing
1569750623.226,564,138,None,Move,browsing
1569750623.236,562,137,None,Move,browsing
1569750623.245,562,136,None,Move,browsing
1569750623.2529998,561,134,None,Move,browsing
1569750623.2610002,560,133,None,Move,browsing
1569750623.27,560,131,None,Move,browsing
1569750623.28,560,131,None,Move,browsing
1569750623.4220002,560,131,None,Move,browsing
1569750623.496,560,131,None,Move,browsing
1569750623.508,560,132,None,Move,browsing
1569750623.516,560,132,None,Move,browsing
1569750623.526,560,133,None,Move,browsing
1569750623.533,560,133,None,Move,browsing
1569750623.541,560,133,None,Move,browsing
1569750623.549,560,134,None,Move,browsing
1569750623.556,560,134,None,Move,browsing
1569750623.566,560,135,None,Move,browsing
1569750623.573,561,136,None,Move,browsing
1569750623.581,561,136,None,Move,browsing
1569750623.59,561,137,None,Move,file system
1569750623.604,562,137,None,Move,file system
1569750623.6120002,563,138,None,Move,file system
1569750623.6260002,563,139,None,Move,file system
1569750623.637,564,141,None,Move,file system
1569750623.6520002,564,141,None,Move,file system
1569750623.665,566,144,None,Move,file system
1569750623.675,566,145,None,Move,file system
1569750623.6829998,569,148,None,Move,file system
1569750623.6929998,571,150,None,Move,file system
1569750623.701,572,151,None,Move,file system
1569750623.709,574,153,None,Move,file system
1569750623.718,575,154,None,Move,file system
1569750623.7270002,576,155,None,Move,file system
1569750623.736,578,157,None,Move,file system
1569750623.7470002,581,160,None,Move,development
1569750623.775,585,165,None,Move,development
1569750623.788,588,168,None,Move,development
1569750623.799,590,169,None,Move,development
1569750623.8170002,595,176,None,Move,development
1569750623.8279998,596,177,None,Move,development
1569750623.8379998,598,179,None,Move,development
1569750623.847,601,182,None,Move,development
1569750623.857,603,184,None,Move,development
1569750623.8620002,604,185,None,Move,development
1569750623.871,605,187,None,Move,development
1569750623.879,607,188,None,Move,development
1569750623.8879998,608,190,None,Move,development
1569750623.899,609,191,None,Move,development
1569750623.907,610,192,None,Move,development
1569750623.915,610,193,None,Move,development
1569750623.924,611,195,None,Move,development
1569750623.9320002,611,196,None,Move,development
1569750623.941,612,196,None,Move,development
1569750623.95,612,197,None,Move,development
1569750624.076,612,197,None,Move,development
1569750624.084,611,196,None,Move,development
1569750624.093,610,194,None,Move,development
1569750624.1020002,609,194,None,Move,development
1569750624.226,609,194,None,Move,development
1569750624.2329998,610,195,None,Move,development
1569750624.2410002,612,197,None,Move,development
1569750624.25,614,198,None,Move,development
1569750624.2570002,615,200,None,Move,development
1569750624.265,617,201,None,Move,development
1569750624.2729998,618,203,None,Move,development
1569750624.281,620,204,None,Move,development
1569750624.289,620,205,None,Move,development
1569750624.2970002,622,207,None,Move,development
1569750624.306,623,208,None,Move,development
1569750624.314,625,210,None,Move,development
1569750624.323,626,211,None,Move,development
1569750624.33,627,213,None,Move,development
1569750624.3379998,629,216,None,Move,development
1569750624.345,631,219,None,Move,development
1569750624.353,633,220,None,Move,development
1569750624.3620002,636,222,None,Move,development
1569750624.371,637,223,None,Move,development
1569750624.383,643,226,None,Move,development
1569750624.39,645,228,None,Move,development
1569750624.399,648,230,None,Move,development
1569750624.407,653,233,None,Move,development
1569750624.414,658,237,None,Move,development
1569750624.4220002,664,241,None,Move,development
1569750624.43,669,244,None,Move,development
1569750624.438,673,247,None,Move,development
1569750624.446,678,249,None,Move,development
1569750624.4529998,681,252,None,Move,development
1569750624.462,683,253,None,Move,development
1569750624.47,685,255,None,Move,development
1569750624.479,687,256,None,Move,development
1569750624.4870002,689,258,None,Move,development
1569750624.495,691,259,None,Move,development
1569750624.504,693,262,None,Move,development
1569750624.5110002,698,268,None,Move,development
1569750624.519,704,274,None,Move,development
1569750624.526,710,279,None,Move,development
1569750624.535,716,284,None,Move,development
1569750624.542,722,289,None,Move,development
1569750624.55,728,292,None,Move,development
1569750624.5579998,730,294,None,Move,development
1569750624.566,732,296,None,Move,development
1569750624.575,732,296,None,Move,development
1569750624.583,733,296,None,Move,development
1569750624.658,733,296,None,Move,development
1569750624.674,733,296,None,Move,development
1569750624.6829998,733,296,None,Move,development
1569750624.6929998,733,295,None,Move,development
1569750624.7,733,295,None,Move,development
1569750624.709,733,293,None,Move,development
1569750624.717,733,292,None,Move,development
1569750624.725,733,291,None,Move,development
1569750624.7329998,736,288,None,Move,development
1569750624.74,740,286,None,Move,development
1569750624.752,749,282,None,Move,development
1569750624.7610002,754,280,None,Move,development
1569750624.776,756,279,None,Move,development
1569750624.784,760,279,None,Move,development
1569750624.792,761,279,None,Move,development
1569750624.8,762,278,None,Move,development
1569750624.8079998,764,277,None,Move,development
1569750624.816,766,277,None,Move,development
1569750624.824,767,277,None,Move,development
1569750624.832,771,277,None,Move,development
1569750624.84,777,276,None,Move,development
1569750624.8479998,785,275,None,Move,development
1569750624.8579998,794,274,None,Move,development
1569750624.865,806,272,None,Move,development
1569750624.873,820,269,None,Move,development
1569750624.88,833,267,None,Move,development
1569750624.8879998,847,265,None,Move,development
1569750624.896,859,263,None,Move,development
1569750624.905,871,260,None,Move,development
1569750624.9120002,880,258,None,Move,development
1569750624.921,889,257,None,Move,development
1569750624.928,897,257,None,Move,development
1569750624.936,903,257,None,Move,development
1569750624.944,909,258,None,Move,development
1569750624.951,915,259,None,Move,development
1569750624.96,919,260,None,Move,development
1569750624.968,920,261,None,Move,development
1569750624.9770002,922,261,None,Move,development
1569750624.9870002,922,261,None,Move,development
1569750625.0170002,922,262,None,Move,development
1569750625.0229998,922,262,None,Move,development
1569750625.032,923,262,None,Move,development
1569750625.08,923,262,None,Move,development
1569750625.09,925,263,None,Move,development
1569750625.0979998,926,264,None,Move,development
1569750625.106,931,266,None,Move,development
1569750625.1139998,938,267,None,Move,development
1569750625.123,947,269,None,Move,development
1569750625.131,956,271,None,Move,development
1569750625.1379998,968,274,None,Move,development
1569750625.146,984,277,None,Move,development
1569750625.154,1001,280,None,Move,development
1569750625.1620002,1022,282,None,Move,development
1569750625.171,1037,285,None,Move,development
1569750625.179,1059,285,None,Move,development
1569750625.187,1079,286,None,Move,development
1569750625.195,1105,284,None,Move,development
1569750625.204,1127,284,None,Move,development
1569750625.214,1154,284,None,Move,development
1569750625.2229998,1176,284,None,Move,development
1569750625.231,1191,286,None,Move,development
1569750625.2410002,1210,289,None,Move,development
1569750625.25,1214,295,None,Move,development
1569750625.2589998,1215,300,None,Move,development
1569750625.269,1214,307,None,Move,development
1569750625.2770002,1209,313,None,Move,development
1569750625.285,1206,315,None,Move,development
1569750625.294,1204,320,None,Move,development
1569750625.301,1202,322,None,Move,development
1569750625.309,1199,323,None,Move,development
1569750625.3179998,1197,324,None,Move,development
1569750625.536,1197,324,None,Move,development
1569750625.544,1197,323,None,Move,development
1569750625.553,1197,322,None,Move,development
1569750625.561,1198,321,None,Move,development
1569750625.5670002,1200,318,None,Move,development
1569750625.575,1202,315,None,Move,development
1569750625.583,1203,313,None,Move,development
1569750625.591,1204,311,None,Move,development
1569750625.599,1206,311,None,Move,development
1569750625.6079998,1206,309,None,Move,development
1569750625.615,1206,309,None,Move,development
1569750625.656,1206,308,None,Move,development
1569750625.664,1206,308,None,Move,development
1569750625.676,1206,308,None,Move,development
1569750625.684,1205,308,None,Move,development
1569750625.6920002,1205,308,None,Move,development
1569750625.7,1203,308,None,Move,development
1569750625.708,1203,308,None,Move,development
1569750625.716,1202,308,None,Move,development
1569750625.725,1202,308,None,Move,development
1569750625.734,1201,308,None,Move,development
1569750625.7429998,1201,308,None,Move,development
1569750625.7529998,1199,308,None,Move,development
1569750625.7629998,1197,310,None,Move,development
1569750625.772,1196,310,None,Move,development
1569750625.779,1196,310,None,Move,development
1569750625.7870002,1194,311,None,Move,development
1569750625.796,1193,312,None,Move,development
1569750625.803,1192,312,None,Move,development
1569750625.811,1189,313,None,Move,development
1569750625.821,1187,314,None,Move,development
1569750625.829,1183,315,None,Move,development
1569750625.8379998,1177,317,None,Move,development
1569750625.845,1172,318,None,Move,development
1569750625.853,1166,318,None,Move,development
1569750625.8620002,1161,319,None,Move,development
1569750625.8760002,1145,322,None,Move,development
1569750625.883,1137,326,None,Move,development
1569750625.89,1125,328,None,Move,development
1569750625.899,1111,330,None,Move,development
1569750625.907,1098,332,None,Move,development
1569750625.916,1085,332,None,Move,development
1569750625.923,1070,332,None,Move,development
1569750625.931,1054,332,None,Move,development
1569750625.939,1037,333,None,Move,development
1569750625.948,1014,335,None,Move,development
1569750625.956,969,338,None,Move,development
1569750625.964,948,338,None,Move,development
1569750625.972,933,338,None,Move,development
1569750625.98,918,338,None,Move,development
1569750625.988,905,338,None,Move,development
1569750625.9970002,897,338,None,Move,development
1569750626.005,889,337,None,Move,development
1569750626.012,882,335,None,Move,development
1569750626.02,875,333,None,Move,development
1569750626.028,868,330,None,Move,development
1569750626.035,862,327,None,Move,development
1569750626.043,856,325,None,Move,development
1569750626.051,853,323,None,Move,development
1569750626.06,851,322,None,Move,development
1569750626.069,849,320,None,Move,development
1569750626.0779998,848,320,None,Move,development
1569750626.086,846,319,None,Move,development
1569750626.094,846,317,None,Move,development
1569750626.101,844,317,None,Move,development
1569750626.109,844,316,None,Move,development
1569750626.1179998,843,315,None,Move,development
1569750626.125,842,314,None,Move,development
1569750626.1339998,841,314,None,Move,development
1569750626.141,841,313,None,Move,development
1569750626.1520002,840,313,None,Move,development
1569750626.16,840,312,None,Move,development
1569750626.168,839,311,None,Move,development
1569750626.177,838,311,None,Move,development
1569750626.184,838,310,None,Move,development
1569750626.1920002,837,310,None,Move,development
1569750626.2,835,308,None,Move,development
1569750626.208,834,307,None,Move,development
1569750626.216,831,305,None,Move,development
1569750626.224,830,305,None,Move,development
1569750626.2329998,828,303,None,Move,development
1569750626.2410002,824,302,None,Move,development
1569750626.2489998,814,300,None,Move,development
1569750626.2570002,808,299,None,Move,development
1569750626.266,803,299,None,Move,development
1569750626.272,798,299,None,Move,development
1569750626.28,794,299,None,Move,development
1569750626.2870002,790,299,None,Move,development
1569750626.2970002,787,298,None,Move,development
1569750626.305,784,297,None,Move,development
1569750626.312,782,296,None,Move,development
1569750626.319,780,296,None,Move,development
1569750626.327,779,295,None,Move,development
1569750626.336,778,294,None,Move,development
1569750626.343,776,294,None,Move,development
1569750626.3520002,775,292,None,Move,development
1569750626.359,774,292,None,Move,development
1569750626.367,774,291,None,Move,development
1569750626.375,773,290,None,Move,development
1569750626.394,773,290,None,Move,development
1569750626.4020002,773,289,None,Move,development
1569750626.409,773,289,None,Move,development
1569750626.419,773,289,None,Move,development
1569750626.426,774,287,None,Move,development
1569750626.4329998,774,287,None,Move,development
1569750626.4429998,775,287,None,Move,development
1569750626.45,776,287,None,Move,development
1569750626.459,777,287,None,Move,development
1569750626.468,780,287,None,Move,development
1569750626.476,783,288,None,Move,development
1569750626.484,787,289,None,Move,development
1569750626.494,799,293,None,Move,development
1569750626.502,805,297,None,Move,development
1569750626.51,812,302,None,Move,development
1569750626.519,820,306,None,Move,development
1569750626.5270002,826,309,None,Move,development
1569750626.535,832,311,None,Move,development
1569750626.543,838,313,None,Move,development
1569750626.552,838,313,None,Move,development
1569750626.722,839,313,None,Move,development
1569750626.744,840,313,None,Move,development
1569750626.752,840,313,None,Move,development
1569750626.76,841,313,None,Move,development
1569750626.768,841,314,None,Move,development
1569750626.7770002,841,315,None,Move,development
1569750626.786,841,316,None,Move,development
1569750626.794,841,318,None,Move,development
1569750626.801,841,319,None,Move,development
1569750626.81,841,320,None,Move,development
1569750626.8179998,841,320,None,Move,development
1569750626.825,841,320,None,Move,development
1569750626.832,843,320,None,Move,development
1569750626.84,844,320,None,Move,development
1569750626.847,845,320,None,Move,development
1569750626.855,847,322,None,Move,development
1569750626.8639998,847,323,None,Move,development
1569750626.871,849,324,None,Move,development
1569750626.8779998,850,326,None,Move,development
1569750626.8860002,852,327,None,Move,development
1569750626.893,852,327,None,Move,development
1569750626.9020002,853,327,None,Move,development
1569750626.908,853,327,None,Move,development
1569750626.916,854,327,None,Move,development
1569750626.9320002,854,327,None,Move,development
1569750626.99,854,326,None,Move,development
1569750627.002,854,326,None,Move,development
1569750627.026,854,326,None,Move,development
1569750627.064,853,326,None,Move,development
1569750627.072,853,326,None,Move,development
1569750627.08,853,326,None,Move,development
1569750627.0879998,852,326,None,Move,development
1569750627.104,852,327,None,Move,development
1569750627.906,852,327,None,Move,development
1569750627.9220002,851,327,None,Move,development
1569750627.93,850,327,None,Move,development
1569750627.939,847,327,None,Move,development
1569750627.946,843,327,None,Move,development
1569750627.954,837,327,None,Move,development
1569750627.962,828,325,None,Move,development
1569750627.971,817,323,None,Move,development
1569750627.978,806,321,None,Move,development
1569750627.9870002,791,318,None,Move,development
1569750627.994,777,315,None,Move,development
1569750628.0010002,764,313,None,Move,development
1569750628.01,744,308,None,Move,development
1569750628.0170002,723,304,None,Move,development
1569750628.025,708,301,None,Move,development
1569750628.033,694,298,None,Move,development
1569750628.041,685,297,None,Move,development
1569750628.051,677,295,None,Move,development
1569750628.0579998,668,293,None,Move,development
1569750628.0679998,663,291,None,Move,development
1569750628.076,657,289,None,Move,development
1569750628.085,651,287,None,Move,development
1569750628.092,648,285,None,Move,development
1569750628.101,646,283,None,Move,development
1569750628.109,644,282,None,Move,development
1569750628.117,643,280,None,Move,development
1569750628.1260002,642,279,None,Move,development
1569750628.1320002,641,276,None,Move,development
1569750628.14,639,275,None,Move,development
1569750628.1479998,639,273,None,Move,development
1569750628.156,639,272,None,Move,development
1569750628.164,639,271,None,Move,development
1569750628.1720002,639,270,None,Move,development
1569750628.18,639,270,None,Move,development
1569750628.188,639,269,None,Move,development
1569750628.196,639,269,None,Move,development
1569750628.2029998,639,268,None,Move,development
1569750628.21,640,267,None,Move,development
1569750628.218,641,266,None,Move,development
1569750628.226,641,266,None,Move,development
1569750628.234,641,265,None,Move,development
1569750628.242,641,264,None,Move,development
1569750628.25,641,264,None,Move,development
1569750628.258,641,263,None,Move,development
1569750628.266,642,263,None,Move,development
1569750628.278,642,262,None,Move,development
1569750628.285,642,262,None,Move,development
1569750628.292,643,261,None,Move,development
1569750628.3,643,260,None,Move,development
1569750628.3079998,645,259,None,Move,development
1569750628.316,646,258,None,Move,development
1569750628.324,648,256,None,Move,development
1569750628.332,649,256,None,Move,development
1569750628.34,650,255,None,Move,development
1569750628.3479998,652,255,None,Move,development
1569750628.356,653,255,None,Move,development
1569750628.363,654,255,None,Move,development
1569750628.37,656,255,None,Move,development
1569750628.3779998,657,255,None,Move,development
1569750628.389,658,255,None,Move,development
1569750628.3979998,660,255,None,Move,development
1569750628.407,662,255,None,Move,development
1569750628.415,664,255,None,Move,development
1569750628.424,665,255,None,Move,development
1569750628.4320002,666,255,None,Move,development
1569750628.44,668,255,None,Move,development
1569750628.449,670,257,None,Move,development
1569750628.457,672,257,None,Move,development
1569750628.465,673,257,None,Move,development
1569750628.472,674,258,None,Move,development
1569750628.4829998,676,258,None,Move,development
1569750628.4910002,677,259,None,Move,development
1569750628.5010002,678,259,None,Move,development
1569750628.5089998,680,259,None,Move,development
1569750628.516,681,259,None,Move,development
1569750628.525,682,259,None,Move,development
1569750628.534,682,259,None,Move,development
1569750628.541,683,260,None,Move,development
1569750628.549,683,260,None,Move,development
1569750628.556,684,260,None,Move,development
1569750628.563,685,260,None,Move,development
1569750628.571,686,260,None,Move,development
1569750628.579,686,260,None,Move,development
1569750628.587,687,260,None,Move,development
1569750628.594,688,261,None,Move,development
1569750628.6020002,689,261,None,Move,development
1569750628.609,691,261,None,Move,development
1569750628.617,694,261,None,Move,development
1569750628.6239998,697,262,None,Move,development
1569750628.6320002,700,262,None,Move,development
1569750628.6420002,704,262,None,Move,development
1569750628.651,709,262,None,Move,development
1569750628.658,715,263,None,Move,development
1569750628.666,720,263,None,Move,development
1569750628.673,725,263,None,Move,development
1569750628.681,731,264,None,Move,development
1569750628.688,737,265,None,Move,development
1569750628.695,742,265,None,Move,development
1569750628.7029998,747,267,None,Move,development
1569750628.71,750,267,None,Move,development
1569750628.718,751,267,None,Move,development
1569750628.73,752,268,None,Move,development
1569750628.738,753,269,None,Move,development
1569750628.76,756,272,None,Move,development
1569750628.772,758,273,None,Move,development
1569750628.781,761,276,None,Move,development
1569750628.79,762,278,None,Move,development
1569750628.7970002,763,279,None,Move,development
1569750628.806,765,281,None,Move,development
1569750628.814,766,282,None,Move,development
1569750628.822,768,283,None,Move,development
1569750628.831,769,285,None,Move,development
1569750628.8379998,770,286,None,Move,development
1569750628.8479998,772,288,None,Move,development
1569750628.857,773,289,None,Move,development
1569750628.865,775,291,None,Move,development
1569750628.8720002,776,292,None,Move,development
1569750628.88,778,293,None,Move,development
1569750628.891,780,295,None,Move,development
1569750628.9,781,296,None,Move,development
1569750628.908,782,296,None,Move,development
1569750629.002,782,297,None,Move,development
1569750629.1,782,297,None,Move,development
1569750630.38,782,297,None,Move,development
1569750630.3920002,781,297,None,Move,development
1569750630.4220002,781,297,None,Move,development
1569750630.446,780,297,None,Move,development
1569750630.462,780,297,None,Move,development
1569750630.471,780,298,None,Move,development
1569750630.478,780,298,None,Move,development
1569750630.485,780,299,None,Move,development
1569750630.492,780,300,None,Move,development
1569750630.502,780,302,None,Move,development
1569750630.5089998,780,303,None,Move,development
1569750630.5170002,780,305,None,Move,development
1569750630.524,778,310,None,Move,development
1569750630.532,776,316,None,Move,development
1569750630.54,773,322,None,Move,development
1569750630.548,768,328,None,Move,development
1569750630.555,763,334,None,Move,development
1569750630.563,758,340,None,Move,development
1569750630.571,755,344,None,Move,development
1569750630.579,753,346,None,Move,development
1569750630.587,750,350,None,Move,development
1569750630.593,749,351,None,Move,development
1569750630.601,747,353,None,Move,development
1569750630.61,746,355,None,Move,development
1569750630.617,744,357,None,Move,development
1569750630.6260002,743,358,None,Move,development
1569750630.6320002,741,360,None,Move,development
1569750630.639,740,361,None,Move,development
1569750630.647,739,363,None,Move,development
1569750630.656,737,364,None,Move,development
1569750630.664,736,365,None,Move,development
1569750630.6720002,734,367,None,Move,development
1569750630.68,733,368,None,Move,development
1569750630.688,732,369,None,Move,development
1569750630.696,732,369,None,Move,development
1569750630.704,731,369,None,Move,development
1569750630.712,731,370,None,Move,development
1569750630.724,730,371,None,Move,development
1569750630.7329998,729,372,None,Move,development
1569750630.742,727,375,None,Move,development
1569750630.752,726,376,None,Move,development
1569750630.762,724,378,None,Move,development
1569750630.771,722,382,None,Move,development
1569750630.779,721,383,None,Move,development
1569750630.7870002,719,385,None,Move,development
1569750630.796,716,388,None,Move,development
1569750630.804,715,390,None,Move,development
1569750630.814,714,390,None,Move,development
1569750630.822,714,390,None,Move,development
1569750630.86,713,391,None,Move,development
1569750630.87,713,391,None,Move,development
1569750630.8779998,711,393,None,Move,development
1569750630.8860002,707,395,None,Move,development
1569750630.894,704,397,None,Move,development
1569750630.9020002,702,398,None,Move,development
1569750630.91,701,399,None,Move,development
1569750630.918,700,401,None,Move,development
1569750630.926,700,401,None,Move,development
1569750630.938,699,401,None,Move,development
1569750630.948,699,402,None,Move,development
1569750630.956,698,403,None,Move,development
1569750630.964,697,405,None,Move,development
1569750630.972,695,406,None,Move,development
1569750630.98,694,407,None,Move,development
1569750630.988,692,409,None,Move,development
1569750630.996,691,410,None,Move,development
1569750631.004,690,412,None,Move,development
1569750631.012,688,412,None,Move,development
1569750631.019,687,414,None,Move,development
1569750631.03,687,414,None,Move,development
1569750631.042,686,414,None,Move,development
1569750631.05,686,415,None,Move,development
1569750631.0579998,684,416,None,Move,development
1569750631.066,684,418,None,Move,development
1569750631.074,682,419,None,Move,development
1569750631.082,682,420,None,Move,development
1569750631.09,682,421,None,Move,development
1569750632.844,682,421,None,Move,development
1569750633.106,682,421,Left,Pressed,development
1569750633.226,682,421,Left,Released,development
1569750633.27,682,421,Left,Pressed,development
1569750633.3860002,682,421,Left,Released,development
