client_timestamp,x,y,button,state,window
1571841586.6079998,297,449,None,Move,browsing
1571841586.631,297,448,None,Move,browsing
1571841586.655,297,448,None,Move,browsing
1571841586.679,297,447,None,Move,browsing
1571841586.698,297,447,None,Move,browsing
1571841586.789,297,446,None,Move,browsing
1571841586.849,297,445,None,Move,browsing
1571841586.896,297,443,None,Move,browsing
1571841587.022,298,442,None,Move,browsing
1571841619.2,298,441,None,Move,browsing
1571841619.2129998,343,376,None,Move,browsing
1571841619.238,343,376,None,Move,browsing
1571841619.248,343,377,None,Move,browsing
1571841619.256,343,379,None,Move,browsing
1571841619.265,342,386,None,Move,browsing
1571841619.2729998,341,391,None,Move,browsing
1571841619.282,339,396,None,Move,browsing
1571841619.293,339,401,None,Move,browsing
1571841619.303,339,401,None,Move,browsing
1571841619.313,338,402,None,Move,browsing
1571841619.345,338,402,None,Move,browsing
1571841619.354,338,399,None,Move,browsing
1571841619.363,337,397,None,Move,browsing
1571841619.371,337,391,None,Move,browsing
1571841619.383,337,390,None,Move,browsing
1571841619.393,337,387,None,Move,browsing
1571841619.401,337,385,None,Move,browsing
1571841619.411,339,383,None,Move,browsing
1571841619.418,344,380,None,Move,browsing
1571841619.426,349,375,None,Move,browsing
1571841619.434,355,367,None,Move,browsing
1571841619.4429998,364,356,None,Move,browsing
1571841619.4529998,375,341,None,Move,browsing
1571841619.4629998,378,336,None,Move,browsing
1571841619.472,380,334,None,Move,browsing
1571841619.481,381,333,None,Move,browsing
1571841619.488,382,333,None,Move,browsing
1571841619.515,382,333,None,Move,browsing
1571841619.524,380,339,None,Move,browsing
1571841619.535,375,349,None,Move,browsing
1571841619.542,372,353,None,Move,browsing
1571841619.55,370,367,None,Move,browsing
1571841619.559,369,369,None,Move,browsing
1571841619.9329998,368,369,None,Move,browsing
1571841619.951,361,370,None,Move,browsing
1571841619.968,290,386,None,Move,browsing
1571841619.986,270,395,None,Move,browsing
1571841620.004,244,409,None,Move,browsing
1571841620.0229998,234,410,None,Move,browsing
1571841620.041,225,414,None,Move,browsing
1571841620.053,210,417,None,Move,browsing
1571841620.064,199,419,None,Move,browsing
1571841620.077,191,421,None,Move,browsing
1571841620.096,185,424,None,Move,browsing
1571841620.1079998,182,425,None,Move,browsing
1571841620.1179998,181,426,None,Move,browsing
1571841620.127,180,426,None,Move,browsing
1571841620.137,179,426,None,Move,browsing
1571841620.147,178,426,None,Move,browsing
1571841620.156,177,426,None,Move,browsing
1571841620.164,175,426,None,Move,browsing
1571841620.1720002,173,426,None,Move,browsing
1571841620.1820002,169,429,None,Move,browsing
1571841620.191,167,430,None,Move,browsing
1571841620.201,166,430,None,Move,browsing
1571841620.224,165,430,None,Move,browsing
1571841620.234,163,430,None,Move,browsing
1571841620.245,161,430,None,Move,browsing
1571841620.252,159,430,None,Move,browsing
1571841620.2610002,155,430,None,Move,browsing
1571841620.27,152,430,None,Move,browsing
1571841620.279,150,430,None,Move,browsing
1571841620.289,148,431,None,Move,browsing
1571841620.2970002,144,432,None,Move,browsing
1571841620.3070002,135,435,None,Move,browsing
1571841620.3170002,128,438,None,Move,browsing
1571841620.326,125,439,None,Move,browsing
1571841620.335,115,444,None,Move,browsing
1571841620.345,104,448,None,Move,browsing
1571841620.354,98,450,None,Move,browsing
1571841620.3639998,92,451,None,Move,browsing
1571841620.373,90,453,None,Move,browsing
1571841620.397,90,454,None,Move,browsing
1571841620.407,90,454,None,Move,browsing
1571841620.419,92,454,None,Move,browsing
1571841620.43,97,454,None,Move,browsing
1571841620.4420002,99,454,None,Move,browsing
1571841620.454,103,453,None,Move,browsing
1571841620.465,105,452,None,Move,browsing
1571841620.478,105,452,None,Move,browsing
1571841620.4929998,106,452,None,Move,browsing
1571841620.5029998,106,451,None,Move,browsing
1571841620.5170002,107,450,None,Move,browsing
1571841620.529,107,449,None,Move,browsing
1571841620.661,108,448,None,Move,browsing
1571841620.679,112,446,None,Move,browsing
1571841620.697,141,430,None,Move,browsing
1571841620.714,174,412,None,Move,browsing
1571841620.732,215,389,None,Move,browsing
1571841620.7510002,340,330,None,Move,browsing
1571841620.7670002,395,303,None,Move,browsing
1571841620.784,459,262,None,Move,browsing
1571841620.802,535,202,None,Move,browsing
1571841620.819,563,168,None,Move,browsing
1571841620.836,580,141,None,Move,browsing
1571841620.853,589,125,None,Move,browsing
1571841620.8720002,595,107,None,Move,browsing
1571841620.889,595,100,None,Move,browsing
1571841620.911,595,92,None,Move,browsing
1571841620.921,592,88,None,Move,browsing
1571841620.923,590,86,None,Move,browsing
1571841620.935,589,85,None,Move,browsing
1571841620.952,581,83,None,Move,browsing
1571841620.972,577,83,None,Move,browsing
1571841620.982,573,83,None,Move,browsing
1571841620.992,571,83,None,Move,browsing
1571841621.002,568,83,None,Move,browsing
1571841621.0110002,562,84,None,Move,browsing
1571841621.019,556,84,None,Move,browsing
1571841621.028,553,85,None,Move,browsing
1571841621.036,542,85,None,Move,browsing
1571841621.045,533,85,None,Move,browsing
1571841621.053,523,85,None,Move,browsing
1571841621.062,515,85,None,Move,browsing
1571841621.07,506,85,None,Move,browsing
1571841621.079,499,85,None,Move,browsing
1571841621.0879998,497,85,None,Move,browsing
1571841621.096,488,85,None,Move,browsing
1571841621.104,482,83,None,Move,browsing
1571841621.111,479,82,None,Move,browsing
1571841621.12,476,82,None,Move,browsing
1571841621.1279998,475,82,None,Move,browsing
1571841621.1360002,471,82,None,Move,browsing
1571841621.143,468,82,None,Move,browsing
1571841621.151,462,82,None,Move,browsing
1571841621.159,459,82,None,Move,browsing
1571841621.167,455,83,None,Move,browsing
1571841621.175,452,84,None,Move,browsing
1571841621.186,451,84,None,Move,browsing
1571841621.194,449,85,None,Move,browsing
1571841621.201,448,86,None,Move,browsing
1571841621.209,447,87,None,Move,browsing
1571841621.395,447,87,Left,Pressed,browsing
1571841621.465,447,87,Left,Released,browsing
1571841621.57,447,88,None,Move,browsing
1571841621.579,447,88,None,Move,browsing
1571841621.5879998,447,89,None,Move,browsing
1571841621.595,447,91,None,Move,browsing
1571841621.606,447,92,None,Move,browsing
1571841621.617,447,93,None,Move,browsing
1571841621.6260002,447,94,None,Move,browsing
1571841621.641,448,95,None,Move,browsing
1571841621.658,449,96,None,Move,browsing
1571841621.676,449,97,None,Move,browsing
1571841621.679,449,98,None,Move,browsing
1571841621.686,449,99,None,Move,browsing
1571841621.708,451,100,None,Move,browsing
1571841621.725,451,100,None,Move,browsing
1571841621.7629998,451,101,None,Move,browsing
1571841621.778,451,101,None,Move,browsing
1571841621.795,453,108,None,Move,browsing
1571841621.81,455,113,None,Move,browsing
1571841621.825,456,119,None,Move,browsing
1571841621.841,458,130,None,Move,browsing
1571841621.859,459,137,None,Move,browsing
1571841621.8820002,462,156,None,Move,browsing
1571841621.9,465,163,None,Move,browsing
1571841621.925,467,173,None,Move,browsing
1571841621.945,468,178,None,Move,browsing
1571841621.969,469,179,None,Move,browsing
1571841622.0270002,469,180,None,Move,browsing
1571841622.0470002,469,181,None,Move,browsing
1571841622.0679998,470,183,None,Move,browsing
1571841622.089,471,185,None,Move,browsing
1571841622.1220002,471,186,None,Move,browsing
1571841622.153,471,186,None,Move,browsing
1571841622.258,472,187,None,Move,browsing
1571841624.185,472,187,Left,Pressed,browsing
1571841624.373,472,187,Left,Released,browsing
1571841625.154,472,188,None,Move,browsing
1571841625.748,472,189,None,Move,browsing
1571841625.7589998,474,190,None,Move,browsing
1571841625.769,476,193,None,Move,browsing
1571841625.7770002,478,194,None,Move,browsing
1571841625.785,478,195,None,Move,browsing
1571841625.792,481,197,None,Move,browsing
1571841625.806,487,202,None,Move,browsing
1571841625.819,499,207,None,Move,browsing
1571841625.829,510,212,None,Move,browsing
1571841625.846,517,216,None,Move,browsing
1571841625.857,527,220,None,Move,browsing
1571841625.8639998,528,221,None,Move,browsing
1571841625.8820002,539,226,None,Move,browsing
1571841625.891,540,226,None,Move,browsing
1571841625.897,542,227,None,Move,browsing
1571841625.907,544,229,None,Move,browsing
1571841625.92,544,229,None,Move,browsing
1571841625.97,545,229,None,Move,browsing
1571841625.9770002,545,230,None,Move,browsing
1571841625.984,546,230,None,Move,browsing
1571841625.9910002,547,231,None,Move,browsing
1571841626.0010002,551,234,None,Move,browsing
1571841626.0070002,551,235,None,Move,browsing
1571841626.0170002,554,236,None,Move,browsing
1571841626.0270002,554,236,None,Move,browsing
1571841626.035,556,238,None,Move,browsing
1571841626.0470002,557,238,None,Move,browsing
1571841626.0570002,557,238,None,Move,browsing
1571841626.066,558,238,None,Move,browsing
1571841626.074,558,239,None,Move,browsing
1571841626.084,559,241,None,Move,browsing
1571841626.107,560,241,None,Move,browsing
1571841626.117,561,241,None,Move,browsing
1571841626.157,561,242,None,Move,browsing
1571841626.174,562,243,None,Move,browsing
1571841626.194,562,243,None,Move,browsing
1571841626.2229998,562,244,None,Move,browsing
1571841626.248,563,244,None,Move,browsing
1571841626.315,563,244,None,Move,browsing
1571841626.335,564,245,None,Move,browsing
1571841626.361,565,247,None,Move,browsing
1571841626.3839998,566,248,None,Move,browsing
1571841626.404,567,248,None,Move,browsing
1571841626.421,567,249,None,Move,browsing
1571841626.435,567,250,None,Move,browsing
1571841626.445,568,251,None,Move,browsing
1571841626.452,569,252,None,Move,browsing
1571841626.46,569,253,None,Move,browsing
1571841626.468,570,253,None,Move,browsing
1571841626.4770002,571,254,None,Move,browsing
1571841626.486,571,255,None,Move,browsing
1571841626.496,572,255,None,Move,browsing
1571841626.5029998,573,255,None,Move,browsing
1571841626.512,573,256,None,Move,browsing
1571841626.521,574,257,None,Move,browsing
1571841626.53,576,258,None,Move,browsing
1571841626.538,576,258,None,Move,browsing
1571841626.546,577,259,None,Move,browsing
1571841626.556,579,259,None,Move,browsing
1571841626.5670002,579,259,None,Move,browsing
1571841626.574,580,259,None,Move,browsing
1571841626.582,582,261,None,Move,browsing
1571841626.59,583,261,None,Move,browsing
1571841626.5979998,583,261,None,Move,browsing
1571841626.606,584,263,None,Move,browsing
1571841626.6160002,585,263,None,Move,browsing
1571841626.627,586,264,None,Move,browsing
1571841626.637,587,265,None,Move,browsing
1571841626.647,587,266,None,Move,browsing
1571841626.655,588,268,None,Move,browsing
1571841626.664,592,274,None,Move,browsing
1571841626.674,593,276,None,Move,browsing
1571841626.685,595,278,None,Move,browsing
1571841626.694,597,280,None,Move,browsing
1571841626.704,598,284,None,Move,browsing
1571841626.711,599,285,None,Move,browsing
1571841626.72,600,286,None,Move,browsing
1571841626.729,601,289,None,Move,browsing
1571841626.7410002,601,290,None,Move,browsing
1571841626.752,603,294,None,Move,browsing
1571841626.762,606,298,None,Move,browsing
1571841626.769,606,299,None,Move,browsing
1571841626.779,606,299,None,Move,browsing
1571841626.7870002,608,300,None,Move,browsing
1571841626.795,608,302,None,Move,browsing
1571841626.804,608,302,None,Move,browsing
1571841626.811,608,303,None,Move,browsing
1571841626.819,609,304,None,Move,browsing
1571841626.859,609,304,None,Move,browsing
1571841626.938,609,305,None,Move,browsing
1571841627.094,609,305,None,Move,browsing
1571841627.105,610,306,None,Move,browsing
1571841627.1160002,611,306,None,Move,browsing
1571841627.1260002,612,306,None,Move,browsing
1571841627.1479998,618,306,None,Move,browsing
1571841627.156,619,306,None,Move,browsing
1571841627.166,624,306,None,Move,browsing
1571841627.177,627,306,None,Move,browsing
1571841627.187,631,306,None,Move,browsing
1571841627.194,632,306,None,Move,browsing
1571841627.202,638,305,None,Move,browsing
1571841627.21,640,305,None,Move,browsing
1571841627.218,649,303,None,Move,browsing
1571841627.226,652,303,None,Move,browsing
1571841627.236,654,302,None,Move,browsing
1571841627.244,660,301,None,Move,browsing
1571841627.252,662,300,None,Move,browsing
1571841627.26,668,299,None,Move,browsing
1571841627.2670002,673,298,None,Move,browsing
1571841627.275,675,297,None,Move,browsing
1571841627.284,680,297,None,Move,browsing
1571841627.294,682,296,None,Move,browsing
1571841627.304,688,296,None,Move,browsing
1571841627.311,693,295,None,Move,browsing
1571841627.321,694,295,None,Move,browsing
1571841627.33,703,293,None,Move,browsing
1571841627.34,709,290,None,Move,browsing
1571841627.349,711,290,None,Move,browsing
1571841627.357,712,290,None,Move,browsing
1571841627.367,717,288,None,Move,browsing
1571841627.375,718,287,None,Move,browsing
1571841627.383,722,283,None,Move,browsing
1571841627.393,724,281,None,Move,browsing
1571841627.404,725,279,None,Move,browsing
1571841627.413,725,278,None,Move,browsing
1571841627.4220002,727,277,None,Move,browsing
1571841627.431,729,277,None,Move,browsing
1571841627.44,729,277,None,Move,browsing
1571841627.451,730,277,None,Move,browsing
1571841627.46,731,276,None,Move,browsing
1571841627.469,732,276,None,Move,browsing
1571841627.479,732,276,None,Move,browsing
1571841627.488,733,275,None,Move,browsing
1571841627.514,733,275,None,Move,browsing
1571841627.525,735,275,None,Move,browsing
1571841627.538,736,273,None,Move,browsing
1571841627.548,737,273,None,Move,browsing
1571841627.5579998,739,273,None,Move,browsing
1571841627.5679998,739,273,None,Move,browsing
1571841627.581,744,273,None,Move,browsing
1571841627.596,751,272,None,Move,browsing
1571841627.6079998,756,271,None,Move,browsing
1571841627.62,758,270,None,Move,browsing
1571841627.629,761,268,None,Move,browsing
1571841627.637,766,265,None,Move,browsing
1571841627.646,769,264,None,Move,browsing
1571841627.66,771,264,None,Move,browsing
1571841627.67,778,262,None,Move,browsing
1571841627.678,789,260,None,Move,browsing
1571841627.686,800,254,None,Move,browsing
1571841627.691,803,253,None,Move,browsing
1571841627.701,814,247,None,Move,browsing
1571841627.711,820,244,None,Move,browsing
1571841627.717,822,243,None,Move,browsing
1571841627.7270002,827,237,None,Move,browsing
1571841627.734,830,235,None,Move,browsing
1571841627.74,833,229,None,Move,browsing
1571841627.7510002,834,227,None,Move,browsing
1571841627.7570002,834,224,None,Move,browsing
1571841627.7670002,833,216,None,Move,browsing
1571841627.772,831,215,None,Move,browsing
1571841627.78,821,205,None,Move,browsing
1571841627.79,810,199,None,Move,browsing
1571841627.7970002,806,196,None,Move,browsing
1571841627.8070002,787,191,None,Move,browsing
1571841627.813,784,191,None,Move,browsing
1571841627.822,769,189,None,Move,browsing
1571841627.832,759,186,None,Move,browsing
1571841627.839,754,186,None,Move,browsing
1571841627.847,738,186,None,Move,browsing
1571841627.855,732,186,None,Move,browsing
1571841627.865,714,188,None,Move,browsing
1571841627.873,703,189,None,Move,browsing
1571841627.881,699,189,None,Move,browsing
1571841627.889,683,195,None,Move,browsing
1571841627.899,678,197,None,Move,browsing
1571841627.906,666,202,None,Move,browsing
1571841627.916,658,208,None,Move,browsing
1571841627.924,655,210,None,Move,browsing
1571841627.9320002,648,216,None,Move,browsing
1571841627.9420002,644,219,None,Move,browsing
1571841627.952,643,225,None,Move,browsing
1571841627.962,642,226,None,Move,browsing
1571841627.972,640,231,None,Move,browsing
1571841627.979,640,233,None,Move,browsing
1571841627.9870002,639,239,None,Move,browsing
1571841627.996,639,242,None,Move,browsing
1571841628.004,639,242,None,Move,browsing
1571841628.014,639,246,None,Move,browsing
1571841628.0229998,639,251,None,Move,browsing
1571841628.034,639,253,None,Move,browsing
1571841628.042,641,255,None,Move,browsing
1571841628.051,644,262,None,Move,browsing
1571841628.059,647,265,None,Move,browsing
1571841628.066,654,279,None,Move,browsing
1571841628.074,657,285,None,Move,browsing
1571841628.085,658,287,None,Move,browsing
1571841628.093,661,295,None,Move,browsing
1571841628.103,662,297,None,Move,browsing
1571841628.113,664,299,None,Move,browsing
1571841628.119,664,301,None,Move,browsing
1571841628.1279998,665,303,None,Move,browsing
1571841628.1379998,666,303,None,Move,browsing
1571841628.151,666,305,None,Move,browsing
1571841628.161,666,305,None,Move,browsing
1571841628.171,666,308,None,Move,browsing
1571841628.181,666,309,None,Move,browsing
1571841628.188,666,310,None,Move,browsing
1571841628.197,666,313,None,Move,browsing
1571841628.204,666,315,None,Move,browsing
1571841628.212,666,318,None,Move,browsing
1571841628.218,666,318,None,Move,browsing
1571841628.228,664,322,None,Move,browsing
1571841628.236,662,323,None,Move,browsing
1571841628.245,661,327,None,Move,browsing
1571841628.252,657,330,None,Move,browsing
1571841628.26,656,332,None,Move,browsing
1571841628.269,651,335,None,Move,browsing
1571841628.2770002,648,338,None,Move,browsing
1571841628.286,646,339,None,Move,browsing
1571841628.295,641,347,None,Move,browsing
1571841628.304,640,348,None,Move,browsing
1571841628.314,632,357,None,Move,browsing
1571841628.322,628,362,None,Move,browsing
1571841628.33,625,366,None,Move,browsing
1571841628.337,624,367,None,Move,browsing
1571841628.347,621,368,None,Move,browsing
1571841628.357,619,369,None,Move,browsing
1571841628.365,619,370,None,Move,browsing
1571841628.3720002,617,373,None,Move,browsing
1571841628.379,616,373,None,Move,browsing
1571841628.387,614,375,None,Move,browsing
1571841628.396,612,376,None,Move,browsing
1571841628.403,610,376,None,Move,browsing
1571841628.413,607,379,None,Move,browsing
1571841628.42,606,379,None,Move,browsing
1571841628.428,604,381,None,Move,browsing
1571841628.436,603,382,None,Move,browsing
1571841628.4429998,602,383,None,Move,browsing
1571841628.452,602,385,None,Move,browsing
1571841628.459,602,386,None,Move,browsing
1571841628.467,600,389,None,Move,browsing
1571841628.4770002,600,391,None,Move,browsing
1571841628.486,600,392,None,Move,browsing
1571841628.495,599,393,None,Move,browsing
1571841628.502,599,393,None,Move,browsing
1571841628.5089998,598,395,None,Move,browsing
1571841628.519,598,395,None,Move,browsing
1571841628.529,598,396,None,Move,browsing
1571841628.539,598,398,None,Move,browsing
1571841628.549,598,398,None,Move,browsing
1571841628.559,598,401,None,Move,browsing
1571841628.569,599,403,None,Move,browsing
1571841628.577,600,404,None,Move,browsing
1571841628.585,602,405,None,Move,browsing
1571841628.591,603,405,None,Move,browsing
1571841628.599,607,406,None,Move,browsing
1571841628.609,609,406,None,Move,browsing
1571841628.619,612,409,None,Move,browsing
1571841628.6260002,612,410,None,Move,browsing
1571841628.635,612,410,None,Move,browsing
1571841628.887,610,410,None,Move,browsing
1571841628.905,603,409,None,Move,browsing
1571841628.927,589,407,None,Move,browsing
1571841628.947,580,407,None,Move,browsing
1571841628.969,570,407,None,Move,browsing
1571841628.9910002,556,407,None,Move,browsing
1571841629.014,524,413,None,Move,browsing
1571841629.036,508,422,None,Move,browsing
1571841629.063,496,428,None,Move,browsing
1571841629.089,494,429,None,Move,browsing
1571841629.123,493,430,None,Move,browsing
1571841629.145,490,434,None,Move,browsing
1571841629.167,488,435,None,Move,browsing
1571841629.19,486,437,None,Move,browsing
1571841629.214,485,438,None,Move,browsing
1571841629.24,484,439,None,Move,browsing
1571841629.2629998,482,439,None,Move,browsing
1571841629.285,479,439,None,Move,browsing
1571841629.304,477,439,None,Move,browsing
1571841629.319,475,439,None,Move,browsing
1571841629.394,474,439,None,Move,browsing
1571841629.407,473,439,None,Move,browsing
1571841629.4220002,472,439,None,Move,browsing
1571841629.438,466,438,None,Move,browsing
1571841629.454,462,435,None,Move,browsing
1571841629.47,457,430,None,Move,browsing
1571841629.486,450,429,None,Move,browsing
1571841629.502,445,429,None,Move,browsing
1571841629.5170002,441,429,None,Move,browsing
1571841629.535,437,429,None,Move,browsing
1571841629.548,434,429,None,Move,browsing
1571841629.562,433,426,None,Move,browsing
1571841629.575,433,421,None,Move,browsing
1571841629.595,434,412,None,Move,browsing
1571841629.875,434,412,None,Move,browsing
1571841629.8860002,433,412,None,Move,browsing
1571841629.935,434,412,None,Move,browsing
1571841629.944,435,412,None,Move,browsing
1571841629.951,436,412,None,Move,browsing
1571841629.962,439,414,None,Move,browsing
1571841629.968,439,414,None,Move,browsing
1571841629.976,443,417,None,Move,browsing
1571841629.985,443,418,None,Move,browsing
1571841629.9910002,444,419,None,Move,browsing
1571841630.0,446,420,None,Move,browsing
1571841630.0070002,446,421,None,Move,browsing
1571841630.016,447,423,None,Move,browsing
1571841630.026,447,424,None,Move,browsing
1571841630.036,448,424,None,Move,browsing
1571841630.046,449,425,None,Move,browsing
1571841630.056,450,427,None,Move,browsing
1571841630.066,451,429,None,Move,browsing
1571841630.077,451,429,None,Move,browsing
1571841630.2729998,452,430,None,Move,browsing
1571841630.399,452,431,None,Move,browsing
1571841630.419,452,432,None,Move,browsing
1571841630.44,452,432,None,Move,browsing
1571841630.461,453,434,None,Move,browsing
1571841630.561,455,434,None,Move,browsing
1571841630.581,455,433,None,Move,browsing
1571841630.604,455,432,None,Move,browsing
1571841630.629,455,427,None,Move,browsing
1571841630.6520002,455,422,None,Move,browsing
1571841630.677,455,419,None,Move,browsing
1571841630.699,455,416,None,Move,browsing
1571841630.721,454,414,None,Move,browsing
1571841630.8820002,454,413,None,Move,browsing
1571841630.949,454,413,None,Move,browsing
1571841630.968,454,413,None,Move,browsing
1571841630.988,456,414,None,Move,browsing
1571841631.005,457,417,None,Move,browsing
1571841631.028,461,422,None,Move,browsing
1571841631.05,462,423,None,Move,browsing
1571841631.074,463,425,None,Move,browsing
1571841631.099,467,427,None,Move,browsing
1571841631.1220002,473,431,None,Move,browsing
1571841631.145,478,433,None,Move,browsing
1571841631.167,488,437,None,Move,browsing
1571841631.201,513,445,None,Move,browsing
1571841631.231,534,455,None,Move,browsing
1571841631.256,552,464,None,Move,browsing
1571841631.278,568,472,None,Move,browsing
1571841631.3,576,476,None,Move,browsing
1571841631.322,584,480,None,Move,browsing
1571841631.327,586,481,None,Move,browsing
1571841631.35,593,489,None,Move,browsing
1571841631.3660002,595,491,None,Move,browsing
1571841631.381,597,493,None,Move,browsing
1571841631.395,597,494,None,Move,browsing
1571841631.409,598,494,None,Move,browsing
1571841631.4220002,598,496,None,Move,browsing
1571841631.449,598,497,None,Move,browsing
1571841631.462,599,498,None,Move,browsing
1571841631.475,599,498,None,Move,browsing
1571841631.4889998,599,499,None,Move,browsing
1571841631.502,599,499,None,Move,browsing
1571841631.515,600,501,None,Move,browsing
1571841631.529,600,502,None,Move,browsing
1571841631.946,600,502,None,Move,browsing
1571841631.965,600,502,None,Move,browsing
1571841631.981,598,503,None,Move,browsing
1571841631.996,596,504,None,Move,browsing
1571841632.01,593,505,None,Move,browsing
1571841632.025,591,505,None,Move,browsing
1571841632.039,591,505,None,Move,browsing
1571841632.05,589,507,None,Move,browsing
1571841632.063,587,507,None,Move,browsing
1571841632.075,586,507,None,Move,browsing
1571841632.089,584,508,None,Move,browsing
1571841632.1020002,584,508,None,Move,browsing
1571841632.1139998,582,509,None,Move,browsing
1571841632.1260002,579,510,None,Move,browsing
1571841632.139,577,510,None,Move,browsing
1571841632.151,574,511,None,Move,browsing
1571841632.165,570,511,None,Move,browsing
1571841632.18,566,513,None,Move,browsing
1571841632.1929998,563,513,None,Move,browsing
1571841632.206,562,513,None,Move,browsing
1571841632.218,560,513,None,Move,browsing
1571841632.231,557,513,None,Move,browsing
1571841632.244,556,513,None,Move,browsing
1571841632.256,553,513,None,Move,browsing
1571841632.268,552,513,None,Move,browsing
1571841632.281,552,513,None,Move,browsing
1571841632.294,549,513,None,Move,browsing
1571841632.306,547,513,None,Move,browsing
1571841632.3179998,546,513,None,Move,browsing
1571841632.331,544,513,None,Move,browsing
1571841632.345,543,513,None,Move,browsing
1571841632.357,541,513,None,Move,browsing
1571841632.369,541,513,None,Move,browsing
1571841632.381,540,513,None,Move,browsing
1571841632.394,539,513,None,Move,browsing
1571841632.406,538,513,None,Move,browsing
1571841632.419,536,513,None,Move,browsing
1571841632.431,534,512,None,Move,browsing
1571841632.444,529,510,None,Move,browsing
1571841632.457,524,506,None,Move,browsing
1571841632.469,518,504,None,Move,browsing
1571841632.482,512,503,None,Move,browsing
1571841632.494,507,502,None,Move,browsing
1571841632.5070002,500,498,None,Move,browsing
1571841632.524,498,497,None,Move,browsing
1571841632.536,496,496,None,Move,browsing
1571841632.549,495,495,None,Move,browsing
1571841632.562,494,495,None,Move,browsing
1571841632.577,493,493,None,Move,browsing
1571841632.59,493,493,None,Move,browsing
1571841632.6260002,492,492,None,Move,browsing
1571841632.639,491,492,None,Move,browsing
1571841633.076,490,492,None,Move,browsing
1571841633.137,490,492,None,Move,browsing
1571841633.149,489,492,None,Move,browsing
1571841633.167,489,492,None,Move,browsing
1571841633.1820002,487,492,None,Move,browsing
1571841633.191,486,492,None,Move,browsing
1571841633.202,485,492,None,Move,browsing
1571841633.2129998,485,492,None,Move,browsing
1571841633.222,484,492,None,Move,browsing
1571841633.232,484,492,None,Move,browsing
1571841633.24,483,492,None,Move,browsing
1571841633.248,481,492,None,Move,browsing
1571841633.256,481,491,None,Move,browsing
1571841633.265,479,491,None,Move,browsing
1571841633.275,477,489,None,Move,browsing
1571841633.282,474,489,None,Move,browsing
1571841633.291,472,486,None,Move,browsing
1571841633.299,469,485,None,Move,browsing
1571841633.3079998,467,483,None,Move,browsing
1571841633.316,466,483,None,Move,browsing
1571841633.324,461,482,None,Move,browsing
1571841633.333,460,480,None,Move,browsing
1571841633.343,456,479,None,Move,browsing
1571841633.355,453,478,None,Move,browsing
1571841633.365,450,477,None,Move,browsing
1571841633.3779998,448,476,None,Move,browsing
1571841633.399,447,474,None,Move,browsing
1571841633.419,446,473,None,Move,browsing
1571841633.438,446,472,None,Move,browsing
1571841633.458,446,471,None,Move,browsing
1571841633.478,446,470,None,Move,browsing
1571841633.5,446,467,None,Move,browsing
1571841633.521,447,466,None,Move,browsing
1571841633.544,448,465,None,Move,browsing
1571841633.566,448,464,None,Move,browsing
1571841633.587,450,460,None,Move,browsing
1571841633.609,452,455,None,Move,browsing
1571841633.629,452,452,None,Move,browsing
1571841633.6420002,453,449,None,Move,browsing
1571841633.655,453,448,None,Move,browsing
1571841633.667,453,447,None,Move,browsing
1571841633.679,454,445,None,Move,browsing
1571841633.6929998,454,444,None,Move,browsing
1571841633.706,455,443,None,Move,browsing
1571841633.839,455,443,None,Move,browsing
1571841633.921,456,443,None,Move,browsing
1571841633.941,456,443,None,Move,browsing
1571841633.962,456,445,None,Move,browsing
1571841633.982,456,448,None,Move,browsing
1571841634.0029998,456,451,None,Move,browsing
1571841634.024,456,453,None,Move,browsing
1571841634.044,456,460,None,Move,browsing
1571841634.065,456,464,None,Move,browsing
1571841634.091,456,466,None,Move,browsing
1571841634.1139998,455,469,None,Move,browsing
1571841634.137,455,470,None,Move,browsing
1571841634.159,454,471,None,Move,browsing
1571841634.385,454,471,None,Move,browsing
1571841634.421,453,469,None,Move,browsing
1571841634.445,452,469,None,Move,browsing
1571841634.478,452,469,None,Move,browsing
1571841634.4989998,450,469,None,Move,browsing
1571841634.66,450,468,None,Move,browsing
1571841634.833,450,466,None,Move,browsing
1571841634.869,450,466,None,Move,browsing
1571841634.8879998,450,465,None,Move,browsing
1571841634.905,451,464,None,Move,browsing
1571841634.927,452,463,None,Move,browsing
1571841634.948,452,463,None,Move,browsing
1571841634.968,455,461,None,Move,browsing
1571841634.988,455,460,None,Move,browsing
1571841635.008,457,458,None,Move,browsing
1571841635.03,457,458,None,Move,browsing
1571841635.052,458,457,None,Move,browsing
1571841635.072,458,456,None,Move,browsing
1571841635.105,458,456,None,Move,browsing
1571841635.125,460,454,None,Move,browsing
1571841635.145,461,452,None,Move,browsing
1571841635.167,462,450,None,Move,browsing
1571841635.189,463,449,None,Move,browsing
1571841635.209,464,448,None,Move,browsing
1571841635.229,465,446,None,Move,browsing
1571841635.25,465,445,None,Move,browsing
1571841635.272,466,445,None,Move,browsing
1571841635.312,466,444,None,Move,browsing
1571841635.332,466,443,None,Move,browsing
1571841635.36,468,441,None,Move,browsing
1571841635.389,470,439,None,Move,browsing
1571841635.411,470,438,None,Move,browsing
1571841635.4329998,470,438,None,Move,browsing
1571841635.454,471,437,None,Move,browsing
1571841635.4910002,471,435,None,Move,browsing
1571841635.553,471,435,None,Move,browsing
1571841635.593,471,434,None,Move,browsing
1571841635.901,471,434,None,Move,browsing
1571841635.915,471,435,None,Move,browsing
1571841635.928,471,436,None,Move,browsing
1571841635.9429998,471,437,None,Move,browsing
1571841635.975,471,438,None,Move,browsing
1571841636.2129998,471,439,None,Move,browsing
1571841636.2410002,471,440,None,Move,browsing
1571841636.2589998,471,441,None,Move,browsing
1571841636.272,471,441,None,Move,browsing
1571841636.2870002,471,442,None,Move,browsing
1571841636.686,471,442,None,Move,browsing
1571841636.71,471,444,None,Move,browsing
1571841636.7270002,470,449,None,Move,browsing
1571841636.7429998,469,454,None,Move,browsing
1571841636.7570002,468,455,None,Move,browsing
1571841636.774,468,456,None,Move,browsing
1571841636.789,467,458,None,Move,browsing
1571841636.804,464,455,None,Move,browsing
1571841636.823,464,454,None,Move,browsing
1571841637.061,464,452,None,Move,browsing
1571841637.082,464,451,None,Move,browsing
1571841637.121,464,450,None,Move,browsing
1571841637.145,464,449,None,Move,browsing
1571841637.2470002,464,448,None,Move,browsing
1571841637.399,464,448,None,Move,browsing
1571841637.4220002,464,448,None,Move,browsing
1571841637.441,465,448,None,Move,browsing
1571841637.459,468,448,None,Move,browsing
1571841637.48,472,446,None,Move,browsing
1571841637.5010002,477,446,None,Move,browsing
1571841637.522,485,446,None,Move,browsing
1571841637.553,495,446,None,Move,browsing
1571841637.574,498,446,None,Move,browsing
1571841637.594,502,448,None,Move,browsing
1571841637.6139998,508,450,None,Move,browsing
1571841637.629,516,454,None,Move,browsing
1571841637.6420002,517,454,None,Move,browsing
1571841637.655,523,454,None,Move,browsing
1571841637.667,523,454,None,Move,browsing
1571841637.68,524,454,None,Move,browsing
1571841637.715,524,454,None,Move,browsing
1571841637.8760002,525,454,None,Move,browsing
1571841637.896,525,454,None,Move,browsing
1571841637.917,526,454,None,Move,browsing
1571841637.935,527,454,None,Move,browsing
1571841641.654,527,454,None,Move,browsing
1571841641.674,527,454,None,Move,browsing
1571841641.691,527,455,None,Move,browsing
1571841642.1479998,527,455,None,Move,browsing
1571841642.225,526,455,None,Move,browsing
1571841642.236,526,455,None,Move,browsing
1571841642.27,525,455,None,Move,browsing
1571841642.282,524,455,None,Move,browsing
1571841642.294,523,455,None,Move,browsing
1571841642.315,521,455,None,Move,browsing
1571841642.327,520,455,None,Move,browsing
1571841642.3520002,519,455,None,Move,browsing
1571841642.3660002,519,455,None,Move,browsing
1571841642.379,518,455,None,Move,browsing
1571841642.3920002,517,455,None,Move,browsing
1571841642.407,516,456,None,Move,browsing
1571841642.419,516,456,None,Move,browsing
1571841642.431,514,457,None,Move,browsing
1571841642.4729998,513,457,None,Move,browsing
1571841642.4889998,513,457,None,Move,browsing
1571841642.5010002,512,458,None,Move,browsing
1571841643.285,512,459,None,Move,browsing
1571841643.5070002,512,460,None,Move,browsing
1571841643.799,512,460,None,Move,browsing
1571841643.819,512,461,None,Move,browsing
1571841643.839,514,461,None,Move,browsing
1571841643.863,518,463,None,Move,browsing
1571841643.885,522,464,None,Move,browsing
1571841643.907,530,465,None,Move,browsing
1571841643.929,553,473,None,Move,browsing
1571841643.951,576,478,None,Move,browsing
1571841643.972,601,488,None,Move,browsing
1571841643.9970002,623,499,None,Move,browsing
1571841644.018,633,507,None,Move,browsing
1571841644.04,635,509,None,Move,browsing
1571841644.083,638,510,None,Move,browsing
1571841644.103,639,510,None,Move,browsing
1571841644.1339998,641,510,None,Move,browsing
1571841644.305,641,510,None,Move,browsing
1571841644.32,642,510,None,Move,browsing
1571841644.371,642,510,None,Move,browsing
1571841644.381,644,510,None,Move,browsing
1571841644.3920002,646,510,None,Move,browsing
1571841644.4020002,653,510,None,Move,browsing
1571841644.411,655,511,None,Move,browsing
1571841644.423,657,511,None,Move,browsing
1571841644.434,659,511,None,Move,browsing
1571841644.445,661,511,None,Move,browsing
1571841644.454,661,511,None,Move,browsing
1571841644.522,663,513,None,Move,browsing
1571841644.986,664,513,None,Move,browsing
1571841644.9989998,665,513,None,Move,browsing
1571841645.016,665,513,None,Move,browsing
1571841645.029,666,513,None,Move,browsing
1571841645.042,668,513,None,Move,browsing
1571841645.0570002,669,513,None,Move,browsing
1571841645.08,670,512,None,Move,browsing
1571841645.094,671,512,None,Move,browsing
1571841645.1120002,672,511,None,Move,browsing
1571841645.133,673,510,None,Move,browsing
1571841645.153,673,509,None,Move,browsing
1571841645.168,673,509,None,Move,browsing
1571841645.242,673,508,None,Move,browsing
1571841645.262,673,507,None,Move,browsing
1571841645.325,673,506,None,Move,browsing
1571841645.461,673,504,None,Move,browsing
1571841645.481,674,504,None,Move,browsing
1571841645.502,675,504,None,Move,browsing
1571841645.5229998,676,504,None,Move,browsing
1571841645.548,680,502,None,Move,browsing
1571841645.5779998,682,502,None,Move,browsing
1571841645.593,682,502,None,Move,browsing
1571841645.61,685,502,None,Move,browsing
1571841646.051,685,502,None,Move,browsing
1571841646.187,685,502,None,Move,browsing
1571841646.212,684,502,None,Move,browsing
1571841646.2329998,682,502,None,Move,browsing
1571841646.254,672,502,None,Move,browsing
1571841646.276,651,508,None,Move,browsing
1571841646.298,630,513,None,Move,browsing
1571841646.321,616,517,None,Move,browsing
1571841646.343,602,519,None,Move,browsing
1571841646.371,594,519,None,Move,browsing
1571841646.3979998,588,519,None,Move,browsing
1571841646.413,582,517,None,Move,browsing
1571841646.462,571,516,None,Move,browsing
1571841646.474,565,514,None,Move,browsing
1571841646.484,564,514,None,Move,browsing
1571841646.492,563,514,None,Move,browsing
1571841646.4989998,560,513,None,Move,browsing
1571841646.508,559,512,None,Move,browsing
1571841646.519,555,510,None,Move,browsing
1571841646.526,553,509,None,Move,browsing
1571841646.536,548,507,None,Move,browsing
1571841646.543,545,506,None,Move,browsing
1571841646.552,537,501,None,Move,browsing
1571841646.561,535,501,None,Move,browsing
1571841646.57,529,497,None,Move,browsing
1571841646.579,526,497,None,Move,browsing
1571841646.5879998,522,494,None,Move,browsing
1571841646.601,522,494,None,Move,browsing
1571841646.6079998,520,493,None,Move,browsing
1571841646.6160002,519,492,None,Move,browsing
1571841646.6239998,518,492,None,Move,browsing
1571841646.633,515,491,None,Move,browsing
1571841646.643,515,490,None,Move,browsing
1571841646.6520002,512,489,None,Move,browsing
1571841646.661,512,488,None,Move,browsing
1571841646.671,510,487,None,Move,browsing
1571841646.681,509,487,None,Move,browsing
1571841646.691,509,487,None,Move,browsing
1571841646.873,508,487,None,Move,browsing
1571841646.897,506,485,None,Move,browsing
1571841646.925,502,483,None,Move,browsing
1571841646.947,496,479,None,Move,browsing
1571841646.972,488,472,None,Move,browsing
1571841647.0070002,469,445,None,Move,browsing
1571841647.024,442,413,None,Move,browsing
1571841647.041,410,381,None,Move,browsing
1571841647.061,381,360,None,Move,browsing
1571841647.065,369,355,None,Move,browsing
1571841647.08,343,349,None,Move,browsing
1571841647.097,329,347,None,Move,browsing
1571841647.1139998,319,345,None,Move,browsing
1571841647.129,292,344,None,Move,browsing
1571841647.14,282,344,None,Move,browsing
1571841647.151,274,344,None,Move,browsing
1571841647.161,250,344,None,Move,browsing
1571841647.1720002,237,344,None,Move,browsing
1571841647.1829998,225,344,None,Move,browsing
1571841647.198,204,344,None,Move,browsing
1571841647.206,202,344,None,Move,browsing
1571841647.216,195,344,None,Move,browsing
1571841647.225,188,344,None,Move,browsing
1571841647.235,180,344,None,Move,browsing
1571841647.244,178,344,None,Move,browsing
1571841647.254,174,344,None,Move,browsing
1571841647.2629998,170,342,None,Move,browsing
1571841647.272,164,341,None,Move,browsing
1571841647.281,152,338,None,Move,browsing
1571841647.291,148,336,None,Move,browsing
1571841647.301,140,335,None,Move,browsing
1571841647.31,134,334,None,Move,browsing
1571841647.319,131,334,None,Move,browsing
1571841647.33,129,334,None,Move,browsing
1571841647.341,123,334,None,Move,browsing
1571841647.351,121,334,None,Move,browsing
1571841647.36,115,334,None,Move,browsing
1571841647.37,114,334,None,Move,browsing
1571841647.38,109,334,None,Move,browsing
1571841647.39,106,334,None,Move,browsing
1571841647.399,102,334,None,Move,browsing
1571841647.409,102,334,None,Move,browsing
1571841647.419,99,334,None,Move,browsing
1571841647.429,99,334,None,Move,browsing
1571841647.438,98,334,None,Move,browsing
1571841647.457,97,334,None,Move,browsing
1571841648.129,97,334,Left,Pressed,browsing
1571841648.279,97,334,Left,Released,browsing
1571841648.768,97,334,None,Move,browsing
1571841648.778,100,334,None,Move,browsing
1571841648.788,102,334,None,Move,browsing
1571841648.798,108,334,None,Move,browsing
1571841648.809,108,334,None,Move,browsing
1571841648.82,114,335,None,Move,browsing
1571841648.83,118,336,None,Move,browsing
1571841648.842,127,339,None,Move,browsing
1571841648.853,128,339,None,Move,browsing
1571841648.8620002,139,342,None,Move,browsing
1571841648.87,146,344,None,Move,browsing
1571841648.879,157,347,None,Move,browsing
1571841648.887,160,349,None,Move,browsing
1571841648.895,170,351,None,Move,browsing
1571841648.905,178,354,None,Move,browsing
1571841648.914,189,357,None,Move,browsing
1571841648.9220002,204,361,None,Move,browsing
1571841648.9320002,207,362,None,Move,browsing
1571841648.9420002,223,365,None,Move,browsing
1571841648.95,232,366,None,Move,browsing
1571841648.961,245,370,None,Move,browsing
1571841648.97,247,370,None,Move,browsing
1571841648.9770002,257,372,None,Move,browsing
1571841648.984,264,374,None,Move,browsing
1571841648.9929998,273,377,None,Move,browsing
1571841649.0010002,284,381,None,Move,browsing
1571841649.0110002,290,383,None,Move,browsing
1571841649.019,300,385,None,Move,browsing
1571841649.0270002,308,388,None,Move,browsing
1571841649.035,314,391,None,Move,browsing
1571841649.044,324,394,None,Move,browsing
1571841649.053,327,395,None,Move,browsing
1571841649.074,343,404,None,Move,browsing
1571841649.083,350,408,None,Move,browsing
1571841649.093,351,408,None,Move,browsing
1571841649.103,358,414,None,Move,browsing
1571841649.115,362,417,None,Move,browsing
1571841649.127,372,422,None,Move,browsing
1571841649.165,380,424,None,Move,browsing
1571841649.535,380,425,None,Move,browsing
1571841649.545,380,428,None,Move,browsing
1571841649.556,382,434,None,Move,browsing
1571841649.564,382,443,None,Move,browsing
1571841649.573,382,451,None,Move,browsing
1571841649.582,382,467,None,Move,browsing
1571841649.592,382,469,None,Move,browsing
1571841649.599,382,476,None,Move,browsing
1571841649.607,382,487,None,Move,browsing
1571841649.6139998,382,499,None,Move,browsing
1571841649.6220002,378,516,None,Move,browsing
1571841649.631,378,519,None,Move,browsing
1571841649.64,376,531,None,Move,browsing
1571841649.65,376,537,None,Move,browsing
1571841649.658,376,542,None,Move,browsing
1571841649.668,376,547,None,Move,browsing
1571841649.679,376,550,None,Move,browsing
1571841649.691,376,555,None,Move,browsing
1571841649.699,376,564,None,Move,browsing
1571841649.711,376,569,None,Move,browsing
1571841649.719,376,570,None,Move,browsing
1571841649.729,376,572,None,Move,browsing
1571841649.7370002,376,577,None,Move,browsing
1571841649.7470002,376,584,None,Move,browsing
1571841649.756,376,586,None,Move,browsing
1571841649.7670002,376,590,None,Move,browsing
1571841649.776,376,591,None,Move,browsing
1571841649.784,376,592,None,Move,browsing
1571841649.794,376,595,None,Move,browsing
1571841649.804,376,597,None,Move,browsing
1571841649.812,376,603,None,Move,browsing
1571841649.822,376,606,None,Move,browsing
1571841649.83,376,608,None,Move,browsing
1571841649.8379998,376,608,None,Move,browsing
1571841649.846,376,610,None,Move,browsing
1571841649.856,376,610,None,Move,browsing
1571841649.8660002,376,612,None,Move,browsing
1571841649.8860002,375,613,None,Move,browsing
1571841649.897,374,615,None,Move,browsing
1571841649.907,374,616,None,Move,browsing
1571841649.916,374,617,None,Move,browsing
1571841649.927,372,618,None,Move,browsing
1571841649.939,371,619,None,Move,browsing
1571841649.946,370,620,None,Move,browsing
1571841649.955,370,621,None,Move,browsing
1571841649.9629998,368,623,None,Move,browsing
1571841649.972,366,624,None,Move,browsing
1571841649.978,366,625,None,Move,browsing
1571841649.986,363,628,None,Move,browsing
1571841649.9929998,363,628,None,Move,browsing
1571841650.0010002,360,630,None,Move,browsing
1571841650.008,355,635,None,Move,browsing
1571841650.015,354,636,None,Move,browsing
1571841650.022,353,637,None,Move,browsing
1571841650.028,352,639,None,Move,browsing
1571841650.039,349,641,None,Move,browsing
1571841650.048,345,643,None,Move,browsing
1571841650.0570002,345,643,None,Move,browsing
1571841650.065,344,644,None,Move,browsing
1571841650.073,343,644,None,Move,browsing
1571841650.0879998,342,646,None,Move,browsing
1571841650.109,341,646,None,Move,browsing
1571841650.195,341,646,None,Move,browsing
1571841650.22,341,644,None,Move,browsing
1571841650.244,341,638,None,Move,browsing
1571841650.276,340,625,None,Move,browsing
1571841650.304,340,618,None,Move,browsing
1571841650.346,340,611,None,Move,browsing
1571841650.38,342,607,None,Move,browsing
1571841650.5879998,342,606,None,Move,browsing
1571841650.619,342,605,None,Move,browsing
1571841650.711,342,604,None,Move,browsing
1571841650.738,343,601,None,Move,browsing
1571841650.7670002,343,601,None,Move,browsing
1571841650.793,344,597,None,Move,browsing
1571841650.8179998,344,595,None,Move,browsing
1571841650.86,349,587,None,Move,browsing
1571841650.893,350,583,None,Move,browsing
1571841650.927,351,579,None,Move,browsing
1571841650.961,352,575,None,Move,browsing
1571841650.9910002,353,571,None,Move,browsing
1571841651.026,355,561,None,Move,browsing
1571841651.061,358,557,None,Move,browsing
1571841651.109,358,550,None,Move,browsing
1571841651.141,359,544,None,Move,browsing
1571841651.171,359,537,None,Move,browsing
1571841651.1929998,359,534,None,Move,browsing
1571841651.21,357,528,None,Move,browsing
1571841651.228,355,521,None,Move,browsing
1571841651.245,351,511,None,Move,browsing
1571841651.266,347,502,None,Move,browsing
1571841651.299,343,493,None,Move,browsing
1571841651.31,342,493,None,Move,browsing
1571841651.322,341,489,None,Move,browsing
1571841651.334,340,487,None,Move,browsing
1571841651.345,340,486,None,Move,browsing
1571841651.356,340,485,None,Move,browsing
1571841651.367,340,482,None,Move,browsing
1571841651.377,340,482,None,Move,browsing
1571841651.39,340,481,None,Move,browsing
1571841651.4,340,481,None,Move,browsing
1571841651.414,340,480,None,Move,browsing
1571841651.424,340,479,None,Move,browsing
1571841651.435,340,479,None,Move,browsing
1571841651.447,340,477,None,Move,browsing
1571841651.456,340,475,None,Move,browsing
1571841651.468,340,475,None,Move,browsing
1571841651.478,340,473,None,Move,browsing
1571841651.4889998,340,471,None,Move,browsing
1571841651.5010002,340,468,None,Move,browsing
1571841651.5110002,340,467,None,Move,browsing
1571841651.5229998,340,465,None,Move,browsing
1571841651.533,340,464,None,Move,browsing
1571841651.545,340,463,None,Move,browsing
1571841651.5579998,340,463,None,Move,browsing
1571841651.571,340,462,None,Move,browsing
1571841651.582,340,461,None,Move,browsing
1571841651.593,340,460,None,Move,browsing
1571841651.604,340,459,None,Move,browsing
1571841651.694,339,458,None,Move,browsing
1571841651.717,338,458,None,Move,browsing
1571841651.744,337,458,None,Move,browsing
1571841651.774,336,461,None,Move,browsing
1571841651.802,336,466,None,Move,browsing
1571841651.827,336,466,None,Move,browsing
1571841651.881,336,467,None,Move,browsing
1571841651.907,336,467,None,Move,browsing
1571841651.9320002,337,466,None,Move,browsing
1571841651.957,338,460,None,Move,browsing
1571841651.982,340,453,None,Move,browsing
1571841652.0070002,340,447,None,Move,browsing
1571841652.0229998,340,443,None,Move,browsing
1571841652.033,340,442,None,Move,browsing
1571841652.0570002,340,435,None,Move,browsing
1571841652.077,340,431,None,Move,browsing
1571841652.092,340,426,None,Move,browsing
1571841652.103,340,425,None,Move,browsing
1571841652.113,339,423,None,Move,browsing
1571841652.125,338,420,None,Move,browsing
1571841652.1360002,338,420,None,Move,browsing
1571841652.146,338,419,None,Move,browsing
1571841652.156,337,418,None,Move,browsing
1571841652.165,337,416,None,Move,browsing
1571841652.1820002,337,415,None,Move,browsing
1571841652.541,337,414,None,Move,browsing
1571841652.565,337,414,None,Move,browsing
1571841652.586,337,413,None,Move,browsing
1571841652.6620002,337,413,None,Move,browsing
1571841652.671,337,414,None,Move,browsing
1571841652.678,336,422,None,Move,browsing
1571841652.686,335,429,None,Move,browsing
1571841652.694,330,439,None,Move,browsing
1571841652.7029998,326,453,None,Move,browsing
1571841652.708,325,456,None,Move,browsing
1571841652.718,322,468,None,Move,browsing
1571841652.7270002,316,480,None,Move,browsing
1571841652.738,311,493,None,Move,browsing
1571841652.744,306,510,None,Move,browsing
1571841652.7529998,306,514,None,Move,browsing
1571841652.7589998,304,524,None,Move,browsing
1571841652.769,304,535,None,Move,browsing
1571841652.7770002,304,544,None,Move,browsing
1571841652.786,304,558,None,Move,browsing
1571841652.794,304,561,None,Move,browsing
1571841652.802,304,568,None,Move,browsing
1571841652.8079998,304,573,None,Move,browsing
1571841652.814,304,577,None,Move,browsing
1571841652.825,304,578,None,Move,browsing
1571841652.834,304,580,None,Move,browsing
1571841652.843,304,580,None,Move,browsing
1571841652.85,304,581,None,Move,browsing
1571841652.8839998,304,581,None,Move,browsing
1571841652.895,304,581,None,Move,browsing
1571841652.904,306,581,None,Move,browsing
1571841652.954,308,580,None,Move,browsing
1571841652.974,310,579,None,Move,browsing
1571841652.994,312,577,None,Move,browsing
1571841653.022,312,576,None,Move,browsing
1571841653.043,313,575,None,Move,browsing
1571841653.069,315,573,None,Move,browsing
1571841653.087,315,572,None,Move,browsing
1571841653.1020002,316,572,None,Move,browsing
1571841653.121,316,571,None,Move,browsing
1571841653.14,317,571,None,Move,browsing
1571841653.2270002,318,569,None,Move,browsing
1571841653.2489998,321,566,None,Move,browsing
1571841653.278,323,559,None,Move,browsing
1571841653.302,326,547,None,Move,browsing
1571841653.332,329,521,None,Move,browsing
1571841653.36,332,497,None,Move,browsing
1571841653.389,335,465,None,Move,browsing
1571841653.418,335,451,None,Move,browsing
1571841653.4429998,333,439,None,Move,browsing
1571841653.47,330,429,None,Move,browsing
1571841653.49,329,427,None,Move,browsing
1571841653.5010002,329,427,None,Move,browsing
1571841653.5129998,329,425,None,Move,browsing
1571841653.524,329,424,None,Move,browsing
1571841653.536,329,422,None,Move,browsing
1571841653.5470002,329,421,None,Move,browsing
1571841653.559,329,420,None,Move,browsing
1571841653.575,329,418,None,Move,browsing
1571841653.5879998,329,417,None,Move,browsing
1571841653.601,330,413,None,Move,browsing
1571841653.613,330,409,None,Move,browsing
1571841653.6260002,330,407,None,Move,browsing
1571841653.639,331,402,None,Move,browsing
1571841653.651,332,399,None,Move,browsing
1571841653.661,332,398,None,Move,browsing
1571841653.68,332,398,None,Move,browsing
1571841653.783,332,397,None,Move,browsing
1571841653.806,333,399,None,Move,browsing
1571841653.835,335,407,None,Move,browsing
1571841653.861,335,411,None,Move,browsing
1571841653.8920002,335,416,None,Move,browsing
1571841653.923,335,424,None,Move,browsing
1571841653.949,335,427,None,Move,browsing
1571841653.9910002,335,431,None,Move,browsing
1571841654.012,335,431,None,Move,browsing
1571841654.031,335,432,None,Move,browsing
1571841654.2270002,335,432,Left,Pressed,browsing
1571841654.347,335,432,Left,Released,browsing
1571841655.175,335,434,None,Move,browsing
1571841655.194,335,434,None,Move,browsing
1571841655.202,335,434,None,Move,browsing
1571841655.224,336,434,None,Move,browsing
1571841655.234,336,434,None,Move,browsing
1571841655.245,337,434,None,Move,browsing
1571841655.252,338,435,None,Move,browsing
1571841655.2610002,340,436,None,Move,browsing
1571841655.269,343,436,None,Move,browsing
1571841655.275,346,438,None,Move,browsing
1571841655.282,348,438,None,Move,browsing
1571841655.29,350,439,None,Move,browsing
1571841655.299,353,441,None,Move,browsing
1571841655.306,355,441,None,Move,browsing
1571841655.315,362,444,None,Move,browsing
1571841655.349,375,448,None,Move,browsing
1571841655.3579998,380,450,None,Move,browsing
1571841655.367,380,450,None,Move,browsing
1571841655.38,385,451,None,Move,browsing
1571841655.387,387,452,None,Move,browsing
1571841655.397,391,452,None,Move,browsing
1571841655.407,392,452,None,Move,browsing
1571841655.417,394,452,None,Move,browsing
1571841655.427,395,452,None,Move,browsing
1571841655.436,396,452,None,Move,browsing
1571841655.4429998,397,452,None,Move,browsing
1571841655.45,400,452,None,Move,browsing
1571841655.466,406,452,None,Move,browsing
1571841655.482,413,452,None,Move,browsing
1571841655.488,414,452,None,Move,browsing
1571841655.498,418,452,None,Move,browsing
1571841655.5070002,421,452,None,Move,browsing
1571841655.516,427,452,None,Move,browsing
1571841655.524,428,452,None,Move,browsing
1571841655.532,430,451,None,Move,browsing
1571841655.541,434,445,None,Move,browsing
1571841655.549,439,436,None,Move,browsing
1571841655.5570002,443,425,None,Move,browsing
1571841655.566,445,424,None,Move,browsing
1571841655.575,445,422,None,Move,browsing
1571841655.582,448,419,None,Move,browsing
1571841655.59,449,415,None,Move,browsing
1571841655.5979998,450,414,None,Move,browsing
1571841655.6079998,451,412,None,Move,browsing
1571841655.6179998,452,412,None,Move,browsing
1571841655.6279998,453,409,None,Move,browsing
1571841655.647,455,398,None,Move,browsing
1571841655.656,455,392,None,Move,browsing
1571841655.666,455,385,None,Move,browsing
1571841655.673,455,378,None,Move,browsing
1571841655.68,455,366,None,Move,browsing
1571841655.687,455,362,None,Move,browsing
1571841655.697,456,355,None,Move,browsing
1571841655.706,456,346,None,Move,browsing
1571841655.715,457,339,None,Move,browsing
1571841655.7229998,458,324,None,Move,browsing
1571841655.73,458,321,None,Move,browsing
1571841655.738,460,316,None,Move,browsing
1571841655.7470002,461,309,None,Move,browsing
1571841655.7529998,462,302,None,Move,browsing
1571841655.7610002,464,294,None,Move,browsing
1571841655.771,466,292,None,Move,browsing
1571841655.78,472,281,None,Move,browsing
1571841655.788,477,274,None,Move,browsing
1571841655.799,483,263,None,Move,browsing
1571841655.8070002,485,262,None,Move,browsing
1571841655.814,490,255,None,Move,browsing
1571841655.822,491,252,None,Move,browsing
1571841655.83,495,248,None,Move,browsing
1571841655.841,498,240,None,Move,browsing
1571841655.849,499,239,None,Move,browsing
1571841655.855,501,234,None,Move,browsing
1571841655.863,503,233,None,Move,browsing
1571841655.871,505,231,None,Move,browsing
1571841655.881,505,231,None,Move,browsing
1571841655.956,506,231,None,Move,browsing
1571841655.97,506,231,None,Move,browsing
1571841655.98,506,231,None,Move,browsing
1571841655.99,506,234,None,Move,browsing
1571841656.0,506,236,None,Move,browsing
1571841656.01,506,237,None,Move,browsing
1571841656.016,506,238,None,Move,browsing
1571841656.022,506,241,None,Move,browsing
1571841656.03,506,243,None,Move,browsing
1571841656.045,506,248,None,Move,browsing
1571841656.066,506,256,None,Move,browsing
1571841656.083,506,262,None,Move,browsing
1571841656.097,506,264,None,Move,browsing
1571841656.106,506,265,None,Move,browsing
1571841656.1139998,506,267,None,Move,browsing
1571841656.1360002,506,268,None,Move,browsing
1571841656.147,506,269,None,Move,browsing
1571841656.156,506,269,None,Move,browsing
1571841656.165,506,271,None,Move,browsing
1571841656.228,506,272,None,Move,browsing
1571841656.272,506,273,None,Move,browsing
1571841656.324,506,274,None,Move,browsing
1571841656.415,506,274,None,Move,browsing
1571841656.823,507,275,None,Move,browsing
1571841656.8379998,510,275,None,Move,browsing
1571841656.856,515,271,None,Move,browsing
1571841656.869,523,263,None,Move,browsing
1571841656.8860002,528,254,None,Move,browsing
1571841656.901,532,251,None,Move,browsing
1571841656.916,539,242,None,Move,browsing
1571841656.931,545,236,None,Move,browsing
1571841656.949,556,227,None,Move,browsing
1571841656.9629998,561,224,None,Move,browsing
1571841656.975,565,221,None,Move,browsing
1571841656.985,568,220,None,Move,browsing
1571841656.995,569,219,None,Move,browsing
1571841657.005,574,218,None,Move,browsing
1571841657.015,576,218,None,Move,browsing
1571841657.025,578,216,None,Move,browsing
1571841657.034,580,216,None,Move,browsing
1571841657.046,585,214,None,Move,browsing
1571841657.056,588,213,None,Move,browsing
1571841657.066,589,213,None,Move,browsing
1571841657.076,589,212,None,Move,browsing
1571841657.087,590,212,None,Move,browsing
1571841657.106,591,212,None,Move,browsing
1571841657.171,592,212,None,Move,browsing
1571841657.201,593,210,None,Move,browsing
1571841657.222,596,209,None,Move,browsing
1571841657.2389998,598,207,None,Move,browsing
1571841657.256,600,206,None,Move,browsing
1571841657.2729998,602,205,None,Move,browsing
1571841657.292,603,204,None,Move,browsing
1571841657.4020002,603,204,Left,Pressed,browsing
1571841657.4020002,603,204,None,Drag,browsing
1571841657.436,605,204,None,Drag,browsing
1571841657.436,605,204,Left,Released,browsing
1571841657.4529998,606,205,None,Move,browsing
1571841657.488,606,205,None,Move,browsing
1571841657.498,606,206,None,Move,browsing
1571841657.508,606,206,None,Move,browsing
1571841657.534,606,207,None,Move,browsing
1571841657.667,606,208,None,Move,browsing
1571841657.7,606,209,None,Move,browsing
1571841657.7429998,606,210,None,Move,browsing
1571841657.7670002,606,211,None,Move,browsing
1571841657.832,607,212,None,Move,browsing
1571841657.846,608,214,None,Move,browsing
1571841657.86,608,214,None,Move,browsing
1571841657.873,608,215,None,Move,browsing
1571841657.8920002,608,216,None,Move,browsing
1571841657.904,608,216,None,Move,browsing
1571841657.913,609,217,None,Move,browsing
1571841657.924,609,218,None,Move,browsing
1571841657.934,611,221,None,Move,browsing
1571841657.947,611,221,None,Move,browsing
1571841657.958,612,222,None,Move,browsing
1571841657.972,613,222,None,Move,browsing
1571841657.9829998,613,223,None,Move,browsing
1571841658.018,613,223,None,Move,browsing
1571841658.04,614,225,None,Move,browsing
1571841658.064,614,226,None,Move,browsing
1571841658.105,614,226,None,Move,browsing
1571841658.155,614,227,None,Move,browsing
1571841658.655,614,227,None,Move,browsing
1571841658.745,614,228,None,Move,browsing
1571841658.791,614,229,None,Move,browsing
1571841658.867,613,229,None,Move,browsing
1571841658.889,612,229,None,Move,browsing
1571841658.913,610,227,None,Move,browsing
1571841658.934,609,225,None,Move,browsing
1571841658.956,608,224,None,Move,browsing
1571841658.978,608,223,None,Move,browsing
1571841662.4420002,607,223,None,Move,browsing
1571841662.462,604,223,None,Move,browsing
1571841662.475,601,223,None,Move,browsing
1571841662.486,598,223,None,Move,browsing
1571841662.4970002,596,223,None,Move,browsing
1571841662.553,595,223,None,Move,browsing
1571841662.579,594,223,None,Move,browsing
1571841662.6,592,225,None,Move,browsing
1571841662.6479998,588,231,None,Move,browsing
1571841662.667,587,231,None,Move,browsing
1571841662.685,584,234,None,Move,browsing
1571841662.704,583,234,None,Move,browsing
1571841662.7229998,582,236,None,Move,browsing
1571841662.742,586,236,None,Move,browsing
1571841662.76,594,236,None,Move,browsing
1571841662.778,607,224,None,Move,browsing
1571841663.405,607,224,None,Move,browsing
1571841663.446,607,224,None,Move,browsing
1571841663.4629998,606,224,None,Move,browsing
1571841663.572,606,224,None,Move,browsing
1571841663.595,606,224,None,Move,browsing
1571841663.643,606,224,None,Move,browsing
1571841663.661,607,224,None,Move,browsing
1571841663.752,608,224,None,Move,browsing
1571841663.981,608,224,None,Move,browsing
1571841664.123,608,224,None,Move,browsing
1571841664.1360002,607,224,None,Move,browsing
1571841664.1620002,606,224,None,Move,browsing
1571841677.435,607,224,None,Move,browsing
1571841677.4420002,635,216,None,Move,browsing
1571841677.452,635,215,None,Move,browsing
1571841677.4829998,635,214,None,Move,browsing
1571841677.49,634,214,None,Move,browsing
1571841677.498,632,214,None,Move,browsing
1571841677.5089998,625,214,None,Move,browsing
1571841677.516,625,214,None,Move,browsing
1571841677.524,624,214,None,Move,browsing
1571841677.532,622,214,None,Move,browsing
1571841677.548,622,214,None,Move,browsing
1571841677.554,621,214,None,Move,browsing
1571841677.564,621,215,None,Move,browsing
1571841677.571,621,215,None,Move,browsing
1571841677.58,621,217,None,Move,browsing
1571841677.61,621,217,None,Move,browsing
1571841677.623,621,218,None,Move,browsing
1571841677.637,621,220,None,Move,browsing
1571841677.649,621,221,None,Move,browsing
1571841677.663,619,223,None,Move,browsing
1571841677.676,617,225,None,Move,browsing
1571841677.69,616,227,None,Move,browsing
1571841677.7029998,616,229,None,Move,browsing
1571841677.716,616,232,None,Move,browsing
1571841677.73,616,233,None,Move,browsing
1571841677.7429998,612,235,None,Move,browsing
1571841677.756,609,235,None,Move,browsing
1571841677.769,596,235,None,Move,browsing
1571841677.782,588,235,None,Move,browsing
1571841677.796,569,236,None,Move,browsing
1571841677.809,550,241,None,Move,browsing
1571841677.822,542,243,None,Move,browsing
1571841677.835,529,247,None,Move,browsing
1571841677.849,518,251,None,Move,browsing
1571841677.863,511,254,None,Move,browsing
1571841677.875,497,258,None,Move,browsing
1571841677.889,478,262,None,Move,browsing
1571841677.9020002,471,262,None,Move,browsing
1571841677.916,456,266,None,Move,browsing
1571841677.9320002,448,266,None,Move,browsing
1571841677.946,435,269,None,Move,browsing
1571841677.96,426,272,None,Move,browsing
1571841677.974,422,272,None,Move,browsing
1571841677.9889998,412,275,None,Move,browsing
1571841678.0029998,410,275,None,Move,browsing
1571841678.016,406,277,None,Move,browsing
1571841678.029,403,277,None,Move,browsing
1571841678.042,402,277,None,Move,browsing
1571841678.056,395,279,None,Move,browsing
1571841678.071,389,280,None,Move,browsing
1571841678.085,383,280,None,Move,browsing
1571841678.099,380,280,None,Move,browsing
1571841678.1120002,372,278,None,Move,browsing
1571841678.125,362,277,None,Move,browsing
1571841678.139,359,276,None,Move,browsing
1571841678.156,352,276,None,Move,browsing
1571841678.176,345,274,None,Move,browsing
1571841678.187,332,270,None,Move,browsing
1571841678.197,330,269,None,Move,browsing
1571841678.207,320,267,None,Move,browsing
1571841678.217,317,266,None,Move,browsing
1571841678.2270002,314,263,None,Move,browsing
1571841678.236,312,263,None,Move,browsing
1571841678.245,311,263,None,Move,browsing
1571841678.255,310,262,None,Move,browsing
1571841678.264,309,261,None,Move,browsing
1571841678.2729998,306,261,None,Move,browsing
1571841678.282,304,260,None,Move,browsing
1571841678.293,302,259,None,Move,browsing
1571841678.302,299,258,None,Move,browsing
1571841678.312,294,256,None,Move,browsing
1571841678.32,291,256,None,Move,browsing
1571841678.331,284,255,None,Move,browsing
1571841678.34,281,255,None,Move,browsing
1571841678.349,278,255,None,Move,browsing
1571841678.3660002,277,255,None,Move,browsing
1571841678.377,277,255,None,Move,browsing
1571841678.393,277,255,None,Move,browsing
1571841678.403,277,255,None,Move,browsing
1571841678.4120002,277,256,None,Move,browsing
1571841678.428,277,256,None,Move,browsing
1571841678.482,277,257,None,Move,browsing
1571841678.502,278,257,None,Move,browsing
1571841678.522,283,254,None,Move,browsing
1571841678.539,289,250,None,Move,browsing
1571841678.5579998,295,245,None,Move,browsing
1571841678.577,300,242,None,Move,browsing
1571841678.596,309,239,None,Move,browsing
1571841678.629,313,236,None,Move,browsing
1571841678.654,316,234,None,Move,browsing
1571841678.666,317,233,None,Move,browsing
1571841678.677,318,232,None,Move,browsing
1571841678.69,320,230,None,Move,browsing
1571841678.702,323,229,None,Move,browsing
1571841678.712,328,228,None,Move,browsing
1571841678.724,328,228,None,Move,browsing
1571841678.736,338,225,None,Move,browsing
1571841678.7470002,341,225,None,Move,browsing
1571841678.7589998,353,224,None,Move,browsing
1571841678.7729998,364,223,None,Move,browsing
1571841678.786,371,223,None,Move,browsing
1571841678.801,395,223,None,Move,browsing
1571841678.814,419,223,None,Move,browsing
1571841678.822,443,223,None,Move,browsing
1571841678.831,497,223,None,Move,browsing
1571841678.846,508,223,None,Move,browsing
1571841678.857,562,223,None,Move,browsing
1571841678.865,589,223,None,Move,browsing
1571841678.875,639,219,None,Move,browsing
1571841678.883,648,218,None,Move,browsing
1571841678.8920002,671,216,None,Move,browsing
1571841678.9020002,704,215,None,Move,browsing
1571841678.9120002,734,215,None,Move,browsing
1571841678.9220002,799,215,None,Move,browsing
1571841678.9320002,825,215,None,Move,browsing
1571841678.9429998,874,215,None,Move,browsing
1571841678.952,917,215,None,Move,browsing
1571841678.962,924,215,None,Move,browsing
1571841678.971,937,215,None,Move,browsing
1571841678.981,949,215,None,Move,browsing
1571841678.992,957,215,None,Move,browsing
1571841679.0,967,215,None,Move,browsing
1571841679.008,968,215,None,Move,browsing
1571841679.0170002,968,215,None,Move,browsing
1571841679.038,970,215,None,Move,browsing
1571841679.0470002,970,214,None,Move,browsing
1571841679.069,970,210,None,Move,browsing
1571841679.079,962,203,None,Move,browsing
1571841679.089,959,201,None,Move,browsing
1571841679.0979998,957,199,None,Move,browsing
1571841679.1139998,957,199,None,Move,browsing
1571841679.1239998,957,198,None,Move,browsing
1571841679.1320002,957,197,None,Move,browsing
1571841679.141,957,196,None,Move,browsing
1571841679.153,956,194,None,Move,browsing
1571841679.164,953,189,None,Move,browsing
1571841679.175,945,183,None,Move,browsing
1571841679.187,938,180,None,Move,browsing
1571841679.198,919,176,None,Move,browsing
1571841679.21,914,176,None,Move,browsing
1571841679.222,894,176,None,Move,browsing
1571841679.234,883,176,None,Move,browsing
1571841679.2470002,868,176,None,Move,browsing
1571841679.2589998,856,181,None,Move,browsing
1571841679.271,854,183,None,Move,browsing
1571841679.284,854,195,None,Move,browsing
1571841679.295,861,203,None,Move,browsing
1571841679.3070002,873,206,None,Move,browsing
1571841679.319,890,207,None,Move,browsing
1571841679.33,895,207,None,Move,browsing
1571841679.341,930,207,None,Move,browsing
1571841679.353,952,207,None,Move,browsing
1571841679.3639998,1010,207,None,Move,browsing
1571841679.3760002,1028,207,None,Move,browsing
1571841679.387,1069,207,None,Move,browsing
1571841679.397,1099,207,None,Move,browsing
1571841679.41,1103,207,None,Move,browsing
1571841679.421,1108,207,None,Move,browsing
1571841679.4529998,1107,207,None,Move,browsing
1571841679.464,1101,207,None,Move,browsing
1571841679.478,1071,207,None,Move,browsing
1571841679.4970002,1012,207,None,Move,browsing
1571841679.518,882,207,None,Move,browsing
1571841679.5370002,798,207,None,Move,browsing
1571841679.556,689,215,None,Move,browsing
1571841679.577,587,232,None,Move,browsing
1571841679.597,555,233,None,Move,browsing
1571841679.6179998,536,234,None,Move,browsing
1571841679.639,541,234,None,Move,browsing
1571841679.657,553,234,None,Move,browsing
1571841679.675,613,234,None,Move,browsing
1571841679.6929998,641,231,None,Move,browsing
1571841679.711,735,222,None,Move,browsing
1571841679.73,771,220,None,Move,browsing
1571841679.75,796,217,None,Move,browsing
1571841679.768,805,217,None,Move,browsing
1571841679.786,837,217,None,Move,browsing
1571841679.805,911,227,None,Move,browsing
1571841679.824,983,232,None,Move,browsing
1571841679.843,1086,232,None,Move,browsing
1571841679.861,1159,232,None,Move,browsing
1571841679.873,1200,234,None,Move,browsing
1571841679.885,1265,236,None,Move,browsing
1571841679.9,1313,236,None,Move,browsing
1571841679.918,1373,236,None,Move,browsing
1571841679.936,1406,236,None,Move,browsing
1571841679.95,1379,236,None,Move,browsing
1571841679.962,1369,231,None,Move,browsing
1571841679.976,1365,229,None,Move,browsing
1571841679.992,1353,212,None,Move,browsing
1571841680.006,1342,205,None,Move,browsing
1571841680.019,1337,203,None,Move,browsing
1571841680.031,1333,202,None,Move,browsing
1571841680.044,1323,201,None,Move,browsing
1571841680.0570002,1321,201,None,Move,browsing
1571841680.07,1320,201,None,Move,browsing
1571841680.083,1314,197,None,Move,browsing
1571841680.096,1311,196,None,Move,browsing
1571841680.107,1304,191,None,Move,browsing
1571841680.12,1297,189,None,Move,browsing
1571841680.133,1290,186,None,Move,browsing
1571841680.145,1288,185,None,Move,browsing
1571841680.199,1287,184,None,Move,browsing
1571841680.221,1288,182,None,Move,browsing
1571841680.24,1290,180,None,Move,browsing
1571841680.26,1291,170,None,Move,browsing
1571841680.282,1291,163,None,Move,browsing
1571841680.294,1291,153,None,Move,browsing
1571841680.3070002,1291,149,None,Move,browsing
1571841680.322,1291,146,None,Move,browsing
1571841680.335,1291,142,None,Move,browsing
1571841680.349,1291,139,None,Move,browsing
1571841680.361,1291,136,None,Move,browsing
1571841680.375,1291,132,None,Move,browsing
1571841680.3879998,1290,127,None,Move,browsing
1571841680.401,1289,126,None,Move,browsing
1571841680.413,1288,120,None,Move,browsing
1571841680.426,1288,118,None,Move,browsing
1571841680.439,1288,117,None,Move,browsing
1571841680.452,1288,115,None,Move,browsing
1571841680.464,1288,114,None,Move,browsing
1571841680.4770002,1288,114,None,Move,browsing
1571841680.49,1288,113,None,Move,browsing
1571841680.613,1288,113,Left,Pressed,browsing
1571841680.6929998,1288,113,Left,Released,browsing
1571841680.789,1288,113,None,Move,browsing
1571841680.798,1288,116,None,Move,browsing
1571841680.809,1288,118,None,Move,browsing
1571841680.8170002,1288,120,None,Move,browsing
1571841680.825,1288,123,None,Move,browsing
1571841680.832,1288,125,None,Move,browsing
1571841680.84,1288,127,None,Move,browsing
1571841680.849,1287,131,None,Move,browsing
1571841680.857,1287,132,None,Move,browsing
1571841680.865,1287,133,None,Move,browsing
1571841680.8720002,1287,136,None,Move,browsing
1571841680.879,1287,139,None,Move,browsing
1571841680.889,1287,141,None,Move,browsing
1571841680.8979998,1287,143,None,Move,browsing
1571841680.908,1286,144,None,Move,browsing
1571841680.915,1286,146,None,Move,browsing
1571841680.924,1284,150,None,Move,browsing
1571841680.931,1284,153,None,Move,browsing
1571841680.939,1282,156,None,Move,browsing
1571841680.946,1281,158,None,Move,browsing
1571841680.9529998,1280,161,None,Move,browsing
1571841680.961,1280,164,None,Move,browsing
1571841680.971,1279,168,None,Move,browsing
1571841680.981,1277,171,None,Move,browsing
1571841680.988,1276,173,None,Move,browsing
1571841680.995,1275,176,None,Move,browsing
1571841681.002,1273,178,None,Move,browsing
1571841681.0110002,1270,181,None,Move,browsing
1571841681.021,1269,183,None,Move,browsing
1571841681.029,1268,184,None,Move,browsing
1571841681.036,1266,186,None,Move,browsing
1571841681.042,1264,186,None,Move,browsing
1571841681.051,1263,186,None,Move,browsing
1571841681.0570002,1262,186,None,Move,browsing
1571841681.0670002,1260,187,None,Move,browsing
1571841681.074,1257,187,None,Move,browsing
1571841681.083,1254,187,None,Move,browsing
1571841681.091,1245,187,None,Move,browsing
1571841681.099,1245,187,None,Move,browsing
1571841681.107,1238,187,None,Move,browsing
1571841681.1139998,1231,187,None,Move,browsing
1571841681.121,1227,187,None,Move,browsing
1571841681.13,1219,187,None,Move,browsing
1571841681.1379998,1218,187,None,Move,browsing
1571841681.146,1214,187,None,Move,browsing
1571841681.155,1212,187,None,Move,browsing
1571841681.1620002,1210,187,None,Move,browsing
1571841681.1720002,1207,186,None,Move,browsing
1571841681.1820002,1206,186,None,Move,browsing
1571841681.197,1203,185,None,Move,browsing
1571841681.211,1202,184,None,Move,browsing
1571841681.226,1201,184,None,Move,browsing
1571841681.24,1200,184,None,Move,browsing
1571841681.2629998,1200,184,None,Move,browsing
1571841681.2770002,1199,183,None,Move,browsing
1571841681.29,1198,182,None,Move,browsing
1571841681.305,1197,181,None,Move,browsing
1571841681.323,1196,179,None,Move,browsing
1571841681.339,1196,178,None,Move,browsing
1571841681.355,1196,177,None,Move,browsing
1571841681.37,1195,177,None,Move,browsing
1571841681.385,1195,175,None,Move,browsing
1571841681.4,1194,174,None,Move,browsing
1571841681.531,1194,174,Left,Pressed,browsing
1571841681.6160002,1194,174,Left,Released,browsing
1571841681.68,1192,174,None,Move,browsing
1571841681.691,1191,174,None,Move,browsing
1571841681.698,1189,175,None,Move,browsing
1571841681.706,1188,175,None,Move,browsing
1571841681.714,1186,176,None,Move,browsing
1571841681.721,1181,178,None,Move,browsing
1571841681.73,1175,181,None,Move,browsing
1571841681.738,1167,185,None,Move,browsing
1571841681.7470002,1165,186,None,Move,browsing
1571841681.7610002,1152,194,None,Move,browsing
1571841681.7729998,1142,199,None,Move,browsing
1571841681.785,1121,210,None,Move,browsing
1571841681.792,1110,215,None,Move,browsing
1571841681.82,1039,249,None,Move,browsing
1571841681.845,989,272,None,Move,browsing
1571841681.863,918,299,None,Move,browsing
1571841681.873,900,307,None,Move,browsing
1571841681.881,879,317,None,Move,browsing
1571841681.889,859,324,None,Move,browsing
1571841681.899,820,341,None,Move,browsing
1571841681.905,813,344,None,Move,browsing
1571841681.913,797,350,None,Move,browsing
1571841681.921,777,359,None,Move,browsing
1571841681.929,754,368,None,Move,browsing
1571841681.938,714,389,None,Move,browsing
1571841681.946,704,394,None,Move,browsing
1571841681.954,680,409,None,Move,browsing
1571841681.966,653,425,None,Move,browsing
1571841681.976,627,438,None,Move,browsing
1571841681.986,581,463,None,Move,browsing
1571841681.994,568,470,None,Move,browsing
1571841682.0,557,477,None,Move,browsing
1571841682.008,550,479,None,Move,browsing
1571841682.018,540,482,None,Move,browsing
1571841682.025,539,482,None,Move,browsing
1571841682.034,535,484,None,Move,browsing
1571841682.041,531,484,None,Move,browsing
1571841682.048,529,484,None,Move,browsing
1571841682.0579998,524,484,None,Move,browsing
1571841682.0679998,521,484,None,Move,browsing
1571841682.08,518,483,None,Move,browsing
1571841682.087,514,480,None,Move,browsing
1571841682.095,510,479,None,Move,browsing
1571841682.101,502,473,None,Move,browsing
1571841682.107,500,473,None,Move,browsing
1571841682.1160002,497,471,None,Move,browsing
1571841682.125,491,468,None,Move,browsing
1571841682.1320002,486,467,None,Move,browsing
1571841682.14,476,464,None,Move,browsing
1571841682.149,473,463,None,Move,browsing
1571841682.156,466,461,None,Move,browsing
1571841682.163,456,457,None,Move,browsing
1571841682.171,449,455,None,Move,browsing
1571841682.181,440,453,None,Move,browsing
1571841682.189,435,452,None,Move,browsing
1571841682.199,431,449,None,Move,browsing
1571841682.206,427,448,None,Move,browsing
1571841682.218,423,445,None,Move,browsing
1571841682.225,419,441,None,Move,browsing
1571841682.234,417,440,None,Move,browsing
1571841682.24,415,439,None,Move,browsing
1571841682.2470002,409,436,None,Move,browsing
1571841682.256,404,433,None,Move,browsing
1571841682.2729998,396,431,None,Move,browsing
1571841682.282,391,430,None,Move,browsing
1571841682.29,390,430,None,Move,browsing
1571841682.303,387,429,None,Move,browsing
1571841682.311,387,429,None,Move,browsing
1571841682.321,382,426,None,Move,browsing
1571841682.335,379,424,None,Move,browsing
1571841682.345,377,423,None,Move,browsing
1571841682.353,371,419,None,Move,browsing
1571841682.3620002,367,418,None,Move,browsing
1571841682.371,358,412,None,Move,browsing
1571841682.38,351,409,None,Move,browsing
1571841682.39,338,402,None,Move,browsing
1571841682.4,334,400,None,Move,browsing
1571841682.407,325,396,None,Move,browsing
1571841682.417,318,393,None,Move,browsing
1571841682.426,310,390,None,Move,browsing
1571841682.4329998,291,379,None,Move,browsing
1571841682.441,289,379,None,Move,browsing
1571841682.4529998,272,372,None,Move,browsing
1571841682.469,264,369,None,Move,browsing
1571841682.48,256,368,None,Move,browsing
1571841682.4889998,254,367,None,Move,browsing
1571841682.5110002,250,366,None,Move,browsing
1571841682.519,249,366,None,Move,browsing
1571841682.5270002,248,366,None,Move,browsing
1571841682.536,247,366,None,Move,browsing
1571841682.545,246,366,None,Move,browsing
1571841682.552,243,366,None,Move,browsing
1571841682.559,243,366,None,Move,browsing
1571841682.566,241,366,None,Move,browsing
1571841682.582,241,366,None,Move,browsing
1571841682.781,241,366,None,Move,browsing
1571841682.803,242,361,None,Move,browsing
1571841682.823,242,355,None,Move,browsing
1571841682.847,242,350,None,Move,browsing
1571841682.8679998,242,345,None,Move,browsing
1571841682.8879998,242,342,None,Move,browsing
1571841682.903,241,342,None,Move,browsing
1571841682.92,241,338,None,Move,browsing
1571841682.935,241,337,None,Move,browsing
1571841682.9529998,241,331,None,Move,browsing
1571841682.968,241,328,None,Move,browsing
1571841682.982,241,327,None,Move,browsing
1571841682.9970002,241,324,None,Move,browsing
1571841683.0129998,240,321,None,Move,browsing
1571841683.028,239,320,None,Move,browsing
1571841683.042,236,317,None,Move,browsing
1571841683.056,235,315,None,Move,browsing
1571841683.07,234,313,None,Move,browsing
1571841683.092,233,312,None,Move,browsing
1571841683.115,233,311,None,Move,browsing
1571841683.129,233,310,None,Move,browsing
1571841683.147,233,308,None,Move,browsing
1571841683.1620002,233,307,None,Move,browsing
1571841683.176,233,305,None,Move,browsing
1571841683.189,236,302,None,Move,browsing
1571841683.205,236,301,None,Move,browsing
1571841683.244,238,297,None,Move,browsing
1571841683.256,238,296,None,Move,browsing
1571841683.274,239,296,None,Move,browsing
1571841683.29,239,295,None,Move,browsing
1571841683.3,239,294,None,Move,browsing
1571841683.331,240,292,None,Move,browsing
1571841683.456,240,292,None,Move,browsing
1571841683.48,240,292,None,Move,browsing
1571841683.5,240,294,None,Move,browsing
1571841683.524,240,296,None,Move,browsing
1571841683.548,240,299,None,Move,browsing
1571841683.569,240,300,None,Move,browsing
1571841683.673,240,300,None,Move,browsing
1571841683.699,240,301,None,Move,browsing
1571841683.718,240,301,None,Move,browsing
1571841683.7389998,240,302,None,Move,browsing
1571841683.7610002,240,303,None,Move,browsing
1571841683.78,239,304,None,Move,browsing
1571841683.803,239,305,None,Move,browsing
1571841684.506,238,305,None,Move,browsing
1571841684.6520002,238,305,None,Move,browsing
1571841684.6620002,238,307,None,Move,browsing
1571841684.6720002,238,309,None,Move,browsing
1571841684.681,238,309,None,Move,browsing
1571841684.688,238,311,None,Move,browsing
1571841684.697,238,313,None,Move,browsing
1571841684.7029998,239,318,None,Move,browsing
1571841684.7129998,240,321,None,Move,browsing
1571841684.721,241,323,None,Move,browsing
1571841684.728,242,325,None,Move,browsing
1571841684.735,245,329,None,Move,browsing
1571841684.744,247,333,None,Move,browsing
1571841684.754,255,339,None,Move,browsing
1571841684.7629998,256,341,None,Move,browsing
1571841684.772,260,346,None,Move,browsing
1571841684.78,263,350,None,Move,browsing
1571841684.789,271,357,None,Move,browsing
1571841684.7970002,285,370,None,Move,browsing
1571841684.804,288,372,None,Move,browsing
1571841684.811,296,379,None,Move,browsing
1571841684.8170002,307,383,None,Move,browsing
1571841684.824,313,388,None,Move,browsing
1571841684.835,327,396,None,Move,browsing
1571841684.841,331,398,None,Move,browsing
1571841684.85,343,402,None,Move,browsing
1571841684.8579998,347,405,None,Move,browsing
1571841684.865,351,406,None,Move,browsing
1571841684.873,355,408,None,Move,browsing
1571841684.883,364,413,None,Move,browsing
1571841684.891,366,415,None,Move,browsing
1571841684.899,368,415,None,Move,browsing
1571841684.907,372,418,None,Move,browsing
1571841684.914,374,419,None,Move,browsing
1571841684.9220002,375,421,None,Move,browsing
1571841684.9320002,376,421,None,Move,browsing
1571841684.9429998,376,422,None,Move,browsing
1571841685.025,376,421,None,Move,browsing
1571841685.044,374,420,None,Move,browsing
1571841685.063,352,396,None,Move,browsing
1571841685.085,312,357,None,Move,browsing
1571841685.107,298,345,None,Move,browsing
1571841685.127,285,332,None,Move,browsing
1571841685.164,274,325,None,Move,browsing
1571841685.188,273,323,None,Move,browsing
1571841685.218,272,322,None,Move,browsing
1571841685.2470002,271,322,None,Move,browsing
1571841685.265,269,321,None,Move,browsing
1571841685.284,267,320,None,Move,browsing
1571841685.3070002,261,314,None,Move,browsing
1571841685.331,256,311,None,Move,browsing
1571841685.36,248,305,None,Move,browsing
1571841685.3979998,244,303,None,Move,browsing
1571841685.423,242,302,None,Move,browsing
1571841685.4420002,239,302,None,Move,browsing
1571841685.4529998,237,301,None,Move,browsing
1571841685.465,234,301,None,Move,browsing
1571841685.475,233,301,None,Move,browsing
1571841685.482,232,301,None,Move,browsing
1571841685.508,231,299,None,Move,browsing
1571841685.524,230,298,None,Move,browsing
1571841685.534,228,297,None,Move,browsing
1571841685.544,228,297,None,Move,browsing
1571841685.553,227,296,None,Move,browsing
1571841685.562,227,295,None,Move,browsing
1571841685.57,226,294,None,Move,browsing
1571841685.68,226,294,None,Move,browsing
1571841685.698,226,294,None,Move,browsing
1571841685.714,228,295,None,Move,browsing
1571841685.729,229,297,None,Move,browsing
1571841685.748,230,299,None,Move,browsing
1571841685.7670002,231,300,None,Move,browsing
1571841685.785,233,301,None,Move,browsing
1571841685.804,233,302,None,Move,browsing
1571841685.816,233,302,None,Move,browsing
1571841685.881,233,303,None,Move,browsing
1571841685.899,233,304,None,Move,browsing
1571841685.92,233,305,None,Move,browsing
1571841686.012,233,305,Left,Pressed,browsing
1571841686.103,233,305,Left,Released,browsing
1571841686.154,234,305,None,Move,browsing
1571841686.164,235,305,None,Move,browsing
1571841686.1720002,236,305,None,Move,browsing
1571841686.18,238,305,None,Move,browsing
1571841686.189,243,304,None,Move,browsing
1571841686.199,244,303,None,Move,browsing
1571841686.206,247,302,None,Move,browsing
1571841686.215,250,301,None,Move,browsing
1571841686.224,253,300,None,Move,browsing
1571841686.232,256,298,None,Move,browsing
1571841686.2410002,258,297,None,Move,browsing
1571841686.254,259,296,None,Move,browsing
1571841686.268,260,296,None,Move,browsing
1571841686.387,260,296,None,Move,browsing
1571841686.406,261,295,None,Move,browsing
1571841686.415,262,295,None,Move,browsing
1571841686.424,262,294,None,Move,browsing
1571841686.4320002,263,293,None,Move,browsing
1571841686.441,264,292,None,Move,browsing
1571841686.452,264,291,None,Move,browsing
1571841686.462,265,290,None,Move,browsing
1571841686.47,265,290,None,Move,browsing
1571841686.478,266,289,None,Move,browsing
1571841686.4889998,269,289,None,Move,browsing
1571841686.498,270,288,None,Move,browsing
1571841686.508,271,286,None,Move,browsing
1571841686.518,272,286,None,Move,browsing
1571841686.528,273,285,None,Move,browsing
1571841686.536,273,284,None,Move,browsing
1571841686.548,273,284,None,Move,browsing
1571841686.5579998,274,283,None,Move,browsing
1571841686.5679998,274,283,None,Move,browsing
1571841686.5879998,275,282,None,Move,browsing
1571841686.604,275,282,None,Move,browsing
1571841686.6120002,276,281,None,Move,browsing
1571841686.62,277,280,None,Move,browsing
1571841686.629,279,280,None,Move,browsing
1571841686.641,279,279,None,Move,browsing
1571841686.647,280,278,None,Move,browsing
1571841686.656,280,278,None,Move,browsing
1571841686.675,281,277,None,Move,browsing
1571841686.6820002,282,277,None,Move,browsing
1571841686.7,282,275,None,Move,browsing
1571841686.708,283,275,None,Move,browsing
1571841686.716,284,275,None,Move,browsing
1571841686.726,285,274,None,Move,browsing
1571841686.746,286,273,None,Move,browsing
1571841686.7570002,286,272,None,Move,browsing
1571841686.7670002,287,272,None,Move,browsing
1571841686.827,288,272,None,Move,browsing
1571841686.847,290,272,None,Move,browsing
1571841686.863,290,271,None,Move,browsing
1571841686.9320002,290,271,None,Move,browsing
1571841686.9420002,289,271,None,Move,browsing
1571841686.949,288,271,None,Move,browsing
1571841686.956,288,271,None,Move,browsing
1571841686.964,286,270,None,Move,browsing
1571841686.97,283,270,None,Move,browsing
1571841686.978,281,269,None,Move,browsing
1571841686.986,277,269,None,Move,browsing
1571841686.995,274,269,None,Move,browsing
1571841687.0029998,273,269,None,Move,browsing
1571841687.0110002,271,269,None,Move,browsing
1571841687.02,268,269,None,Move,browsing
1571841687.028,266,269,None,Move,browsing
1571841687.036,264,269,None,Move,browsing
1571841687.046,261,269,None,Move,browsing
1571841687.054,258,269,None,Move,browsing
1571841687.063,256,269,None,Move,browsing
1571841687.074,255,269,None,Move,browsing
1571841687.083,252,269,None,Move,browsing
1571841687.093,250,269,None,Move,browsing
1571841687.101,248,269,None,Move,browsing
1571841687.11,248,269,None,Move,browsing
1571841687.1179998,246,269,None,Move,browsing
1571841687.1260002,246,269,None,Move,browsing
1571841687.1339998,245,269,None,Move,browsing
1571841687.143,244,269,None,Move,browsing
1571841687.1520002,243,269,None,Move,browsing
1571841687.16,242,269,None,Move,browsing
1571841687.178,240,269,None,Move,browsing
1571841687.188,240,269,None,Move,browsing
1571841687.198,238,269,None,Move,browsing
1571841687.359,238,269,Left,Pressed,browsing
1571841687.471,238,269,Left,Released,browsing
1571841687.697,238,269,None,Move,browsing
1571841687.855,237,269,None,Move,browsing
1571841688.055,237,269,None,Move,browsing
1571841688.117,236,269,None,Move,browsing
1571841688.353,236,269,None,Move,browsing
1571841688.3739998,235,272,None,Move,browsing
1571841688.41,235,275,None,Move,browsing
1571841688.434,235,277,None,Move,browsing
1571841688.451,235,277,None,Move,browsing
1571841688.465,235,280,None,Move,browsing
1571841688.479,235,282,None,Move,browsing
1571841688.494,235,284,None,Move,browsing
1571841688.508,236,289,None,Move,browsing
1571841688.524,239,294,None,Move,browsing
1571841688.538,240,296,None,Move,browsing
1571841688.581,244,299,None,Move,browsing
1571841688.607,245,302,None,Move,browsing
1571841688.619,245,303,None,Move,browsing
1571841688.627,246,305,None,Move,browsing
1571841688.6339998,247,307,None,Move,browsing
1571841688.6420002,247,307,None,Move,browsing
1571841688.649,248,309,None,Move,browsing
1571841688.663,248,311,None,Move,browsing
1571841688.6720002,249,312,None,Move,browsing
1571841688.6829998,249,312,None,Move,browsing
1571841688.69,249,313,None,Move,browsing
1571841688.699,249,314,None,Move,browsing
1571841688.7129998,249,314,None,Move,browsing
1571841688.7270002,249,316,None,Move,browsing
1571841688.7470002,249,317,None,Move,browsing
1571841688.803,249,318,None,Move,browsing
1571841688.823,249,319,None,Move,browsing
1571841688.853,249,319,None,Move,browsing
1571841688.8820002,249,319,None,Move,browsing
1571841688.904,248,319,None,Move,browsing
1571841688.925,246,319,None,Move,browsing
1571841688.946,244,319,None,Move,browsing
1571841688.968,242,319,None,Move,browsing
1571841689.033,241,319,None,Move,browsing
1571841689.054,240,319,None,Move,browsing
1571841689.076,239,320,None,Move,browsing
1571841689.101,237,320,None,Move,browsing
1571841689.123,236,320,None,Move,browsing
1571841689.146,236,320,None,Move,browsing
1571841689.178,234,320,None,Move,browsing
1571841689.214,233,320,None,Move,browsing
1571841689.2410002,232,320,None,Move,browsing
1571841689.26,230,320,None,Move,browsing
1571841689.2870002,229,320,None,Move,browsing
1571841689.301,227,320,None,Move,browsing
1571841689.3179998,224,320,None,Move,browsing
1571841689.333,222,320,None,Move,browsing
1571841689.35,220,319,None,Move,browsing
1571841689.3660002,218,319,None,Move,browsing
1571841689.381,216,319,None,Move,browsing
1571841689.395,214,319,None,Move,browsing
1571841689.411,213,319,None,Move,browsing
1571841689.425,211,319,None,Move,browsing
1571841689.441,209,318,None,Move,browsing
1571841689.46,206,318,None,Move,browsing
1571841689.479,202,318,None,Move,browsing
1571841689.4929998,199,318,None,Move,browsing
1571841689.5029998,198,317,None,Move,browsing
1571841689.514,191,315,None,Move,browsing
1571841689.5229998,186,315,None,Move,browsing
1571841689.532,176,313,None,Move,browsing
1571841689.543,175,312,None,Move,browsing
1571841689.554,164,310,None,Move,browsing
1571841689.565,161,309,None,Move,browsing
1571841689.575,154,309,None,Move,browsing
1571841689.585,152,308,None,Move,browsing
1571841689.595,151,308,None,Move,browsing
1571841689.605,149,308,None,Move,browsing
1571841689.615,147,308,None,Move,browsing
1571841689.627,145,308,None,Move,browsing
1571841689.6379998,145,307,None,Move,browsing
1571841689.647,144,307,None,Move,browsing
1571841689.657,143,307,None,Move,browsing
1571841689.668,143,307,None,Move,browsing
1571841689.68,142,307,None,Move,browsing
1571841689.689,141,307,None,Move,browsing
1571841689.701,140,307,None,Move,browsing
1571841689.711,139,307,None,Move,browsing
1571841689.726,137,307,None,Move,browsing
1571841689.7370002,137,307,None,Move,browsing
1571841689.746,136,307,None,Move,browsing
1571841689.7570002,134,307,None,Move,browsing
1571841689.7670002,134,307,None,Move,browsing
1571841689.779,130,307,None,Move,browsing
1571841689.795,126,307,None,Move,browsing
1571841689.805,126,307,None,Move,browsing
1571841689.813,124,307,None,Move,browsing
1571841689.823,123,307,None,Move,browsing
1571841689.833,123,307,None,Move,browsing
1571841689.843,122,307,None,Move,browsing
1571841689.913,121,307,None,Move,browsing
1571841689.934,120,307,None,Move,browsing
1571841690.0129998,119,307,None,Move,browsing
1571841690.033,119,307,None,Move,browsing
1571841690.054,117,306,None,Move,browsing
1571841690.073,116,306,None,Move,browsing
1571841690.1,114,305,None,Move,browsing
1571841690.1220002,113,304,None,Move,browsing
1571841690.143,111,303,None,Move,browsing
1571841690.169,111,302,None,Move,browsing
1571841690.189,110,301,None,Move,browsing
1571841690.301,110,301,None,Move,browsing
1571841690.32,110,301,None,Move,browsing
1571841690.341,114,301,None,Move,browsing
1571841690.361,116,303,None,Move,browsing
1571841690.3820002,117,304,None,Move,browsing
1571841690.512,118,304,None,Move,browsing
1571841690.532,121,305,None,Move,browsing
1571841690.553,131,308,None,Move,browsing
1571841690.58,157,317,None,Move,browsing
1571841690.599,178,322,None,Move,browsing
1571841690.6120002,187,324,None,Move,browsing
1571841690.6279998,214,329,None,Move,browsing
1571841690.641,238,334,None,Move,browsing
1571841690.653,249,334,None,Move,browsing
1571841690.665,274,337,None,Move,browsing
1571841690.677,284,339,None,Move,browsing
1571841690.69,301,343,None,Move,browsing
1571841690.707,316,347,None,Move,browsing
1571841690.72,328,352,None,Move,browsing
1571841690.732,331,353,None,Move,browsing
1571841690.745,333,354,None,Move,browsing
1571841690.758,334,356,None,Move,browsing
1571841690.77,335,356,None,Move,browsing
1571841690.783,339,359,None,Move,browsing
1571841690.7970002,342,363,None,Move,browsing
1571841690.81,342,368,None,Move,browsing
1571841690.822,343,382,None,Move,browsing
1571841690.836,343,385,None,Move,browsing
1571841690.85,343,397,None,Move,browsing
1571841690.8620002,343,414,None,Move,browsing
1571841690.8739998,343,416,None,Move,browsing
1571841690.887,343,424,None,Move,browsing
1571841690.901,343,434,None,Move,browsing
1571841690.914,343,437,None,Move,browsing
1571841690.926,342,448,None,Move,browsing
1571841690.939,340,459,None,Move,browsing
1571841690.9529998,339,463,None,Move,browsing
1571841690.968,335,472,None,Move,browsing
1571841690.98,333,476,None,Move,browsing
1571841690.992,333,479,None,Move,browsing
1571841691.0070002,331,486,None,Move,browsing
1571841691.019,330,492,None,Move,browsing
1571841691.031,327,499,None,Move,browsing
1571841691.044,325,509,None,Move,browsing
1571841691.056,322,515,None,Move,browsing
1571841691.071,321,518,None,Move,browsing
1571841691.085,319,521,None,Move,browsing
1571841691.169,319,521,None,Move,browsing
1571841691.1829998,318,521,None,Move,browsing
1571841691.195,317,521,None,Move,browsing
1571841691.209,314,521,None,Move,browsing
1571841691.231,310,521,None,Move,browsing
1571841691.244,308,521,None,Move,browsing
1571841691.258,306,521,None,Move,browsing
1571841691.27,303,521,None,Move,browsing
1571841691.285,302,521,None,Move,browsing
1571841691.298,300,521,None,Move,browsing
1571841691.31,297,521,None,Move,browsing
1571841691.331,297,521,None,Move,browsing
1571841691.345,296,520,None,Move,browsing
1571841691.365,295,520,None,Move,browsing
1571841691.377,294,520,None,Move,browsing
1571841691.39,293,519,None,Move,browsing
1571841691.407,293,519,None,Move,browsing
1571841691.418,292,519,None,Move,browsing
1571841691.431,291,518,None,Move,browsing
1571841691.481,291,518,None,Move,browsing
1571841691.5010002,290,518,None,Move,browsing
1571841691.519,289,517,None,Move,browsing
1571841691.538,289,517,None,Move,browsing
1571841691.5570002,288,517,None,Move,browsing
1571841691.576,287,517,None,Move,browsing
1571841691.596,286,517,None,Move,browsing
1571841691.621,284,517,None,Move,browsing
1571841691.748,284,517,Left,Pressed,browsing
1571841691.835,284,517,Left,Released,browsing
1571841691.857,284,517,None,Move,browsing
1571841691.873,284,517,None,Move,browsing
1571841691.883,284,518,None,Move,browsing
1571841691.893,284,521,None,Move,browsing
1571841691.901,284,523,None,Move,browsing
1571841691.91,284,525,None,Move,browsing
1571841691.919,284,530,None,Move,browsing
1571841691.927,284,532,None,Move,browsing
1571841691.935,284,533,None,Move,browsing
1571841691.9420002,284,536,None,Move,browsing
1571841691.95,284,542,None,Move,browsing
1571841691.957,284,544,None,Move,browsing
1571841691.965,284,545,None,Move,browsing
1571841691.9729998,282,547,None,Move,browsing
1571841691.981,282,549,None,Move,browsing
1571841691.99,282,551,None,Move,browsing
1571841692.0,282,551,None,Move,browsing
1571841692.0089998,282,552,None,Move,browsing
1571841692.018,282,553,None,Move,browsing
1571841692.0270002,282,554,None,Move,browsing
1571841692.035,282,554,None,Move,browsing
1571841692.051,282,555,None,Move,browsing
1571841692.066,282,555,None,Move,browsing
1571841692.076,282,557,None,Move,browsing
1571841692.087,282,557,None,Move,browsing
1571841692.107,282,558,None,Move,browsing
1571841692.1139998,282,559,None,Move,browsing
1571841692.127,282,560,None,Move,browsing
1571841692.139,282,561,None,Move,browsing
1571841692.26,282,561,None,Move,browsing
1571841692.281,283,561,None,Move,browsing
1571841692.3520002,283,561,Left,Pressed,browsing
1571841692.462,283,561,Left,Released,browsing
1571841692.9,283,559,None,Move,browsing
1571841692.93,283,558,None,Move,browsing
1571841692.9420002,282,557,None,Move,browsing
1571841692.957,278,552,None,Move,browsing
1571841692.966,278,550,None,Move,browsing
1571841692.9770002,278,549,None,Move,browsing
1571841692.985,277,547,None,Move,browsing
1571841692.9929998,276,545,None,Move,browsing
1571841693.002,276,543,None,Move,browsing
1571841693.01,276,542,None,Move,browsing
1571841693.019,275,535,None,Move,browsing
1571841693.03,274,531,None,Move,browsing
1571841693.04,274,527,None,Move,browsing
1571841693.048,274,522,None,Move,browsing
1571841693.055,274,514,None,Move,browsing
1571841693.065,274,512,None,Move,browsing
1571841693.073,273,504,None,Move,browsing
1571841693.083,271,498,None,Move,browsing
1571841693.09,270,494,None,Move,browsing
1571841693.1,268,482,None,Move,browsing
1571841693.107,266,480,None,Move,browsing
1571841693.1179998,260,464,None,Move,browsing
1571841693.1260002,257,454,None,Move,browsing
1571841693.1339998,251,438,None,Move,browsing
1571841693.143,248,433,None,Move,browsing
1571841693.1520002,241,423,None,Move,browsing
1571841693.161,237,413,None,Move,browsing
1571841693.169,231,400,None,Move,browsing
1571841693.177,222,387,None,Move,browsing
1571841693.185,219,384,None,Move,browsing
1571841693.194,215,375,None,Move,browsing
1571841693.202,210,368,None,Move,browsing
1571841693.211,206,361,None,Move,browsing
1571841693.218,200,351,None,Move,browsing
1571841693.2270002,199,346,None,Move,browsing
1571841693.234,195,340,None,Move,browsing
1571841693.242,192,334,None,Move,browsing
1571841693.2489998,186,327,None,Move,browsing
1571841693.2570002,182,320,None,Move,browsing
1571841693.264,180,318,None,Move,browsing
1571841693.2729998,177,312,None,Move,browsing
1571841693.279,174,310,None,Move,browsing
1571841693.289,174,308,None,Move,browsing
1571841693.2970002,172,307,None,Move,browsing
1571841693.303,171,304,None,Move,browsing
1571841693.313,170,303,None,Move,browsing
1571841693.321,169,302,None,Move,browsing
1571841693.3279998,169,301,None,Move,browsing
1571841693.337,169,299,None,Move,browsing
1571841693.344,167,297,None,Move,browsing
1571841693.3520002,167,294,None,Move,browsing
1571841693.36,166,293,None,Move,browsing
1571841693.3679998,165,290,None,Move,browsing
1571841693.3820002,165,289,None,Move,browsing
1571841693.39,164,286,None,Move,browsing
1571841693.3979998,162,286,None,Move,browsing
1571841693.405,162,285,None,Move,browsing
1571841693.435,162,285,None,Move,browsing
1571841693.449,162,284,None,Move,browsing
1571841693.466,162,283,None,Move,browsing
1571841693.5110002,162,283,None,Move,browsing
1571841693.5270002,163,283,None,Move,browsing
1571841693.544,169,283,None,Move,browsing
1571841693.56,181,283,None,Move,browsing
1571841693.5779998,186,283,None,Move,browsing
1571841693.595,190,283,None,Move,browsing
1571841693.6120002,191,283,None,Move,browsing
1571841693.6420002,192,283,None,Move,browsing
1571841693.7329998,192,283,None,Move,browsing
1571841693.7629998,197,283,None,Move,browsing
1571841693.789,204,283,None,Move,browsing
1571841693.8170002,208,286,None,Move,browsing
1571841693.841,214,288,None,Move,browsing
1571841693.847,215,288,None,Move,browsing
1571841693.871,217,289,None,Move,browsing
1571841693.893,220,294,None,Move,browsing
1571841693.915,223,297,None,Move,browsing
1571841693.937,227,304,None,Move,browsing
1571841693.958,229,313,None,Move,browsing
1571841693.98,233,322,None,Move,browsing
1571841694.002,240,333,None,Move,browsing
1571841694.0229998,252,341,None,Move,browsing
1571841694.048,258,344,None,Move,browsing
1571841694.072,262,344,None,Move,browsing
1571841694.101,268,345,None,Move,browsing
1571841694.1239998,280,345,None,Move,browsing
1571841694.146,295,345,None,Move,browsing
1571841694.168,302,345,None,Move,browsing
1571841694.19,312,343,None,Move,browsing
1571841694.207,316,343,None,Move,browsing
1571841694.222,321,342,None,Move,browsing
1571841694.236,323,342,None,Move,browsing
1571841694.25,324,342,None,Move,browsing
1571841694.264,325,342,None,Move,browsing
1571841694.285,326,342,None,Move,browsing
1571841694.299,326,341,None,Move,browsing
1571841694.313,327,341,None,Move,browsing
1571841694.33,327,341,None,Move,browsing
1571841694.346,328,341,None,Move,browsing
1571841694.36,330,341,None,Move,browsing
1571841694.3739998,331,341,None,Move,browsing
1571841694.389,333,341,None,Move,browsing
1571841694.403,335,341,None,Move,browsing
1571841694.417,339,341,None,Move,browsing
1571841694.431,343,341,None,Move,browsing
1571841694.445,344,343,None,Move,browsing
1571841694.459,349,347,None,Move,browsing
1571841694.474,352,351,None,Move,browsing
1571841694.488,354,352,None,Move,browsing
1571841694.502,359,353,None,Move,browsing
1571841694.5170002,365,353,None,Move,browsing
1571841694.531,376,353,None,Move,browsing
1571841694.545,384,353,None,Move,browsing
1571841694.56,402,353,None,Move,browsing
1571841694.575,422,353,None,Move,browsing
1571841694.594,456,350,None,Move,browsing
1571841694.6139998,468,346,None,Move,browsing
1571841694.633,477,337,None,Move,browsing
1571841694.6479998,485,326,None,Move,browsing
1571841694.664,491,315,None,Move,browsing
1571841694.68,502,302,None,Move,browsing
1571841694.695,505,296,None,Move,browsing
1571841694.711,507,291,None,Move,browsing
1571841694.7270002,507,286,None,Move,browsing
1571841694.7410002,507,283,None,Move,browsing
1571841694.756,507,281,None,Move,browsing
1571841694.769,506,278,None,Move,browsing
1571841694.785,505,277,None,Move,browsing
1571841694.8,505,275,None,Move,browsing
1571841694.815,505,274,None,Move,browsing
1571841694.829,505,274,None,Move,browsing
1571841694.939,505,274,Left,Pressed,browsing
1571841695.021,505,274,Left,Released,browsing
1571841695.121,505,274,None,Move,browsing
1571841695.137,505,276,None,Move,browsing
1571841695.156,505,281,None,Move,browsing
1571841695.178,505,294,None,Move,browsing
1571841695.197,505,301,None,Move,browsing
1571841695.216,505,312,None,Move,browsing
1571841695.24,504,342,None,Move,browsing
1571841695.2589998,504,355,None,Move,browsing
1571841695.282,504,362,None,Move,browsing
1571841695.302,504,368,None,Move,browsing
1571841695.325,504,371,None,Move,browsing
1571841695.347,504,373,None,Move,browsing
1571841695.434,504,374,None,Move,browsing
1571841695.452,504,376,None,Move,browsing
1571841695.471,504,377,None,Move,browsing
1571841695.4889998,504,378,None,Move,browsing
1571841695.508,504,379,None,Move,browsing
1571841695.533,504,381,None,Move,browsing
1571841695.561,504,382,None,Move,browsing
1571841695.601,504,382,None,Move,browsing
1571841695.651,503,384,None,Move,browsing
1571841695.697,503,385,None,Move,browsing
1571841695.776,503,385,Left,Pressed,browsing
1571841695.822,503,385,Left,Released,browsing
1571841695.832,502,385,None,Move,browsing
1571841695.846,502,385,None,Move,browsing
1571841695.857,502,385,None,Move,browsing
1571841695.8639998,501,384,None,Move,browsing
1571841695.8779998,501,383,None,Move,browsing
1571841695.8920002,500,374,None,Move,browsing
1571841695.905,500,363,None,Move,browsing
1571841695.914,500,361,None,Move,browsing
1571841695.923,500,355,None,Move,browsing
1571841695.934,499,351,None,Move,browsing
1571841695.945,498,342,None,Move,browsing
1571841695.951,498,340,None,Move,browsing
1571841695.959,497,336,None,Move,browsing
1571841695.967,496,332,None,Move,browsing
1571841695.976,495,330,None,Move,browsing
1571841695.984,493,322,None,Move,browsing
1571841695.9910002,492,321,None,Move,browsing
1571841695.9989998,492,317,None,Move,browsing
1571841696.008,492,315,None,Move,browsing
1571841696.016,491,313,None,Move,browsing
1571841696.024,491,310,None,Move,browsing
1571841696.031,490,309,None,Move,browsing
1571841696.04,490,308,None,Move,browsing
1571841696.049,490,308,None,Move,browsing
1571841696.0579998,490,307,None,Move,browsing
1571841696.065,490,307,None,Move,browsing
1571841696.084,490,305,None,Move,browsing
1571841696.2529998,490,305,None,Move,browsing
1571841696.272,489,308,None,Move,browsing
1571841696.291,489,313,None,Move,browsing
1571841696.314,488,319,None,Move,browsing
1571841696.333,488,322,None,Move,browsing
1571841696.3479998,488,324,None,Move,browsing
1571841696.361,488,324,None,Move,browsing
1571841696.429,488,324,Left,Pressed,browsing
1571841696.5089998,488,324,Left,Released,browsing
1571841696.554,487,325,None,Move,browsing
1571841696.585,487,325,None,Move,browsing
1571841696.594,487,326,None,Move,browsing
1571841696.6020002,487,327,None,Move,browsing
1571841696.611,487,329,None,Move,browsing
1571841696.621,487,330,None,Move,browsing
1571841696.631,487,333,None,Move,browsing
1571841696.639,487,335,None,Move,browsing
1571841696.647,487,338,None,Move,browsing
1571841696.655,487,341,None,Move,browsing
1571841696.664,487,346,None,Move,browsing
1571841696.6720002,489,353,None,Move,browsing
1571841696.681,490,353,None,Move,browsing
1571841696.689,493,357,None,Move,browsing
1571841696.696,494,358,None,Move,browsing
1571841696.704,496,361,None,Move,browsing
1571841696.712,500,364,None,Move,browsing
1571841696.719,501,366,None,Move,browsing
1571841696.729,505,372,None,Move,browsing
1571841696.738,505,373,None,Move,browsing
1571841696.7470002,507,380,None,Move,browsing
1571841696.7570002,507,384,None,Move,browsing
1571841696.766,508,388,None,Move,browsing
1571841696.7729998,508,389,None,Move,browsing
1571841696.783,508,390,None,Move,browsing
1571841696.789,508,393,None,Move,browsing
1571841696.7970002,508,393,None,Move,browsing
1571841696.812,508,394,None,Move,browsing
1571841696.823,508,394,None,Move,browsing
1571841696.83,508,396,None,Move,browsing
1571841696.8379998,508,397,None,Move,browsing
1571841696.849,508,399,None,Move,browsing
1571841696.856,508,399,None,Move,browsing
1571841696.865,508,401,None,Move,browsing
1571841696.8720002,508,403,None,Move,browsing
1571841696.881,507,406,None,Move,browsing
1571841696.89,507,408,None,Move,browsing
1571841696.8979998,506,409,None,Move,browsing
1571841696.914,505,413,None,Move,browsing
1571841696.929,504,414,None,Move,browsing
1571841696.945,504,415,None,Move,browsing
1571841696.967,504,415,None,Move,browsing
1571841696.981,504,416,None,Move,browsing
1571841696.998,504,417,None,Move,browsing
1571841697.012,504,418,None,Move,browsing
1571841697.03,503,419,None,Move,browsing
1571841697.1520002,503,419,None,Move,browsing
1571841697.195,502,422,None,Move,browsing
1571841697.215,502,423,None,Move,browsing
1571841697.234,501,423,None,Move,browsing
1571841697.252,501,425,None,Move,browsing
1571841697.275,501,426,None,Move,browsing
1571841697.294,500,428,None,Move,browsing
1571841697.313,499,428,None,Move,browsing
1571841697.332,499,429,None,Move,browsing
1571841697.4120002,499,429,None,Move,browsing
1571841697.438,499,428,None,Move,browsing
1571841697.458,499,428,None,Move,browsing
1571841697.479,500,426,None,Move,browsing
1571841697.5,500,422,None,Move,browsing
1571841697.5229998,500,415,None,Move,browsing
1571841697.545,500,413,None,Move,browsing
1571841697.576,500,412,None,Move,browsing
1571841697.649,500,412,None,Move,browsing
1571841697.7489998,500,412,Left,Pressed,browsing
1571841697.84,500,412,Left,Released,browsing
1571841697.93,500,410,None,Move,browsing
1571841697.941,500,407,None,Move,browsing
1571841697.951,499,404,None,Move,browsing
1571841697.961,495,394,None,Move,browsing
1571841697.972,494,393,None,Move,browsing
1571841697.981,493,390,None,Move,browsing
1571841697.9910002,492,385,None,Move,browsing
1571841697.998,491,377,None,Move,browsing
1571841698.0089998,491,372,None,Move,browsing
1571841698.019,491,366,None,Move,browsing
1571841698.028,491,364,None,Move,browsing
1571841698.039,491,360,None,Move,browsing
1571841698.048,490,358,None,Move,browsing
1571841698.059,490,357,None,Move,browsing
1571841698.066,490,357,None,Move,browsing
1571841698.1339998,489,356,None,Move,browsing
1571841698.231,489,356,None,Move,browsing
1571841698.25,488,356,None,Move,browsing
1571841698.268,488,358,None,Move,browsing
1571841698.288,488,359,None,Move,browsing
1571841698.309,487,360,None,Move,browsing
1571841698.4529998,487,360,Left,Pressed,browsing
1571841698.5229998,487,360,Left,Released,browsing
1571841698.584,487,361,None,Move,browsing
1571841698.597,487,364,None,Move,browsing
1571841698.61,487,365,None,Move,browsing
1571841698.6239998,488,372,None,Move,browsing
1571841698.639,489,382,None,Move,browsing
1571841698.655,491,393,None,Move,browsing
1571841698.6720002,492,395,None,Move,browsing
1571841698.691,496,408,None,Move,browsing
1571841698.708,500,417,None,Move,browsing
1571841698.7270002,501,428,None,Move,browsing
1571841698.748,501,435,None,Move,browsing
1571841698.7610002,501,441,None,Move,browsing
1571841698.77,501,445,None,Move,browsing
1571841698.78,501,446,None,Move,browsing
1571841698.79,501,449,None,Move,browsing
1571841698.798,501,451,None,Move,browsing
1571841698.8079998,500,452,None,Move,browsing
1571841698.8179998,499,453,None,Move,browsing
1571841698.8279998,498,455,None,Move,browsing
1571841698.84,498,455,None,Move,browsing
1571841698.853,497,458,None,Move,browsing
1571841698.863,497,459,None,Move,browsing
1571841698.873,497,459,None,Move,browsing
1571841698.9,496,460,None,Move,browsing
1571841698.935,496,461,None,Move,browsing
1571841698.961,495,463,None,Move,browsing
1571841698.985,495,464,None,Move,browsing
1571841699.004,495,466,None,Move,browsing
1571841699.0229998,495,468,None,Move,browsing
1571841699.0370002,495,470,None,Move,browsing
1571841699.049,494,473,None,Move,browsing
1571841699.06,494,473,None,Move,browsing
1571841699.073,494,476,None,Move,browsing
1571841699.087,494,478,None,Move,browsing
1571841699.1020002,494,480,None,Move,browsing
1571841699.115,494,481,None,Move,browsing
1571841699.127,494,481,None,Move,browsing
1571841699.145,495,482,None,Move,browsing
1571841699.157,495,482,None,Move,browsing
1571841699.518,496,482,None,Move,browsing
1571841699.573,496,481,None,Move,browsing
1571841699.592,496,481,None,Move,browsing
1571841699.61,495,479,None,Move,browsing
1571841699.633,493,479,None,Move,browsing
1571841699.651,493,479,None,Move,browsing
1571841699.663,492,479,None,Move,browsing
1571841699.673,491,477,None,Move,browsing
1571841699.78,490,477,None,Move,browsing
1571841699.8,490,480,None,Move,browsing
1571841699.82,490,485,None,Move,browsing
1571841699.84,487,495,None,Move,browsing
1571841699.859,487,501,None,Move,browsing
1571841699.877,487,506,None,Move,browsing
1571841699.899,487,508,None,Move,browsing
1571841699.92,487,510,None,Move,browsing
1571841699.941,487,512,None,Move,browsing
1571841699.962,486,513,None,Move,browsing
1571841699.984,483,513,None,Move,browsing
1571841700.002,482,513,None,Move,browsing
1571841700.021,482,512,None,Move,browsing
1571841700.413,481,512,None,Move,browsing
1571841700.4329998,479,512,None,Move,browsing
1571841700.4529998,476,513,None,Move,browsing
1571841700.525,476,513,None,Move,browsing
1571841700.595,475,513,None,Move,browsing
1571841700.6160002,475,513,None,Move,browsing
1571841700.857,475,513,None,Move,browsing
1571841700.8760002,475,512,None,Move,browsing
1571841700.895,477,509,None,Move,browsing
1571841700.913,479,504,None,Move,browsing
1571841700.9329998,481,500,None,Move,browsing
1571841700.952,482,498,None,Move,browsing
1571841700.978,482,497,None,Move,browsing
1571841701.0089998,483,497,None,Move,browsing
1571841701.059,483,496,None,Move,browsing
1571841701.08,483,496,None,Move,browsing
1571841701.1079998,483,494,None,Move,browsing
1571841701.1239998,483,493,None,Move,browsing
1571841701.16,483,493,None,Move,browsing
1571841701.175,484,492,None,Move,browsing
1571841701.186,484,492,None,Move,browsing
1571841701.216,484,491,None,Move,browsing
1571841701.2370002,484,489,None,Move,browsing
1571841701.2770002,484,488,None,Move,browsing
1571841701.295,484,487,None,Move,browsing
1571841701.319,484,485,None,Move,browsing
1571841701.341,484,482,None,Move,browsing
1571841701.361,484,481,None,Move,browsing
1571841701.3920002,484,481,None,Move,browsing
1571841701.411,485,479,None,Move,browsing
1571841701.429,485,478,None,Move,browsing
1571841701.45,485,476,None,Move,browsing
1571841701.469,485,475,None,Move,browsing
1571841701.488,486,475,None,Move,browsing
1571841701.5110002,487,473,None,Move,browsing
1571841701.529,487,472,None,Move,browsing
1571841701.579,487,473,None,Move,browsing
1571841701.599,487,483,None,Move,browsing
1571841701.6179998,487,491,None,Move,browsing
1571841701.646,477,514,None,Move,browsing
1571841701.667,474,524,None,Move,browsing
1571841701.69,470,531,None,Move,browsing
1571841701.714,469,534,None,Move,browsing
1571841701.735,468,536,None,Move,browsing
1571841701.755,467,538,None,Move,browsing
1571841701.779,463,547,None,Move,browsing
1571841701.799,461,551,None,Move,browsing
1571841701.82,457,556,None,Move,browsing
1571841701.84,456,556,None,Move,browsing
1571841701.8620002,456,558,None,Move,browsing
1571841701.947,455,558,None,Move,browsing
1571841702.143,455,558,None,Move,browsing
1571841702.167,455,557,None,Move,browsing
1571841702.171,455,556,None,Move,browsing
1571841702.179,455,554,None,Move,browsing
1571841702.2,455,553,None,Move,browsing
1571841702.226,457,550,None,Move,browsing
1571841702.2470002,459,549,None,Move,browsing
1571841702.566,459,549,Left,Pressed,browsing
1571841702.6920002,459,549,Left,Released,browsing
1571841702.9,459,548,None,Move,browsing
1571841702.921,459,547,None,Move,browsing
1571841702.9429998,459,538,None,Move,browsing
1571841702.964,459,527,None,Move,browsing
1571841702.9829998,459,511,None,Move,browsing
1571841703.005,458,493,None,Move,browsing
1571841703.032,457,469,None,Move,browsing
1571841703.077,456,442,None,Move,browsing
1571841703.093,456,430,None,Move,browsing
1571841703.107,452,419,None,Move,browsing
1571841703.121,452,418,None,Move,browsing
1571841703.133,450,414,None,Move,browsing
1571841703.147,448,411,None,Move,browsing
1571841703.161,447,411,None,Move,browsing
1571841703.176,447,410,None,Move,browsing
1571841703.212,445,409,None,Move,browsing
1571841703.269,445,408,None,Move,browsing
1571841703.289,444,408,None,Move,browsing
1571841703.315,444,408,None,Move,browsing
1571841703.334,443,408,None,Move,browsing
1571841703.353,439,408,None,Move,browsing
1571841703.38,428,410,None,Move,browsing
1571841703.403,418,415,None,Move,browsing
1571841703.4220002,408,426,None,Move,browsing
1571841703.446,400,430,None,Move,browsing
1571841703.467,398,431,None,Move,browsing
1571841703.488,396,431,None,Move,browsing
1571841703.5070002,394,432,None,Move,browsing
1571841703.529,391,432,None,Move,browsing
1571841703.549,388,433,None,Move,browsing
1571841703.57,385,434,None,Move,browsing
1571841703.591,384,434,None,Move,browsing
1571841703.6239998,379,434,None,Move,browsing
1571841703.656,377,434,None,Move,browsing
1571841703.677,375,434,None,Move,browsing
1571841703.699,370,434,None,Move,browsing
1571841703.721,361,435,None,Move,browsing
1571841703.742,353,439,None,Move,browsing
1571841703.764,337,443,None,Move,browsing
1571841703.785,324,447,None,Move,browsing
1571841703.813,306,448,None,Move,browsing
1571841703.834,291,448,None,Move,browsing
1571841703.851,282,448,None,Move,browsing
1571841703.867,274,448,None,Move,browsing
1571841703.883,271,448,None,Move,browsing
1571841703.907,269,448,None,Move,browsing
1571841704.1139998,269,448,None,Move,browsing
1571841704.149,269,447,None,Move,browsing
1571841704.164,270,446,None,Move,browsing
1571841704.173,272,446,None,Move,browsing
1571841704.1829998,273,445,None,Move,browsing
1571841704.191,273,445,None,Move,browsing
1571841704.207,274,445,None,Move,browsing
1571841704.216,275,445,None,Move,browsing
1571841704.226,276,444,None,Move,browsing
1571841704.236,278,444,None,Move,browsing
1571841704.252,278,444,None,Move,browsing
1571841704.262,279,444,None,Move,browsing
1571841704.276,279,444,None,Move,browsing
1571841706.295,279,444,Left,Pressed,browsing
1571841706.421,279,444,Left,Released,browsing
1571841707.65,280,444,None,Move,browsing
1571841707.687,280,443,None,Move,browsing
1571841707.722,280,442,None,Move,browsing
1571841708.081,280,442,None,Move,browsing
1571841708.094,279,441,None,Move,browsing
1571841708.12,277,440,None,Move,browsing
1571841708.141,277,438,None,Move,browsing
1571841708.153,276,437,None,Move,browsing
1571841708.161,271,434,None,Move,browsing
1571841708.171,269,433,None,Move,browsing
1571841708.18,267,433,None,Move,browsing
1571841708.19,265,433,None,Move,browsing
1571841708.198,264,433,None,Move,browsing
1571841708.206,264,432,None,Move,browsing
1571841708.231,263,432,None,Move,browsing
1571841708.24,263,432,None,Move,browsing
1571841708.2610002,262,432,None,Move,browsing
1571841708.281,259,432,None,Move,browsing
1571841708.302,258,432,None,Move,browsing
1571841708.327,255,432,None,Move,browsing
1571841708.35,250,432,None,Move,browsing
1571841708.371,244,433,None,Move,browsing
1571841708.393,230,435,None,Move,browsing
1571841708.415,214,439,None,Move,browsing
1571841708.439,201,442,None,Move,browsing
1571841708.458,196,442,None,Move,browsing
1571841708.478,192,442,None,Move,browsing
1571841708.5010002,185,442,None,Move,browsing
1571841708.524,178,443,None,Move,browsing
1571841708.546,172,446,None,Move,browsing
1571841708.5670002,161,448,None,Move,browsing
1571841708.589,158,449,None,Move,browsing
1571841708.611,150,450,None,Move,browsing
1571841708.6320002,146,452,None,Move,browsing
1571841708.656,143,452,None,Move,browsing
1571841708.676,141,452,None,Move,browsing
1571841708.696,134,452,None,Move,browsing
1571841708.716,132,452,None,Move,browsing
1571841708.736,129,452,None,Move,browsing
1571841708.756,127,452,None,Move,browsing
1571841708.776,124,452,None,Move,browsing
1571841708.79,124,452,None,Move,browsing
1571841708.804,123,452,None,Move,browsing
1571841708.8170002,121,452,None,Move,browsing
1571841708.831,121,452,None,Move,browsing
1571841708.849,120,452,None,Move,browsing
1571841708.8639998,119,452,None,Move,browsing
1571841708.8820002,117,452,None,Move,browsing
1571841708.897,115,452,None,Move,browsing
1571841708.9120002,114,452,None,Move,browsing
1571841708.926,113,453,None,Move,browsing
1571841708.94,113,453,None,Move,browsing
1571841708.952,111,453,None,Move,browsing
1571841708.965,111,454,None,Move,browsing
1571841708.979,110,454,None,Move,browsing
1571841708.996,109,454,None,Move,browsing
1571841709.0089998,108,454,None,Move,browsing
1571841709.022,107,454,None,Move,browsing
1571841709.036,107,454,None,Move,browsing
1571841709.049,106,454,None,Move,browsing
1571841709.063,105,454,None,Move,browsing
1571841709.079,104,455,None,Move,browsing
1571841709.093,104,455,None,Move,browsing
1571841709.107,103,455,None,Move,browsing
1571841709.143,102,455,None,Move,browsing
1571841709.55,101,455,None,Move,browsing
1571841709.843,101,455,None,Move,browsing
1571841709.879,100,455,None,Move,browsing
1571841709.918,100,455,None,Move,browsing
1571841709.939,99,455,None,Move,browsing
1571841709.959,99,455,None,Move,browsing
1571841709.981,98,455,None,Move,browsing
1571841709.9989998,97,455,None,Move,browsing
1571841710.018,97,455,None,Move,browsing
1571841710.038,95,455,None,Move,browsing
1571841710.061,95,455,None,Move,browsing
1571841710.082,94,455,None,Move,browsing
1571841710.1,93,455,None,Move,browsing
1571841710.2429998,93,455,None,Move,browsing
1571841710.2629998,92,455,None,Move,browsing
1571841711.301,92,455,None,Move,browsing
1571841713.1829998,91,455,None,Move,browsing
1571841713.1920002,91,456,None,Move,browsing
1571841713.228,90,456,None,Move,browsing
1571841713.236,89,457,None,Move,browsing
1571841713.278,89,457,None,Move,browsing
1571841713.289,88,457,None,Move,browsing
1571841713.2970002,88,457,None,Move,browsing
1571841713.305,86,457,None,Move,browsing
1571841713.3179998,85,457,None,Move,browsing
1571841713.333,83,457,None,Move,browsing
1571841713.351,80,457,None,Move,browsing
1571841713.3660002,78,457,None,Move,browsing
1571841713.3820002,75,457,None,Move,browsing
1571841713.3979998,71,457,None,Move,browsing
1571841713.413,69,457,None,Move,browsing
1571841713.429,67,457,None,Move,browsing
1571841713.444,64,457,None,Move,browsing
1571841713.46,63,457,None,Move,browsing
1571841713.476,62,457,None,Move,browsing
1571841713.492,62,457,None,Move,browsing
1571841713.508,61,457,None,Move,browsing
1571841714.197,60,457,None,Move,browsing
1571841714.218,61,456,None,Move,browsing
1571841714.24,76,445,None,Move,browsing
1571841714.272,132,402,None,Move,browsing
1571841714.291,157,373,None,Move,browsing
1571841714.3070002,174,349,None,Move,browsing
1571841714.322,193,319,None,Move,browsing
1571841714.335,223,264,None,Move,browsing
1571841714.347,244,228,None,Move,browsing
1571841714.3579998,257,211,None,Move,browsing
1571841714.3679998,260,205,None,Move,browsing
1571841714.3779998,278,178,None,Move,browsing
1571841714.387,287,161,None,Move,browsing
1571841714.396,290,153,None,Move,browsing
1571841714.408,291,150,None,Move,browsing
1571841714.418,296,140,None,Move,browsing
1571841714.428,299,133,None,Move,browsing
1571841714.438,300,130,None,Move,browsing
1571841714.447,301,128,None,Move,browsing
1571841714.456,306,120,None,Move,browsing
1571841714.466,310,115,None,Move,browsing
1571841714.476,314,110,None,Move,browsing
1571841714.485,314,109,None,Move,browsing
1571841714.494,318,105,None,Move,browsing
1571841714.51,320,103,None,Move,browsing
1571841714.525,322,102,None,Move,browsing
1571841714.536,324,102,None,Move,browsing
1571841714.5470002,324,101,None,Move,browsing
1571841714.559,325,101,None,Move,browsing
1571841714.569,325,101,None,Move,browsing
1571841714.579,327,99,None,Move,browsing
1571841714.589,328,99,None,Move,browsing
1571841714.599,329,99,None,Move,browsing
1571841714.6079998,331,98,None,Move,browsing
1571841714.617,332,97,None,Move,browsing
1571841714.627,333,97,None,Move,browsing
1571841714.637,334,97,None,Move,browsing
1571841714.649,337,97,None,Move,browsing
1571841714.659,340,97,None,Move,browsing
1571841714.668,345,97,None,Move,browsing
1571841714.678,346,97,None,Move,browsing
1571841714.689,349,97,None,Move,browsing
1571841714.697,351,97,None,Move,browsing
1571841714.707,354,97,None,Move,browsing
1571841714.717,358,97,None,Move,browsing
1571841714.726,363,97,None,Move,browsing
1571841714.7370002,368,97,None,Move,browsing
1571841714.7470002,372,99,None,Move,browsing
1571841714.7570002,374,101,None,Move,browsing
1571841714.766,377,102,None,Move,browsing
1571841714.776,378,103,None,Move,browsing
1571841714.785,380,104,None,Move,browsing
1571841714.794,382,104,None,Move,browsing
1571841714.804,382,106,None,Move,browsing
1571841714.814,384,106,None,Move,browsing
1571841714.824,384,106,None,Move,browsing
1571841714.839,385,106,None,Move,browsing
1571841714.849,385,106,None,Move,browsing
1571841714.8639998,386,106,None,Move,browsing
1571841714.8739998,387,106,None,Move,browsing
1571841714.8839998,388,106,None,Move,browsing
1571841714.893,390,106,None,Move,browsing
1571841714.903,392,106,None,Move,browsing
1571841714.913,396,106,None,Move,browsing
1571841714.923,396,106,None,Move,browsing
1571841714.964,404,102,None,Move,browsing
1571841715.0029998,405,98,None,Move,browsing
1571841715.015,407,97,None,Move,browsing
1571841715.022,407,96,None,Move,browsing
1571841715.03,408,94,None,Move,browsing
1571841715.04,409,94,None,Move,browsing
1571841715.106,409,94,Left,Pressed,browsing
1571841715.2029998,409,94,Left,Released,browsing
1571841715.332,409,94,None,Move,browsing
1571841715.349,409,97,None,Move,browsing
1571841715.365,411,102,None,Move,browsing
1571841715.3839998,414,108,None,Move,browsing
1571841715.4020002,416,114,None,Move,browsing
1571841715.42,419,122,None,Move,browsing
1571841715.449,424,136,None,Move,browsing
1571841715.469,425,141,None,Move,browsing
1571841715.486,427,145,None,Move,browsing
1571841715.512,429,149,None,Move,browsing
1571841715.531,429,154,None,Move,browsing
1571841715.549,429,163,None,Move,browsing
1571841715.5670002,429,168,None,Move,browsing
1571841715.585,429,172,None,Move,browsing
1571841715.607,429,172,None,Move,browsing
1571841715.6339998,429,174,None,Move,browsing
1571841715.658,429,177,None,Move,browsing
1571841715.675,429,179,None,Move,browsing
1571841715.6929998,429,181,None,Move,browsing
1571841715.71,429,181,None,Move,browsing
1571841715.7270002,429,182,None,Move,browsing
1571841715.7370002,429,182,None,Move,browsing
1571841715.748,429,183,None,Move,browsing
1571841715.758,428,186,None,Move,browsing
1571841715.772,428,188,None,Move,browsing
1571841715.783,428,188,None,Move,browsing
1571841715.939,428,188,Left,Pressed,browsing
1571841716.055,428,188,Left,Released,browsing
1571841716.161,428,189,None,Move,browsing
1571841716.28,427,189,None,Move,browsing
1571841716.304,426,190,None,Move,browsing
1571841716.326,423,192,None,Move,browsing
1571841716.34,421,194,None,Move,browsing
1571841716.356,420,195,None,Move,browsing
1571841716.367,419,196,None,Move,browsing
1571841716.377,418,198,None,Move,browsing
1571841716.3879998,416,199,None,Move,browsing
1571841716.4,416,200,None,Move,browsing
1571841716.409,414,202,None,Move,browsing
1571841716.4220002,413,203,None,Move,browsing
1571841716.4320002,413,204,None,Move,browsing
1571841716.4420002,411,205,None,Move,browsing
1571841716.451,411,206,None,Move,browsing
1571841716.461,408,209,None,Move,browsing
1571841716.472,406,211,None,Move,browsing
1571841716.482,405,212,None,Move,browsing
1571841716.496,403,214,None,Move,browsing
1571841716.51,400,221,None,Move,browsing
1571841716.52,399,223,None,Move,browsing
1571841716.5270002,396,230,None,Move,browsing
1571841716.534,395,232,None,Move,browsing
1571841716.541,393,236,None,Move,browsing
1571841716.552,391,241,None,Move,browsing
1571841716.562,391,242,None,Move,browsing
1571841716.569,390,249,None,Move,browsing
1571841716.5779998,389,257,None,Move,browsing
1571841716.5879998,389,260,None,Move,browsing
1571841716.5979998,389,263,None,Move,browsing
1571841716.607,389,270,None,Move,browsing
1571841716.615,389,271,None,Move,browsing
1571841716.623,392,281,None,Move,browsing
1571841716.63,396,289,None,Move,browsing
1571841716.6379998,396,291,None,Move,browsing
1571841716.6479998,399,299,None,Move,browsing
1571841716.655,400,302,None,Move,browsing
1571841716.666,402,308,None,Move,browsing
1571841716.673,404,313,None,Move,browsing
1571841716.681,404,313,None,Move,browsing
1571841716.69,404,316,None,Move,browsing
1571841716.698,406,319,None,Move,browsing
1571841716.706,407,322,None,Move,browsing
1571841716.715,407,324,None,Move,browsing
1571841716.728,407,327,None,Move,browsing
1571841716.74,407,328,None,Move,browsing
1571841716.752,407,333,None,Move,browsing
1571841716.762,407,333,None,Move,browsing
1571841716.77,408,335,None,Move,browsing
1571841716.781,409,338,None,Move,browsing
1571841716.7970002,409,339,None,Move,browsing
1571841716.806,409,339,None,Move,browsing
1571841716.816,409,340,None,Move,browsing
1571841716.822,410,341,None,Move,browsing
1571841716.831,410,342,None,Move,browsing
1571841716.86,410,342,None,Move,browsing
1571841716.871,410,342,None,Move,browsing
1571841716.896,408,342,None,Move,browsing
1571841716.903,407,342,None,Move,browsing
1571841717.334,406,342,None,Move,browsing
1571841717.36,406,342,None,Move,browsing
1571841717.387,405,342,None,Move,browsing
1571841717.3979998,405,342,None,Move,browsing
1571841717.415,404,342,None,Move,browsing
1571841717.4220002,404,342,None,Move,browsing
1571841717.45,403,341,None,Move,browsing
1571841717.464,402,340,None,Move,browsing
1571841717.472,402,340,None,Move,browsing
1571841717.4970002,401,339,None,Move,browsing
1571841717.546,401,339,None,Move,browsing
1571841717.562,399,339,None,Move,browsing
1571841717.572,398,339,None,Move,browsing
1571841717.583,397,339,None,Move,browsing
1571841717.592,396,339,None,Move,browsing
1571841717.601,395,339,None,Move,browsing
1571841717.61,394,339,None,Move,browsing
1571841717.6220002,391,339,None,Move,browsing
1571841717.6279998,388,339,None,Move,browsing
1571841717.637,388,339,None,Move,browsing
1571841717.645,385,339,None,Move,browsing
1571841717.654,384,339,None,Move,browsing
1571841717.664,383,339,None,Move,browsing
1571841717.671,381,339,None,Move,browsing
1571841717.68,380,339,None,Move,browsing
1571841717.688,380,339,None,Move,browsing
1571841717.697,379,339,None,Move,browsing
1571841717.706,378,339,None,Move,browsing
1571841717.714,376,340,None,Move,browsing
1571841717.721,376,340,None,Move,browsing
1571841717.7270002,375,340,None,Move,browsing
1571841717.735,374,340,None,Move,browsing
1571841717.745,373,341,None,Move,browsing
1571841717.754,372,341,None,Move,browsing
1571841717.762,372,342,None,Move,browsing
1571841717.77,371,342,None,Move,browsing
1571841717.778,370,343,None,Move,browsing
1571841717.824,370,343,None,Move,browsing
1571841717.844,369,343,None,Move,browsing
1571841717.86,367,343,None,Move,browsing
1571841717.88,367,343,None,Move,browsing
1571841717.887,366,343,None,Move,browsing
1571841717.901,366,344,None,Move,browsing
1571841717.921,365,345,None,Move,browsing
1571841717.926,364,345,None,Move,browsing
1571841717.94,364,345,None,Move,browsing
1571841717.95,362,345,None,Move,browsing
1571841717.967,361,346,None,Move,browsing
1571841717.976,360,346,None,Move,browsing
1571841717.9829998,359,346,None,Move,browsing
1571841717.9910002,356,350,None,Move,browsing
1571841718.0,355,350,None,Move,browsing
1571841718.008,354,350,None,Move,browsing
1571841718.016,352,351,None,Move,browsing
1571841718.0229998,350,352,None,Move,browsing
1571841718.03,348,352,None,Move,browsing
1571841718.038,347,353,None,Move,browsing
1571841718.046,343,353,None,Move,browsing
1571841718.056,340,355,None,Move,browsing
1571841718.066,340,355,None,Move,browsing
1571841718.074,335,357,None,Move,browsing
1571841718.082,335,357,None,Move,browsing
1571841718.09,329,359,None,Move,browsing
1571841718.097,328,359,None,Move,browsing
1571841718.104,326,359,None,Move,browsing
1571841718.113,320,362,None,Move,browsing
1571841718.1220002,317,362,None,Move,browsing
1571841718.131,311,364,None,Move,browsing
1571841718.1420002,306,366,None,Move,browsing
1571841718.1479998,303,366,None,Move,browsing
1571841718.157,294,371,None,Move,browsing
1571841718.1820002,278,376,None,Move,browsing
1571841718.191,277,377,None,Move,browsing
1571841718.199,268,379,None,Move,browsing
1571841718.21,263,381,None,Move,browsing
1571841718.22,263,381,None,Move,browsing
1571841718.228,260,381,None,Move,browsing
1571841718.235,258,381,None,Move,browsing
1571841718.244,254,382,None,Move,browsing
1571841718.252,252,382,None,Move,browsing
1571841718.26,252,382,None,Move,browsing
1571841718.268,246,382,None,Move,browsing
1571841718.2770002,244,382,None,Move,browsing
1571841718.285,242,382,None,Move,browsing
1571841718.302,238,382,None,Move,browsing
1571841718.3079998,237,382,None,Move,browsing
1571841718.316,233,382,None,Move,browsing
1571841718.325,231,382,None,Move,browsing
1571841718.332,228,382,None,Move,browsing
1571841718.339,226,382,None,Move,browsing
1571841718.346,225,382,None,Move,browsing
1571841718.354,223,382,None,Move,browsing
1571841718.365,222,382,None,Move,browsing
1571841718.39,221,382,None,Move,browsing
1571841718.445,220,382,None,Move,browsing
1571841718.466,222,384,None,Move,browsing
1571841718.488,225,386,None,Move,browsing
1571841718.5110002,231,387,None,Move,browsing
1571841718.534,239,388,None,Move,browsing
1571841718.569,256,393,None,Move,browsing
1571841718.599,273,395,None,Move,browsing
1571841718.6220002,289,398,None,Move,browsing
1571841718.645,296,401,None,Move,browsing
1571841718.673,316,408,None,Move,browsing
1571841718.688,331,412,None,Move,browsing
1571841718.702,340,416,None,Move,browsing
1571841718.715,341,418,None,Move,browsing
1571841718.729,350,422,None,Move,browsing
1571841718.744,357,427,None,Move,browsing
1571841718.7570002,365,434,None,Move,browsing
1571841718.771,370,435,None,Move,browsing
1571841718.7870002,377,440,None,Move,browsing
1571841718.803,383,441,None,Move,browsing
1571841718.821,386,441,None,Move,browsing
1571841718.835,395,443,None,Move,browsing
1571841718.855,407,443,None,Move,browsing
1571841719.11,406,443,None,Move,browsing
1571841719.125,403,443,None,Move,browsing
1571841719.139,401,444,None,Move,browsing
1571841719.155,400,444,None,Move,browsing
1571841719.174,398,444,None,Move,browsing
1571841719.189,398,443,None,Move,browsing
1571841719.197,398,443,None,Move,browsing
1571841719.205,399,443,None,Move,browsing
1571841719.212,399,443,None,Move,browsing
1571841719.22,402,444,None,Move,browsing
1571841719.228,403,445,None,Move,browsing
1571841719.238,404,446,None,Move,browsing
1571841719.248,404,447,None,Move,browsing
1571841719.258,405,448,None,Move,browsing
1571841719.272,406,449,None,Move,browsing
1571841719.284,407,450,None,Move,browsing
1571841719.291,409,452,None,Move,browsing
1571841719.298,410,452,None,Move,browsing
1571841719.306,411,452,None,Move,browsing
1571841719.3170002,412,452,None,Move,browsing
1571841719.323,413,452,None,Move,browsing
1571841719.329,414,452,None,Move,browsing
1571841719.3379998,417,452,None,Move,browsing
1571841719.346,420,452,None,Move,browsing
1571841719.3520002,424,451,None,Move,browsing
1571841719.363,430,451,None,Move,browsing
1571841719.37,432,450,None,Move,browsing
1571841719.3779998,439,448,None,Move,browsing
1571841719.3839998,442,448,None,Move,browsing
1571841719.393,454,446,None,Move,browsing
1571841719.4020002,462,446,None,Move,browsing
1571841719.41,468,445,None,Move,browsing
1571841719.419,482,445,None,Move,browsing
1571841719.429,488,444,None,Move,browsing
1571841719.436,501,442,None,Move,browsing
1571841719.444,512,440,None,Move,browsing
1571841719.451,516,439,None,Move,browsing
1571841719.462,537,437,None,Move,browsing
1571841719.47,541,436,None,Move,browsing
1571841719.481,557,432,None,Move,browsing
1571841719.484,565,431,None,Move,browsing
1571841719.492,568,431,None,Move,browsing
1571841719.5010002,580,431,None,Move,browsing
1571841719.5089998,582,431,None,Move,browsing
1571841719.5170002,592,431,None,Move,browsing
1571841719.5270002,598,431,None,Move,browsing
1571841719.535,601,431,None,Move,browsing
1571841719.544,612,431,None,Move,browsing
1571841719.55,615,431,None,Move,browsing
1571841719.5579998,632,427,None,Move,browsing
1571841719.566,643,422,None,Move,browsing
1571841719.574,647,422,None,Move,browsing
1571841719.582,666,414,None,Move,browsing
1571841719.592,670,413,None,Move,browsing
1571841719.599,695,407,None,Move,browsing
1571841719.61,708,404,None,Move,browsing
1571841719.6179998,713,402,None,Move,browsing
1571841719.627,744,394,None,Move,browsing
1571841719.6360002,770,386,None,Move,browsing
1571841719.644,781,381,None,Move,browsing
1571841719.656,787,380,None,Move,browsing
1571841719.663,807,374,None,Move,browsing
1571841719.673,810,373,None,Move,browsing
1571841719.68,820,367,None,Move,browsing
1571841719.69,826,364,None,Move,browsing
1571841719.697,826,364,None,Move,browsing
1571841719.708,831,362,None,Move,browsing
1571841719.725,833,361,None,Move,browsing
1571841719.734,835,358,None,Move,browsing
1571841719.7470002,836,358,None,Move,browsing
1571841719.76,836,357,None,Move,browsing
1571841719.919,836,357,None,Move,browsing
1571841719.9429998,836,357,None,Move,browsing
1571841719.967,835,358,None,Move,browsing
1571841719.9989998,835,358,None,Move,browsing
1571841720.035,834,360,None,Move,browsing
1571841720.0579998,833,360,None,Move,browsing
1571841720.109,833,361,None,Move,browsing
1571841720.145,833,361,None,Move,browsing
1571841720.159,832,362,None,Move,browsing
1571841720.173,832,364,None,Move,browsing
1571841720.188,832,365,None,Move,browsing
1571841720.202,829,367,None,Move,browsing
1571841720.216,828,369,None,Move,browsing
1571841720.2270002,827,369,None,Move,browsing
1571841720.238,827,370,None,Move,browsing
1571841720.2570002,826,370,None,Move,browsing
1571841720.269,826,372,None,Move,browsing
1571841720.281,826,372,None,Move,browsing
1571841720.3,826,374,None,Move,browsing
1571841720.31,825,375,None,Move,browsing
1571841720.32,825,375,None,Move,browsing
1571841720.331,825,376,None,Move,browsing
1571841720.341,825,377,None,Move,browsing
1571841720.351,824,378,None,Move,browsing
1571841720.3620002,824,378,None,Move,browsing
1571841720.3739998,824,379,None,Move,browsing
1571841720.3839998,824,379,None,Move,browsing
1571841720.395,824,380,None,Move,browsing
1571841720.436,824,381,None,Move,browsing
1571841720.447,824,381,None,Move,browsing
1571841720.478,824,382,None,Move,browsing
1571841720.492,824,383,None,Move,browsing
1571841720.522,824,383,None,Move,browsing
1571841720.5679998,824,384,None,Move,browsing
1571841720.6139998,824,385,None,Move,browsing
1571841720.635,824,385,None,Move,browsing
1571841720.668,824,386,None,Move,browsing
1571841720.811,824,387,None,Move,browsing
1571841720.947,824,388,None,Move,browsing
1571841721.002,824,389,None,Move,browsing
1571841721.0229998,824,389,None,Move,browsing
1571841721.506,824,390,None,Move,browsing
1571841721.529,824,391,None,Move,browsing
1571841721.573,823,392,None,Move,browsing
1571841722.822,823,392,None,Move,browsing
1571841722.831,823,390,None,Move,browsing
1571841722.84,824,387,None,Move,browsing
1571841722.8479998,824,385,None,Move,browsing
1571841722.857,829,376,None,Move,browsing
1571841722.8639998,829,376,None,Move,browsing
1571841723.201,830,375,None,Move,browsing
1571841723.22,831,373,None,Move,browsing
1571841723.24,833,372,None,Move,browsing
1571841723.2610002,837,365,None,Move,browsing
1571841723.281,843,357,None,Move,browsing
1571841723.301,845,353,None,Move,browsing
1571841723.32,846,351,None,Move,browsing
1571841723.341,847,349,None,Move,browsing
1571841723.361,848,345,None,Move,browsing
1571841723.3820002,849,341,None,Move,browsing
1571841723.401,850,338,None,Move,browsing
1571841723.4220002,854,330,None,Move,browsing
1571841723.4420002,857,323,None,Move,browsing
1571841723.461,860,316,None,Move,browsing
1571841723.479,864,306,None,Move,browsing
1571841723.5,867,297,None,Move,browsing
1571841723.521,868,291,None,Move,browsing
1571841723.542,869,287,None,Move,browsing
1571841723.562,869,285,None,Move,browsing
1571841723.584,869,284,None,Move,browsing
1571841723.605,869,282,None,Move,browsing
1571841723.6260002,870,280,None,Move,browsing
1571841723.646,871,279,None,Move,browsing
1571841723.667,871,277,None,Move,browsing
1571841724.579,871,277,Left,Pressed,browsing
1571841724.7510002,871,277,Left,Released,browsing
1571841724.856,871,277,None,Move,browsing
1571841724.877,871,277,None,Move,browsing
1571841724.897,871,277,None,Move,browsing
1571841724.915,871,280,None,Move,browsing
1571841724.934,870,282,None,Move,browsing
1571841724.9529998,869,286,None,Move,browsing
1571841724.9729998,868,293,None,Move,browsing
1571841724.988,868,300,None,Move,browsing
1571841725.0010002,868,304,None,Move,browsing
1571841725.0129998,868,309,None,Move,browsing
1571841725.025,868,316,None,Move,browsing
1571841725.041,868,321,None,Move,browsing
1571841725.054,868,323,None,Move,browsing
1571841725.066,868,324,None,Move,browsing
1571841725.081,868,330,None,Move,browsing
1571841725.093,868,333,None,Move,browsing
1571841725.106,868,337,None,Move,browsing
1571841725.119,868,341,None,Move,browsing
1571841725.131,868,343,None,Move,browsing
1571841725.143,866,348,None,Move,browsing
1571841725.155,866,350,None,Move,browsing
1571841725.168,865,355,None,Move,browsing
1571841725.18,864,357,None,Move,browsing
1571841725.191,862,361,None,Move,browsing
1571841725.204,861,363,None,Move,browsing
1571841725.217,860,366,None,Move,browsing
1571841725.228,858,368,None,Move,browsing
1571841725.24,858,371,None,Move,browsing
1571841725.254,857,373,None,Move,browsing
1571841725.266,856,374,None,Move,browsing
1571841725.278,856,375,None,Move,browsing
1571841725.29,855,376,None,Move,browsing
1571841725.303,855,377,None,Move,browsing
1571841725.315,854,380,None,Move,browsing
1571841725.327,853,381,None,Move,browsing
1571841725.341,852,382,None,Move,browsing
1571841725.3520002,852,383,None,Move,browsing
1571841725.365,851,385,None,Move,browsing
1571841725.383,851,386,None,Move,browsing
1571841725.3979998,851,386,None,Move,browsing
1571841725.411,851,389,None,Move,browsing
1571841725.423,851,390,None,Move,browsing
1571841725.436,851,391,None,Move,browsing
1571841725.448,850,392,None,Move,browsing
1571841725.46,850,395,None,Move,browsing
1571841725.4729998,850,397,None,Move,browsing
1571841725.485,849,402,None,Move,browsing
1571841725.4970002,848,404,None,Move,browsing
1571841725.5089998,846,408,None,Move,browsing
1571841725.522,845,411,None,Move,browsing
1571841725.539,842,414,None,Move,browsing
1571841725.552,840,418,None,Move,browsing
1571841725.566,840,421,None,Move,browsing
1571841725.5779998,838,423,None,Move,browsing
1571841725.59,838,423,None,Move,browsing
1571841726.153,838,424,None,Move,browsing
1571841727.6239998,837,424,None,Move,browsing
1571841727.7410002,837,424,None,Move,browsing
1571841727.7610002,836,424,None,Move,browsing
1571841727.7729998,836,423,None,Move,browsing
1571841727.791,831,419,None,Move,browsing
1571841727.809,829,417,None,Move,browsing
1571841727.831,829,417,None,Move,browsing
1571841728.543,829,415,None,Move,browsing
1571841728.569,829,414,None,Move,browsing
1571841728.596,826,414,None,Move,browsing
1571841728.617,824,414,None,Move,browsing
1571841728.637,823,414,None,Move,browsing
1571841728.659,823,414,None,Move,browsing
1571841728.6820002,821,414,None,Move,browsing
1571841728.745,820,414,None,Move,browsing
1571841728.775,820,414,None,Move,browsing
1571841728.811,819,414,None,Move,browsing
1571841728.8279998,818,415,None,Move,browsing
1571841728.887,818,415,None,Move,browsing
1571841728.941,816,415,None,Move,browsing
1571841729.082,815,414,None,Move,browsing
1571841729.1220002,815,414,None,Move,browsing
1571841729.235,815,414,None,Move,browsing
1571841729.531,815,414,None,Move,browsing
1571841730.111,816,414,None,Move,browsing
1571841730.13,815,413,None,Move,browsing
1571841730.1520002,803,405,None,Move,browsing
1571841730.171,795,400,None,Move,browsing
1571841730.191,786,394,None,Move,browsing
1571841730.212,779,388,None,Move,browsing
1571841730.232,777,382,None,Move,browsing
1571841730.252,774,376,None,Move,browsing
1571841730.271,766,363,None,Move,browsing
1571841730.291,762,358,None,Move,browsing
1571841730.311,757,351,None,Move,browsing
1571841730.33,754,347,None,Move,browsing
1571841730.351,752,346,None,Move,browsing
1571841730.377,750,343,None,Move,browsing
1571841730.404,747,340,None,Move,browsing
1571841730.421,745,337,None,Move,browsing
1571841730.434,741,334,None,Move,browsing
1571841730.449,741,333,None,Move,browsing
1571841730.462,740,330,None,Move,browsing
1571841730.476,739,329,None,Move,browsing
1571841730.49,739,327,None,Move,browsing
1571841730.504,737,325,None,Move,browsing
1571841730.518,736,319,None,Move,browsing
1571841730.532,736,319,None,Move,browsing
1571841730.546,736,317,None,Move,browsing
1571841730.559,736,316,None,Move,browsing
1571841730.572,735,313,None,Move,browsing
1571841730.586,735,310,None,Move,browsing
1571841730.6120002,735,308,None,Move,browsing
1571841730.631,735,306,None,Move,browsing
1571841730.64,737,304,None,Move,browsing
1571841730.65,738,302,None,Move,browsing
1571841730.66,740,301,None,Move,browsing
1571841730.671,744,299,None,Move,browsing
1571841730.6820002,746,298,None,Move,browsing
1571841730.691,748,297,None,Move,browsing
1571841730.7,753,294,None,Move,browsing
1571841730.71,758,293,None,Move,browsing
1571841730.722,764,291,None,Move,browsing
1571841730.732,764,291,None,Move,browsing
1571841730.742,770,290,None,Move,browsing
1571841730.7510002,775,290,None,Move,browsing
1571841730.762,784,287,None,Move,browsing
1571841730.771,792,286,None,Move,browsing
1571841730.78,794,286,None,Move,browsing
1571841730.791,804,284,None,Move,browsing
1571841730.801,811,283,None,Move,browsing
1571841730.811,818,283,None,Move,browsing
1571841730.821,820,283,None,Move,browsing
1571841730.83,827,280,None,Move,browsing
1571841730.839,834,280,None,Move,browsing
1571841730.85,835,280,None,Move,browsing
1571841730.859,845,280,None,Move,browsing
1571841730.8779998,854,278,None,Move,browsing
1571841730.894,863,276,None,Move,browsing
1571841730.9020002,864,276,None,Move,browsing
1571841730.91,867,274,None,Move,browsing
1571841730.916,869,273,None,Move,browsing
1571841730.924,870,272,None,Move,browsing
1571841730.9320002,872,271,None,Move,browsing
1571841730.952,875,269,None,Move,browsing
1571841730.9629998,876,269,None,Move,browsing
1571841730.972,877,268,None,Move,browsing
1571841730.98,878,268,None,Move,browsing
1571841730.988,880,266,None,Move,browsing
1571841730.995,881,266,None,Move,browsing
1571841731.0029998,883,264,None,Move,browsing
1571841731.0129998,883,264,None,Move,browsing
1571841731.02,884,263,None,Move,browsing
1571841731.029,886,261,None,Move,browsing
1571841731.043,887,259,None,Move,browsing
1571841731.052,888,259,None,Move,browsing
1571841731.062,888,258,None,Move,browsing
1571841731.084,890,257,None,Move,browsing
1571841731.24,890,257,Left,Pressed,browsing
1571841731.371,890,257,Left,Released,browsing
1571841731.599,890,257,None,Move,browsing
1571841731.6079998,889,259,None,Move,browsing
1571841731.6220002,889,260,None,Move,browsing
1571841731.635,889,261,None,Move,browsing
1571841731.6420002,888,262,None,Move,browsing
1571841731.651,888,263,None,Move,browsing
1571841731.66,888,264,None,Move,browsing
1571841731.668,887,266,None,Move,browsing
1571841731.677,885,268,None,Move,browsing
1571841731.685,885,268,None,Move,browsing
1571841731.6929998,885,270,None,Move,browsing
1571841731.701,883,274,None,Move,browsing
1571841731.709,883,275,None,Move,browsing
1571841731.718,882,280,None,Move,browsing
1571841731.725,882,281,None,Move,browsing
1571841731.732,880,287,None,Move,browsing
1571841731.74,880,288,None,Move,browsing
1571841731.7470002,879,290,None,Move,browsing
1571841731.754,879,293,None,Move,browsing
1571841731.7610002,879,293,None,Move,browsing
1571841731.77,878,295,None,Move,browsing
1571841731.778,877,296,None,Move,browsing
1571841731.786,876,299,None,Move,browsing
1571841731.7970002,875,299,None,Move,browsing
1571841731.803,875,300,None,Move,browsing
1571841731.813,874,301,None,Move,browsing
1571841731.827,874,301,None,Move,browsing
1571841732.208,874,301,None,Move,browsing
1571841732.2270002,875,302,None,Move,browsing
1571841732.245,875,302,None,Move,browsing
1571841732.265,876,302,None,Move,browsing
1571841732.283,878,304,None,Move,browsing
1571841732.302,879,305,None,Move,browsing
1571841732.331,879,305,None,Move,browsing
1571841732.356,880,306,None,Move,browsing
1571841732.406,880,306,None,Move,browsing
1571841732.4929998,880,307,None,Move,browsing
1571841732.5110002,880,308,None,Move,browsing
1571841732.532,880,308,None,Move,browsing
1571841732.569,879,310,None,Move,browsing
1571841732.587,879,311,None,Move,browsing
1571841732.679,879,311,None,Move,browsing
1571841732.706,878,312,None,Move,browsing
1571841733.066,878,312,None,Move,browsing
1571841733.209,877,313,None,Move,browsing
1571841733.232,877,313,None,Move,browsing
1571841733.255,876,313,None,Move,browsing
1571841733.2729998,875,315,None,Move,browsing
1571841733.292,875,315,None,Move,browsing
1571841733.312,874,315,None,Move,browsing
1571841733.33,873,315,None,Move,browsing
1571841733.5070002,872,315,None,Move,browsing
1571841733.526,871,315,None,Move,browsing
1571841733.5470002,870,316,None,Move,browsing
1571841733.673,870,316,None,Move,browsing
1571841733.688,869,316,None,Move,browsing
1571841733.7229998,868,316,None,Move,browsing
1571841733.734,867,317,None,Move,browsing
1571841733.7589998,867,318,None,Move,browsing
1571841733.772,866,318,None,Move,browsing
1571841733.813,866,319,None,Move,browsing
1571841733.824,865,320,None,Move,browsing
1571841733.839,865,321,None,Move,browsing
1571841733.8520002,864,322,None,Move,browsing
1571841733.8639998,864,324,None,Move,browsing
1571841733.8739998,863,325,None,Move,browsing
1571841733.8860002,862,327,None,Move,browsing
1571841733.897,861,327,None,Move,browsing
1571841733.91,861,329,None,Move,browsing
1571841733.924,859,333,None,Move,browsing
1571841733.936,859,333,None,Move,browsing
1571841733.948,857,335,None,Move,browsing
1571841733.959,857,336,None,Move,browsing
1571841733.97,857,338,None,Move,browsing
1571841733.981,857,339,None,Move,browsing
1571841733.994,857,340,None,Move,browsing
1571841734.006,857,341,None,Move,browsing
1571841734.0170002,857,341,None,Move,browsing
1571841734.0270002,857,343,None,Move,browsing
1571841734.038,857,345,None,Move,browsing
1571841734.05,857,345,None,Move,browsing
1571841734.06,857,346,None,Move,browsing
1571841734.076,857,348,None,Move,browsing
1571841734.087,856,348,None,Move,browsing
1571841734.099,854,349,None,Move,browsing
1571841734.109,852,349,None,Move,browsing
1571841734.12,849,351,None,Move,browsing
1571841734.448,849,351,None,Move,browsing
1571841734.474,850,350,None,Move,browsing
1571841734.504,850,349,None,Move,browsing
1571841734.518,850,349,None,Move,browsing
1571841734.717,850,349,None,Move,browsing
1571841734.738,848,349,None,Move,browsing
1571841734.7570002,847,350,None,Move,browsing
1571841734.776,847,350,None,Move,browsing
1571841734.7970002,846,350,None,Move,browsing
1571841734.836,846,350,None,Move,browsing
1571841734.863,845,350,None,Move,browsing
1571841734.881,844,350,None,Move,browsing
1571841734.9,843,351,None,Move,browsing
1571841734.92,842,352,None,Move,browsing
1571841734.94,841,353,None,Move,browsing
1571841734.979,840,353,None,Move,browsing
1571841734.998,839,353,None,Move,browsing
1571841735.085,838,353,None,Move,browsing
1571841735.151,838,353,None,Move,browsing
1571841735.2410002,837,353,None,Move,browsing
1571841735.2610002,837,354,None,Move,browsing
1571841735.28,836,355,None,Move,browsing
1571841735.301,836,356,None,Move,browsing
1571841735.321,835,356,None,Move,browsing
1571841735.532,834,357,None,Move,browsing
1571841736.563,834,357,None,Move,browsing
1571841736.571,833,358,None,Move,browsing
1571841736.6020002,833,358,None,Move,browsing
1571841737.072,833,360,None,Move,browsing
1571841737.097,828,360,None,Move,browsing
1571841737.119,824,359,None,Move,browsing
1571841737.1420002,821,358,None,Move,browsing
1571841737.164,818,358,None,Move,browsing
1571841737.187,815,356,None,Move,browsing
1571841737.21,810,355,None,Move,browsing
1571841737.2329998,801,353,None,Move,browsing
1571841737.255,784,350,None,Move,browsing
1571841737.28,756,346,None,Move,browsing
1571841737.312,715,339,None,Move,browsing
1571841737.3279998,701,335,None,Move,browsing
1571841737.343,683,334,None,Move,browsing
1571841737.36,664,331,None,Move,browsing
1571841737.3839998,651,330,None,Move,browsing
1571841737.4,638,330,None,Move,browsing
1571841737.416,629,330,None,Move,browsing
1571841737.4329998,621,331,None,Move,browsing
1571841737.45,616,334,None,Move,browsing
1571841737.466,613,337,None,Move,browsing
1571841737.782,613,337,None,Move,browsing
1571841737.805,611,336,None,Move,browsing
1571841737.825,607,332,None,Move,browsing
1571841737.8479998,607,331,None,Move,browsing
1571841737.871,605,328,None,Move,browsing
1571841737.8920002,596,320,None,Move,browsing
1571841737.9120002,591,318,None,Move,browsing
1571841737.934,583,312,None,Move,browsing
1571841737.957,578,307,None,Move,browsing
1571841737.98,568,303,None,Move,browsing
1571841738.002,561,299,None,Move,browsing
1571841738.025,554,294,None,Move,browsing
1571841738.048,550,291,None,Move,browsing
1571841738.074,543,286,None,Move,browsing
1571841738.092,541,285,None,Move,browsing
1571841738.103,540,284,None,Move,browsing
1571841738.113,540,284,None,Move,browsing
1571841738.125,540,282,None,Move,browsing
1571841738.1339998,539,282,None,Move,browsing
1571841738.145,539,281,None,Move,browsing
1571841738.156,539,280,None,Move,browsing
1571841738.166,538,278,None,Move,browsing
1571841738.175,537,277,None,Move,browsing
1571841738.185,537,276,None,Move,browsing
1571841738.198,537,274,None,Move,browsing
1571841738.21,537,274,None,Move,browsing
1571841738.222,537,273,None,Move,browsing
1571841738.234,535,270,None,Move,browsing
1571841738.2470002,534,266,None,Move,browsing
1571841738.2589998,533,263,None,Move,browsing
1571841738.272,533,262,None,Move,browsing
1571841740.1320002,531,262,None,Move,browsing
1571841740.146,529,261,None,Move,browsing
1571841740.16,516,258,None,Move,browsing
1571841740.173,510,256,None,Move,browsing
1571841740.187,507,256,None,Move,browsing
1571841740.201,504,255,None,Move,browsing
1571841740.2129998,503,255,None,Move,browsing
1571841740.226,503,255,None,Move,browsing
1571841740.2370002,502,254,None,Move,browsing
1571841740.41,501,254,None,Move,browsing
1571841740.428,501,251,None,Move,browsing
1571841740.449,501,232,None,Move,browsing
1571841740.471,500,206,None,Move,browsing
1571841740.4929998,500,188,None,Move,browsing
1571841740.516,493,167,None,Move,browsing
1571841740.552,484,143,None,Move,browsing
1571841740.577,481,138,None,Move,browsing
1571841740.627,481,137,None,Move,browsing
1571841740.6520002,479,137,None,Move,browsing
1571841740.6720002,478,137,None,Move,browsing
1571841740.855,478,137,None,Move,browsing
1571841740.896,476,139,None,Move,browsing
1571841740.92,476,140,None,Move,browsing
1571841741.2389998,476,140,None,Move,browsing
1571841741.2589998,476,142,None,Move,browsing
1571841741.279,476,143,None,Move,browsing
1571841741.302,476,145,None,Move,browsing
1571841741.485,476,146,None,Move,browsing
1571841741.5110002,476,147,None,Move,browsing
1571841741.539,476,150,None,Move,browsing
1571841741.554,476,153,None,Move,browsing
1571841741.5679998,476,156,None,Move,browsing
1571841741.581,478,159,None,Move,browsing
1571841741.596,480,163,None,Move,browsing
1571841741.6120002,481,169,None,Move,browsing
1571841741.6320002,485,177,None,Move,browsing
1571841741.651,488,184,None,Move,browsing
1571841741.663,489,187,None,Move,browsing
1571841741.678,492,197,None,Move,browsing
1571841741.696,495,207,None,Move,browsing
1571841741.71,495,221,None,Move,browsing
1571841741.724,496,232,None,Move,browsing
1571841741.738,496,237,None,Move,browsing
1571841741.752,496,245,None,Move,browsing
1571841741.765,496,254,None,Move,browsing
1571841741.7770002,496,260,None,Move,browsing
1571841741.793,496,271,None,Move,browsing
1571841741.81,493,283,None,Move,browsing
1571841741.827,492,287,None,Move,browsing
1571841741.84,490,292,None,Move,browsing
1571841741.85,488,298,None,Move,browsing
1571841741.863,488,300,None,Move,browsing
1571841741.8739998,487,304,None,Move,browsing
1571841741.883,487,305,None,Move,browsing
1571841741.893,487,306,None,Move,browsing
1571841741.904,487,307,None,Move,browsing
1571841741.913,487,308,None,Move,browsing
1571841741.925,486,309,None,Move,browsing
1571841741.938,486,309,None,Move,browsing
1571841741.948,486,311,None,Move,browsing
1571841741.978,486,312,None,Move,browsing
1571841742.061,486,312,None,Move,browsing
1571841742.462,486,313,None,Move,browsing
1571841742.61,486,314,None,Move,browsing
1571841742.644,487,317,None,Move,browsing
1571841742.6820002,488,321,None,Move,browsing
1571841742.709,489,325,None,Move,browsing
1571841742.724,491,327,None,Move,browsing
1571841742.7370002,491,331,None,Move,browsing
1571841742.75,492,333,None,Move,browsing
1571841742.7610002,492,334,None,Move,browsing
1571841742.7729998,493,337,None,Move,browsing
1571841742.7870002,493,339,None,Move,browsing
1571841742.8,493,339,None,Move,browsing
1571841742.815,493,343,None,Move,browsing
1571841742.826,493,344,None,Move,browsing
1571841742.837,493,348,None,Move,browsing
1571841742.849,493,349,None,Move,browsing
1571841742.861,493,351,None,Move,browsing
1571841742.873,493,352,None,Move,browsing
1571841742.896,493,353,None,Move,browsing
1571841742.926,493,354,None,Move,browsing
1571841742.962,493,354,None,Move,browsing
1571841743.2970002,493,354,None,Move,browsing
1571841743.322,494,354,None,Move,browsing
1571841743.3479998,495,354,None,Move,browsing
1571841743.373,496,354,None,Move,browsing
1571841743.457,496,353,None,Move,browsing
1571841743.482,496,351,None,Move,browsing
1571841743.5129998,496,350,None,Move,browsing
1571841743.603,496,349,None,Move,browsing
1571841743.708,496,348,None,Move,browsing
1571841743.76,496,347,None,Move,browsing
1571841743.794,496,347,None,Move,browsing
1571841743.8660002,496,346,None,Move,browsing
1571841743.8820002,496,346,None,Move,browsing
1571841743.911,496,345,None,Move,browsing
1571841743.926,496,344,None,Move,browsing
1571841743.9429998,496,343,None,Move,browsing
1571841743.967,496,342,None,Move,browsing
1571841743.982,496,341,None,Move,browsing
1571841743.996,496,340,None,Move,browsing
1571841744.012,496,339,None,Move,browsing
1571841744.026,496,337,None,Move,browsing
1571841744.041,496,335,None,Move,browsing
1571841744.0570002,496,333,None,Move,browsing
1571841744.072,496,332,None,Move,browsing
1571841744.089,496,330,None,Move,browsing
1571841744.103,496,329,None,Move,browsing
1571841744.119,496,326,None,Move,browsing
1571841744.133,495,324,None,Move,browsing
1571841744.149,494,322,None,Move,browsing
1571841744.165,494,320,None,Move,browsing
1571841744.181,493,319,None,Move,browsing
1571841744.196,493,318,None,Move,browsing
1571841744.211,492,318,None,Move,browsing
1571841744.228,492,317,None,Move,browsing
1571841744.246,490,313,None,Move,browsing
1571841744.2610002,487,310,None,Move,browsing
1571841744.278,484,307,None,Move,browsing
1571841744.296,480,306,None,Move,browsing
1571841744.312,477,304,None,Move,browsing
1571841744.33,470,300,None,Move,browsing
1571841744.347,463,298,None,Move,browsing
1571841744.365,457,296,None,Move,browsing
1571841744.3820002,457,296,None,Move,browsing
1571841744.47,456,296,None,Move,browsing
1571841744.481,456,296,None,Move,browsing
1571841745.1620002,454,296,None,Move,browsing
1571841745.176,454,296,None,Move,browsing
1571841745.186,453,296,None,Move,browsing
1571841745.236,453,296,None,Move,browsing
1571841746.161,452,297,None,Move,browsing
1571841746.181,452,298,None,Move,browsing
1571841746.559,451,298,None,Move,browsing
1571841746.584,450,298,None,Move,browsing
1571841746.9629998,450,299,None,Move,browsing
1571841746.9829998,449,300,None,Move,browsing
1571841748.066,449,300,None,Move,browsing
1571841748.0779998,449,300,None,Move,browsing
1571841748.1160002,449,299,None,Move,browsing
1571841748.1320002,449,299,None,Move,browsing
1571841748.143,450,298,None,Move,browsing
1571841748.1520002,451,298,None,Move,browsing
1571841748.1620002,452,298,None,Move,browsing
1571841748.1720002,455,298,None,Move,browsing
1571841748.1820002,455,298,None,Move,browsing
1571841748.191,460,297,None,Move,browsing
1571841748.201,461,297,None,Move,browsing
1571841748.212,469,297,None,Move,browsing
1571841748.222,474,297,None,Move,browsing
1571841748.232,486,297,None,Move,browsing
1571841748.2429998,499,297,None,Move,browsing
1571841748.254,501,297,None,Move,browsing
1571841748.265,508,297,None,Move,browsing
1571841748.279,525,297,None,Move,browsing
1571841748.29,540,294,None,Move,browsing
1571841748.298,548,294,None,Move,browsing
1571841748.3079998,560,293,None,Move,browsing
1571841748.315,562,293,None,Move,browsing
1571841748.324,571,293,None,Move,browsing
1571841748.333,573,293,None,Move,browsing
1571841748.34,576,293,None,Move,browsing
1571841748.3479998,581,293,None,Move,browsing
1571841748.357,582,293,None,Move,browsing
1571841748.3639998,583,293,None,Move,browsing
1571841748.4870002,584,293,None,Move,browsing
1571841748.5070002,585,293,None,Move,browsing
1571841748.529,588,293,None,Move,browsing
1571841748.549,592,293,None,Move,browsing
1571841748.569,598,293,None,Move,browsing
1571841748.591,599,294,None,Move,browsing
1571841748.619,602,294,None,Move,browsing
1571841748.646,602,294,None,Move,browsing
1571841748.663,605,295,None,Move,browsing
1571841748.6820002,607,296,None,Move,browsing
1571841748.695,608,296,None,Move,browsing
1571841748.707,609,296,None,Move,browsing
1571841748.715,610,297,None,Move,browsing
1571841748.726,612,298,None,Move,browsing
1571841748.736,612,299,None,Move,browsing
1571841748.809,613,300,None,Move,browsing
1571841748.8179998,613,301,None,Move,browsing
1571841748.8379998,614,301,None,Move,browsing
1571841749.087,614,301,None,Move,browsing
1571841749.207,614,301,None,Move,browsing
1571841749.2229998,613,301,None,Move,browsing
1571841749.2410002,611,301,None,Move,browsing
1571841749.2570002,610,301,None,Move,browsing
1571841749.405,610,301,None,Move,browsing
1571841749.424,609,302,None,Move,browsing
1571841749.51,609,302,None,Move,browsing
1571841749.67,609,302,Left,Pressed,browsing
1571841749.7870002,609,302,Left,Released,browsing
1571841750.765,608,302,None,Move,browsing
1571841750.801,608,302,None,Move,browsing
1571841750.82,608,302,None,Move,browsing
1571841750.834,608,302,None,Move,browsing
1571841750.85,609,300,None,Move,browsing
1571841750.8720002,609,298,None,Move,browsing
1571841750.891,611,297,None,Move,browsing
1571841750.91,612,295,None,Move,browsing
1571841750.929,614,293,None,Move,browsing
1571841750.961,617,290,None,Move,browsing
1571841750.967,618,290,None,Move,browsing
1571841750.99,622,285,None,Move,browsing
1571841751.0110002,625,280,None,Move,browsing
1571841751.033,630,271,None,Move,browsing
1571841751.053,631,267,None,Move,browsing
1571841751.074,634,260,None,Move,browsing
1571841751.103,638,254,None,Move,browsing
1571841751.125,641,251,None,Move,browsing
1571841751.144,645,242,None,Move,browsing
1571841751.157,651,234,None,Move,browsing
1571841751.171,653,231,None,Move,browsing
1571841751.187,656,228,None,Move,browsing
1571841751.201,657,226,None,Move,browsing
1571841751.215,658,225,None,Move,browsing
1571841751.228,658,224,None,Move,browsing
1571841751.2410002,659,222,None,Move,browsing
1571841751.255,659,221,None,Move,browsing
1571841751.269,660,218,None,Move,browsing
1571841751.282,662,215,None,Move,browsing
1571841751.295,662,215,None,Move,browsing
1571841751.309,664,210,None,Move,browsing
1571841751.321,665,207,None,Move,browsing
1571841751.334,665,207,None,Move,browsing
1571841751.351,666,205,None,Move,browsing
1571841751.363,666,203,None,Move,browsing
1571841751.3760002,667,200,None,Move,browsing
1571841751.39,668,199,None,Move,browsing
1571841751.405,668,197,None,Move,browsing
1571841751.419,668,194,None,Move,browsing
1571841751.4329998,669,192,None,Move,browsing
1571841751.447,671,189,None,Move,browsing
1571841751.46,671,187,None,Move,browsing
1571841751.4729998,671,184,None,Move,browsing
1571841751.4870002,673,183,None,Move,browsing
1571841751.5010002,674,181,None,Move,browsing
1571841751.515,674,180,None,Move,browsing
1571841751.528,675,177,None,Move,browsing
1571841751.541,675,176,None,Move,browsing
1571841751.556,676,174,None,Move,browsing
1571841751.57,676,171,None,Move,browsing
1571841751.584,678,164,None,Move,browsing
1571841751.5979998,678,163,None,Move,browsing
1571841751.611,678,159,None,Move,browsing
1571841751.6260002,681,154,None,Move,browsing
1571841751.64,681,152,None,Move,browsing
1571841751.654,681,150,None,Move,browsing
1571841751.9120002,681,150,Left,Pressed,browsing
1571841752.0170002,681,150,Left,Released,browsing
1571841752.2529998,681,150,None,Move,browsing
1571841752.269,681,150,None,Move,browsing
1571841752.285,681,152,None,Move,browsing
1571841752.303,683,156,None,Move,browsing
1571841752.322,683,161,None,Move,browsing
1571841752.34,687,171,None,Move,browsing
1571841752.359,690,175,None,Move,browsing
1571841752.3760002,692,181,None,Move,browsing
1571841752.4,698,188,None,Move,browsing
1571841752.425,704,209,None,Move,browsing
1571841752.44,706,217,None,Move,browsing
1571841752.459,710,232,None,Move,browsing
1571841752.472,714,250,None,Move,browsing
1571841752.485,720,281,None,Move,browsing
1571841752.4970002,721,284,None,Move,browsing
1571841752.508,725,302,None,Move,browsing
1571841752.522,727,308,None,Move,browsing
1571841752.532,730,321,None,Move,browsing
1571841752.542,733,330,None,Move,browsing
1571841752.553,733,331,None,Move,browsing
1571841752.566,735,343,None,Move,browsing
1571841752.5779998,737,345,None,Move,browsing
1571841752.589,738,349,None,Move,browsing
1571841752.6,738,350,None,Move,browsing
1571841752.611,739,350,None,Move,browsing
1571841752.6220002,739,351,None,Move,browsing
1571841752.6320002,739,353,None,Move,browsing
1571841752.6479998,739,355,None,Move,browsing
1571841752.66,739,357,None,Move,browsing
1571841752.6720002,741,364,None,Move,browsing
1571841752.6820002,743,369,None,Move,browsing
1571841752.6929998,748,381,None,Move,browsing
1571841752.7029998,753,388,None,Move,browsing
1571841752.715,753,390,None,Move,browsing
1571841752.7270002,764,403,None,Move,browsing
1571841752.7370002,764,406,None,Move,browsing
1571841752.7470002,771,415,None,Move,browsing
1571841752.758,772,417,None,Move,browsing
1571841752.7670002,776,422,None,Move,browsing
1571841752.7770002,783,435,None,Move,browsing
1571841752.7870002,788,445,None,Move,browsing
1571841752.798,791,448,None,Move,browsing
1571841752.8079998,792,450,None,Move,browsing
1571841752.8170002,799,461,None,Move,browsing
1571841752.8279998,804,469,None,Move,browsing
1571841752.8379998,805,473,None,Move,browsing
1571841752.8479998,808,475,None,Move,browsing
1571841752.859,816,480,None,Move,browsing
1571841752.87,820,482,None,Move,browsing
1571841752.879,820,482,None,Move,browsing
1571841752.89,822,482,None,Move,browsing
1571841752.9,823,482,None,Move,browsing
1571841752.91,825,482,None,Move,browsing
1571841752.92,825,482,None,Move,browsing
1571841752.931,826,482,None,Move,browsing
1571841752.94,827,482,None,Move,browsing
1571841752.95,829,482,None,Move,browsing
1571841752.964,830,481,None,Move,browsing
1571841752.975,832,481,None,Move,browsing
1571841752.985,834,481,None,Move,browsing
1571841753.0,834,481,None,Move,browsing
1571841753.0110002,835,481,None,Move,browsing
1571841753.07,835,481,None,Move,browsing
1571841753.081,836,481,None,Move,browsing
1571841753.091,837,481,None,Move,browsing
1571841753.1020002,837,481,None,Move,browsing
1571841753.1120002,838,481,None,Move,browsing
1571841753.1260002,838,481,None,Move,browsing
1571841754.936,838,481,Left,Pressed,browsing
1571841755.113,838,481,Left,Released,browsing
1571841755.265,839,481,None,Move,browsing
1571841755.286,837,481,None,Move,browsing
1571841755.3079998,831,482,None,Move,browsing
1571841755.331,825,482,None,Move,browsing
1571841755.353,819,483,None,Move,browsing
1571841755.37,817,483,None,Move,browsing
1571841755.3820002,812,484,None,Move,browsing
1571841755.393,806,484,None,Move,browsing
1571841755.404,803,484,None,Move,browsing
1571841755.415,799,484,None,Move,browsing
1571841755.426,798,484,None,Move,browsing
1571841755.436,790,484,None,Move,browsing
1571841755.447,786,484,None,Move,browsing
1571841755.458,773,484,None,Move,browsing
1571841755.469,769,484,None,Move,browsing
1571841755.479,763,484,None,Move,browsing
1571841755.4929998,749,484,None,Move,browsing
1571841755.5029998,747,484,None,Move,browsing
1571841755.515,740,484,None,Move,browsing
1571841755.526,735,484,None,Move,browsing
1571841755.5370002,728,484,None,Move,browsing
1571841755.55,724,484,None,Move,browsing
1571841755.562,714,484,None,Move,browsing
1571841755.574,705,484,None,Move,browsing
1571841755.585,703,484,None,Move,browsing
1571841755.597,694,483,None,Move,browsing
1571841755.6079998,686,481,None,Move,browsing
1571841755.6179998,671,477,None,Move,browsing
1571841755.63,664,476,None,Move,browsing
1571841755.64,654,475,None,Move,browsing
1571841755.651,645,473,None,Move,browsing
1571841755.663,631,469,None,Move,browsing
1571841755.675,619,468,None,Move,browsing
1571841755.688,616,467,None,Move,browsing
1571841755.699,611,466,None,Move,browsing
1571841755.709,609,466,None,Move,browsing
1571841755.72,607,466,None,Move,browsing
1571841755.795,607,465,None,Move,browsing
1571841755.814,607,465,None,Move,browsing
1571841755.836,620,460,None,Move,browsing
1571841755.86,639,455,None,Move,browsing
1571841755.8820002,658,451,None,Move,browsing
1571841755.9020002,683,450,None,Move,browsing
1571841755.924,703,450,None,Move,browsing
1571841755.945,728,450,None,Move,browsing
1571841755.967,747,452,None,Move,browsing
1571841755.988,758,453,None,Move,browsing
1571841756.01,767,454,None,Move,browsing
1571841756.031,770,454,None,Move,browsing
1571841756.053,771,454,None,Move,browsing
1571841756.074,776,455,None,Move,browsing
1571841756.097,784,455,None,Move,browsing
1571841756.117,787,455,None,Move,browsing
1571841756.141,790,457,None,Move,browsing
1571841756.167,793,457,None,Move,browsing
1571841756.199,794,457,None,Move,browsing
1571841756.272,795,457,None,Move,browsing
1571841756.293,796,457,None,Move,browsing
1571841756.3179998,797,457,None,Move,browsing
1571841756.3679998,797,457,None,Move,browsing
1571841756.48,798,457,None,Move,browsing
1571841756.5,799,457,None,Move,browsing
1571841756.521,800,457,None,Move,browsing
1571841756.541,801,457,None,Move,browsing
1571841756.62,801,457,None,Move,browsing
1571841756.647,803,457,None,Move,browsing
1571841756.674,804,457,None,Move,browsing
1571841756.7029998,806,457,None,Move,browsing
1571841756.756,806,456,None,Move,browsing
1571841756.784,805,455,None,Move,browsing
1571841756.8170002,796,451,None,Move,browsing
1571841756.851,780,449,None,Move,browsing
1571841756.88,766,445,None,Move,browsing
1571841756.904,762,445,None,Move,browsing
1571841756.948,762,445,None,Move,browsing
1571841756.971,766,445,None,Move,browsing
1571841756.9910002,774,445,None,Move,browsing
1571841757.0129998,780,445,None,Move,browsing
1571841757.035,787,445,None,Move,browsing
1571841757.0570002,796,445,None,Move,browsing
1571841757.081,806,445,None,Move,browsing
1571841757.1020002,813,445,None,Move,browsing
1571841757.125,823,445,None,Move,browsing
1571841757.147,837,445,None,Move,browsing
1571841757.168,843,445,None,Move,browsing
1571841757.181,845,445,None,Move,browsing
1571841757.194,847,445,None,Move,browsing
1571841757.221,848,445,None,Move,browsing
1571841757.2370002,850,445,None,Move,browsing
1571841757.25,851,445,None,Move,browsing
1571841757.264,854,445,None,Move,browsing
1571841757.278,857,445,None,Move,browsing
1571841757.291,860,445,None,Move,browsing
1571841757.3079998,867,446,None,Move,browsing
1571841757.321,868,446,None,Move,browsing
1571841757.334,873,446,None,Move,browsing
1571841757.347,877,447,None,Move,browsing
1571841757.363,879,447,None,Move,browsing
1571841757.379,880,447,None,Move,browsing
1571841757.404,882,447,None,Move,browsing
1571841757.415,882,447,None,Move,browsing
1571841757.424,883,448,None,Move,browsing
1571841757.435,885,448,None,Move,browsing
1571841757.4429998,885,448,None,Move,browsing
1571841757.452,886,448,None,Move,browsing
1571841757.4829998,888,448,None,Move,browsing
1571841757.49,889,448,None,Move,browsing
1571841757.4989998,890,449,None,Move,browsing
1571841757.51,891,449,None,Move,browsing
1571841757.528,892,449,None,Move,browsing
1571841757.539,893,449,None,Move,browsing
1571841757.548,894,449,None,Move,browsing
1571841757.555,894,449,None,Move,browsing
1571841757.565,895,449,None,Move,browsing
1571841757.583,896,449,None,Move,browsing
1571841757.593,897,449,None,Move,browsing
1571841757.601,898,449,None,Move,browsing
1571841757.611,898,449,None,Move,browsing
1571841757.62,899,449,None,Move,browsing
1571841757.644,900,449,None,Move,browsing
1571841757.664,900,449,None,Move,browsing
1571841757.671,901,449,None,Move,browsing
1571841757.7,901,449,None,Move,browsing
1571841757.7370002,902,449,None,Move,browsing
1571841757.7670002,902,449,None,Move,browsing
1571841757.791,903,449,None,Move,browsing
1571841757.809,904,449,None,Move,browsing
1571841757.837,905,449,None,Move,browsing
1571841757.856,906,449,None,Move,browsing
1571841757.879,908,449,None,Move,browsing
1571841758.4020002,908,449,Left,Pressed,browsing
1571841758.528,908,449,Left,Released,browsing
1571841758.6239998,908,449,None,Move,browsing
1571841758.6320002,908,449,None,Move,browsing
1571841758.641,906,449,None,Move,browsing
1571841758.65,904,449,None,Move,browsing
1571841758.657,899,449,None,Move,browsing
1571841758.664,896,449,None,Move,browsing
1571841758.671,891,449,None,Move,browsing
1571841758.679,884,449,None,Move,browsing
1571841758.685,876,449,None,Move,browsing
1571841758.695,864,449,None,Move,browsing
1571841758.702,860,449,None,Move,browsing
1571841758.712,851,449,None,Move,browsing
1571841758.721,842,449,None,Move,browsing
1571841758.728,831,449,None,Move,browsing
1571841758.738,816,449,None,Move,browsing
1571841758.7470002,813,449,None,Move,browsing
1571841758.756,798,449,None,Move,browsing
1571841758.765,789,449,None,Move,browsing
1571841758.774,773,449,None,Move,browsing
1571841758.783,771,449,None,Move,browsing
1571841758.792,765,449,None,Move,browsing
1571841758.802,758,449,None,Move,browsing
1571841758.81,751,449,None,Move,browsing
1571841758.82,734,449,None,Move,browsing
1571841758.83,724,449,None,Move,browsing
1571841758.841,715,449,None,Move,browsing
1571841758.8520002,704,449,None,Move,browsing
1571841758.86,676,449,None,Move,browsing
1571841758.8679998,670,449,None,Move,browsing
1571841758.8760002,655,449,None,Move,browsing
1571841758.8839998,639,449,None,Move,browsing
1571841758.893,622,449,None,Move,browsing
1571841758.9020002,587,449,None,Move,browsing
1571841758.911,578,449,None,Move,browsing
1571841758.921,570,449,None,Move,browsing
1571841758.929,562,449,None,Move,browsing
1571841758.939,559,449,None,Move,browsing
1571841758.948,559,449,None,Move,browsing
1571841758.955,558,449,None,Move,browsing
1571841758.962,557,449,None,Move,browsing
1571841759.012,557,449,None,Move,browsing
1571841759.026,555,449,None,Move,browsing
1571841759.041,552,449,None,Move,browsing
1571841759.0570002,544,445,None,Move,browsing
1571841759.073,536,442,None,Move,browsing
1571841759.092,529,439,None,Move,browsing
1571841759.107,520,435,None,Move,browsing
1571841759.1220002,509,431,None,Move,browsing
1571841759.137,506,428,None,Move,browsing
1571841759.153,493,420,None,Move,browsing
1571841759.168,489,417,None,Move,browsing
1571841759.186,485,413,None,Move,browsing
1571841759.2029998,484,413,None,Move,browsing
1571841759.218,484,411,None,Move,browsing
1571841759.236,482,406,None,Move,browsing
1571841759.2510002,482,401,None,Move,browsing
1571841759.266,482,397,None,Move,browsing
1571841759.281,480,390,None,Move,browsing
1571841759.295,478,385,None,Move,browsing
1571841759.311,477,383,None,Move,browsing
1571841759.327,477,378,None,Move,browsing
1571841759.343,477,373,None,Move,browsing
1571841759.357,477,372,None,Move,browsing
1571841759.3720002,477,370,None,Move,browsing
1571841759.3920002,477,370,None,Move,browsing
1571841759.414,477,369,None,Move,browsing
1571841759.434,477,368,None,Move,browsing
1571841759.451,478,367,None,Move,browsing
1571841759.462,478,366,None,Move,browsing
1571841759.546,479,366,None,Move,browsing
1571841759.5670002,481,365,None,Move,browsing
1571841759.593,482,365,None,Move,browsing
1571841759.6220002,482,365,None,Move,browsing
1571841759.643,483,365,None,Move,browsing
1571841759.664,485,363,None,Move,browsing
1571841759.688,494,363,None,Move,browsing
1571841759.71,508,363,None,Move,browsing
1571841759.7389998,522,363,None,Move,browsing
1571841759.76,534,363,None,Move,browsing
1571841759.7770002,537,363,None,Move,browsing
1571841759.835,537,363,None,Move,browsing
1571841759.845,538,363,None,Move,browsing
1571841780.526,539,361,None,Move,browsing
1571841780.541,438,153,None,Move,browsing
1571841784.71,438,155,None,Move,browsing
1571841784.726,446,170,None,Move,browsing
1571841784.7370002,451,179,None,Move,browsing
1571841784.745,458,186,None,Move,browsing
1571841784.7529998,464,190,None,Move,browsing
1571841784.765,482,208,None,Move,browsing
1571841784.7729998,488,215,None,Move,browsing
1571841784.785,497,232,None,Move,browsing
1571841784.798,508,246,None,Move,browsing
1571841784.8070002,516,257,None,Move,browsing
1571841784.816,523,268,None,Move,browsing
1571841784.823,531,286,None,Move,browsing
1571841784.836,542,314,None,Move,browsing
1571841784.846,575,402,None,Move,browsing
1571841784.855,613,498,None,Move,browsing
1571841784.865,619,517,None,Move,browsing
1571841784.873,633,568,None,Move,browsing
1571841784.883,646,619,None,Move,browsing
1571841784.8920002,657,660,None,Move,browsing
1571841784.901,675,716,None,Move,browsing
1571841784.9120002,678,725,None,Move,browsing
1571841784.9220002,683,734,None,Move,browsing
1571841784.93,688,741,None,Move,browsing
1571841784.94,693,744,None,Move,browsing
1571841784.947,699,750,None,Move,browsing
1571841784.958,710,754,None,Move,browsing
1571841784.968,715,758,None,Move,browsing
1571841784.9770002,716,758,None,Move,browsing
1571841784.99,717,758,None,Move,browsing
1571841785.03,717,758,None,Move,browsing
1571841785.04,717,757,None,Move,browsing
1571841785.048,716,757,None,Move,browsing
1571841785.0579998,716,757,None,Move,browsing
1571841785.066,714,756,None,Move,browsing
1571841785.087,712,755,None,Move,browsing
1571841785.097,709,751,None,Move,browsing
1571841785.11,701,740,None,Move,browsing
1571841785.1239998,679,715,None,Move,browsing
1571841785.139,666,701,None,Move,browsing
1571841785.156,656,693,None,Move,browsing
1571841785.1720002,644,690,None,Move,browsing
1571841785.188,631,688,None,Move,browsing
1571841785.205,603,688,None,Move,browsing
1571841785.222,586,688,None,Move,browsing
1571841785.2389998,546,688,None,Move,browsing
1571841785.254,537,688,None,Move,browsing
1571841785.27,523,688,None,Move,browsing
1571841785.2870002,519,688,None,Move,browsing
1571841785.302,511,688,None,Move,browsing
1571841785.319,500,688,None,Move,browsing
1571841785.3379998,469,691,None,Move,browsing
1571841785.361,440,705,None,Move,browsing
1571841785.3860002,427,716,None,Move,browsing
1571841785.405,426,717,None,Move,browsing
1571841785.427,423,721,None,Move,browsing
1571841785.461,393,738,None,Move,browsing
1571841785.476,390,739,None,Move,browsing
1571841785.49,372,744,None,Move,browsing
1571841785.5029998,358,746,None,Move,browsing
1571841785.514,357,746,None,Move,browsing
1571841785.5270002,352,746,None,Move,browsing
1571841785.538,349,746,None,Move,browsing
1571841785.551,346,746,None,Move,browsing
1571841785.561,345,746,None,Move,browsing
1571841785.572,344,748,None,Move,browsing
1571841785.586,344,748,None,Move,browsing
1571841785.596,344,749,None,Move,browsing
1571841785.606,343,749,None,Move,browsing
1571841785.6220002,342,750,None,Move,browsing
1571841785.633,341,750,None,Move,browsing
1571841785.644,338,751,None,Move,browsing
1571841785.655,336,751,None,Move,browsing
1571841785.666,332,752,None,Move,browsing
1571841785.676,330,752,None,Move,browsing
1571841785.687,324,755,None,Move,browsing
1571841785.697,320,758,None,Move,browsing
1571841785.708,318,758,None,Move,browsing
1571841785.724,315,759,None,Move,browsing
1571841785.841,315,761,None,Move,browsing
1571841785.871,315,761,Left,Pressed,browsing
1571841785.95,315,761,Left,Released,browsing
1571841786.113,315,761,None,Move,file system
1571841786.131,315,753,None,Move,file system
1571841786.149,318,742,None,Move,file system
1571841786.171,321,727,None,Move,file system
1571841786.1929998,321,714,None,Move,file system
1571841786.211,321,708,None,Move,file system
1571841786.2389998,321,701,None,Move,file system
1571841786.252,318,692,None,Move,file system
1571841786.264,314,688,None,Move,file system
1571841786.268,307,681,None,Move,file system
1571841786.279,305,679,None,Move,file system
1571841786.29,297,672,None,Move,file system
1571841786.301,296,671,None,Move,file system
1571841786.313,293,667,None,Move,file system
1571841786.323,291,665,None,Move,file system
1571841786.334,288,661,None,Move,file system
1571841786.346,286,658,None,Move,file system
1571841786.357,285,657,None,Move,file system
1571841786.3679998,282,654,None,Move,file system
1571841786.3839998,280,654,None,Move,file system
1571841786.395,278,654,None,Move,file system
1571841786.406,273,654,None,Move,file system
1571841786.417,271,654,None,Move,file system
1571841786.428,266,654,None,Move,file system
1571841786.439,257,656,None,Move,file system
1571841786.449,254,657,None,Move,file system
1571841786.459,252,658,None,Move,file system
1571841786.469,249,659,None,Move,file system
1571841786.48,246,660,None,Move,file system
1571841786.4889998,244,662,None,Move,file system
1571841786.4989998,243,663,None,Move,file system
1571841786.51,243,663,Left,Pressed,file system
1571841786.597,243,663,Left,Released,file system
1571841786.676,243,663,None,Move,office
1571841786.6929998,245,664,None,Move,office
1571841786.714,247,664,None,Move,office
1571841786.73,248,664,None,Move,office
1571841786.7470002,250,664,None,Move,office
1571841786.7610002,252,659,None,Move,office
1571841786.776,258,653,None,Move,office
1571841786.79,262,647,None,Move,office
1571841786.804,280,624,None,Move,office
1571841786.8170002,306,598,None,Move,office
1571841786.834,336,553,None,Move,office
1571841786.845,341,545,None,Move,office
1571841786.86,372,507,None,Move,office
1571841786.875,413,442,None,Move,office
1571841786.885,416,435,None,Move,office
1571841786.893,421,418,None,Move,office
1571841786.904,427,403,None,Move,office
1571841786.915,430,377,None,Move,office
1571841786.925,430,375,None,Move,office
1571841786.937,430,368,None,Move,office
1571841786.946,430,366,None,Move,office
1571841786.955,428,362,None,Move,office
1571841786.964,427,361,None,Move,office
1571841786.975,425,359,None,Move,office
1571841786.994,425,358,None,Move,office
1571841787.0029998,423,356,None,Move,office
1571841787.0129998,423,356,None,Move,office
1571841787.0229998,422,354,None,Move,office
1571841787.031,422,353,None,Move,office
1571841787.045,421,352,None,Move,office
1571841787.117,421,352,None,Move,office
1571841787.1379998,423,354,None,Move,office
1571841787.16,423,354,None,Move,office
1571841787.316,423,355,None,Move,office
1571841787.334,425,358,None,Move,office
1571841787.3520002,426,359,None,Move,office
1571841787.363,431,366,None,Move,office
1571841787.3739998,435,370,None,Move,office
1571841787.387,437,372,None,Move,office
1571841787.397,441,376,None,Move,office
1571841787.409,446,382,None,Move,office
1571841787.42,448,383,None,Move,office
1571841787.6139998,448,384,None,Move,office
1571841787.627,448,385,None,Move,office
1571841787.6379998,449,387,None,Move,office
1571841787.6479998,449,387,None,Move,office
1571841787.68,450,388,None,Move,office
1571841787.7,450,388,None,Move,office
1571841787.711,448,388,None,Move,office
1571841787.721,444,388,None,Move,office
1571841787.732,441,389,None,Move,office
1571841787.742,428,390,None,Move,office
1571841787.7529998,420,390,None,Move,office
1571841787.7670002,401,390,None,Move,office
1571841787.78,382,390,None,Move,office
1571841787.794,369,390,None,Move,office
1571841787.8070002,337,389,None,Move,office
1571841787.821,322,387,None,Move,office
1571841787.831,305,386,None,Move,office
1571841787.843,248,379,None,Move,office
1571841787.8579998,230,376,None,Move,office
1571841787.871,219,374,None,Move,office
1571841787.8860002,186,363,None,Move,office
1571841787.903,167,356,None,Move,office
1571841787.917,156,354,None,Move,office
1571841787.93,140,353,None,Move,office
1571841787.948,133,352,None,Move,office
1571841787.958,131,352,None,Move,office
1571841788.0579998,131,352,None,Move,office
1571841788.0779998,130,352,None,Move,office
1571841788.19,130,353,None,Move,office
1571841788.199,130,353,None,Move,office
1571841788.206,131,355,None,Move,office
1571841788.2129998,131,355,None,Move,office
1571841788.2229998,131,356,None,Move,office
1571841788.234,132,356,None,Move,office
1571841788.244,132,357,None,Move,office
1571841788.255,132,358,None,Move,office
1571841788.265,132,360,None,Move,office
1571841788.275,132,360,None,Move,office
1571841788.282,132,361,None,Move,office
1571841788.292,132,362,None,Move,office
1571841789.39,132,362,None,Move,office
1571841789.6820002,132,362,None,Move,office
1571841789.701,134,362,None,Move,office
1571841789.719,143,362,None,Move,office
1571841789.731,149,362,None,Move,office
1571841789.742,166,369,None,Move,office
1571841789.755,168,369,None,Move,office
1571841789.77,177,373,None,Move,office
1571841789.782,184,376,None,Move,office
1571841789.793,194,378,None,Move,office
1571841789.8070002,200,379,None,Move,office
1571841789.819,202,379,None,Move,office
1571841789.832,205,379,None,Move,office
1571841789.92,205,379,None,Move,office
1571841789.957,215,381,None,Move,office
1571841789.9770002,230,383,None,Move,office
1571841790.002,265,398,None,Move,office
1571841790.0270002,300,414,None,Move,office
1571841790.051,322,430,None,Move,office
1571841790.075,343,461,None,Move,office
1571841790.104,350,499,None,Move,office
1571841790.129,352,553,None,Move,office
1571841790.1479998,353,573,None,Move,office
1571841790.166,353,589,None,Move,office
1571841790.18,353,606,None,Move,office
1571841790.197,353,626,None,Move,office
1571841790.211,348,649,None,Move,office
1571841790.225,346,660,None,Move,office
1571841790.2389998,344,677,None,Move,office
1571841790.256,344,685,None,Move,office
1571841790.269,344,697,None,Move,office
1571841790.284,344,701,None,Move,office
1571841790.2970002,344,705,None,Move,office
1571841790.312,344,719,None,Move,office
1571841790.323,344,726,None,Move,office
1571841790.336,347,733,None,Move,office
1571841790.346,350,737,None,Move,office
1571841790.359,352,741,None,Move,office
1571841790.37,354,746,None,Move,office
1571841790.381,354,748,None,Move,office
1571841790.391,355,751,None,Move,office
1571841790.403,355,751,None,Move,office
1571841790.414,356,753,None,Move,office
1571841790.429,356,753,None,Move,office
1571841790.438,356,754,None,Move,office
1571841790.45,356,754,None,Move,office
1571841790.461,356,754,None,Move,office
1571841790.471,355,754,None,Move,office
1571841790.482,353,754,None,Move,office
1571841790.492,346,756,None,Move,office
1571841790.504,344,756,None,Move,office
1571841790.515,341,756,None,Move,office
1571841790.525,332,757,None,Move,office
1571841790.535,329,757,None,Move,office
1571841790.5470002,327,757,None,Move,office
1571841790.559,324,757,None,Move,office
1571841790.57,323,757,None,Move,office
1571841790.581,321,757,None,Move,office
1571841790.592,320,757,None,Move,office
1571841790.63,320,757,None,Move,office
1571841790.6420002,320,756,None,Move,office
1571841790.6520002,319,756,None,Move,office
1571841790.7570002,319,756,Left,Pressed,office
1571841790.859,319,756,Left,Released,office
1571841790.984,319,755,None,Move,file system
1571841791.0029998,322,753,None,Move,file system
1571841791.026,331,746,None,Move,file system
1571841791.0470002,342,741,None,Move,file system
1571841791.0779998,362,732,None,Move,file system
1571841791.104,379,730,None,Move,file system
1571841791.117,380,728,None,Move,file system
1571841791.13,387,724,None,Move,file system
1571841791.1379998,389,722,None,Move,file system
1571841791.1520002,392,720,None,Move,file system
1571841791.164,398,714,None,Move,file system
1571841791.175,405,705,None,Move,file system
1571841791.185,410,697,None,Move,file system
1571841791.196,413,691,None,Move,file system
1571841791.207,420,685,None,Move,file system
1571841791.218,420,685,None,Move,file system
1571841791.229,423,680,None,Move,file system
1571841791.2389998,425,678,None,Move,file system
1571841791.25,427,676,None,Move,file system
1571841791.2610002,429,673,None,Move,file system
1571841791.272,430,673,None,Move,file system
1571841791.283,431,672,None,Move,file system
1571841791.294,433,671,None,Move,file system
1571841791.36,433,671,Left,Pressed,file system
1571841791.48,433,671,Left,Released,file system
1571841791.764,433,670,None,Move,office
1571841791.789,434,664,None,Move,office
1571841791.815,435,656,None,Move,office
1571841791.839,436,645,None,Move,office
1571841791.86,436,632,None,Move,office
1571841791.877,436,621,None,Move,office
1571841791.893,436,611,None,Move,office
1571841791.908,436,603,None,Move,office
1571841791.926,432,588,None,Move,office
1571841791.9420002,426,580,None,Move,office
1571841791.945,422,575,None,Move,office
1571841791.96,418,569,None,Move,office
1571841791.976,403,552,None,Move,office
1571841791.9910002,388,538,None,Move,office
1571841792.0070002,364,519,None,Move,office
1571841792.022,357,513,None,Move,office
1571841792.038,344,503,None,Move,office
1571841792.053,329,493,None,Move,office
1571841792.069,319,487,None,Move,office
1571841792.087,304,481,None,Move,office
1571841792.105,282,475,None,Move,office
1571841792.1220002,271,474,None,Move,office
1571841792.139,258,472,None,Move,office
1571841792.155,251,472,None,Move,office
1571841792.171,244,472,None,Move,office
1571841792.187,235,473,None,Move,office
1571841792.202,227,481,None,Move,office
1571841792.217,221,490,None,Move,office
1571841792.2329998,215,501,None,Move,office
1571841792.248,212,505,None,Move,office
1571841792.264,209,508,None,Move,office
1571841792.28,204,508,None,Move,office
1571841792.295,198,507,None,Move,office
1571841792.31,190,506,None,Move,office
1571841792.326,189,504,None,Move,office
1571841792.5229998,188,504,None,Move,office
1571841792.561,186,501,None,Move,office
1571841792.586,185,498,None,Move,office
1571841792.61,185,496,None,Move,office
1571841792.6320002,185,493,None,Move,office
1571841792.647,185,491,None,Move,office
1571841792.665,185,489,None,Move,office
1571841792.679,185,488,None,Move,office
1571841792.694,186,488,None,Move,office
1571841792.725,186,487,None,Move,office
1571841792.7389998,187,486,None,Move,office
1571841792.755,189,483,None,Move,office
1571841792.7770002,190,482,None,Move,office
1571841792.792,190,480,None,Move,office
1571841792.82,191,479,None,Move,office
1571841792.85,192,479,None,Move,office
1571841792.8660002,192,478,None,Move,office
1571841792.88,192,478,None,Move,office
1571841792.894,193,477,None,Move,office
1571841792.907,194,476,None,Move,office
1571841792.9220002,195,474,None,Move,office
1571841792.936,197,474,None,Move,office
1571841792.95,199,472,None,Move,office
1571841792.964,201,470,None,Move,office
1571841792.978,202,470,None,Move,office
1571841792.9929998,204,467,None,Move,office
1571841793.0070002,207,467,None,Move,office
1571841793.021,208,466,None,Move,office
1571841793.036,210,465,None,Move,office
1571841793.05,213,465,None,Move,office
1571841793.064,213,464,None,Move,office
1571841793.08,214,464,None,Move,office
1571841793.1120002,215,464,None,Move,office
1571841793.1279998,216,464,None,Move,office
1571841793.1420002,218,464,None,Move,office
1571841793.156,220,464,None,Move,office
1571841793.169,224,464,None,Move,office
1571841793.186,225,464,None,Move,office
1571841793.2,228,464,None,Move,office
1571841793.215,232,464,None,Move,office
1571841793.23,248,472,None,Move,office
1571841793.2410002,250,473,None,Move,office
1571841793.252,262,482,None,Move,office
1571841793.262,268,488,None,Move,office
1571841793.2729998,282,503,None,Move,office
1571841793.284,284,505,None,Move,office
1571841793.295,298,526,None,Move,office
1571841793.306,306,541,None,Move,office
1571841793.316,322,571,None,Move,office
1571841793.327,328,581,None,Move,office
1571841793.337,333,592,None,Move,office
1571841793.347,339,602,None,Move,office
1571841793.3579998,348,622,None,Move,office
1571841793.3679998,350,627,None,Move,office
1571841793.379,352,633,None,Move,office
1571841793.389,352,637,None,Move,office
1571841793.399,357,651,None,Move,office
1571841793.41,359,656,None,Move,office
1571841793.421,361,663,None,Move,office
1571841793.431,365,674,None,Move,office
1571841793.441,369,684,None,Move,office
1571841793.452,369,684,None,Move,office
1571841793.462,376,693,None,Move,office
1571841793.4729998,378,696,None,Move,office
1571841793.4829998,379,698,None,Move,office
1571841793.494,381,700,None,Move,office
1571841793.504,383,703,None,Move,office
1571841793.516,386,707,None,Move,office
1571841793.5270002,389,711,None,Move,office
1571841793.54,391,713,None,Move,office
1571841793.594,391,713,None,Move,office
1571841793.605,391,716,None,Move,office
1571841793.6160002,391,717,None,Move,office
1571841793.6339998,391,721,None,Move,office
1571841793.653,390,723,None,Move,office
1571841793.667,390,724,None,Move,office
1571841793.686,389,724,None,Move,office
1571841793.72,388,724,None,Move,office
1571841793.734,387,724,None,Move,office
1571841793.754,383,724,None,Move,office
1571841793.7729998,376,725,None,Move,office
1571841793.79,371,726,None,Move,office
1571841793.805,369,727,None,Move,office
1571841793.8179998,367,729,None,Move,office
1571841793.831,366,729,None,Move,office
1571841793.844,365,729,None,Move,office
1571841793.857,363,730,None,Move,office
1571841793.873,363,730,None,Move,office
1571841793.885,363,731,None,Move,office
1571841793.899,363,733,None,Move,office
1571841793.938,363,734,None,Move,office
1571841793.952,362,734,None,Move,office
1571841793.9729998,362,735,None,Move,office
1571841793.992,362,736,None,Move,office
1571841794.0129998,362,736,None,Move,office
1571841794.041,362,738,None,Move,office
1571841794.084,362,739,None,Move,office
1571841794.1079998,362,740,None,Move,office
1571841794.131,363,741,None,Move,office
1571841794.145,363,741,None,Move,office
1571841794.158,364,742,None,Move,office
1571841794.2570002,364,742,Left,Pressed,office
1571841794.349,364,742,Left,Released,office
1571841794.596,364,742,None,Move,browsing
1571841794.611,366,742,None,Move,browsing
1571841794.6320002,367,738,None,Move,browsing
1571841794.658,368,732,None,Move,browsing
1571841794.679,369,726,None,Move,browsing
1571841794.701,375,708,None,Move,browsing
1571841794.726,382,688,None,Move,browsing
1571841794.75,394,665,None,Move,browsing
1571841794.776,414,635,None,Move,browsing
1571841794.809,469,582,None,Move,browsing
1571841794.832,499,565,None,Move,browsing
1571841794.849,557,524,None,Move,browsing
1571841794.8660002,601,487,None,Move,browsing
1571841794.8820002,634,460,None,Move,browsing
1571841794.89,648,450,None,Move,browsing
1571841794.899,666,440,None,Move,browsing
1571841794.907,687,430,None,Move,browsing
1571841794.917,705,421,None,Move,browsing
1571841794.927,727,414,None,Move,browsing
1571841794.937,779,400,None,Move,browsing
1571841794.946,800,396,None,Move,browsing
1571841794.958,818,392,None,Move,browsing
1571841794.967,834,389,None,Move,browsing
1571841794.976,856,385,None,Move,browsing
1571841794.986,864,385,None,Move,browsing
1571841794.995,870,385,None,Move,browsing
1571841795.006,875,385,None,Move,browsing
1571841795.0170002,884,385,None,Move,browsing
1571841795.0270002,889,385,None,Move,browsing
1571841795.038,895,389,None,Move,browsing
1571841795.0470002,903,395,None,Move,browsing
1571841795.0570002,914,405,None,Move,browsing
1571841795.066,917,409,None,Move,browsing
1571841795.074,931,423,None,Move,browsing
1571841795.087,937,430,None,Move,browsing
1571841795.096,943,437,None,Move,browsing
1571841795.105,943,438,None,Move,browsing
1571841795.113,944,440,None,Move,browsing
1571841795.437,944,440,None,Move,browsing
1571841795.458,947,445,None,Move,browsing
1571841795.478,948,449,None,Move,browsing
1571841795.5,951,454,None,Move,browsing
1571841795.522,954,457,None,Move,browsing
1571841795.544,958,467,None,Move,browsing
1571841795.566,958,496,None,Move,browsing
1571841795.589,957,522,None,Move,browsing
1571841795.611,952,536,None,Move,browsing
1571841795.635,952,536,None,Move,browsing
1571841795.657,952,537,None,Move,browsing
1571841795.678,952,540,None,Move,browsing
1571841795.699,952,542,None,Move,browsing
1571841796.974,950,542,None,Move,browsing
1571841796.984,942,540,None,Move,browsing
1571841796.994,929,533,None,Move,browsing
1571841797.0010002,925,530,None,Move,browsing
1571841797.01,917,525,None,Move,browsing
1571841797.02,911,519,None,Move,browsing
1571841797.028,905,515,None,Move,browsing
1571841797.039,896,506,None,Move,browsing
1571841797.046,892,501,None,Move,browsing
1571841797.052,883,495,None,Move,browsing
1571841797.061,877,487,None,Move,browsing
1571841797.0670002,869,480,None,Move,browsing
1571841797.076,858,466,None,Move,browsing
1571841797.086,856,461,None,Move,browsing
1571841797.093,848,453,None,Move,browsing
1571841797.101,842,443,None,Move,browsing
1571841797.111,839,437,None,Move,browsing
1571841797.119,830,417,None,Move,browsing
1571841797.1279998,827,411,None,Move,browsing
1571841797.1360002,821,391,None,Move,browsing
1571841797.146,818,382,None,Move,browsing
1571841797.157,815,376,None,Move,browsing
1571841797.1620002,815,373,None,Move,browsing
1571841797.1720002,814,368,None,Move,browsing
1571841797.18,813,359,None,Move,browsing
1571841797.187,813,355,None,Move,browsing
1571841797.196,813,345,None,Move,browsing
1571841797.204,813,343,None,Move,browsing
1571841797.212,813,337,None,Move,browsing
1571841797.22,813,332,None,Move,browsing
1571841797.2270002,813,328,None,Move,browsing
1571841797.236,811,322,None,Move,browsing
1571841797.2429998,810,321,None,Move,browsing
1571841797.252,810,320,None,Move,browsing
1571841797.258,810,319,None,Move,browsing
1571841797.279,810,319,None,Move,browsing
1571841797.293,810,317,None,Move,browsing
1571841797.3070002,810,316,None,Move,browsing
1571841797.323,810,314,None,Move,browsing
1571841797.34,810,311,None,Move,browsing
1571841797.356,811,310,None,Move,browsing
1571841797.3720002,812,308,None,Move,browsing
1571841797.3879998,813,306,None,Move,browsing
1571841797.403,815,303,None,Move,browsing
1571841797.419,818,297,None,Move,browsing
1571841797.435,822,293,None,Move,browsing
1571841797.451,824,289,None,Move,browsing
1571841797.467,829,283,None,Move,browsing
1571841797.4829998,833,278,None,Move,browsing
1571841797.5010002,838,273,None,Move,browsing
1571841797.516,840,271,None,Move,browsing
1571841797.532,841,270,None,Move,browsing
1571841797.548,841,268,None,Move,browsing
1571841797.564,842,267,None,Move,browsing
1571841797.607,842,266,None,Move,browsing
1571841797.625,843,263,None,Move,browsing
1571841797.645,843,261,None,Move,browsing
1571841797.665,843,259,None,Move,browsing
1571841797.6829998,843,257,None,Move,browsing
1571841797.742,843,256,None,Move,browsing
1571841797.7589998,843,254,None,Move,browsing
1571841797.779,844,253,None,Move,browsing
1571841797.8079998,844,252,None,Move,browsing
1571841797.8379998,844,252,None,Move,browsing
1571841797.8579998,844,251,None,Move,browsing
1571841797.877,844,251,None,Move,browsing
1571841797.964,844,251,Left,Pressed,browsing
1571841798.081,844,251,Left,Released,browsing
1571841798.1720002,844,251,None,Move,browsing
1571841798.19,830,251,None,Move,browsing
1571841798.208,814,251,None,Move,browsing
1571841798.2270002,782,247,None,Move,browsing
1571841798.2470002,753,240,None,Move,browsing
1571841798.2670002,662,206,None,Move,browsing
1571841798.286,599,176,None,Move,browsing
1571841798.316,525,137,None,Move,browsing
1571841798.341,496,118,None,Move,browsing
1571841798.3660002,486,106,None,Move,browsing
1571841798.3879998,484,101,None,Move,browsing
1571841798.413,484,98,None,Move,browsing
1571841798.445,481,93,None,Move,browsing
1571841798.457,479,92,None,Move,browsing
1571841798.54,478,91,None,Move,browsing
1571841798.553,475,91,None,Move,browsing
1571841798.562,472,91,None,Move,browsing
1571841798.572,469,91,None,Move,browsing
1571841798.581,466,91,None,Move,browsing
1571841798.593,459,94,None,Move,browsing
1571841798.604,453,94,None,Move,browsing
1571841798.619,452,94,None,Move,browsing
1571841798.63,445,95,None,Move,browsing
1571841798.643,441,95,None,Move,browsing
1571841798.6520002,437,95,None,Move,browsing
1571841798.665,430,95,None,Move,browsing
1571841798.674,424,95,None,Move,browsing
1571841798.684,421,95,None,Move,browsing
1571841798.6929998,420,95,None,Move,browsing
1571841798.702,419,95,None,Move,browsing
1571841798.711,417,95,None,Move,browsing
1571841798.873,417,95,Left,Pressed,browsing
1571841799.035,417,95,Left,Released,browsing
1571841799.78,416,95,None,Move,browsing
1571841799.798,416,96,None,Move,browsing
1571841799.819,418,97,None,Move,browsing
1571841799.84,419,98,None,Move,browsing
1571841799.861,421,99,None,Move,browsing
1571841799.881,421,101,None,Move,browsing
1571841799.9020002,422,102,None,Move,browsing
1571841799.924,424,104,None,Move,browsing
1571841799.944,425,105,None,Move,browsing
1571841799.966,426,105,None,Move,browsing
1571841799.986,426,106,None,Move,browsing
1571841800.006,428,108,None,Move,browsing
1571841800.0270002,430,109,None,Move,browsing
1571841800.051,431,111,None,Move,browsing
1571841800.075,435,115,None,Move,browsing
1571841800.101,440,125,None,Move,browsing
1571841800.133,445,131,None,Move,browsing
1571841800.1479998,448,136,None,Move,browsing
1571841800.163,449,137,None,Move,browsing
1571841800.177,450,138,None,Move,browsing
1571841800.281,451,139,None,Move,browsing
1571841800.3,453,142,None,Move,browsing
1571841800.322,456,145,None,Move,browsing
1571841800.343,459,148,None,Move,browsing
1571841800.3760002,460,150,None,Move,browsing
1571841800.724,462,151,None,Move,browsing
1571841800.758,462,152,None,Move,browsing
1571841800.78,464,153,None,Move,browsing
1571841800.804,464,155,None,Move,browsing
1571841800.826,466,156,None,Move,browsing
1571841801.3639998,466,158,None,Move,browsing
1571841801.375,466,159,None,Move,browsing
1571841801.385,466,159,None,Move,browsing
1571841801.394,467,160,None,Move,browsing
1571841801.414,467,160,None,Move,browsing
1571841801.424,467,161,None,Move,browsing
1571841801.434,468,162,None,Move,browsing
1571841801.722,468,163,None,Move,browsing
1571841801.732,468,163,None,Move,browsing
1571841801.7429998,469,164,None,Move,browsing
1571841801.752,470,164,None,Move,browsing
1571841801.76,471,165,None,Move,browsing
1571841801.768,472,165,None,Move,browsing
1571841801.778,477,166,None,Move,browsing
1571841801.7870002,477,166,None,Move,browsing
1571841801.795,478,166,None,Move,browsing
1571841801.802,478,166,None,Move,browsing
1571841801.811,479,167,None,Move,browsing
1571841801.915,480,167,None,Move,browsing
1571841801.931,481,169,None,Move,browsing
1571841801.95,482,169,None,Move,browsing
1571841801.97,484,169,None,Move,browsing
1571841801.9889998,485,169,None,Move,browsing
1571841802.0089998,487,170,None,Move,browsing
1571841802.061,488,171,None,Move,browsing
1571841802.084,489,172,None,Move,browsing
1571841802.121,491,175,None,Move,browsing
1571841802.1479998,492,175,None,Move,browsing
1571841802.1720002,493,177,None,Move,browsing
1571841802.207,494,180,None,Move,browsing
1571841808.323,494,180,Left,Pressed,browsing
1571841808.336,494,180,Left,Released,browsing
1571841809.609,494,181,None,Move,browsing
1571841809.621,494,182,None,Move,browsing
1571841809.629,494,184,None,Move,browsing
1571841809.6420002,493,187,None,Move,browsing
1571841809.651,491,190,None,Move,browsing
1571841809.664,491,193,None,Move,browsing
1571841809.673,491,194,None,Move,browsing
1571841809.684,490,199,None,Move,browsing
1571841809.694,490,204,None,Move,browsing
1571841809.7029998,490,207,None,Move,browsing
1571841809.711,490,210,None,Move,browsing
1571841809.719,490,214,None,Move,browsing
1571841809.728,490,216,None,Move,browsing
1571841809.7389998,490,222,None,Move,browsing
1571841809.7470002,492,230,None,Move,browsing
1571841809.756,493,238,None,Move,browsing
1571841809.764,494,241,None,Move,browsing
1571841809.772,494,249,None,Move,browsing
1571841809.781,495,256,None,Move,browsing
1571841809.793,496,263,None,Move,browsing
1571841809.804,496,272,None,Move,browsing
1571841809.816,497,284,None,Move,browsing
1571841809.824,497,290,None,Move,browsing
1571841809.839,497,306,None,Move,browsing
1571841809.841,497,309,None,Move,browsing
1571841809.851,497,322,None,Move,browsing
1571841809.863,497,333,None,Move,browsing
1571841809.873,498,343,None,Move,browsing
1571841809.883,503,358,None,Move,browsing
1571841809.894,507,373,None,Move,browsing
1571841809.91,509,383,None,Move,browsing
1571841809.918,509,388,None,Move,browsing
1571841809.93,509,391,None,Move,browsing
1571841809.939,509,402,None,Move,browsing
1571841809.95,509,424,None,Move,browsing
1571841809.96,506,438,None,Move,browsing
1571841809.966,506,443,None,Move,browsing
1571841809.976,502,462,None,Move,browsing
1571841809.9870002,502,473,None,Move,browsing
1571841810.0,503,491,None,Move,browsing
1571841810.014,520,511,None,Move,browsing
1571841810.025,522,514,None,Move,browsing
1571841810.033,535,526,None,Move,browsing
1571841810.046,544,535,None,Move,browsing
1571841810.056,546,538,None,Move,browsing
1571841810.069,546,539,None,Move,browsing
1571841810.077,546,540,None,Move,browsing
1571841810.53,546,540,None,Move,browsing
1571841810.554,546,540,None,Move,browsing
1571841810.577,548,538,None,Move,browsing
1571841810.5979998,548,537,None,Move,browsing
1571841810.6160002,552,534,None,Move,browsing
1571841810.631,556,532,None,Move,browsing
1571841810.647,560,530,None,Move,browsing
1571841810.6620002,567,527,None,Move,browsing
1571841810.677,574,525,None,Move,browsing
1571841810.691,582,523,None,Move,browsing
1571841810.706,592,520,None,Move,browsing
1571841810.721,600,518,None,Move,browsing
1571841810.738,611,516,None,Move,browsing
1571841810.752,622,513,None,Move,browsing
1571841810.7670002,630,510,None,Move,browsing
1571841810.784,640,508,None,Move,browsing
1571841810.801,647,504,None,Move,browsing
1571841810.819,651,503,None,Move,browsing
1571841810.833,656,502,None,Move,browsing
1571841810.85,660,500,None,Move,browsing
1571841810.8639998,669,499,None,Move,browsing
1571841810.879,675,497,None,Move,browsing
1571841810.895,684,496,None,Move,browsing
1571841810.91,692,495,None,Move,browsing
1571841810.924,700,494,None,Move,browsing
1571841810.938,707,492,None,Move,browsing
1571841810.952,718,489,None,Move,browsing
1571841810.966,728,487,None,Move,browsing
1571841810.98,736,487,None,Move,browsing
1571841810.996,753,484,None,Move,browsing
1571841811.01,762,481,None,Move,browsing
1571841811.025,774,480,None,Move,browsing
1571841811.041,778,478,None,Move,browsing
1571841811.056,780,478,None,Move,browsing
1571841811.074,781,478,None,Move,browsing
1571841811.096,783,477,None,Move,browsing
1571841811.1120002,785,473,None,Move,browsing
1571841811.1220002,787,471,None,Move,browsing
1571841811.133,790,467,None,Move,browsing
1571841811.144,792,465,None,Move,browsing
1571841811.154,795,459,None,Move,browsing
1571841811.164,797,455,None,Move,browsing
1571841811.178,802,448,None,Move,browsing
1571841811.189,805,443,None,Move,browsing
1571841811.201,808,439,None,Move,browsing
1571841811.208,809,438,None,Move,browsing
1571841811.216,813,434,None,Move,browsing
1571841811.225,816,432,None,Move,browsing
1571841811.232,819,427,None,Move,browsing
1571841811.242,822,424,None,Move,browsing
1571841811.2489998,823,422,None,Move,browsing
1571841811.258,828,413,None,Move,browsing
1571841811.2670002,831,408,None,Move,browsing
1571841811.2770002,835,400,None,Move,browsing
1571841811.2870002,841,392,None,Move,browsing
1571841811.295,846,383,None,Move,browsing
1571841811.306,848,377,None,Move,browsing
1571841811.312,849,375,None,Move,browsing
1571841811.321,850,374,None,Move,browsing
1571841811.327,850,373,None,Move,browsing
1571841811.337,851,371,None,Move,browsing
1571841811.347,851,371,None,Move,browsing
1571841811.3579998,851,369,None,Move,browsing
1571841811.3660002,851,369,None,Move,browsing
1571841811.3779998,851,368,None,Move,browsing
1571841811.3879998,852,366,None,Move,browsing
1571841811.431,852,366,None,Move,browsing
1571841811.441,852,365,None,Move,browsing
1571841811.464,852,364,None,Move,browsing
1571841811.4729998,852,363,None,Move,browsing
1571841811.5070002,852,363,None,Move,browsing
1571841811.522,852,362,None,Move,browsing
1571841811.536,852,362,None,Move,browsing
1571841811.554,851,362,None,Move,browsing
1571841811.569,850,362,None,Move,browsing
1571841811.584,847,362,None,Move,browsing
1571841811.5979998,845,362,None,Move,browsing
1571841811.6120002,842,362,None,Move,browsing
1571841811.627,839,362,None,Move,browsing
1571841811.6420002,834,364,None,Move,browsing
1571841811.656,831,365,None,Move,browsing
1571841811.671,829,367,None,Move,browsing
1571841811.685,828,368,None,Move,browsing
1571841811.699,827,368,None,Move,browsing
1571841811.7129998,823,371,None,Move,browsing
1571841811.728,820,374,None,Move,browsing
1571841811.7429998,819,375,None,Move,browsing
1571841811.758,818,375,None,Move,browsing
1571841811.772,817,376,None,Move,browsing
1571841811.7870002,817,378,None,Move,browsing
1571841811.802,816,379,None,Move,browsing
1571841811.815,816,380,None,Move,browsing
1571841811.829,815,382,None,Move,browsing
1571841811.844,814,384,None,Move,browsing
1571841811.859,812,386,None,Move,browsing
1571841811.8739998,811,387,None,Move,browsing
1571841811.889,811,388,None,Move,browsing
1571841811.904,811,388,None,Move,browsing
1571841811.919,810,390,None,Move,browsing
1571841811.9329998,810,390,None,Move,browsing
1571841811.947,810,391,None,Move,browsing
1571841811.966,810,393,None,Move,browsing
1571841811.98,810,397,None,Move,browsing
1571841811.994,810,398,None,Move,browsing
1571841812.0089998,809,401,None,Move,browsing
1571841812.024,809,403,None,Move,browsing
1571841812.038,809,404,None,Move,browsing
1571841812.054,809,405,None,Move,browsing
1571841812.069,809,409,None,Move,browsing
1571841812.09,809,413,None,Move,browsing
1571841812.105,811,416,None,Move,browsing
1571841812.119,811,418,None,Move,browsing
1571841812.133,813,421,None,Move,browsing
1571841812.147,813,423,None,Move,browsing
1571841812.1620002,816,429,None,Move,browsing
1571841812.176,816,431,None,Move,browsing
1571841812.191,819,435,None,Move,browsing
1571841812.205,823,442,None,Move,browsing
1571841812.219,829,448,None,Move,browsing
1571841812.232,832,452,None,Move,browsing
1571841812.2470002,838,456,None,Move,browsing
1571841812.2629998,842,457,None,Move,browsing
1571841812.282,844,459,None,Move,browsing
1571841812.296,845,461,None,Move,browsing
1571841812.31,845,461,None,Move,browsing
1571841812.5579998,846,461,None,Move,browsing
1571841812.576,845,458,None,Move,browsing
1571841812.599,845,458,None,Move,browsing
1571841812.6160002,844,457,None,Move,browsing
1571841812.6279998,843,456,None,Move,browsing
1571841812.643,841,454,None,Move,browsing
1571841812.663,840,454,None,Move,browsing
1571841812.673,840,454,None,Move,browsing
1571841812.6829998,839,453,None,Move,browsing
1571841812.6920002,838,452,None,Move,browsing
1571841812.702,836,452,None,Move,browsing
1571841812.71,835,450,None,Move,browsing
1571841812.719,833,450,None,Move,browsing
1571841812.729,828,449,None,Move,browsing
1571841812.738,827,448,None,Move,browsing
1571841812.7470002,823,448,None,Move,browsing
1571841812.7570002,812,448,None,Move,browsing
1571841812.7670002,809,448,None,Move,browsing
1571841812.776,804,449,None,Move,browsing
1571841812.788,792,454,None,Move,browsing
1571841812.7970002,779,455,None,Move,browsing
1571841812.8070002,773,458,None,Move,browsing
1571841812.8170002,767,460,None,Move,browsing
1571841812.827,762,460,None,Move,browsing
1571841812.837,759,460,None,Move,browsing
1571841812.845,749,461,None,Move,browsing
1571841812.854,736,461,None,Move,browsing
1571841812.863,726,461,None,Move,browsing
1571841812.8720002,722,461,None,Move,browsing
1571841812.88,706,461,None,Move,browsing
1571841812.889,694,461,None,Move,browsing
1571841812.899,682,462,None,Move,browsing
1571841812.909,669,462,None,Move,browsing
1571841812.918,649,466,None,Move,browsing
1571841812.927,636,469,None,Move,browsing
1571841812.938,625,471,None,Move,browsing
1571841812.947,610,476,None,Move,browsing
1571841812.959,596,480,None,Move,browsing
1571841812.97,593,481,None,Move,browsing
1571841812.979,589,481,None,Move,browsing
1571841812.988,586,481,None,Move,browsing
1571841812.998,585,481,None,Move,browsing
1571841813.008,583,481,None,Move,browsing
1571841813.0170002,577,482,None,Move,browsing
1571841813.025,574,484,None,Move,browsing
1571841813.035,572,485,None,Move,browsing
1571841813.044,567,485,None,Move,browsing
1571841813.0570002,555,488,None,Move,browsing
1571841813.0670002,553,489,None,Move,browsing
1571841813.076,552,490,None,Move,browsing
1571841813.087,546,493,None,Move,browsing
1571841813.097,544,493,None,Move,browsing
1571841813.111,543,493,None,Move,browsing
1571841813.1360002,543,493,None,Move,browsing
1571841813.145,542,493,None,Move,browsing
1571841813.161,542,493,None,Move,browsing
1571841813.1820002,541,493,None,Move,browsing
1571841813.2,540,493,None,Move,browsing
1571841813.22,539,493,None,Move,browsing
1571841813.244,537,493,None,Move,browsing
1571841813.266,536,494,None,Move,browsing
1571841813.2870002,536,494,None,Move,browsing
1571841813.347,536,494,None,Move,browsing
1571841813.379,536,493,None,Move,browsing
1571841813.702,536,493,None,Move,browsing
1571841813.722,536,494,None,Move,browsing
1571841813.7429998,536,497,None,Move,browsing
1571841813.7629998,536,498,None,Move,browsing
1571841813.7870002,536,498,None,Move,browsing
1571841813.816,538,498,None,Move,browsing
1571841813.833,542,498,None,Move,browsing
1571841813.8479998,562,507,None,Move,browsing
1571841813.8639998,570,510,None,Move,browsing
1571841813.881,574,514,None,Move,browsing
1571841813.897,575,515,None,Move,browsing
1571841813.915,576,515,None,Move,browsing
1571841814.005,577,515,None,Move,browsing
1571841814.021,579,515,None,Move,browsing
1571841814.036,584,516,None,Move,browsing
1571841814.052,587,517,None,Move,browsing
1571841814.066,598,518,None,Move,browsing
1571841814.084,612,521,None,Move,browsing
1571841814.099,627,522,None,Move,browsing
1571841814.1139998,639,522,None,Move,browsing
1571841814.129,650,522,None,Move,browsing
1571841814.144,663,522,None,Move,browsing
1571841814.159,671,523,None,Move,browsing
1571841814.174,681,526,None,Move,browsing
1571841814.189,685,526,None,Move,browsing
1571841814.204,690,529,None,Move,browsing
1571841814.218,691,529,None,Move,browsing
1571841814.232,692,529,None,Move,browsing
1571841814.2470002,695,529,None,Move,browsing
1571841814.27,699,529,None,Move,browsing
1571841814.291,712,527,None,Move,browsing
1571841814.304,750,525,None,Move,browsing
1571841814.3179998,759,525,None,Move,browsing
1571841814.3279998,762,525,None,Move,browsing
1571841814.337,764,524,None,Move,browsing
1571841814.534,764,523,None,Move,browsing
1571841814.556,764,522,None,Move,browsing
1571841814.581,762,521,None,Move,browsing
1571841814.603,761,520,None,Move,browsing
1571841814.646,761,520,None,Move,browsing
1571841814.669,760,519,None,Move,browsing
1571841814.688,758,516,None,Move,browsing
1571841814.7129998,754,516,None,Move,browsing
1571841814.736,746,514,None,Move,browsing
1571841814.758,736,514,None,Move,browsing
1571841814.78,721,514,None,Move,browsing
1571841814.8079998,693,514,None,Move,browsing
1571841814.83,678,514,None,Move,browsing
1571841814.843,670,514,None,Move,browsing
1571841814.857,662,514,None,Move,browsing
1571841814.87,654,514,None,Move,browsing
1571841814.8839998,646,514,None,Move,browsing
1571841814.8979998,638,513,None,Move,browsing
1571841814.915,633,512,None,Move,browsing
1571841814.938,626,509,None,Move,browsing
1571841814.952,626,508,None,Move,browsing
1571841814.968,622,508,None,Move,browsing
1571841814.986,618,508,None,Move,browsing
1571841815.0,617,507,None,Move,browsing
1571841815.015,616,507,None,Move,browsing
1571841815.084,616,507,None,Move,browsing
1571841815.096,616,507,None,Move,browsing
1571841815.109,617,507,None,Move,browsing
1571841815.1220002,621,509,None,Move,browsing
1571841815.1360002,630,510,None,Move,browsing
1571841815.15,649,512,None,Move,browsing
1571841815.165,666,516,None,Move,browsing
1571841815.179,680,518,None,Move,browsing
1571841815.1920002,705,518,None,Move,browsing
1571841815.205,721,518,None,Move,browsing
1571841815.219,751,519,None,Move,browsing
1571841815.2329998,754,519,None,Move,browsing
1571841815.248,756,519,None,Move,browsing
1571841815.3820002,756,519,None,Move,browsing
1571841815.4020002,754,519,None,Move,browsing
1571841815.4220002,750,518,None,Move,browsing
1571841815.445,747,518,None,Move,browsing
1571841815.466,742,517,None,Move,browsing
1571841815.4870002,735,517,None,Move,browsing
1571841815.508,725,514,None,Move,browsing
1571841815.531,712,510,None,Move,browsing
1571841815.5579998,695,506,None,Move,browsing
1571841815.593,689,502,None,Move,browsing
1571841815.669,689,502,None,Move,browsing
1571841815.702,689,500,None,Move,browsing
1571841815.921,688,499,None,Move,browsing
1571841815.948,688,498,None,Move,browsing
1571841815.956,688,497,None,Move,browsing
1571841815.9629998,688,496,None,Move,browsing
1571841815.97,687,496,None,Move,browsing
1571841815.978,686,494,None,Move,browsing
1571841815.988,683,491,None,Move,browsing
1571841815.995,681,489,None,Move,browsing
1571841816.002,678,484,None,Move,browsing
1571841816.0089998,677,482,None,Move,browsing
1571841816.018,670,473,None,Move,browsing
1571841816.028,662,465,None,Move,browsing
1571841816.039,658,458,None,Move,browsing
1571841816.052,650,442,None,Move,browsing
1571841816.065,638,416,None,Move,browsing
1571841816.079,621,389,None,Move,browsing
1571841816.091,610,373,None,Move,browsing
1571841816.105,597,357,None,Move,browsing
1571841816.125,561,325,None,Move,browsing
1571841816.141,535,300,None,Move,browsing
1571841816.154,511,277,None,Move,browsing
1571841816.166,502,268,None,Move,browsing
1571841816.18,493,259,None,Move,browsing
1571841816.1929998,492,256,None,Move,browsing
1571841816.206,491,254,None,Move,browsing
1571841816.2229998,491,254,None,Move,browsing
1571841816.39,491,254,None,Move,browsing
1571841816.4120002,493,254,None,Move,browsing
1571841816.434,494,254,None,Move,browsing
1571841816.46,496,254,None,Move,browsing
1571841816.916,496,254,Left,Pressed,browsing
1571841817.032,496,254,Left,Released,browsing
1571841817.34,497,254,None,Move,browsing
1571841817.355,500,254,None,Move,browsing
1571841817.367,501,257,None,Move,browsing
1571841817.377,501,258,None,Move,browsing
1571841817.3860002,501,260,None,Move,browsing
1571841817.395,503,262,None,Move,browsing
1571841817.405,505,265,None,Move,browsing
1571841817.415,507,267,None,Move,browsing
1571841817.423,508,271,None,Move,browsing
1571841817.43,513,277,None,Move,browsing
1571841817.438,515,279,None,Move,browsing
1571841817.446,521,287,None,Move,browsing
1571841817.455,526,295,None,Move,browsing
1571841817.4629998,531,301,None,Move,browsing
1571841817.47,536,307,None,Move,browsing
1571841817.478,537,308,None,Move,browsing
1571841817.485,546,317,None,Move,browsing
1571841817.495,553,325,None,Move,browsing
1571841817.502,557,329,None,Move,browsing
1571841817.5089998,566,336,None,Move,browsing
1571841817.5170002,568,338,None,Move,browsing
1571841817.525,582,346,None,Move,browsing
1571841817.536,590,353,None,Move,browsing
1571841817.544,600,357,None,Move,browsing
1571841817.551,606,361,None,Move,browsing
1571841817.56,610,363,None,Move,browsing
1571841817.5679998,627,371,None,Move,browsing
1571841817.575,634,376,None,Move,browsing
1571841817.582,645,383,None,Move,browsing
1571841817.591,657,389,None,Move,browsing
1571841817.599,660,391,None,Move,browsing
1571841817.607,681,404,None,Move,browsing
1571841817.615,691,412,None,Move,browsing
1571841817.6220002,702,419,None,Move,browsing
1571841817.6320002,711,427,None,Move,browsing
1571841817.64,715,431,None,Move,browsing
1571841817.6479998,734,440,None,Move,browsing
1571841817.656,744,444,None,Move,browsing
1571841817.664,751,446,None,Move,browsing
1571841817.6720002,760,449,None,Move,browsing
1571841817.679,765,451,None,Move,browsing
1571841817.687,779,456,None,Move,browsing
1571841817.697,789,461,None,Move,browsing
1571841817.725,808,468,None,Move,browsing
1571841817.734,819,474,None,Move,browsing
1571841817.742,832,478,None,Move,browsing
1571841817.7510002,839,481,None,Move,browsing
1571841817.76,842,481,None,Move,browsing
1571841817.768,852,485,None,Move,browsing
1571841817.779,859,489,None,Move,browsing
1571841817.7870002,865,491,None,Move,browsing
1571841817.796,870,493,None,Move,browsing
1571841817.805,873,494,None,Move,browsing
1571841817.819,888,499,None,Move,browsing
1571841817.829,895,501,None,Move,browsing
1571841817.835,900,502,None,Move,browsing
1571841817.843,901,502,None,Move,browsing
1571841817.85,911,504,None,Move,browsing
1571841817.86,915,504,None,Move,browsing
1571841817.8679998,918,507,None,Move,browsing
1571841817.8760002,920,507,None,Move,browsing
1571841817.885,925,508,None,Move,browsing
1571841817.894,925,509,None,Move,browsing
1571841817.904,929,509,None,Move,browsing
1571841817.913,930,509,None,Move,browsing
1571841817.921,932,510,None,Move,browsing
1571841817.93,937,513,None,Move,browsing
1571841817.939,938,513,None,Move,browsing
1571841817.947,941,513,None,Move,browsing
1571841817.956,942,514,None,Move,browsing
1571841817.965,943,514,None,Move,browsing
1571841817.9729998,945,515,None,Move,browsing
1571841817.981,945,515,None,Move,browsing
1571841817.9870002,947,515,None,Move,browsing
1571841817.9989998,948,515,None,Move,browsing
1571841818.0089998,949,516,None,Move,browsing
1571841818.02,950,516,None,Move,browsing
1571841818.028,952,517,None,Move,browsing
1571841818.035,953,517,None,Move,browsing
1571841818.043,953,517,None,Move,browsing
1571841818.052,955,517,None,Move,browsing
1571841818.06,956,517,None,Move,browsing
1571841818.069,959,519,None,Move,browsing
1571841818.079,960,519,None,Move,browsing
1571841818.089,961,519,None,Move,browsing
1571841818.1,961,519,None,Move,browsing
1571841818.107,962,519,None,Move,browsing
1571841818.115,962,519,None,Move,browsing
1571841818.125,963,519,None,Move,browsing
1571841818.1420002,963,519,None,Move,browsing
1571841818.151,964,519,None,Move,browsing
1571841818.158,965,519,None,Move,browsing
1571841818.166,966,519,None,Move,browsing
1571841818.176,966,519,None,Move,browsing
1571841818.199,968,519,None,Move,browsing
1571841818.3170002,969,518,None,Move,browsing
1571841818.344,969,518,None,Move,browsing
1571841818.65,969,516,None,Move,browsing
1571841818.667,969,515,None,Move,browsing
1571841818.6829998,967,510,None,Move,browsing
1571841818.697,964,505,None,Move,browsing
1571841818.707,964,504,None,Move,browsing
1571841818.72,963,503,None,Move,browsing
1571841818.73,962,502,None,Move,browsing
1571841818.7370002,962,501,None,Move,browsing
1571841818.7510002,961,500,None,Move,browsing
1571841818.7610002,961,500,None,Move,browsing
1571841818.769,961,499,None,Move,browsing
1571841818.778,959,498,None,Move,browsing
1571841818.786,958,496,None,Move,browsing
1571841818.793,956,494,None,Move,browsing
1571841818.802,954,494,None,Move,browsing
1571841818.81,952,491,None,Move,browsing
1571841818.8179998,948,485,None,Move,browsing
1571841818.827,944,478,None,Move,browsing
1571841818.835,939,474,None,Move,browsing
1571841818.8479998,934,467,None,Move,browsing
1571841818.857,930,462,None,Move,browsing
1571841818.867,928,460,None,Move,browsing
1571841818.875,924,458,None,Move,browsing
1571841818.8839998,922,453,None,Move,browsing
1571841818.891,920,451,None,Move,browsing
1571841818.8979998,914,447,None,Move,browsing
1571841818.907,908,443,None,Move,browsing
1571841818.915,901,435,None,Move,browsing
1571841818.923,891,428,None,Move,browsing
1571841818.93,882,420,None,Move,browsing
1571841818.938,874,413,None,Move,browsing
1571841818.945,872,412,None,Move,browsing
1571841818.954,861,403,None,Move,browsing
1571841818.964,853,396,None,Move,browsing
1571841818.972,846,390,None,Move,browsing
1571841818.98,841,385,None,Move,browsing
1571841818.988,838,381,None,Move,browsing
1571841818.998,834,375,None,Move,browsing
1571841819.005,832,372,None,Move,browsing
1571841819.012,830,366,None,Move,browsing
1571841819.018,830,363,None,Move,browsing
1571841819.0270002,828,351,None,Move,browsing
1571841819.036,826,342,None,Move,browsing
1571841819.043,826,335,None,Move,browsing
1571841819.051,826,328,None,Move,browsing
1571841819.06,826,327,None,Move,browsing
1571841819.0679998,827,321,None,Move,browsing
1571841819.085,831,313,None,Move,browsing
1571841819.092,834,311,None,Move,browsing
1571841819.099,841,303,None,Move,browsing
1571841819.11,845,300,None,Move,browsing
1571841819.117,850,292,None,Move,browsing
1571841819.1239998,853,286,None,Move,browsing
1571841819.133,854,286,None,Move,browsing
1571841819.14,857,280,None,Move,browsing
1571841819.149,859,276,None,Move,browsing
1571841819.159,859,275,None,Move,browsing
1571841819.168,859,275,None,Move,browsing
1571841819.229,859,274,None,Move,browsing
1571841819.238,859,273,None,Move,browsing
1571841819.256,858,271,None,Move,browsing
1571841819.279,851,270,None,Move,browsing
1571841819.302,838,272,None,Move,browsing
1571841819.323,831,275,None,Move,browsing
1571841819.347,817,276,None,Move,browsing
1571841819.3739998,804,276,None,Move,browsing
1571841819.409,793,280,None,Move,browsing
1571841819.426,790,283,None,Move,browsing
1571841819.438,787,286,None,Move,browsing
1571841819.448,785,287,None,Move,browsing
1571841819.458,785,288,None,Move,browsing
1571841819.47,784,288,None,Move,browsing
1571841819.48,783,288,None,Move,browsing
1571841819.5170002,782,288,None,Move,browsing
1571841819.5270002,780,288,None,Move,browsing
1571841819.5370002,780,288,None,Move,browsing
1571841819.5470002,775,284,None,Move,browsing
1571841819.5570002,772,282,None,Move,browsing
1571841819.566,770,279,None,Move,browsing
1571841819.576,769,275,None,Move,browsing
1571841819.586,768,267,None,Move,browsing
1571841819.596,767,257,None,Move,browsing
1571841819.606,765,249,None,Move,browsing
1571841819.615,760,236,None,Move,browsing
1571841819.6239998,756,224,None,Move,browsing
1571841819.637,754,220,None,Move,browsing
1571841819.647,753,215,None,Move,browsing
1571841819.649,752,211,None,Move,browsing
1571841819.659,752,210,None,Move,browsing
1571841819.669,750,205,None,Move,browsing
1571841819.679,748,202,None,Move,browsing
1571841819.688,746,198,None,Move,browsing
1571841819.698,743,193,None,Move,browsing
1571841819.707,740,190,None,Move,browsing
1571841819.717,740,190,None,Move,browsing
1571841819.7270002,738,188,None,Move,browsing
1571841819.736,738,187,None,Move,browsing
1571841819.775,737,186,None,Move,browsing
1571841819.793,736,185,None,Move,browsing
1571841819.821,734,181,None,Move,browsing
1571841819.841,733,180,None,Move,browsing
1571841819.871,732,179,None,Move,browsing
1571841819.893,732,178,None,Move,browsing
1571841819.914,732,175,None,Move,browsing
1571841819.982,732,173,None,Move,browsing
1571841820.0110002,732,171,None,Move,browsing
1571841820.031,732,168,None,Move,browsing
1571841820.234,732,168,Left,Pressed,browsing
1571841820.314,732,168,Left,Released,browsing
1571841820.748,732,167,None,Move,browsing
1571841820.764,732,167,None,Move,browsing
1571841820.7729998,732,168,None,Move,browsing
1571841820.784,732,169,None,Move,browsing
1571841820.79,732,172,None,Move,browsing
1571841820.801,732,173,None,Move,browsing
1571841820.809,732,174,None,Move,browsing
1571841820.824,732,175,None,Move,browsing
1571841820.84,732,175,None,Move,browsing
1571841820.8520002,732,176,None,Move,browsing
1571841820.863,732,177,None,Move,browsing
1571841820.873,732,178,None,Move,browsing
1571841820.8839998,732,180,None,Move,browsing
1571841820.894,732,181,None,Move,browsing
1571841820.904,732,182,None,Move,browsing
1571841820.91,732,184,None,Move,browsing
1571841820.919,732,184,None,Move,browsing
1571841820.927,732,185,None,Move,browsing
1571841820.94,732,186,None,Move,browsing
1571841820.947,732,187,None,Move,browsing
1571841820.957,732,189,None,Move,browsing
1571841820.968,732,191,None,Move,browsing
1571841820.976,732,191,None,Move,browsing
1571841820.99,732,193,None,Move,browsing
1571841821.0,732,193,None,Move,browsing
1571841821.006,732,195,None,Move,browsing
1571841821.016,732,197,None,Move,browsing
1571841821.024,732,199,None,Move,browsing
1571841821.033,732,201,None,Move,browsing
1571841821.042,732,202,None,Move,browsing
1571841821.055,732,205,None,Move,browsing
1571841821.063,732,205,None,Move,browsing
1571841821.084,732,208,None,Move,browsing
1571841821.103,732,213,None,Move,browsing
1571841821.111,732,214,None,Move,browsing
1571841821.119,730,217,None,Move,browsing
1571841821.1320002,729,220,None,Move,browsing
1571841821.1420002,728,220,None,Move,browsing
1571841821.151,727,221,None,Move,browsing
1571841821.159,727,222,None,Move,browsing
1571841821.177,725,223,None,Move,browsing
1571841821.186,723,223,None,Move,browsing
1571841821.1929998,722,223,None,Move,browsing
1571841821.202,719,223,None,Move,browsing
1571841821.211,717,223,None,Move,browsing
1571841821.219,714,223,None,Move,browsing
1571841821.2270002,710,223,None,Move,browsing
1571841821.235,708,223,None,Move,browsing
1571841821.24,704,223,None,Move,browsing
1571841821.2470002,702,223,None,Move,browsing
1571841821.2570002,700,223,None,Move,browsing
1571841821.265,697,223,None,Move,browsing
1571841821.2729998,697,223,None,Move,browsing
1571841821.285,693,223,None,Move,browsing
1571841821.291,691,223,None,Move,browsing
1571841821.299,688,223,None,Move,browsing
1571841821.3070002,684,223,None,Move,browsing
1571841821.315,683,223,None,Move,browsing
1571841821.324,679,223,None,Move,browsing
1571841821.332,676,223,None,Move,browsing
1571841821.34,673,222,None,Move,browsing
1571841821.3479998,672,221,None,Move,browsing
1571841821.393,672,219,None,Move,browsing
1571841821.4020002,672,218,None,Move,browsing
1571841821.409,673,217,None,Move,browsing
1571841821.417,673,216,None,Move,browsing
1571841821.425,675,215,None,Move,browsing
1571841821.434,675,213,None,Move,browsing
1571841821.44,677,211,None,Move,browsing
1571841821.45,677,211,None,Move,browsing
1571841821.457,678,209,None,Move,browsing
1571841821.471,679,207,None,Move,browsing
1571841821.485,681,204,None,Move,browsing
1571841821.515,684,199,None,Move,browsing
1571841821.524,686,198,None,Move,browsing
1571841821.533,686,197,None,Move,browsing
1571841821.542,687,197,None,Move,browsing
1571841821.556,688,195,None,Move,browsing
1571841821.575,689,194,None,Move,browsing
1571841821.712,689,194,None,Move,browsing
1571841821.738,689,201,None,Move,browsing
1571841821.76,689,206,None,Move,browsing
1571841821.7870002,689,213,None,Move,browsing
1571841821.812,691,215,None,Move,browsing
1571841821.843,693,215,None,Move,browsing
1571841821.8760002,697,214,None,Move,browsing
1571841821.893,698,213,None,Move,browsing
1571841821.979,698,212,None,Move,browsing
1571841822.0029998,698,211,None,Move,browsing
1571841822.028,699,210,None,Move,browsing
1571841822.06,699,209,None,Move,browsing
1571841822.092,700,208,None,Move,browsing
1571841822.1260002,700,208,Left,Pressed,browsing
1571841822.231,700,208,Left,Released,browsing
1571841822.2510002,700,207,None,Move,browsing
1571841837.16,700,207,None,Move,browsing
1571841837.36,700,207,None,Move,browsing
1571841837.3760002,692,207,None,Move,browsing
1571841837.3920002,663,197,None,Move,browsing
1571841837.41,647,190,None,Move,browsing
1571841837.427,633,189,None,Move,browsing
1571841837.446,639,189,None,Move,browsing
1571841837.464,659,191,None,Move,browsing
1571841837.482,688,197,None,Move,browsing
1571841837.5,690,197,None,Move,browsing
1571841837.519,671,202,None,Move,browsing
1571841837.5370002,607,234,None,Move,browsing
1571841837.555,520,293,None,Move,browsing
1571841838.051,519,294,None,Move,browsing
1571841838.097,519,294,None,Move,browsing
1571841838.1160002,524,290,None,Move,browsing
1571841838.135,529,286,None,Move,browsing
1571841838.159,538,286,None,Move,browsing
1571841838.181,543,286,None,Move,browsing
1571841838.201,544,287,None,Move,browsing
1571841838.22,544,289,None,Move,browsing
1571841838.238,544,291,None,Move,browsing
1571841838.289,544,291,None,Move,browsing
1571841838.31,545,292,None,Move,browsing
1571841838.3279998,545,299,None,Move,browsing
1571841838.349,545,306,None,Move,browsing
1571841838.3679998,545,306,None,Move,browsing
1571841838.406,545,308,None,Move,browsing
1571841838.424,545,316,None,Move,browsing
1571841838.444,545,322,None,Move,browsing
1571841838.464,547,332,None,Move,browsing
1571841838.484,549,340,None,Move,browsing
1571841838.5070002,550,349,None,Move,browsing
1571841838.536,556,371,None,Move,browsing
1571841838.57,563,397,None,Move,browsing
1571841838.589,567,415,None,Move,browsing
1571841838.6020002,567,423,None,Move,browsing
1571841838.615,567,445,None,Move,browsing
1571841838.635,561,471,None,Move,browsing
1571841838.658,547,497,None,Move,browsing
1571841838.678,542,506,None,Move,browsing
1571841838.71,552,519,None,Move,browsing
1571841838.722,559,518,None,Move,browsing
1571841838.734,567,509,None,Move,browsing
1571841838.7429998,569,504,None,Move,browsing
1571841838.752,573,498,None,Move,browsing
1571841839.347,573,498,None,Move,browsing
1571841839.361,574,498,None,Move,browsing
1571841839.3720002,575,498,None,Move,browsing
1571841839.381,577,498,None,Move,browsing
1571841839.427,578,498,None,Move,browsing
1571841839.4429998,578,499,None,Move,browsing
1571841839.508,579,499,None,Move,browsing
1571841839.5270002,579,498,None,Move,browsing
1571841839.534,580,498,None,Move,browsing
1571841839.543,581,497,None,Move,browsing
1571841839.554,581,495,None,Move,browsing
1571841839.571,582,492,None,Move,browsing
1571841839.5879998,583,490,None,Move,browsing
1571841839.606,584,486,None,Move,browsing
1571841839.6220002,584,485,None,Move,browsing
1571841839.637,584,482,None,Move,browsing
1571841839.654,584,479,None,Move,browsing
1571841839.67,586,475,None,Move,browsing
1571841839.686,586,472,None,Move,browsing
1571841839.7029998,586,472,None,Move,browsing
1571841839.721,588,471,None,Move,browsing
1571841839.7410002,591,464,None,Move,browsing
1571841839.758,594,457,None,Move,browsing
1571841839.775,596,448,None,Move,browsing
1571841839.793,598,431,None,Move,browsing
1571841839.81,598,428,None,Move,browsing
1571841840.254,598,428,None,Move,browsing
1571841840.28,599,430,None,Move,browsing
1571841840.301,600,430,None,Move,browsing
1571841840.415,601,430,None,Move,browsing
1571841840.617,601,430,None,Move,browsing
1571841840.643,600,428,None,Move,browsing
1571841840.667,595,425,None,Move,browsing
1571841840.688,591,422,None,Move,browsing
1571841840.71,587,420,None,Move,browsing
1571841840.732,584,417,None,Move,browsing
1571841840.756,581,415,None,Move,browsing
1571841840.783,578,414,None,Move,browsing
1571841840.8170002,577,413,None,Move,browsing
1571841840.873,576,413,None,Move,browsing
1571841840.901,576,413,None,Move,browsing
1571841840.956,575,412,None,Move,browsing
1571841840.974,574,411,None,Move,browsing
1571841840.994,572,410,None,Move,browsing
1571841841.03,568,409,None,Move,browsing
1571841841.052,566,408,None,Move,browsing
1571841841.074,564,408,None,Move,browsing
1571841842.901,564,408,None,Move,browsing
1571841842.9120002,564,406,None,Move,browsing
1571841842.925,564,404,None,Move,browsing
1571841842.934,564,404,None,Move,browsing
1571841842.947,564,403,None,Move,browsing
1571841842.957,564,403,None,Move,browsing
1571841847.349,564,402,None,Move,browsing
1571841847.375,564,402,None,Move,browsing
1571841847.3920002,564,402,None,Move,browsing
1571841847.41,564,403,None,Move,browsing
1571841847.427,565,405,None,Move,browsing
1571841847.446,566,406,None,Move,browsing
1571841847.4629998,567,407,None,Move,browsing
1571841847.479,568,408,None,Move,browsing
1571841847.496,569,406,None,Move,browsing
1571841847.512,569,405,None,Move,browsing
1571841847.906,569,405,None,Move,browsing
1571841847.923,569,405,None,Move,browsing
1571841847.941,561,408,None,Move,browsing
1571841847.959,559,411,None,Move,browsing
1571841848.005,554,414,None,Move,browsing
1571841848.029,554,414,None,Move,browsing
1571841848.075,554,414,None,Move,browsing
1571841848.103,554,411,None,Move,browsing
1571841848.125,554,410,None,Move,browsing
1571841848.2129998,554,409,None,Move,browsing
1571841848.333,554,408,None,Move,browsing
1571841848.369,557,407,None,Move,browsing
1571841848.413,557,406,None,Move,browsing
1571841849.347,557,405,None,Move,browsing
1571841849.359,556,405,None,Move,browsing
1571841849.369,554,404,None,Move,browsing
1571841849.379,552,403,None,Move,browsing
1571841849.389,551,403,None,Move,browsing
1571841849.4,547,401,None,Move,browsing
1571841849.411,543,401,None,Move,browsing
1571841849.424,537,398,None,Move,browsing
1571841849.4329998,535,398,None,Move,browsing
1571841849.444,528,395,None,Move,browsing
1571841849.454,524,393,None,Move,browsing
1571841849.462,514,389,None,Move,browsing
1571841849.471,512,388,None,Move,browsing
1571841849.478,503,384,None,Move,browsing
1571841849.488,501,383,None,Move,browsing
1571841849.4970002,494,380,None,Move,browsing
1571841849.505,483,376,None,Move,browsing
1571841849.516,473,372,None,Move,browsing
1571841849.525,471,371,None,Move,browsing
1571841849.534,465,370,None,Move,browsing
1571841849.544,452,364,None,Move,browsing
1571841849.553,449,362,None,Move,browsing
1571841849.563,430,353,None,Move,browsing
1571841849.572,421,349,None,Move,browsing
1571841849.581,409,342,None,Move,browsing
1571841849.59,405,341,None,Move,browsing
1571841849.599,393,334,None,Move,browsing
1571841849.6079998,390,332,None,Move,browsing
1571841849.617,387,330,None,Move,browsing
1571841849.625,377,325,None,Move,browsing
1571841849.6339998,376,324,None,Move,browsing
1571841849.6420002,370,322,None,Move,browsing
1571841849.651,366,319,None,Move,browsing
1571841849.661,364,317,None,Move,browsing
1571841849.671,362,317,None,Move,browsing
1571841849.677,360,315,None,Move,browsing
1571841849.687,360,315,None,Move,browsing
1571841849.697,359,313,None,Move,browsing
1571841849.707,358,313,None,Move,browsing
1571841849.7270002,358,312,None,Move,browsing
1571841849.7370002,357,312,None,Move,browsing
1571841849.783,357,311,None,Move,browsing
1571841849.803,357,310,None,Move,browsing
1571841849.826,357,308,None,Move,browsing
1571841849.849,357,307,None,Move,browsing
1571841849.94,357,306,None,Move,browsing
1571841849.96,358,305,None,Move,browsing
1571841849.9870002,361,305,None,Move,browsing
1571841850.008,365,305,None,Move,browsing
1571841850.0270002,367,305,None,Move,browsing
1571841850.049,367,306,None,Move,browsing
1571841850.076,368,307,None,Move,browsing
1571841850.091,369,308,None,Move,browsing
1571841850.105,369,308,None,Move,browsing
1571841850.119,370,308,None,Move,browsing
1571841850.131,372,310,None,Move,browsing
1571841850.145,373,310,None,Move,browsing
1571841850.158,375,310,None,Move,browsing
1571841850.174,376,310,None,Move,browsing
1571841850.1929998,377,310,None,Move,browsing
1571841850.209,378,310,None,Move,browsing
1571841850.2229998,379,310,None,Move,browsing
1571841850.24,380,310,None,Move,browsing
1571841850.255,381,310,None,Move,browsing
1571841850.39,382,310,None,Move,browsing
1571841850.405,382,311,None,Move,browsing
1571841850.6420002,382,311,Left,Pressed,browsing
1571841850.794,382,311,Left,Released,browsing
1571841852.05,382,311,None,Move,browsing
1571841852.061,382,313,None,Move,browsing
1571841852.074,391,323,None,Move,browsing
1571841852.087,396,328,None,Move,browsing
1571841852.094,413,347,None,Move,browsing
1571841852.106,422,355,None,Move,browsing
1571841852.117,424,361,None,Move,browsing
1571841852.125,429,366,None,Move,browsing
1571841852.133,437,384,None,Move,browsing
1571841852.141,439,387,None,Move,browsing
1571841852.149,448,408,None,Move,browsing
1571841852.161,449,417,None,Move,browsing
1571841852.169,452,426,None,Move,browsing
1571841852.177,454,434,None,Move,browsing
1571841852.187,458,446,None,Move,browsing
1571841852.194,459,450,None,Move,browsing
1571841852.201,461,457,None,Move,browsing
1571841852.208,462,459,None,Move,browsing
1571841852.217,463,464,None,Move,browsing
1571841852.2229998,463,466,None,Move,browsing
1571841852.2329998,464,469,None,Move,browsing
1571841852.2429998,466,476,None,Move,browsing
1571841852.2510002,466,477,None,Move,browsing
1571841852.2570002,468,482,None,Move,browsing
1571841852.264,468,484,None,Move,browsing
1571841852.2729998,468,486,None,Move,browsing
1571841852.284,468,490,None,Move,browsing
1571841852.291,468,490,None,Move,browsing
1571841852.301,468,492,None,Move,browsing
1571841852.333,470,492,None,Move,browsing
1571841852.341,473,492,None,Move,browsing
1571841852.3479998,473,492,None,Move,browsing
1571841852.356,475,492,None,Move,browsing
1571841852.3639998,477,491,None,Move,browsing
1571841852.697,477,491,None,Move,browsing
1571841852.717,475,490,None,Move,browsing
1571841852.7370002,473,490,None,Move,browsing
1571841852.758,472,490,None,Move,browsing
1571841852.778,472,490,None,Move,browsing
1571841853.332,471,490,None,Move,browsing
1571841853.353,469,491,None,Move,browsing
1571841853.3739998,467,497,None,Move,browsing
1571841853.396,458,507,None,Move,browsing
1571841853.423,444,528,None,Move,browsing
1571841853.459,438,555,None,Move,browsing
1571841853.48,438,559,None,Move,browsing
1571841853.495,438,560,None,Move,browsing
1571841853.515,449,557,None,Move,browsing
1571841853.531,452,557,None,Move,browsing
1571841853.881,452,557,None,Move,browsing
1571841853.901,451,557,None,Move,browsing
1571841853.917,450,557,None,Move,browsing
1571841853.927,450,557,None,Move,browsing
1571841853.936,448,557,None,Move,browsing
1571841853.9429998,448,557,None,Move,browsing
1571841853.961,447,558,None,Move,browsing
1571841853.9770002,447,558,None,Move,browsing
1571841854.428,446,558,None,Move,browsing
1571841854.449,446,558,None,Move,browsing
1571841857.883,446,557,None,Move,browsing
1571841857.894,446,556,None,Move,browsing
1571841857.905,446,556,None,Move,browsing
1571841863.981,444,554,None,Move,browsing
1571841863.992,444,553,None,Move,browsing
1571841864.0010002,443,552,None,Move,browsing
1571841864.014,442,551,None,Move,browsing
1571841864.024,441,550,None,Move,browsing
1571841864.035,440,548,None,Move,browsing
1571841864.045,439,546,None,Move,browsing
1571841864.053,438,545,None,Move,browsing
1571841864.062,438,543,None,Move,browsing
1571841864.071,438,542,None,Move,browsing
1571841864.081,436,541,None,Move,browsing
1571841864.097,436,540,None,Move,browsing
1571841864.104,436,540,None,Move,browsing
1571841864.1120002,436,538,None,Move,browsing
1571841864.123,435,537,None,Move,browsing
1571841864.141,434,536,None,Move,browsing
1571841864.174,433,536,None,Move,browsing
1571841864.191,432,535,None,Move,browsing
1571841864.207,431,535,None,Move,browsing
1571841864.339,431,535,None,Move,browsing
1571841864.361,430,535,None,Move,browsing
1571841864.3820002,428,535,None,Move,browsing
1571841864.406,428,535,None,Move,browsing
1571841864.429,427,535,None,Move,browsing
1571841864.4529998,426,535,None,Move,browsing
1571841864.476,425,535,None,Move,browsing
1571841864.4970002,425,535,None,Move,browsing
1571841864.565,423,535,None,Move,browsing
1571841864.586,422,535,None,Move,browsing
1571841864.607,421,535,None,Move,browsing
1571841864.627,420,535,None,Move,browsing
1571841864.649,419,535,None,Move,browsing
1571841864.67,419,535,None,Move,browsing
1571841864.6920002,418,535,None,Move,browsing
1571841864.714,417,535,None,Move,browsing
1571841864.7429998,417,535,None,Move,browsing
1571841864.76,416,535,None,Move,browsing
1571841864.774,416,535,None,Move,browsing
1571841865.075,415,535,Left,Pressed,browsing
1571841865.076,415,535,None,Drag,browsing
1571841865.076,415,535,Left,Released,browsing
1571841866.211,415,535,None,Move,browsing
1571841866.407,413,536,None,Move,browsing
1571841866.426,413,537,None,Move,browsing
1571841866.448,413,538,None,Move,browsing
1571841866.471,412,539,None,Move,browsing
1571841866.62,412,540,None,Move,browsing
1571841867.269,412,540,None,Move,browsing
1571841867.281,413,542,None,Move,browsing
1571841867.29,414,542,None,Move,browsing
1571841867.299,414,543,None,Move,browsing
1571841867.3070002,415,544,None,Move,browsing
1571841867.315,415,546,None,Move,browsing
1571841867.326,415,547,None,Move,browsing
1571841867.333,416,551,None,Move,browsing
1571841867.341,417,553,None,Move,browsing
1571841867.347,418,556,None,Move,browsing
1571841867.356,419,559,None,Move,browsing
1571841867.361,419,560,None,Move,browsing
1571841867.371,420,562,None,Move,browsing
1571841867.3779998,421,564,None,Move,browsing
1571841867.395,421,564,None,Move,browsing
1571841867.406,422,566,None,Move,browsing
1571841867.4220002,424,568,None,Move,browsing
1571841867.435,425,568,None,Move,browsing
1571841867.444,425,570,None,Move,browsing
1571841867.461,426,570,None,Move,browsing
1571841867.47,426,572,None,Move,browsing
1571841867.532,426,573,None,Move,browsing
1571841867.549,426,573,None,Move,browsing
1571841867.569,426,575,None,Move,browsing
1571841867.5879998,427,575,None,Move,browsing
1571841867.607,427,576,None,Move,browsing
1571841867.637,427,576,None,Move,browsing
1571841867.656,427,577,None,Move,browsing
1571841867.7,427,578,None,Move,browsing
1571841867.936,427,578,Left,Pressed,browsing
1571841868.038,427,578,Left,Released,browsing
1571841868.667,427,578,None,Move,browsing
1571841868.681,427,578,None,Move,browsing
1571841868.694,427,577,None,Move,browsing
1571841868.704,427,576,None,Move,browsing
1571841868.711,427,576,None,Move,browsing
1571841868.719,427,575,None,Move,browsing
1571841868.7270002,427,574,None,Move,browsing
1571841868.7370002,427,573,None,Move,browsing
1571841868.744,427,573,None,Move,browsing
1571841868.752,427,572,None,Move,browsing
1571841868.764,427,572,None,Move,browsing
1571841868.794,427,570,None,Move,browsing
1571841868.827,427,568,None,Move,browsing
1571841868.837,427,568,None,Move,browsing
1571841868.851,427,567,None,Move,browsing
1571841868.859,427,566,None,Move,browsing
1571841868.869,428,565,None,Move,browsing
1571841868.8920002,428,565,None,Move,browsing
1571841868.93,428,564,None,Move,browsing
1571841869.2770002,428,563,None,Move,browsing
1571841869.296,430,563,None,Move,browsing
1571841869.316,432,563,None,Move,browsing
1571841869.336,438,561,None,Move,browsing
1571841869.357,447,555,None,Move,browsing
1571841869.375,457,544,None,Move,browsing
1571841869.395,457,541,None,Move,browsing
1571841869.805,458,541,None,Move,browsing
1571841869.822,458,540,None,Move,browsing
1571841869.845,458,540,None,Move,browsing
1571841869.8579998,459,539,None,Move,browsing
1571841869.935,459,538,None,Move,browsing
1571841870.092,459,537,None,Move,browsing
1571841870.1139998,460,537,None,Move,browsing
1571841870.178,461,535,None,Move,browsing
1571841870.199,461,535,None,Move,browsing
1571841870.2229998,461,533,None,Move,browsing
1571841870.244,461,530,None,Move,browsing
1571841870.274,461,528,None,Move,browsing
1571841870.302,462,526,None,Move,browsing
1571841870.333,463,523,None,Move,browsing
1571841870.36,463,523,None,Move,browsing
1571841870.582,463,522,None,Move,browsing
1571841870.606,466,522,None,Move,browsing
1571841870.645,473,522,None,Move,browsing
1571841870.67,478,523,None,Move,browsing
1571841870.689,479,523,None,Move,browsing
1571841870.74,479,523,None,Move,browsing
1571841870.754,480,524,None,Move,browsing
1571841870.7629998,481,526,None,Move,browsing
1571841870.774,483,527,None,Move,browsing
1571841870.785,484,528,None,Move,browsing
1571841870.796,484,529,None,Move,browsing
1571841870.806,484,532,None,Move,browsing
1571841870.816,484,532,None,Move,browsing
1571841870.827,485,533,None,Move,browsing
1571841870.855,486,533,None,Move,browsing
1571841871.389,486,534,None,Move,browsing
1571841871.44,486,534,None,Move,browsing
1571841871.5110002,485,534,None,Move,browsing
1571841871.534,485,534,None,Move,browsing
1571841871.5570002,485,533,None,Move,browsing
1571841871.584,485,531,None,Move,browsing
1571841871.6120002,483,530,None,Move,browsing
1571841871.783,483,529,None,Move,browsing
1571841871.975,483,529,None,Move,browsing
1571841872.7870002,484,529,None,Move,browsing
1571841872.801,484,529,None,Move,browsing
1571841873.04,485,529,None,Move,browsing
1571841873.059,485,528,None,Move,browsing
1571841873.083,485,528,None,Move,browsing
1571841873.103,485,527,None,Move,browsing
1571841873.121,485,525,None,Move,browsing
1571841873.141,485,524,None,Move,browsing
1571841873.1620002,485,521,None,Move,browsing
1571841873.186,485,517,None,Move,browsing
1571841873.209,485,514,None,Move,browsing
1571841873.228,485,513,None,Move,browsing
1571841873.248,484,507,None,Move,browsing
1571841873.268,482,503,None,Move,browsing
1571841873.2870002,482,501,None,Move,browsing
1571841873.306,482,500,None,Move,browsing
1571841873.325,481,497,None,Move,browsing
1571841873.345,480,497,None,Move,browsing
1571841873.3760002,480,496,None,Move,browsing
1571841873.395,480,495,None,Move,browsing
1571841873.414,480,494,None,Move,browsing
1571841873.446,480,492,None,Move,browsing
1571841873.464,480,492,None,Move,browsing
1571841873.4829998,480,491,None,Move,browsing
