client_timestamp,x,y,button,state,window
1572512762.986,437,947,None,Move,browsing
1572512763.006,437,947,None,Move,browsing
1572512763.014,439,947,None,Move,browsing
1572512763.02,442,945,None,Move,browsing
1572512763.028,445,943,None,Move,browsing
1572512763.035,449,939,None,Move,browsing
1572512763.043,452,932,None,Move,browsing
1572512763.052,456,922,None,Move,browsing
1572512763.06,463,907,None,Move,browsing
1572512763.0679998,472,887,None,Move,browsing
1572512763.076,482,866,None,Move,browsing
1572512763.082,492,842,None,Move,browsing
1572512763.09,503,817,None,Move,browsing
1572512763.0979998,516,790,None,Move,browsing
1572512763.106,526,762,None,Move,browsing
1572512763.1139998,536,741,None,Move,browsing
1572512763.1220002,547,725,None,Move,browsing
1572512763.13,556,716,None,Move,browsing
1572512763.137,566,708,None,Move,browsing
1572512763.146,581,701,None,Move,browsing
1572512763.1520002,594,694,None,Move,browsing
1572512763.16,603,689,None,Move,browsing
1572512763.168,606,688,None,Move,browsing
1572512763.3479998,606,687,None,Move,browsing
1572512763.356,605,684,None,Move,browsing
1572512763.3620002,602,680,None,Move,browsing
1572512763.37,595,677,None,Move,browsing
1572512763.377,585,675,None,Move,browsing
1572512763.385,575,672,None,Move,browsing
1572512763.393,562,671,None,Move,browsing
1572512763.401,548,671,None,Move,browsing
1572512763.409,532,671,None,Move,browsing
1572512763.418,514,670,None,Move,browsing
1572512763.426,499,670,None,Move,browsing
1572512763.434,482,667,None,Move,browsing
1572512763.44,465,667,None,Move,browsing
1572512763.448,449,667,None,Move,browsing
1572512763.456,433,667,None,Move,browsing
1572512763.464,420,670,None,Move,browsing
1572512763.472,409,670,None,Move,browsing
1572512763.48,399,671,None,Move,browsing
1572512763.488,391,671,None,Move,browsing
1572512763.495,385,671,None,Move,browsing
1572512763.5010002,378,672,None,Move,browsing
1572512763.5089998,373,673,None,Move,browsing
1572512763.5170002,370,674,None,Move,browsing
1572512763.525,367,675,None,Move,browsing
1572512763.533,365,677,None,Move,browsing
1572512763.541,362,679,None,Move,browsing
1572512763.55,360,679,None,Move,browsing
1572512763.5579998,359,681,None,Move,browsing
1572512763.566,358,682,None,Move,browsing
1572512763.572,356,683,None,Move,browsing
1572512763.579,356,683,None,Move,browsing
1572512763.5879998,356,684,None,Move,browsing
1572512763.596,355,685,None,Move,browsing
1572512763.604,354,685,None,Move,browsing
1572512763.646,354,686,None,Move,browsing
1572512763.992,351,686,None,Move,browsing
1572512764.0,345,687,None,Move,browsing
1572512764.008,335,687,None,Move,browsing
1572512764.016,324,687,None,Move,browsing
1572512764.024,308,687,None,Move,browsing
1572512764.032,283,685,None,Move,browsing
1572512764.04,252,679,None,Move,browsing
1572512764.048,215,676,None,Move,browsing
1572512764.056,168,671,None,Move,browsing
1572512764.062,121,665,None,Move,browsing
1572512764.07,77,661,None,Move,browsing
1572512764.0779998,40,657,None,Move,browsing
1572512764.086,7,655,None,Move,browsing
1572512764.094,-24,651,None,Move,browsing
1572512764.1020002,-19,647,None,Move,browsing
1572512764.11,-13,644,None,Move,browsing
1572512764.1179998,-9,642,None,Move,browsing
1572512764.1260002,-2,641,None,Move,browsing
1572512764.1320002,-1,640,None,Move,browsing
1572512764.18,0,640,None,Move,browsing
1572512764.1920002,1,639,None,Move,browsing
1572512764.2,2,638,None,Move,browsing
1572512764.35,3,638,None,Move,browsing
1572512764.3579998,9,638,None,Move,browsing
1572512764.3660002,16,637,None,Move,browsing
1572512764.3739998,23,634,None,Move,browsing
1572512764.3820002,30,632,None,Move,browsing
1572512764.39,37,630,None,Move,browsing
1572512764.3979998,44,627,None,Move,browsing
1572512764.406,49,625,None,Move,browsing
1572512764.4120002,56,623,None,Move,browsing
1572512764.42,62,621,None,Move,browsing
1572512764.428,69,618,None,Move,browsing
1572512764.436,75,617,None,Move,browsing
1572512764.444,81,616,None,Move,browsing
1572512764.452,86,614,None,Move,browsing
1572512764.46,90,613,None,Move,browsing
1572512764.468,92,613,None,Move,browsing
1572512764.476,94,612,None,Move,browsing
1572512764.482,95,612,None,Move,browsing
1572512764.49,97,612,None,Move,browsing
1572512764.498,98,612,None,Move,browsing
1572512772.5,96,610,None,Move,browsing
1572512772.5070002,89,601,None,Move,browsing
1572512772.514,82,591,None,Move,browsing
1572512772.5229998,75,574,None,Move,browsing
1572512772.53,64,555,None,Move,browsing
1572512772.539,53,536,None,Move,browsing
1572512772.546,44,517,None,Move,browsing
1572512772.555,37,504,None,Move,browsing
1572512772.563,32,494,None,Move,browsing
1572512772.571,28,485,None,Move,browsing
1572512772.577,26,480,None,Move,browsing
1572512772.585,25,478,None,Move,browsing
1572512772.593,24,476,None,Move,browsing
1572512772.601,24,476,None,Move,browsing
1572512772.645,24,475,None,Move,browsing
1572512772.675,23,475,None,Move,browsing
1572512772.7370002,22,474,None,Move,browsing
1572512772.745,20,473,None,Move,browsing
1572512772.752,18,471,None,Move,browsing
1572512772.7610002,18,470,None,Move,browsing
1572512772.769,17,470,None,Move,browsing
1572512772.776,17,469,None,Move,browsing
1572512772.783,16,468,None,Move,browsing
1572512772.79,14,467,None,Move,browsing
1572512772.798,13,464,None,Move,browsing
1572512772.8070002,11,459,None,Move,browsing
1572512772.814,8,452,None,Move,browsing
1572512772.823,7,445,None,Move,browsing
1572512772.83,6,444,None,Move,browsing
1572512772.905,6,444,None,Move,browsing
1572512772.9120002,17,448,None,Move,browsing
1572512772.918,32,453,None,Move,browsing
1572512772.927,48,453,None,Move,browsing
1572512772.934,64,453,None,Move,browsing
1572512772.9420002,80,450,None,Move,browsing
1572512772.951,92,446,None,Move,browsing
1572512772.958,100,444,None,Move,browsing
1572512772.967,104,443,None,Move,browsing
1572512772.975,104,443,None,Move,browsing
1572512773.021,107,443,None,Move,browsing
1572512773.029,113,444,None,Move,browsing
1572512773.0370002,113,445,None,Move,browsing
1572512773.045,113,448,None,Move,browsing
1572512773.053,110,451,None,Move,browsing
1572512773.059,107,453,None,Move,browsing
1572512773.0670002,107,453,None,Move,browsing
1572512773.074,109,454,None,Move,browsing
1572512773.083,117,453,None,Move,browsing
1572512773.091,129,450,None,Move,browsing
1572512773.0979998,145,447,None,Move,browsing
1572512773.107,161,445,None,Move,browsing
1572512773.1139998,171,444,None,Move,browsing
1572512773.123,179,441,None,Move,browsing
1572512773.129,184,441,None,Move,browsing
1572512773.137,186,441,None,Move,browsing
1572512773.195,186,440,None,Move,browsing
1572512773.2029998,184,439,None,Move,browsing
1572512773.211,183,438,None,Move,browsing
1572512773.219,181,437,None,Move,browsing
1572512773.2270002,180,437,None,Move,browsing
1572512773.234,179,437,None,Move,browsing
1572512773.242,176,437,None,Move,browsing
1572512773.2510002,171,442,None,Move,browsing
1572512773.2589998,167,449,None,Move,browsing
1572512773.264,168,455,None,Move,browsing
1572512773.2729998,171,464,None,Move,browsing
1572512773.28,175,473,None,Move,browsing
1572512773.289,178,480,None,Move,browsing
1572512773.2970002,180,482,None,Move,browsing
1572512773.305,182,484,None,Move,browsing
1572512773.312,184,486,None,Move,browsing
1572512773.32,185,487,None,Move,browsing
1572512773.3279998,187,489,None,Move,browsing
1572512773.333,190,491,None,Move,browsing
1572512773.343,193,494,None,Move,browsing
1572512773.351,198,497,None,Move,browsing
1572512773.357,204,502,None,Move,browsing
1572512773.3660002,210,509,None,Move,browsing
1572512773.3739998,212,516,None,Move,browsing
1572512773.3820002,215,523,None,Move,browsing
1572512773.391,217,530,None,Move,browsing
1572512773.3979998,217,535,None,Move,browsing
1572512773.405,217,541,None,Move,browsing
1572512773.4120002,217,548,None,Move,browsing
1572512773.421,215,552,None,Move,browsing
1572512773.429,214,557,None,Move,browsing
1572512773.437,212,561,None,Move,browsing
1572512773.445,210,565,None,Move,browsing
1572512773.452,210,570,None,Move,browsing
1572512773.461,210,573,None,Move,browsing
1572512773.469,210,574,None,Move,browsing
1572512773.476,210,575,None,Move,browsing
1572512773.481,210,576,None,Move,browsing
1572512773.4910002,210,577,None,Move,browsing
1572512773.518,210,577,None,Move,browsing
1572512773.5570002,210,578,None,Move,browsing
1572512773.564,210,580,None,Move,browsing
1572512773.573,209,583,None,Move,browsing
1572512773.58,209,584,None,Move,browsing
1572512773.589,207,586,None,Move,browsing
1572512773.597,206,588,None,Move,browsing
1572512773.605,205,588,None,Move,browsing
1572512773.705,205,588,Left,Pressed,browsing
1572512773.954,205,588,Left,Released,browsing
1572512773.961,205,588,Left,Pressed,browsing
1572512774.09,205,588,Left,Released,browsing
1572512774.1120002,205,588,Left,Pressed,browsing
1572512774.235,205,588,Left,Released,browsing
1572512774.47,209,588,None,Move,browsing
1572512774.478,226,588,None,Move,browsing
1572512774.486,246,586,None,Move,browsing
1572512774.494,277,583,None,Move,browsing
1572512774.5029998,324,579,None,Move,browsing
1572512774.5110002,377,574,None,Move,browsing
1572512774.519,439,572,None,Move,browsing
1572512774.526,502,565,None,Move,browsing
1572512774.532,574,558,None,Move,browsing
1572512774.54,640,553,None,Move,browsing
1572512774.548,706,546,None,Move,browsing
1572512774.5570002,770,534,None,Move,browsing
1572512774.564,837,522,None,Move,browsing
1572512774.573,894,518,None,Move,browsing
1572512774.581,937,515,None,Move,browsing
1572512774.5879998,970,516,None,Move,browsing
1572512774.594,985,520,None,Move,browsing
1572512774.603,989,528,None,Move,browsing
1572512774.611,987,536,None,Move,browsing
1572512774.619,978,545,None,Move,browsing
1572512774.627,973,549,None,Move,browsing
1572512774.655,971,549,None,Move,browsing
1572512774.663,970,549,None,Move,browsing
1572512774.709,970,550,None,Move,browsing
1572512774.736,969,550,None,Move,browsing
1572512774.775,969,548,None,Move,browsing
1572512774.782,973,536,None,Move,browsing
1572512774.791,978,528,None,Move,browsing
1572512774.798,983,522,None,Move,browsing
1572512774.8070002,984,519,None,Move,browsing
1572512774.812,986,514,None,Move,browsing
1572512774.821,987,512,None,Move,browsing
1572512774.829,987,508,None,Move,browsing
1572512774.837,986,504,None,Move,browsing
1572512774.845,984,500,None,Move,browsing
1572512774.853,983,499,None,Move,browsing
1572512774.86,981,498,None,Move,browsing
1572512774.869,980,498,None,Move,browsing
1572512774.875,979,496,None,Move,browsing
1572512774.8820002,979,494,None,Move,browsing
1572512774.89,980,492,None,Move,browsing
1572512774.8979998,981,490,None,Move,browsing
1572512774.907,982,488,None,Move,browsing
1572512774.914,983,488,None,Move,browsing
1572512774.923,983,488,None,Move,browsing
1572512774.939,983,488,None,Move,browsing
1572512774.945,983,489,None,Move,browsing
1572512774.952,979,492,None,Move,browsing
1572512774.961,976,495,None,Move,browsing
1572512774.969,970,499,None,Move,browsing
1572512774.9770002,965,504,None,Move,browsing
1572512774.985,960,508,None,Move,browsing
1572512774.992,956,511,None,Move,browsing
1572512775.0,950,517,None,Move,browsing
1572512775.008,946,522,None,Move,browsing
1572512775.015,940,526,None,Move,browsing
1572512775.022,934,532,None,Move,browsing
1572512775.031,928,537,None,Move,browsing
1572512775.039,923,541,None,Move,browsing
1572512775.0470002,918,547,None,Move,browsing
1572512775.054,915,553,None,Move,browsing
1572512775.062,911,558,None,Move,browsing
1572512775.071,907,564,None,Move,browsing
1572512775.079,903,570,None,Move,browsing
1572512775.087,899,576,None,Move,browsing
1572512775.093,894,583,None,Move,browsing
1572512775.101,889,590,None,Move,browsing
1572512775.1079998,884,597,None,Move,browsing
1572512775.1160002,878,605,None,Move,browsing
1572512775.125,875,612,None,Move,browsing
1572512775.1320002,870,619,None,Move,browsing
1572512775.141,866,627,None,Move,browsing
1572512775.149,858,638,None,Move,browsing
1572512775.156,850,648,None,Move,browsing
1572512775.1620002,843,659,None,Move,browsing
1572512775.171,836,667,None,Move,browsing
1572512775.178,830,676,None,Move,browsing
1572512775.186,827,683,None,Move,browsing
1572512775.194,822,691,None,Move,browsing
1572512775.202,816,698,None,Move,browsing
1572512775.211,812,705,None,Move,browsing
1572512775.218,807,712,None,Move,browsing
1572512775.226,802,722,None,Move,browsing
1572512775.232,797,734,None,Move,browsing
1572512775.2410002,790,751,None,Move,browsing
1572512775.248,781,770,None,Move,browsing
1572512775.256,771,788,None,Move,browsing
1572512775.265,766,805,None,Move,browsing
1572512775.2729998,758,823,None,Move,browsing
1572512775.281,749,841,None,Move,browsing
1572512775.288,744,856,None,Move,browsing
1572512775.298,737,868,None,Move,browsing
1572512775.306,730,883,None,Move,browsing
1572512775.311,724,893,None,Move,browsing
1572512775.3179998,716,903,None,Move,browsing
1572512775.326,710,914,None,Move,browsing
1572512775.334,703,924,None,Move,browsing
1572512775.342,698,934,None,Move,browsing
1572512775.351,694,944,None,Move,browsing
1572512775.3579998,692,953,None,Move,browsing
1572512775.3639998,690,959,None,Move,browsing
1572512775.3720002,689,966,None,Move,browsing
1572512775.381,688,971,None,Move,browsing
1572512775.389,688,976,None,Move,browsing
1572512775.396,688,979,None,Move,browsing
1572512775.405,688,983,None,Move,browsing
1572512775.413,688,984,None,Move,browsing
1572512775.421,689,986,None,Move,browsing
1572512775.429,689,988,None,Move,browsing
1572512775.434,690,990,None,Move,browsing
1572512775.4429998,691,994,None,Move,browsing
1572512775.451,692,997,None,Move,browsing
1572512775.458,694,1001,None,Move,browsing
1572512775.466,696,1007,None,Move,browsing
1572512775.475,698,1011,None,Move,browsing
1572512775.482,700,1016,None,Move,browsing
1572512775.4910002,702,1019,None,Move,browsing
1572512775.498,704,1022,None,Move,browsing
1572512775.504,705,1024,None,Move,browsing
1572512775.512,705,1027,None,Move,browsing
1572512775.521,705,1031,None,Move,browsing
1572512775.529,702,1036,None,Move,browsing
1572512775.536,699,1040,None,Move,browsing
1572512775.544,693,1046,None,Move,browsing
1572512775.552,686,1051,None,Move,browsing
1572512775.561,679,1053,None,Move,browsing
1572512775.569,671,1056,None,Move,browsing
1572512775.574,661,1058,None,Move,browsing
1572512775.582,651,1058,None,Move,browsing
1572512775.591,642,1059,None,Move,browsing
1572512775.599,632,1060,None,Move,browsing
1572512775.606,622,1062,None,Move,browsing
1572512775.615,612,1063,None,Move,browsing
1572512775.623,604,1064,None,Move,browsing
1572512775.631,597,1064,None,Move,browsing
1572512775.639,592,1064,None,Move,browsing
1572512775.644,591,1064,None,Move,browsing
1572512775.653,589,1064,None,Move,browsing
1572512775.661,589,1064,None,Move,browsing
1572512775.669,587,1063,None,Move,browsing
1572512775.677,586,1061,None,Move,browsing
1572512775.685,585,1060,None,Move,browsing
1572512775.6920002,584,1060,None,Move,browsing
1572512775.7,582,1060,None,Move,browsing
1572512775.708,581,1059,None,Move,browsing
1572512775.714,579,1058,None,Move,browsing
1572512775.7229998,577,1057,None,Move,browsing
1572512775.731,576,1056,None,Move,browsing
1572512775.7389998,574,1056,None,Move,browsing
1572512775.7470002,573,1055,None,Move,browsing
1572512775.754,571,1053,None,Move,browsing
1572512775.762,569,1052,None,Move,browsing
1572512775.771,568,1052,None,Move,browsing
1572512775.778,566,1051,None,Move,browsing
1572512775.784,565,1051,None,Move,browsing
1572512775.793,564,1051,None,Move,browsing
1572512775.799,562,1051,None,Move,browsing
1572512775.8079998,561,1051,None,Move,browsing
1572512775.816,559,1051,None,Move,browsing
1572512775.825,558,1051,None,Move,browsing
1572512775.832,556,1051,None,Move,browsing
1572512775.841,553,1051,None,Move,browsing
1572512775.846,551,1052,None,Move,browsing
1572512775.855,547,1053,None,Move,browsing
1572512775.8620002,544,1053,None,Move,browsing
1572512775.871,540,1055,None,Move,browsing
1572512775.879,533,1057,None,Move,browsing
1572512775.887,528,1058,None,Move,browsing
1572512775.895,522,1061,None,Move,browsing
1572512775.903,518,1061,None,Move,browsing
1572512775.911,513,1063,None,Move,browsing
1572512775.919,511,1064,None,Move,browsing
1572512775.924,506,1065,None,Move,browsing
1572512775.9329998,503,1066,None,Move,browsing
1572512775.941,498,1067,None,Move,browsing
1572512775.949,494,1068,None,Move,browsing
1572512775.957,491,1068,None,Move,browsing
1572512775.965,487,1069,None,Move,browsing
1572512775.9729998,482,1069,None,Move,browsing
1572512775.981,475,1070,None,Move,browsing
1572512775.986,469,1070,None,Move,browsing
1572512775.995,464,1071,None,Move,browsing
1572512776.0029998,459,1071,None,Move,browsing
1572512776.0110002,454,1072,None,Move,browsing
1572512776.019,450,1072,None,Move,browsing
1572512776.0270002,447,1072,None,Move,browsing
1572512776.034,446,1072,None,Move,browsing
1572512776.043,445,1072,None,Move,browsing
1572512776.05,444,1072,None,Move,browsing
1572512776.093,444,1072,None,Move,browsing
1572512776.1079998,444,1071,None,Move,browsing
1572512776.1160002,445,1070,None,Move,browsing
1572512776.1260002,446,1069,None,Move,browsing
1572512776.133,446,1068,None,Move,browsing
1572512776.143,446,1068,None,Move,browsing
1572512776.1920002,446,1067,None,Move,browsing
1572512776.216,446,1066,None,Move,browsing
1572512776.225,447,1065,None,Move,browsing
1572512776.232,448,1063,None,Move,browsing
1572512776.2410002,449,1062,None,Move,browsing
1572512776.248,449,1062,None,Move,browsing
1572512776.264,449,1061,None,Move,browsing
1572512776.27,450,1061,None,Move,browsing
1572512776.279,451,1060,None,Move,browsing
1572512776.286,452,1060,None,Move,browsing
1572512776.295,454,1058,None,Move,browsing
1572512776.303,455,1056,None,Move,browsing
1572512776.311,457,1054,None,Move,browsing
1572512776.319,459,1053,None,Move,browsing
1572512776.326,462,1051,None,Move,browsing
1572512776.334,464,1049,None,Move,browsing
1572512776.341,466,1047,None,Move,browsing
1572512776.349,468,1047,None,Move,browsing
1572512776.357,469,1045,None,Move,browsing
1572512776.365,471,1044,None,Move,browsing
1572512776.373,473,1043,None,Move,browsing
1572512776.381,474,1042,None,Move,browsing
1572512776.389,476,1042,None,Move,browsing
1572512776.397,477,1041,None,Move,browsing
1572512776.405,477,1041,None,Move,browsing
1572512776.472,477,1041,Left,Pressed,browsing
1572512776.554,477,1041,Left,Released,browsing
1572512776.6020002,478,1041,None,Move,file system
1572512776.6139998,478,1040,None,Move,file system
1572512776.665,479,1040,None,Move,file system
1572512776.6720002,481,1038,None,Move,file system
1572512776.681,485,1036,None,Move,file system
1572512776.688,489,1032,None,Move,file system
1572512776.6929998,496,1027,None,Move,file system
1572512776.7029998,504,1020,None,Move,file system
1572512776.711,513,1012,None,Move,file system
1572512776.718,523,1001,None,Move,file system
1572512776.7270002,534,991,None,Move,file system
1572512776.734,543,980,None,Move,file system
1572512776.7429998,551,970,None,Move,file system
1572512776.75,558,962,None,Move,file system
1572512776.758,566,953,None,Move,file system
1572512776.764,573,946,None,Move,file system
1572512776.7729998,581,940,None,Move,file system
1572512776.781,585,935,None,Move,file system
1572512776.788,588,934,None,Move,file system
1572512776.7970002,590,932,None,Move,file system
1572512776.805,591,930,None,Move,file system
1572512776.812,593,929,None,Move,file system
1572512776.821,593,927,None,Move,file system
1572512776.827,594,926,None,Move,file system
1572512776.835,594,926,None,Move,file system
1572512776.843,594,925,None,Move,file system
1572512776.8620002,594,925,Left,Pressed,file system
1572512776.948,594,925,Left,Released,file system
1572512776.994,594,925,None,Move,browsing
1572512777.002,593,925,None,Move,browsing
1572512777.0110002,592,925,None,Move,browsing
1572512777.018,590,925,None,Move,browsing
1572512777.026,589,926,None,Move,browsing
1572512777.034,588,926,None,Move,browsing
1572512777.08,588,926,None,Move,browsing
1572512777.0879998,588,924,None,Move,browsing
1572512777.096,589,920,None,Move,browsing
1572512777.105,589,913,None,Move,browsing
1572512777.11,586,905,None,Move,browsing
1572512777.117,584,896,None,Move,browsing
1572512777.1260002,581,885,None,Move,browsing
1572512777.1339998,579,872,None,Move,browsing
1572512777.143,576,856,None,Move,browsing
1572512777.151,576,840,None,Move,browsing
1572512777.159,576,824,None,Move,browsing
1572512777.167,578,808,None,Move,browsing
1572512777.174,580,790,None,Move,browsing
1572512777.1820002,582,769,None,Move,browsing
1572512777.188,585,745,None,Move,browsing
1572512777.197,586,727,None,Move,browsing
1572512777.205,589,704,None,Move,browsing
1572512777.2129998,589,685,None,Move,browsing
1572512777.221,589,667,None,Move,browsing
1572512777.229,591,651,None,Move,browsing
1572512777.2370002,593,635,None,Move,browsing
1572512777.245,593,622,None,Move,browsing
1572512777.2510002,593,611,None,Move,browsing
1572512777.2589998,592,604,None,Move,browsing
1572512777.2670002,590,597,None,Move,browsing
1572512777.275,588,592,None,Move,browsing
1572512777.283,586,589,None,Move,browsing
1572512777.291,584,587,None,Move,browsing
1572512777.299,583,586,None,Move,browsing
1572512777.3070002,583,586,None,Move,browsing
1572512777.315,583,585,None,Move,browsing
1572512777.32,582,585,None,Move,browsing
1572512777.329,581,585,None,Move,browsing
1572512777.336,580,585,None,Move,browsing
1572512777.345,578,585,None,Move,browsing
1572512777.3520002,577,586,None,Move,browsing
1572512777.361,575,588,None,Move,browsing
1572512777.369,573,588,None,Move,browsing
1572512777.377,572,590,None,Move,browsing
1572512777.3839998,570,592,None,Move,browsing
1572512777.39,568,593,None,Move,browsing
1572512777.399,565,594,None,Move,browsing
1572512777.407,564,595,None,Move,browsing
1572512777.414,562,596,None,Move,browsing
1572512777.427,562,596,None,Move,browsing
1572512777.525,562,596,Right,Pressed,browsing
1572512777.621,562,596,Right,Released,browsing
1572512778.335,557,594,None,Move,browsing
1572512778.343,545,589,None,Move,browsing
1572512778.351,532,588,None,Move,browsing
1572512778.36,521,588,None,Move,browsing
1572512778.3679998,513,588,None,Move,browsing
1572512778.3739998,510,588,None,Move,browsing
1572512778.383,510,587,None,Move,browsing
1572512778.4020002,510,586,None,Move,browsing
1572512778.411,512,578,None,Move,browsing
1572512778.418,520,568,None,Move,browsing
1572512778.427,528,556,None,Move,browsing
1572512778.434,538,538,None,Move,browsing
1572512778.4420002,551,519,None,Move,browsing
1572512778.448,569,495,None,Move,browsing
1572512778.457,591,465,None,Move,browsing
1572512778.465,613,435,None,Move,browsing
1572512778.4729998,626,416,None,Move,browsing
1572512778.481,637,397,None,Move,browsing
1572512778.4889998,651,377,None,Move,browsing
1572512778.4970002,661,361,None,Move,browsing
1572512778.505,672,349,None,Move,browsing
1572512778.51,682,333,None,Move,browsing
1572512778.519,689,323,None,Move,browsing
1572512778.5270002,696,314,None,Move,browsing
1572512778.535,699,308,None,Move,browsing
1572512778.542,701,305,None,Move,browsing
1572512778.551,702,304,None,Move,browsing
1572512778.5579998,702,302,None,Move,browsing
1572512778.5670002,702,302,None,Move,browsing
1572512778.574,702,300,None,Move,browsing
1572512778.582,702,299,None,Move,browsing
1572512778.5879998,702,299,None,Move,browsing
1572512778.596,701,298,None,Move,browsing
1572512778.605,701,297,None,Move,browsing
1572512778.613,701,297,None,Move,browsing
1572512778.625,701,296,None,Move,browsing
1572512778.633,701,295,None,Move,browsing
1572512778.641,701,294,None,Move,browsing
1572512778.649,701,293,None,Move,browsing
1572512778.657,700,293,None,Move,browsing
1572512778.752,700,293,None,Move,browsing
1572512778.7610002,699,299,None,Move,browsing
1572512778.769,699,306,None,Move,browsing
1572512778.7770002,698,312,None,Move,browsing
1572512778.785,697,319,None,Move,browsing
1572512778.791,695,326,None,Move,browsing
1572512778.799,694,333,None,Move,browsing
1572512778.8070002,692,337,None,Move,browsing
1572512778.815,692,338,None,Move,browsing
1572512778.823,692,340,None,Move,browsing
1572512778.831,691,340,None,Move,browsing
1572512778.843,690,341,None,Move,browsing
1572512778.9329998,690,342,None,Move,browsing
1572512778.938,690,343,None,Move,browsing
1572512778.946,690,344,None,Move,browsing
1572512778.955,690,345,None,Move,browsing
1572512778.97,690,346,None,Move,browsing
1572512778.998,690,346,Left,Pressed,browsing
1572512779.082,690,346,Left,Released,browsing
1572512780.4329998,690,346,None,Move,browsing
1572512780.441,694,344,None,Move,browsing
1572512780.448,706,341,None,Move,browsing
1572512780.456,722,341,None,Move,browsing
1572512780.464,747,338,None,Move,browsing
1572512780.472,767,336,None,Move,browsing
1572512780.481,776,337,None,Move,browsing
1572512780.4870002,777,338,None,Move,browsing
1572512780.495,777,339,None,Move,browsing
1572512780.5029998,776,344,None,Move,browsing
1572512780.5110002,770,355,None,Move,browsing
1572512780.519,761,367,None,Move,browsing
1572512780.5270002,751,382,None,Move,browsing
1572512780.535,739,396,None,Move,browsing
1572512780.543,723,409,None,Move,browsing
1572512780.551,702,424,None,Move,browsing
1572512780.556,679,440,None,Move,browsing
1572512780.565,646,465,None,Move,browsing
1572512780.572,613,487,None,Move,browsing
1572512780.58,588,502,None,Move,browsing
1572512780.5879998,574,510,None,Move,browsing
1572512780.597,564,516,None,Move,browsing
1572512780.604,557,520,None,Move,browsing
1572512780.613,553,522,None,Move,browsing
1572512780.62,551,524,None,Move,browsing
1572512780.6260002,551,524,None,Move,browsing
1572512780.7329998,550,524,None,Move,browsing
1572512780.7410002,541,525,None,Move,browsing
1572512780.748,531,527,None,Move,browsing
1572512780.756,521,530,None,Move,browsing
1572512780.765,511,532,None,Move,browsing
1572512780.77,500,535,None,Move,browsing
1572512780.779,489,536,None,Move,browsing
1572512780.7870002,474,538,None,Move,browsing
1572512780.794,458,538,None,Move,browsing
1572512780.802,442,538,None,Move,browsing
1572512780.81,424,537,None,Move,browsing
1572512780.8179998,403,534,None,Move,browsing
1572512780.827,384,531,None,Move,browsing
1572512780.835,367,529,None,Move,browsing
1572512780.84,348,529,None,Move,browsing
1572512780.849,329,531,None,Move,browsing
1572512780.856,313,534,None,Move,browsing
1572512780.8639998,299,537,None,Move,browsing
1572512780.8720002,286,539,None,Move,browsing
1572512780.881,274,542,None,Move,browsing
1572512780.887,264,544,None,Move,browsing
1572512780.897,259,545,None,Move,browsing
1572512780.904,255,545,None,Move,browsing
1572512780.91,254,546,None,Move,browsing
1572512781.051,254,546,None,Move,browsing
1572512781.059,254,545,None,Move,browsing
1572512781.0670002,254,543,None,Move,browsing
1572512781.075,254,542,None,Move,browsing
1572512781.083,254,540,None,Move,browsing
1572512781.091,253,539,None,Move,browsing
1572512781.099,253,537,None,Move,browsing
1572512781.107,252,536,None,Move,browsing
1572512781.1139998,252,534,None,Move,browsing
1572512781.121,252,532,None,Move,browsing
1572512781.129,252,532,None,Move,browsing
1572512781.145,252,531,None,Move,browsing
1572512781.188,252,530,None,Move,browsing
1572512781.2770002,252,530,None,Move,browsing
1572512781.285,259,529,None,Move,browsing
1572512781.293,274,529,None,Move,browsing
1572512781.301,291,529,None,Move,browsing
1572512781.3079998,314,526,None,Move,browsing
1572512781.3170002,345,522,None,Move,browsing
1572512781.325,376,517,None,Move,browsing
1572512781.331,407,513,None,Move,browsing
1572512781.337,437,513,None,Move,browsing
1572512781.347,464,514,None,Move,browsing
1572512781.355,480,515,None,Move,browsing
1572512781.363,491,515,None,Move,browsing
1572512781.371,499,515,None,Move,browsing
1572512781.379,504,515,None,Move,browsing
1572512781.387,505,515,None,Move,browsing
1572512781.4870002,505,515,None,Move,browsing
1572512781.5029998,505,515,None,Move,browsing
1572512781.5110002,503,515,None,Move,browsing
1572512781.519,503,515,None,Move,browsing
1572512781.526,501,515,None,Move,browsing
1572512781.534,500,514,None,Move,browsing
1572512781.54,497,514,None,Move,browsing
1572512781.548,496,514,None,Move,browsing
1572512781.556,494,514,None,Move,browsing
1572512781.565,491,514,None,Move,browsing
1572512781.572,490,514,None,Move,browsing
1572512781.581,488,514,None,Move,browsing
1572512781.5879998,487,514,None,Move,browsing
1572512781.597,485,514,None,Move,browsing
1572512781.605,484,514,None,Move,browsing
1572512781.61,483,515,None,Move,browsing
1572512781.814,482,515,None,Move,browsing
1572512781.84,481,515,Left,Pressed,browsing
1572512781.84,481,515,None,Drag,browsing
1572512781.849,477,515,None,Drag,browsing
1572512781.856,471,515,None,Drag,browsing
1572512781.865,464,515,None,Drag,browsing
1572512781.8720002,458,515,None,Drag,browsing
1572512781.88,451,515,None,Drag,browsing
1572512781.8879998,447,515,None,Drag,browsing
1572512781.895,445,515,None,Drag,browsing
1572512781.903,441,515,None,Drag,browsing
1572512781.91,438,515,None,Drag,browsing
1572512781.918,436,515,None,Drag,browsing
1572512781.926,434,514,None,Drag,browsing
1572512781.935,429,514,None,Drag,browsing
1572512781.9420002,422,514,None,Drag,browsing
1572512781.951,416,514,None,Drag,browsing
1572512781.958,407,514,None,Drag,browsing
1572512781.964,399,517,None,Drag,browsing
1572512781.972,389,517,None,Drag,browsing
1572512781.98,380,517,None,Drag,browsing
1572512781.988,369,517,None,Drag,browsing
1572512781.9970002,361,517,None,Drag,browsing
1572512782.005,351,517,None,Drag,browsing
1572512782.012,341,519,None,Drag,browsing
1572512782.02,331,520,None,Drag,browsing
1572512782.029,323,522,None,Drag,browsing
1572512782.034,314,524,None,Drag,browsing
1572512782.042,306,525,None,Drag,browsing
1572512782.051,299,527,None,Drag,browsing
1572512782.0570002,292,530,None,Drag,browsing
1572512782.0670002,285,532,None,Drag,browsing
1572512782.074,277,534,None,Drag,browsing
1572512782.083,270,537,None,Drag,browsing
1572512782.09,260,539,None,Drag,browsing
1572512782.099,252,540,None,Drag,browsing
1572512782.105,244,542,None,Drag,browsing
1572512782.1120002,234,543,None,Drag,browsing
1572512782.121,224,544,None,Drag,browsing
1572512782.129,214,544,None,Drag,browsing
1572512782.137,205,544,None,Drag,browsing
1572512782.145,195,541,None,Drag,browsing
1572512782.1520002,185,539,None,Drag,browsing
1572512782.16,175,538,None,Drag,browsing
1572512782.169,167,536,None,Drag,browsing
1572512782.175,158,534,None,Drag,browsing
1572512782.1829998,150,533,None,Drag,browsing
1572512782.19,142,533,None,Drag,browsing
1572512782.198,135,532,None,Drag,browsing
1572512782.206,128,531,None,Drag,browsing
1572512782.214,125,530,None,Drag,browsing
1572512782.222,121,530,None,Drag,browsing
1572512782.23,119,530,None,Drag,browsing
1572512782.238,114,529,None,Drag,browsing
1572512782.245,111,529,None,Drag,browsing
1572512782.2529998,106,529,None,Drag,browsing
1572512782.2610002,103,528,None,Drag,browsing
1572512782.269,100,528,None,Drag,browsing
1572512782.276,98,527,None,Drag,browsing
1572512782.285,97,526,None,Drag,browsing
1572512782.292,95,526,None,Drag,browsing
1572512782.3,94,525,None,Drag,browsing
1572512782.3079998,93,525,None,Drag,browsing
1572512782.314,92,525,None,Drag,browsing
1572512782.3379998,92,525,None,Drag,browsing
1572512782.346,90,523,None,Drag,browsing
1572512782.354,88,521,None,Drag,browsing
1572512782.363,87,520,None,Drag,browsing
1572512782.37,85,518,None,Drag,browsing
1572512782.3779998,83,516,None,Drag,browsing
1572512782.385,81,514,None,Drag,browsing
1572512782.3920002,79,513,None,Drag,browsing
1572512782.401,76,512,None,Drag,browsing
1572512782.409,75,511,None,Drag,browsing
1572512782.417,73,509,None,Drag,browsing
1572512782.425,71,509,None,Drag,browsing
1572512782.4329998,70,509,None,Drag,browsing
1572512782.44,68,509,None,Drag,browsing
1572512782.449,67,509,None,Drag,browsing
1572512782.455,65,509,None,Drag,browsing
1572512782.462,63,509,None,Drag,browsing
1572512782.47,62,509,None,Drag,browsing
1572512782.478,60,509,None,Drag,browsing
1572512782.4870002,59,510,None,Drag,browsing
1572512782.495,57,511,None,Drag,browsing
1572512782.5029998,55,512,None,Drag,browsing
1572512782.5110002,54,513,None,Drag,browsing
1572512782.516,52,514,None,Drag,browsing
1572512782.525,49,516,None,Drag,browsing
1572512782.533,47,517,None,Drag,browsing
1572512782.539,45,518,None,Drag,browsing
1572512782.549,43,518,None,Drag,browsing
1572512782.556,42,518,None,Drag,browsing
1572512782.565,40,518,None,Drag,browsing
1572512782.573,39,519,None,Drag,browsing
1572512782.581,37,519,None,Drag,browsing
1572512782.587,36,519,None,Drag,browsing
1572512782.595,34,520,None,Drag,browsing
1572512782.603,33,520,None,Drag,browsing
1572512782.611,33,520,None,Drag,browsing
1572512782.6179998,31,520,None,Drag,browsing
1572512782.669,30,520,None,Drag,browsing
1572512782.7470002,29,520,None,Drag,browsing
1572512782.754,27,520,None,Drag,browsing
1572512782.762,26,519,None,Drag,browsing
1572512782.77,24,519,None,Drag,browsing
1572512782.779,23,519,None,Drag,browsing
1572512782.7870002,23,519,None,Drag,browsing
1572512782.799,22,519,None,Drag,browsing
1572512782.8079998,21,519,None,Drag,browsing
1572512782.8170002,20,519,None,Drag,browsing
1572512782.825,18,519,None,Drag,browsing
1572512782.833,18,519,None,Drag,browsing
1572512782.84,17,519,None,Drag,browsing
1572512782.84,17,519,Left,Released,browsing
1572512783.174,17,519,None,Move,browsing
1572512783.1820002,18,520,None,Move,browsing
1572512783.19,21,522,None,Move,browsing
1572512783.199,25,524,None,Move,browsing
1572512783.206,30,526,None,Move,browsing
1572512783.214,37,529,None,Move,browsing
1572512783.221,45,534,None,Move,browsing
1572512783.228,53,542,None,Move,browsing
1572512783.2370002,66,556,None,Move,browsing
1572512783.245,88,578,None,Move,browsing
1572512783.252,110,600,None,Move,browsing
1572512783.2610002,136,627,None,Move,browsing
1572512783.268,170,662,None,Move,browsing
1572512783.276,205,697,None,Move,browsing
1572512783.284,240,732,None,Move,browsing
1572512783.29,278,769,None,Move,browsing
1572512783.299,307,803,None,Move,browsing
1572512783.306,332,837,None,Move,browsing
1572512783.315,355,869,None,Move,browsing
1572512783.323,373,901,None,Move,browsing
1572512783.33,389,938,None,Move,browsing
1572512783.339,401,969,None,Move,browsing
1572512783.347,410,998,None,Move,browsing
1572512783.355,414,1018,None,Move,browsing
1572512783.36,418,1034,None,Move,browsing
1572512783.3679998,421,1045,None,Move,browsing
1572512783.377,423,1055,None,Move,browsing
1572512783.385,426,1062,None,Move,browsing
1572512783.393,428,1068,None,Move,browsing
1572512783.401,430,1070,None,Move,browsing
1572512783.408,434,1074,None,Move,browsing
1572512783.416,438,1077,None,Move,browsing
1572512783.424,442,1079,None,Move,browsing
1572512783.4329998,446,1081,None,Move,browsing
1572512783.438,450,1081,None,Move,browsing
1572512783.447,454,1081,None,Move,browsing
1572512783.455,456,1081,None,Move,browsing
1572512783.462,458,1081,None,Move,browsing
1572512783.471,459,1080,None,Move,browsing
1572512783.479,460,1079,None,Move,browsing
1572512783.4870002,462,1080,None,Move,browsing
1572512783.495,464,1080,None,Move,browsing
1572512783.5,465,1079,None,Move,browsing
1572512783.508,467,1079,None,Move,browsing
1572512783.5170002,468,1079,None,Move,browsing
1572512783.524,470,1078,None,Move,browsing
1572512783.533,473,1076,None,Move,browsing
1572512783.54,474,1075,None,Move,browsing
1572512783.548,476,1074,None,Move,browsing
1572512783.5570002,478,1073,None,Move,browsing
1572512783.565,479,1071,None,Move,browsing
1572512783.57,480,1071,None,Move,browsing
1572512783.579,481,1070,None,Move,browsing
1572512783.586,481,1069,None,Move,browsing
1572512783.595,483,1068,None,Move,browsing
1572512783.603,484,1066,None,Move,browsing
1572512783.611,485,1064,None,Move,browsing
1572512783.619,486,1063,None,Move,browsing
1572512783.627,488,1061,None,Move,browsing
1572512783.635,489,1059,None,Move,browsing
1572512783.64,489,1059,None,Move,browsing
1572512783.649,489,1057,None,Move,browsing
1572512783.657,490,1057,None,Move,browsing
1572512783.668,490,1056,None,Move,browsing
1572512783.684,490,1055,None,Move,browsing
1572512783.774,491,1055,None,Move,browsing
1572512783.78,495,1053,None,Move,browsing
1572512783.789,504,1050,None,Move,browsing
1572512783.7970002,518,1046,None,Move,browsing
1572512783.805,539,1042,None,Move,browsing
1572512783.813,567,1038,None,Move,browsing
1572512783.821,598,1035,None,Move,browsing
1572512783.829,628,1033,None,Move,browsing
1572512783.837,655,1031,None,Move,browsing
1572512783.845,678,1031,None,Move,browsing
1572512783.85,694,1031,None,Move,browsing
1572512783.8579998,705,1029,None,Move,browsing
1572512783.867,714,1028,None,Move,browsing
1572512783.8739998,720,1027,None,Move,browsing
1572512783.883,725,1025,None,Move,browsing
1572512783.891,727,1025,None,Move,browsing
1572512783.899,729,1025,None,Move,browsing
1572512783.907,729,1025,None,Move,browsing
1572512784.059,729,1025,None,Move,browsing
1572512784.081,730,1025,None,Move,browsing
1572512784.113,730,1025,Left,Pressed,browsing
1572512784.1820002,730,1025,Left,Released,browsing
1572512784.207,730,1026,None,Move,development
1572512784.238,728,1028,None,Move,development
1572512784.2510002,727,1029,None,Move,development
1572512784.2570002,726,1029,None,Move,development
1572512784.278,726,1029,None,Move,development
1572512784.2870002,727,1028,None,Move,development
1572512784.294,730,1024,None,Move,development
1572512784.302,736,1017,None,Move,development
1572512784.311,744,1008,None,Move,development
1572512784.3170002,752,997,None,Move,development
1572512784.326,761,984,None,Move,development
1572512784.335,772,966,None,Move,development
1572512784.343,784,941,None,Move,development
1572512784.3479998,798,910,None,Move,development
1572512784.357,809,880,None,Move,development
1572512784.3639998,819,844,None,Move,development
1572512784.373,824,813,None,Move,development
1572512784.38,828,779,None,Move,development
1572512784.389,832,748,None,Move,development
1572512784.396,832,725,None,Move,development
1572512784.405,830,703,None,Move,development
1572512784.4120002,825,678,None,Move,development
1572512784.418,819,661,None,Move,development
1572512784.426,813,644,None,Move,development
1572512784.435,810,633,None,Move,development
1572512784.4420002,806,621,None,Move,development
1572512784.449,801,611,None,Move,development
1572512784.457,798,602,None,Move,development
1572512784.465,796,595,None,Move,development
1572512784.475,793,590,None,Move,development
1572512784.481,790,583,None,Move,development
1572512784.488,789,580,None,Move,development
1572512784.496,789,578,None,Move,development
1572512784.504,789,576,None,Move,development
1572512784.512,789,575,None,Move,development
1572512784.52,789,574,None,Move,development
1572512784.669,789,574,None,Move,development
1572512784.676,800,573,None,Move,development
1572512784.684,818,570,None,Move,development
1572512784.69,848,561,None,Move,development
1572512784.698,881,549,None,Move,development
1572512784.705,913,542,None,Move,development
1572512784.714,946,532,None,Move,development
1572512784.722,979,522,None,Move,development
1572512784.731,1015,510,None,Move,development
1572512784.738,1046,497,None,Move,development
1572512784.746,1076,483,None,Move,development
1572512784.754,1101,473,None,Move,development
1572512784.762,1120,462,None,Move,development
1572512784.768,1133,454,None,Move,development
1572512784.776,1145,446,None,Move,development
1572512784.785,1156,438,None,Move,development
1572512784.792,1164,430,None,Move,development
1572512784.8,1172,423,None,Move,development
1572512784.8079998,1175,420,None,Move,development
1572512784.8170002,1175,419,None,Move,development
1572512784.891,1175,419,None,Move,development
1572512784.899,1173,422,None,Move,development
1572512784.907,1171,426,None,Move,development
1572512784.9120002,1169,431,None,Move,development
1572512784.921,1166,438,None,Move,development
1572512784.928,1162,448,None,Move,development
1572512784.937,1154,460,None,Move,development
1572512784.945,1146,472,None,Move,development
1572512784.9529998,1137,489,None,Move,development
1572512784.961,1125,511,None,Move,development
1572512784.969,1114,530,None,Move,development
1572512784.974,1100,553,None,Move,development
1572512784.982,1087,573,None,Move,development
1572512784.9910002,1076,592,None,Move,development
1572512784.998,1065,606,None,Move,development
1572512785.0070002,1055,622,None,Move,development
1572512785.015,1044,638,None,Move,development
1572512785.022,1036,650,None,Move,development
1572512785.03,1030,659,None,Move,development
1572512785.038,1025,669,None,Move,development
1572512785.044,1023,676,None,Move,development
1572512785.052,1023,683,None,Move,development
1572512785.06,1023,688,None,Move,development
1572512785.069,1023,690,None,Move,development
1572512785.076,1025,693,None,Move,development
1572512785.085,1027,695,None,Move,development
1572512785.092,1029,696,None,Move,development
1572512785.101,1030,698,None,Move,development
1572512785.1079998,1031,700,None,Move,development
1572512785.1139998,1032,701,None,Move,development
1572512785.1220002,1033,703,None,Move,development
1572512785.13,1033,704,None,Move,development
1572512785.1379998,1033,704,None,Move,development
1572512785.17,1033,705,None,Move,development
1572512785.2329998,1033,705,None,Move,development
1572512785.2410002,1033,705,None,Move,development
1572512785.248,1035,703,None,Move,development
1572512785.2529998,1036,702,None,Move,development
1572512785.262,1037,700,None,Move,development
1572512785.27,1038,699,None,Move,development
1572512785.278,1039,697,None,Move,development
1572512785.286,1040,697,None,Move,development
1572512785.294,1040,696,None,Move,development
1572512785.302,1041,695,None,Move,development
1572512785.31,1041,695,None,Move,development
1572512785.562,1041,693,None,Move,development
1572512785.57,1041,693,None,Move,development
1572512785.5779998,1041,691,None,Move,development
1572512785.586,1041,690,None,Move,development
1572512785.594,1041,688,None,Move,development
1572512785.6020002,1041,687,None,Move,development
1572512785.6079998,1042,685,None,Move,development
1572512785.617,1042,683,None,Move,development
1572512785.625,1043,682,None,Move,development
1572512785.6320002,1043,681,None,Move,development
1572512785.641,1043,680,None,Move,development
1572512786.764,1045,680,None,Move,development
1572512786.772,1049,680,None,Move,development
1572512786.78,1052,679,None,Move,development
1572512786.788,1055,679,None,Move,development
1572512786.7970002,1056,679,None,Move,development
1572512786.805,1057,679,None,Move,development
1572512786.905,1058,679,None,Move,development
1572512786.917,1058,679,None,Move,development
1572512786.925,1058,680,None,Move,development
1572512786.9329998,1058,680,None,Move,development
1572512786.9429998,1058,681,None,Move,development
1572512786.95,1058,682,None,Move,development
1572512786.958,1058,682,None,Move,development
1572512786.966,1058,683,None,Move,development
1572512786.975,1058,684,None,Move,development
1572512786.9829998,1058,685,None,Move,development
1572512786.994,1058,686,None,Move,development
1572512787.002,1058,687,None,Move,development
1572512787.01,1058,688,None,Move,development
1572512787.019,1058,689,None,Move,development
1572512787.024,1058,690,None,Move,development
1572512787.032,1058,692,None,Move,development
1572512787.041,1058,693,None,Move,development
1572512787.048,1056,695,None,Move,development
1572512787.056,1055,697,None,Move,development
1572512787.064,1054,698,None,Move,development
1572512787.073,1052,700,None,Move,development
1572512787.081,1050,703,None,Move,development
1572512787.086,1048,705,None,Move,development
1572512787.094,1047,708,None,Move,development
1572512787.103,1044,713,None,Move,development
1572512787.11,1042,716,None,Move,development
1572512787.1179998,1039,721,None,Move,development
1572512787.1260002,1036,725,None,Move,development
1572512787.1339998,1032,731,None,Move,development
1572512787.1420002,1028,737,None,Move,development
1572512787.15,1023,742,None,Move,development
1572512787.158,1016,750,None,Move,development
1572512787.164,1008,756,None,Move,development
1572512787.1720002,1001,763,None,Move,development
1572512787.18,993,771,None,Move,development
1572512787.188,986,778,None,Move,development
1572512787.197,978,786,None,Move,development
1572512787.205,971,793,None,Move,development
1572512787.212,963,801,None,Move,development
1572512787.22,958,807,None,Move,development
1572512787.225,951,814,None,Move,development
1572512787.235,945,820,None,Move,development
1572512787.242,941,824,None,Move,development
1572512787.25,937,830,None,Move,development
1572512787.2589998,931,836,None,Move,development
1572512787.266,925,843,None,Move,development
1572512787.274,917,851,None,Move,development
1572512787.283,908,858,None,Move,development
1572512787.291,898,868,None,Move,development
1572512787.2970002,887,877,None,Move,development
1572512787.305,877,887,None,Move,development
1572512787.313,866,896,None,Move,development
1572512787.32,857,906,None,Move,development
1572512787.3279998,848,915,None,Move,development
1572512787.337,840,925,None,Move,development
1572512787.344,831,935,None,Move,development
1572512787.353,820,946,None,Move,development
1572512787.361,810,957,None,Move,development
1572512787.3660002,801,967,None,Move,development
1572512787.375,792,978,None,Move,development
1572512787.383,784,988,None,Move,development
1572512787.391,776,998,None,Move,development
1572512787.3979998,768,1009,None,Move,development
1572512787.407,760,1019,None,Move,development
1572512787.415,751,1030,None,Move,development
1572512787.4220002,741,1040,None,Move,development
1572512787.431,733,1051,None,Move,development
1572512787.435,725,1060,None,Move,development
1572512787.444,719,1067,None,Move,development
1572512787.452,716,1071,None,Move,development
1572512787.461,714,1073,None,Move,development
1572512787.469,713,1074,None,Move,development
1572512787.53,713,1074,None,Move,development
1572512787.539,714,1074,None,Move,development
1572512787.555,714,1074,None,Move,development
1572512787.563,715,1074,None,Move,development
1572512787.571,715,1074,None,Move,development
1572512787.577,716,1073,None,Move,development
1572512787.585,716,1073,None,Move,development
1572512787.593,716,1072,None,Move,development
1572512787.6,717,1071,None,Move,development
1572512787.6079998,718,1069,None,Move,development
1572512787.6179998,718,1067,None,Move,development
1572512787.625,719,1067,None,Move,development
1572512787.633,719,1065,None,Move,development
1572512787.641,720,1064,None,Move,development
1572512787.646,720,1063,None,Move,development
1572512787.654,721,1063,None,Move,development
1572512787.67,721,1063,Left,Pressed,development
1572512787.7570002,721,1063,Left,Released,development
1572512787.8520002,721,1062,None,Move,browsing
1572512787.86,719,1056,None,Move,browsing
1572512787.8679998,717,1043,None,Move,browsing
1572512787.8760002,714,1022,None,Move,browsing
1572512787.8839998,705,993,None,Move,browsing
1572512787.896,695,960,None,Move,browsing
1572512787.914,654,857,None,Move,browsing
1572512787.919,630,798,None,Move,browsing
1572512787.924,607,747,None,Move,browsing
1572512787.93,581,705,None,Move,browsing
1572512787.938,552,666,None,Move,browsing
1572512787.946,513,622,None,Move,browsing
1572512787.954,471,578,None,Move,browsing
1572512787.962,434,543,None,Move,browsing
1572512787.971,402,511,None,Move,browsing
1572512787.978,375,488,None,Move,browsing
1572512787.9870002,354,472,None,Move,browsing
1572512787.9929998,338,462,None,Move,browsing
1572512788.0010002,323,454,None,Move,browsing
1572512788.008,311,447,None,Move,browsing
1572512788.0170002,299,443,None,Move,browsing
1572512788.025,291,441,None,Move,browsing
1572512788.033,285,439,None,Move,browsing
1572512788.041,280,436,None,Move,browsing
1572512788.048,277,435,None,Move,browsing
1572512788.0570002,276,434,None,Move,browsing
1572512788.062,274,433,None,Move,browsing
1572512788.071,272,432,None,Move,browsing
1572512788.0779998,272,432,None,Move,browsing
1572512788.087,270,433,None,Move,browsing
1572512788.095,268,434,None,Move,browsing
1572512788.103,265,436,None,Move,browsing
1572512788.111,259,440,None,Move,browsing
1572512788.119,252,446,None,Move,browsing
1572512788.127,244,452,None,Move,browsing
1572512788.1320002,237,459,None,Move,browsing
1572512788.141,229,467,None,Move,browsing
1572512788.1479998,222,474,None,Move,browsing
1572512788.157,213,482,None,Move,browsing
1572512788.165,203,490,None,Move,browsing
1572512788.173,194,497,None,Move,browsing
1572512788.181,185,505,None,Move,browsing
1572512788.189,177,513,None,Move,browsing
1572512788.197,168,519,None,Move,browsing
1572512788.202,161,525,None,Move,browsing
1572512788.211,155,530,None,Move,browsing
1572512788.218,153,532,None,Move,browsing
1572512788.2270002,151,534,None,Move,browsing
1572512788.235,149,536,None,Move,browsing
1572512788.2429998,147,538,None,Move,browsing
1572512788.2510002,146,539,None,Move,browsing
1572512788.2589998,144,541,None,Move,browsing
1572512788.2670002,142,542,None,Move,browsing
1572512788.2729998,141,543,None,Move,browsing
1572512788.28,140,544,None,Move,browsing
1572512788.289,139,545,None,Move,browsing
1572512788.296,138,545,None,Move,browsing
1572512788.305,137,545,None,Move,browsing
1572512788.312,137,546,None,Move,browsing
1572512788.4020002,136,546,None,Move,browsing
1572512788.41,135,544,None,Move,browsing
1572512788.416,133,543,None,Move,browsing
1572512788.423,132,541,None,Move,browsing
1572512788.431,130,539,None,Move,browsing
1572512788.44,129,538,None,Move,browsing
1572512788.448,128,537,None,Move,browsing
1572512788.456,127,535,None,Move,browsing
1572512788.464,127,534,None,Move,browsing
1572512788.472,126,533,None,Move,browsing
1572512788.481,125,532,None,Move,browsing
1572512788.486,125,531,None,Move,browsing
1572512788.495,125,530,None,Move,browsing
1572512788.53,125,530,Left,Pressed,browsing
1572512788.621,125,530,Left,Released,browsing
1572512788.744,125,530,None,Move,browsing
1572512788.756,125,529,None,Move,browsing
1572512788.764,124,528,None,Move,browsing
1572512788.77,123,528,None,Move,browsing
1572512788.779,123,526,None,Move,browsing
1572512788.786,122,525,None,Move,browsing
1572512788.799,121,525,None,Move,browsing
1572512788.8070002,120,524,None,Move,browsing
1572512788.815,119,523,None,Move,browsing
1572512788.823,117,523,None,Move,browsing
1572512788.831,116,523,None,Move,browsing
1572512788.836,114,523,None,Move,browsing
1572512788.845,113,523,None,Move,browsing
1572512788.853,111,523,None,Move,browsing
1572512788.861,109,523,None,Move,browsing
1572512788.869,105,523,None,Move,browsing
1572512788.877,100,523,None,Move,browsing
1572512788.885,94,523,None,Move,browsing
1572512788.893,89,523,None,Move,browsing
1572512788.901,84,523,None,Move,browsing
1572512788.907,77,523,None,Move,browsing
1572512788.915,72,523,None,Move,browsing
1572512788.9220002,68,523,None,Move,browsing
1572512788.93,65,523,None,Move,browsing
1572512788.939,61,522,None,Move,browsing
1572512788.946,59,521,None,Move,browsing
1572512788.954,56,520,None,Move,browsing
1572512788.962,53,519,None,Move,browsing
1572512788.97,52,518,None,Move,browsing
1572512788.976,49,516,None,Move,browsing
1572512788.984,46,514,None,Move,browsing
1572512788.9929998,45,513,None,Move,browsing
1572512789.0010002,43,512,None,Move,browsing
1572512789.008,41,510,None,Move,browsing
1572512789.0170002,40,508,None,Move,browsing
1572512789.025,38,507,None,Move,browsing
1572512789.032,36,506,None,Move,browsing
1572512789.041,34,504,None,Move,browsing
1572512789.045,33,503,None,Move,browsing
1572512789.055,31,503,None,Move,browsing
1572512789.062,31,502,None,Move,browsing
1572512789.071,29,501,None,Move,browsing
1572512789.0779998,27,501,None,Move,browsing
1572512789.087,27,501,None,Move,browsing
1572512789.095,26,501,None,Move,browsing
1572512789.103,25,500,None,Move,browsing
1572512789.111,25,500,None,Move,browsing
1572512789.115,24,500,None,Move,browsing
1572512789.173,23,500,None,Move,browsing
1572512789.1829998,22,501,None,Move,browsing
1572512789.191,21,502,None,Move,browsing
1572512789.199,20,503,None,Move,browsing
1572512789.207,18,504,None,Move,browsing
1572512789.215,16,506,None,Move,browsing
1572512789.222,15,507,None,Move,browsing
1572512789.231,14,508,None,Move,browsing
1572512789.238,13,509,None,Move,browsing
1572512789.316,13,509,None,Move,browsing
1572512789.327,13,510,None,Move,browsing
1572512789.334,13,511,None,Move,browsing
1572512789.436,13,511,Left,Pressed,browsing
1572512789.436,13,511,None,Drag,browsing
1572512789.448,14,512,None,Drag,browsing
1572512789.457,17,513,None,Drag,browsing
1572512789.464,24,513,None,Drag,browsing
1572512789.471,30,513,None,Drag,browsing
1572512789.478,40,514,None,Drag,browsing
1572512789.4870002,50,516,None,Drag,browsing
1572512789.495,60,518,None,Drag,browsing
1572512789.502,71,521,None,Drag,browsing
1572512789.5110002,81,521,None,Drag,browsing
1572512789.518,92,521,None,Drag,browsing
1572512789.5270002,102,520,None,Drag,browsing
1572512789.533,112,518,None,Drag,browsing
1572512789.541,122,515,None,Drag,browsing
1572512789.548,133,514,None,Drag,browsing
1572512789.5570002,145,513,None,Drag,browsing
1572512789.564,156,510,None,Drag,browsing
1572512789.573,167,509,None,Drag,browsing
1572512789.58,177,509,None,Drag,browsing
1572512789.5879998,187,509,None,Drag,browsing
1572512789.596,200,506,None,Drag,browsing
1572512789.604,213,504,None,Drag,browsing
1572512789.61,226,501,None,Drag,browsing
1572512789.619,239,499,None,Drag,browsing
1572512789.627,252,497,None,Drag,browsing
1572512789.6339998,263,495,None,Drag,browsing
1572512789.643,273,492,None,Drag,browsing
1572512789.65,284,491,None,Drag,browsing
1572512789.659,294,490,None,Drag,browsing
1572512789.666,301,489,None,Drag,browsing
1572512789.6720002,309,488,None,Drag,browsing
1572512789.68,317,486,None,Drag,browsing
1572512789.688,326,486,None,Drag,browsing
1572512789.696,332,485,None,Drag,browsing
1572512789.704,342,485,None,Drag,browsing
1572512789.712,352,485,None,Drag,browsing
1572512789.72,360,485,None,Drag,browsing
1572512789.728,369,484,None,Drag,browsing
1572512789.736,377,484,None,Drag,browsing
1572512789.742,387,482,None,Drag,browsing
1572512789.75,395,482,None,Drag,browsing
1572512789.758,404,479,None,Drag,browsing
1572512789.766,411,478,None,Drag,browsing
1572512789.774,417,478,None,Drag,browsing
1572512789.782,420,478,None,Drag,browsing
1572512789.79,421,477,None,Drag,browsing
1572512789.798,423,477,None,Drag,browsing
1572512789.877,424,477,None,Drag,browsing
1572512789.887,424,478,None,Drag,browsing
1572512789.895,425,478,None,Drag,browsing
1572512789.9020002,426,480,None,Drag,browsing
1572512789.911,427,482,None,Drag,browsing
1572512789.918,429,486,None,Drag,browsing
1572512789.927,431,490,None,Drag,browsing
1572512789.934,432,492,None,Drag,browsing
1572512789.9420002,434,495,None,Drag,browsing
1572512789.951,436,496,None,Drag,browsing
1572512789.956,436,498,None,Drag,browsing
1572512789.965,437,500,None,Drag,browsing
1572512789.9729998,439,500,None,Drag,browsing
1572512789.98,440,502,None,Drag,browsing
1572512789.988,440,503,None,Drag,browsing
1572512789.996,441,503,None,Drag,browsing
1572512790.005,443,504,None,Drag,browsing
1572512790.012,443,505,None,Drag,browsing
1572512790.018,444,506,None,Drag,browsing
1572512790.026,445,506,None,Drag,browsing
1572512790.035,446,508,None,Drag,browsing
1572512790.042,448,509,None,Drag,browsing
1572512790.05,450,510,None,Drag,browsing
1572512790.0579998,451,511,None,Drag,browsing
1572512790.066,453,512,None,Drag,browsing
1572512790.075,455,512,None,Drag,browsing
1572512790.082,455,513,None,Drag,browsing
1572512790.089,456,513,None,Drag,browsing
1572512790.097,457,513,None,Drag,browsing
1572512790.1079998,457,513,None,Drag,browsing
1572512790.211,458,514,None,Drag,browsing
1572512790.222,459,514,None,Drag,browsing
1572512790.23,459,515,None,Drag,browsing
1572512790.2370002,460,515,None,Drag,browsing
1572512790.245,461,515,None,Drag,browsing
1572512790.252,463,515,None,Drag,browsing
1572512790.2610002,464,515,None,Drag,browsing
1572512790.268,464,515,None,Drag,browsing
1572512790.2770002,465,515,None,Drag,browsing
1572512790.285,466,515,None,Drag,browsing
1572512790.293,466,515,None,Drag,browsing
1572512790.298,467,515,None,Drag,browsing
1572512790.311,468,515,None,Drag,browsing
1572512790.3179998,468,516,None,Drag,browsing
1572512790.335,469,516,None,Drag,browsing
1572512790.3579998,470,516,None,Drag,browsing
1572512790.3760002,471,517,None,Drag,browsing
1572512790.762,471,517,None,Drag,browsing
1572512790.9020002,472,517,None,Drag,browsing
1572512790.914,473,517,None,Drag,browsing
1572512791.018,473,517,None,Drag,browsing
1572512791.026,473,518,None,Drag,browsing
1572512791.121,474,518,None,Drag,browsing
1572512791.1320002,475,518,None,Drag,browsing
1572512791.198,475,519,None,Drag,browsing
1572512791.221,476,519,None,Drag,browsing
1572512791.311,477,520,None,Drag,browsing
1572512791.401,477,520,None,Drag,browsing
1572512791.427,478,520,None,Drag,browsing
1572512791.447,479,520,None,Drag,browsing
1572512791.447,479,520,Left,Released,browsing
1572512792.154,479,520,None,Move,browsing
1572512792.163,478,521,None,Move,browsing
1572512792.171,477,521,None,Move,browsing
1572512792.179,475,522,None,Move,browsing
1572512792.187,474,522,None,Move,browsing
1572512792.1929998,474,522,None,Move,browsing
1572512792.266,473,522,None,Move,browsing
1572512792.282,472,522,None,Move,browsing
1572512792.291,472,521,None,Move,browsing
1572512792.298,471,521,None,Move,browsing
1572512792.315,471,521,None,Move,browsing
1572512792.337,470,520,None,Move,browsing
1572512792.3479998,470,519,None,Move,browsing
1572512792.357,470,519,None,Move,browsing
1572512792.3679998,470,518,None,Move,browsing
1572512792.3760002,470,517,None,Move,browsing
1572512792.3839998,470,517,None,Move,browsing
1572512792.3920002,470,515,None,Move,browsing
1572512792.4,470,514,None,Move,browsing
1572512792.407,470,514,None,Move,browsing
1572512792.439,470,514,Right,Pressed,browsing
1572512792.551,470,514,Right,Released,browsing
1572512792.846,470,514,None,Move,browsing
1572512792.854,471,516,None,Move,browsing
1572512792.8620002,473,518,None,Move,browsing
1572512792.871,474,518,None,Move,browsing
1572512792.879,476,519,None,Move,browsing
1572512792.887,478,520,None,Move,browsing
1572512792.893,480,522,None,Move,browsing
1572512792.9,485,524,None,Move,browsing
1572512792.908,492,526,None,Move,browsing
1572512792.915,498,528,None,Move,browsing
1572512792.924,505,531,None,Move,browsing
1572512792.9320002,509,533,None,Move,browsing
1572512792.939,514,535,None,Move,browsing
1572512792.948,518,537,None,Move,browsing
1572512792.956,522,539,None,Move,browsing
1572512792.9629998,525,541,None,Move,browsing
1572512792.97,527,543,None,Move,browsing
1572512792.978,529,545,None,Move,browsing
1572512792.9870002,531,549,None,Move,browsing
1572512792.995,533,552,None,Move,browsing
1572512793.0029998,535,554,None,Move,browsing
1572512793.0110002,535,556,None,Move,browsing
1572512793.019,536,560,None,Move,browsing
1572512793.0270002,536,561,None,Move,browsing
1572512793.035,536,564,None,Move,browsing
1572512793.041,536,567,None,Move,browsing
1572512793.049,536,571,None,Move,browsing
1572512793.0570002,536,572,None,Move,browsing
1572512793.065,536,576,None,Move,browsing
1572512793.073,536,579,None,Move,browsing
1572512793.081,536,582,None,Move,browsing
1572512793.089,536,586,None,Move,browsing
1572512793.097,537,589,None,Move,browsing
1572512793.1020002,537,593,None,Move,browsing
1572512793.11,537,596,None,Move,browsing
1572512793.119,537,597,None,Move,browsing
1572512793.127,537,599,None,Move,browsing
1572512793.1339998,538,600,None,Move,browsing
1572512793.143,538,602,None,Move,browsing
1572512793.15,538,603,None,Move,browsing
1572512793.159,538,605,None,Move,browsing
1572512793.166,539,606,None,Move,browsing
1572512793.174,539,606,None,Move,browsing
1572512793.189,539,607,None,Move,browsing
1572512793.25,539,608,None,Move,browsing
1572512793.266,539,608,None,Move,browsing
1572512793.275,539,610,None,Move,browsing
1572512793.283,539,611,None,Move,browsing
1572512793.291,539,612,None,Move,browsing
1572512793.299,539,613,None,Move,browsing
1572512793.3070002,539,615,None,Move,browsing
1572512793.315,539,617,None,Move,browsing
1572512793.324,539,618,None,Move,browsing
1572512793.329,539,620,None,Move,browsing
1572512793.337,539,620,None,Move,browsing
1572512793.345,539,621,None,Move,browsing
1572512793.353,539,622,None,Move,browsing
1572512793.361,539,622,None,Move,browsing
1572512793.431,539,622,Left,Pressed,browsing
1572512793.531,539,622,Left,Released,browsing
1572512793.587,539,622,None,Move,browsing
1572512793.592,539,622,None,Move,browsing
1572512793.6,538,622,None,Move,browsing
1572512793.6079998,537,622,None,Move,browsing
1572512793.617,537,623,None,Move,browsing
1572512793.625,537,626,None,Move,browsing
1572512793.633,538,633,None,Move,browsing
1572512793.641,541,643,None,Move,browsing
1572512793.649,547,655,None,Move,browsing
1572512793.657,556,673,None,Move,browsing
1572512793.663,567,703,None,Move,browsing
1572512793.671,582,740,None,Move,browsing
1572512793.679,599,786,None,Move,browsing
1572512793.686,613,838,None,Move,browsing
1572512793.694,626,883,None,Move,browsing
1572512793.702,638,923,None,Move,browsing
1572512793.711,650,956,None,Move,browsing
1572512793.719,662,989,None,Move,browsing
1572512793.726,673,1019,None,Move,browsing
1572512793.732,678,1042,None,Move,browsing
1572512793.7410002,681,1060,None,Move,browsing
1572512793.748,683,1075,None,Move,browsing
1572512793.756,686,1088,None,Move,browsing
1572512793.7629998,688,1090,None,Move,browsing
1572512793.772,691,1089,None,Move,browsing
1572512793.781,692,1086,None,Move,browsing
1572512793.788,693,1084,None,Move,browsing
1572512793.7970002,695,1086,None,Move,browsing
1572512793.802,698,1084,None,Move,browsing
1572512793.811,699,1083,None,Move,browsing
1572512793.8170002,701,1083,None,Move,browsing
1572512793.826,703,1083,None,Move,browsing
1572512793.833,705,1082,None,Move,browsing
1572512793.842,707,1081,None,Move,browsing
1572512793.85,709,1080,None,Move,browsing
1572512793.8579998,710,1081,None,Move,browsing
1572512793.867,712,1081,None,Move,browsing
1572512793.8720002,714,1080,None,Move,browsing
1572512793.881,715,1080,None,Move,browsing
1572512793.8879998,715,1079,None,Move,browsing
1572512793.9629998,715,1079,None,Move,browsing
1572512793.975,716,1077,None,Move,browsing
1572512793.9829998,716,1076,None,Move,browsing
1572512793.9910002,716,1074,None,Move,browsing
1572512793.9989998,716,1073,None,Move,browsing
1572512794.0070002,716,1071,None,Move,browsing
1572512794.04,716,1071,Left,Pressed,browsing
1572512794.115,716,1071,Left,Released,browsing
1572512794.313,717,1070,None,Move,development
1572512794.3279998,719,1069,None,Move,development
1572512794.336,727,1062,None,Move,development
1572512794.344,739,1051,None,Move,development
1572512794.3520002,755,1040,None,Move,development
1572512794.36,777,1018,None,Move,development
1572512794.367,802,993,None,Move,development
1572512794.3739998,830,967,None,Move,development
1572512794.3820002,854,944,None,Move,development
1572512794.391,886,913,None,Move,development
1572512794.399,924,875,None,Move,development
1572512794.406,959,837,None,Move,development
1572512794.415,997,802,None,Move,development
1572512794.4220002,1032,764,None,Move,development
1572512794.43,1056,742,None,Move,development
1572512794.436,1072,726,None,Move,development
1572512794.445,1083,714,None,Move,development
1572512794.452,1094,700,None,Move,development
1572512794.46,1102,689,None,Move,development
1572512794.468,1111,678,None,Move,development
1572512794.476,1119,668,None,Move,development
1572512794.484,1125,659,None,Move,development
1572512794.4929998,1131,654,None,Move,development
1572512794.5010002,1132,652,None,Move,development
1572512794.506,1134,650,None,Move,development
1572512794.515,1135,649,None,Move,development
1572512794.522,1135,648,None,Move,development
1572512794.571,1136,648,None,Move,development
1572512794.592,1136,648,None,Move,development
1572512794.6079998,1137,649,None,Move,development
1572512794.617,1138,649,None,Move,development
1572512794.842,1138,650,None,Move,development
1572512795.226,1138,650,None,Move,development
1572512795.234,1139,651,None,Move,development
1572512795.242,1140,652,None,Move,development
1572512795.25,1141,653,None,Move,development
1572512795.258,1142,654,None,Move,development
1572512795.266,1143,655,None,Move,development
1572512795.274,1144,657,None,Move,development
1572512795.28,1146,659,None,Move,development
1572512795.288,1148,661,None,Move,development
1572512795.296,1149,662,None,Move,development
1572512795.305,1152,664,None,Move,development
1572512795.313,1156,666,None,Move,development
1572512795.321,1163,667,None,Move,development
1572512795.329,1170,669,None,Move,development
1572512795.337,1176,672,None,Move,development
1572512795.344,1183,674,None,Move,development
1572512795.35,1190,676,None,Move,development
1572512795.359,1197,679,None,Move,development
1572512795.367,1204,681,None,Move,development
1572512795.3739998,1211,683,None,Move,development
1572512795.383,1220,686,None,Move,development
1572512795.391,1229,688,None,Move,development
1572512795.399,1241,691,None,Move,development
1572512795.407,1254,693,None,Move,development
1572512795.415,1270,696,None,Move,development
1572512795.42,1286,700,None,Move,development
1572512795.429,1301,705,None,Move,development
1572512795.437,1315,708,None,Move,development
1572512795.444,1330,711,None,Move,development
1572512795.452,1346,713,None,Move,development
1572512795.461,1359,716,None,Move,development
1572512795.469,1369,718,None,Move,development
1572512795.4770002,1377,718,None,Move,development
1572512795.485,1382,718,None,Move,development
1572512795.49,1385,718,None,Move,development
1572512795.498,1385,718,None,Move,development
1572512795.569,1385,718,None,Move,development
1572512795.585,1385,718,None,Move,development
1572512795.593,1385,716,None,Move,development
1572512795.601,1383,715,None,Move,development
1572512795.6079998,1382,708,None,Move,development
1572512795.617,1380,700,None,Move,development
1572512795.6239998,1376,690,None,Move,development
1572512795.63,1372,680,None,Move,development
1572512795.639,1366,670,None,Move,development
1572512795.647,1358,659,None,Move,development
1572512795.655,1353,650,None,Move,development
1572512795.663,1348,643,None,Move,development
1572512795.67,1346,638,None,Move,development
1572512795.678,1345,635,None,Move,development
1572512795.686,1344,634,None,Move,development
1572512795.695,1344,633,None,Move,development
1572512795.701,1344,632,None,Move,development
1572512796.164,1344,631,None,Move,development
1572512796.1720002,1346,630,None,Move,development
1572512796.181,1348,628,None,Move,development
1572512796.189,1349,626,None,Move,development
1572512796.1929998,1351,625,None,Move,development
1572512796.202,1353,623,None,Move,development
1572512796.211,1354,621,None,Move,development
1572512796.219,1355,620,None,Move,development
1572512796.2270002,1356,617,None,Move,development
1572512796.235,1357,615,None,Move,development
1572512796.242,1357,615,None,Move,development
1572512796.2510002,1357,614,None,Move,development
1572512796.2610002,1358,614,None,Move,development
1572512796.272,1358,613,None,Move,development
1572512796.556,1358,613,None,Move,development
1572512796.5679998,1358,614,None,Move,development
1572512796.576,1358,614,None,Move,development
1572512796.584,1358,615,None,Move,development
1572512797.1120002,1359,616,None,Move,development
1572512797.12,1364,628,None,Move,development
1572512797.1279998,1374,648,None,Move,development
1572512797.137,1387,676,None,Move,development
1572512797.145,1396,699,None,Move,development
1572512797.1520002,1401,716,None,Move,development
1572512797.16,1405,728,None,Move,development
1572512797.168,1409,740,None,Move,development
1572512797.175,1415,754,None,Move,development
1572512797.1820002,1423,768,None,Move,development
1572512797.19,1431,781,None,Move,development
1572512797.198,1439,796,None,Move,development
1572512797.206,1443,808,None,Move,development
1572512797.214,1449,821,None,Move,development
1572512797.222,1453,834,None,Move,development
1572512797.231,1456,844,None,Move,development
1572512797.238,1460,854,None,Move,development
1572512797.2470002,1463,863,None,Move,development
1572512797.252,1468,870,None,Move,development
1572512797.2610002,1473,876,None,Move,development
1572512797.269,1476,879,None,Move,development
1572512797.276,1477,881,None,Move,development
1572512797.284,1479,882,None,Move,development
1572512797.292,1481,884,None,Move,development
1572512797.301,1481,885,None,Move,development
1572512797.3070002,1482,885,None,Move,development
1572512797.314,1483,886,None,Move,development
1572512797.323,1483,887,None,Move,development
1572512797.448,1483,887,None,Move,development
1572512797.459,1483,887,None,Move,development
1572512797.467,1482,887,None,Move,development
1572512797.474,1481,887,None,Move,development
1572512797.482,1480,887,None,Move,development
1572512797.4910002,1480,888,None,Move,development
1572512797.498,1478,889,None,Move,development
1572512797.5070002,1476,890,None,Move,development
1572512797.515,1476,890,None,Move,development
1572512797.521,1475,890,None,Move,development
1572512797.529,1475,890,None,Move,development
1572512797.607,1475,890,Left,Pressed,development
1572512797.688,1475,890,Left,Released,development
1572512797.952,1474,890,None,Move,development
1572512797.96,1471,889,None,Move,development
1572512797.968,1467,886,None,Move,development
1572512797.976,1461,880,None,Move,development
1572512797.984,1453,871,None,Move,development
1572512797.992,1446,862,None,Move,development
1572512798.0,1434,844,None,Move,development
1572512798.008,1411,811,None,Move,development
1572512798.014,1371,778,None,Move,development
1572512798.022,1330,739,None,Move,development
1572512798.03,1287,705,None,Move,development
1572512798.038,1239,678,None,Move,development
1572512798.046,1188,650,None,Move,development
1572512798.055,1135,627,None,Move,development
1572512798.062,1068,597,None,Move,development
1572512798.071,999,567,None,Move,development
1572512798.0779998,937,548,None,Move,development
1572512798.084,889,537,None,Move,development
1572512798.092,842,533,None,Move,development
1572512798.1,808,529,None,Move,development
1572512798.1079998,787,526,None,Move,development
1572512798.117,771,524,None,Move,development
1572512798.1239998,759,520,None,Move,development
1572512798.133,752,516,None,Move,development
1572512798.14,745,513,None,Move,development
1572512798.1479998,741,511,None,Move,development
1572512798.154,737,508,None,Move,development
1572512798.1620002,734,506,None,Move,development
1572512798.171,732,503,None,Move,development
1572512798.179,731,502,None,Move,development
1572512798.186,731,501,None,Move,development
1572512798.334,728,501,None,Move,development
1572512798.342,725,502,None,Move,development
1572512798.35,721,504,None,Move,development
1572512798.3579998,714,506,None,Move,development
1572512798.3660002,706,507,None,Move,development
1572512798.3720002,696,508,None,Move,development
1572512798.381,683,508,None,Move,development
1572512798.3879998,669,508,None,Move,development
1572512798.396,653,510,None,Move,development
1572512798.405,637,510,None,Move,development
1572512798.413,621,510,None,Move,development
1572512798.421,605,510,None,Move,development
1572512798.429,589,511,None,Move,development
1572512798.437,573,512,None,Move,development
1572512798.4420002,559,515,None,Move,development
1572512798.451,546,517,None,Move,development
1572512798.459,534,520,None,Move,development
1572512798.467,521,523,None,Move,development
1572512798.475,511,524,None,Move,development
1572512798.482,502,525,None,Move,development
1572512798.4910002,493,527,None,Move,development
1572512798.4989998,486,530,None,Move,development
1572512798.506,478,532,None,Move,development
1572512798.512,468,535,None,Move,development
1572512798.52,459,537,None,Move,development
1572512798.528,451,540,None,Move,development
1572512798.5370002,444,543,None,Move,development
1572512798.545,435,545,None,Move,development
1572512798.552,427,548,None,Move,development
1572512798.561,420,550,None,Move,development
1572512798.569,412,553,None,Move,development
1572512798.577,403,555,None,Move,development
1572512798.582,396,557,None,Move,development
1572512798.591,389,560,None,Move,development
1572512798.599,383,562,None,Move,development
1572512798.606,374,564,None,Move,development
1572512798.615,364,567,None,Move,development
1572512798.6220002,354,569,None,Move,development
1572512798.631,343,571,None,Move,development
1572512798.6379998,331,573,None,Move,development
1572512798.647,321,576,None,Move,development
1572512798.6520002,311,578,None,Move,development
1572512798.661,303,579,None,Move,development
1572512798.669,295,579,None,Move,development
1572512798.676,287,579,None,Move,development
1572512798.685,277,577,None,Move,development
1572512798.6929998,267,574,None,Move,development
1572512798.701,251,570,None,Move,development
1572512798.708,232,563,None,Move,development
1572512798.717,201,551,None,Move,development
1572512798.722,171,540,None,Move,development
1572512798.731,144,529,None,Move,development
1572512798.738,125,525,None,Move,development
1572512798.7470002,110,521,None,Move,development
1572512798.755,98,518,None,Move,development
1572512798.762,90,516,None,Move,development
1572512798.771,84,516,None,Move,development
1572512798.781,81,515,None,Move,development
1572512798.786,79,514,None,Move,development
1572512798.863,79,514,None,Move,development
1572512798.875,79,515,None,Move,development
1572512798.883,80,517,None,Move,development
1572512798.891,83,522,None,Move,development
1572512798.899,87,529,None,Move,development
1572512798.906,93,538,None,Move,development
1572512798.914,101,548,None,Move,development
1572512798.9220002,109,564,None,Move,development
1572512798.931,121,580,None,Move,development
1572512798.935,135,603,None,Move,development
1572512798.945,144,618,None,Move,development
1572512798.952,153,640,None,Move,development
1572512798.96,165,670,None,Move,development
1572512798.969,172,702,None,Move,development
1572512798.976,182,735,None,Move,development
1572512798.985,196,769,None,Move,development
1572512798.992,208,805,None,Move,development
1572512798.998,220,841,None,Move,development
1572512799.006,229,871,None,Move,development
1572512799.014,235,903,None,Move,development
1572512799.022,245,927,None,Move,development
1572512799.03,257,946,None,Move,development
1572512799.038,267,957,None,Move,development
1572512799.046,276,966,None,Move,development
1572512799.054,285,973,None,Move,development
1572512799.062,292,978,None,Move,development
1572512799.0679998,299,982,None,Move,development
1572512799.077,306,984,None,Move,development
1572512799.085,312,986,None,Move,development
1572512799.092,314,988,None,Move,development
1572512799.101,317,989,None,Move,development
1572512799.1079998,320,990,None,Move,development
1572512799.117,321,990,None,Move,development
1572512799.125,323,992,None,Move,development
1572512799.133,325,994,None,Move,development
1572512799.1379998,326,995,None,Move,development
1572512799.146,328,996,None,Move,development
1572512799.155,330,997,None,Move,development
1572512799.163,331,997,None,Move,development
1572512799.171,333,998,None,Move,development
1572512799.179,335,1000,None,Move,development
1572512799.187,336,1000,None,Move,development
1572512799.195,337,1001,None,Move,development
1572512799.2029998,338,1003,None,Move,development
1572512799.208,340,1004,None,Move,development
1572512799.217,342,1006,None,Move,development
1572512799.225,344,1008,None,Move,development
1572512799.232,347,1010,None,Move,development
1572512799.24,353,1012,None,Move,development
1572512799.248,360,1014,None,Move,development
1572512799.256,367,1017,None,Move,development
1572512799.265,374,1019,None,Move,development
1572512799.272,380,1021,None,Move,development
1572512799.279,387,1023,None,Move,development
1572512799.2870002,394,1026,None,Move,development
1572512799.294,400,1028,None,Move,development
1572512799.303,404,1030,None,Move,development
1572512799.31,408,1034,None,Move,development
1572512799.319,414,1039,None,Move,development
1572512799.326,421,1045,None,Move,development
1572512799.335,428,1050,None,Move,development
1572512799.342,436,1055,None,Move,development
1572512799.3479998,443,1058,None,Move,development
1572512799.356,450,1060,None,Move,development
1572512799.365,457,1063,None,Move,development
1572512799.3720002,463,1063,None,Move,development
1572512799.38,470,1063,None,Move,development
1572512799.389,475,1063,None,Move,development
1572512799.397,480,1062,None,Move,development
1572512799.405,483,1061,None,Move,development
1572512799.4120002,484,1061,None,Move,development
1572512799.418,486,1060,None,Move,development
1572512799.426,487,1060,None,Move,development
1572512799.435,487,1059,None,Move,development
1572512799.4420002,488,1059,None,Move,development
1572512799.559,488,1059,Left,Pressed,development
1572512799.633,488,1059,Left,Released,development
1572512799.688,488,1058,None,Move,file system
1572512799.698,488,1057,None,Move,file system
1572512799.706,488,1055,None,Move,file system
1572512799.714,488,1051,None,Move,file system
1572512799.722,490,1044,None,Move,file system
1572512799.731,495,1037,None,Move,file system
1572512799.738,502,1027,None,Move,file system
1572512799.7470002,510,1009,None,Move,file system
1572512799.7529998,519,983,None,Move,file system
1572512799.762,531,952,None,Move,file system
1572512799.768,550,915,None,Move,file system
1572512799.7770002,566,880,None,Move,file system
1572512799.785,581,849,None,Move,file system
1572512799.793,595,826,None,Move,file system
1572512799.801,605,813,None,Move,file system
1572512799.8079998,614,801,None,Move,file system
1572512799.816,622,791,None,Move,file system
1572512799.824,628,783,None,Move,file system
1572512799.833,631,776,None,Move,file system
1572512799.8379998,634,771,None,Move,file system
1572512799.846,636,767,None,Move,file system
1572512799.855,637,765,None,Move,file system
1572512799.863,637,764,None,Move,file system
1572512799.871,638,764,None,Move,file system
1572512799.945,638,764,None,Move,file system
1572512799.952,638,770,None,Move,file system
1572512799.96,638,781,None,Move,file system
1572512799.968,636,792,None,Move,file system
1572512799.976,634,805,None,Move,file system
1572512799.982,630,816,None,Move,file system
1572512799.99,626,826,None,Move,file system
1572512799.998,621,834,None,Move,file system
1572512800.006,616,843,None,Move,file system
1572512800.014,610,849,None,Move,file system
1572512800.022,606,855,None,Move,file system
1572512800.03,603,859,None,Move,file system
1572512800.039,600,861,None,Move,file system
1572512800.0470002,598,861,None,Move,file system
1572512800.053,598,862,None,Move,file system
1572512800.061,597,863,None,Move,file system
1572512800.069,596,863,None,Move,file system
1572512800.105,596,864,None,Move,file system
1572512800.113,594,864,None,Move,file system
1572512800.121,592,865,None,Move,file system
1572512800.1260002,591,866,None,Move,file system
1572512800.135,589,867,None,Move,file system
1572512800.143,588,868,None,Move,file system
1572512800.15,586,870,None,Move,file system
1572512800.159,584,871,None,Move,file system
1572512800.167,582,873,None,Move,file system
1572512800.175,582,873,None,Move,file system
1572512800.1820002,580,874,None,Move,file system
1572512800.189,579,875,None,Move,file system
1572512800.197,577,876,None,Move,file system
1572512800.205,574,878,None,Move,file system
1572512800.212,571,878,None,Move,file system
1572512800.221,564,881,None,Move,file system
1572512800.228,557,883,None,Move,file system
1572512800.236,547,886,None,Move,file system
1572512800.244,535,888,None,Move,file system
1572512800.2529998,522,891,None,Move,file system
1572512800.258,506,893,None,Move,file system
1572512800.2670002,490,896,None,Move,file system
1572512800.274,472,899,None,Move,file system
1572512800.283,454,902,None,Move,file system
1572512800.29,439,904,None,Move,file system
1572512800.298,426,907,None,Move,file system
1572512800.3070002,416,909,None,Move,file system
1572512800.314,408,912,None,Move,file system
1572512800.323,403,913,None,Move,file system
1572512800.3279998,401,913,None,Move,file system
1572512800.337,400,913,None,Move,file system
1572512800.3760002,400,913,Left,Pressed,file system
1572512800.439,400,913,Left,Released,file system
1572512800.574,401,913,None,Move,browsing
1572512800.583,407,910,None,Move,browsing
1572512800.59,416,902,None,Move,browsing
1572512800.599,425,895,None,Move,browsing
1572512800.607,434,886,None,Move,browsing
1572512800.613,448,873,None,Move,browsing
1572512800.621,470,851,None,Move,browsing
1572512800.6279998,492,829,None,Move,browsing
1572512800.637,515,805,None,Move,browsing
1572512800.644,537,772,None,Move,browsing
1572512800.653,562,739,None,Move,browsing
1572512800.66,586,700,None,Move,browsing
1572512800.669,606,665,None,Move,browsing
1572512800.676,624,633,None,Move,browsing
1572512800.6820002,637,605,None,Move,browsing
1572512800.691,651,583,None,Move,browsing
1572512800.699,661,566,None,Move,browsing
1572512800.707,668,553,None,Move,browsing
1572512800.715,672,543,None,Move,browsing
1572512800.7229998,674,538,None,Move,browsing
1572512800.731,675,536,None,Move,browsing
1572512800.7389998,675,535,None,Move,browsing
1572512800.87,674,535,None,Move,browsing
1572512800.877,674,536,None,Move,browsing
1572512800.8860002,673,536,None,Move,browsing
1572512800.894,672,536,None,Move,browsing
1572512800.901,672,537,None,Move,browsing
1572512800.908,671,537,None,Move,browsing
1572512801.04,671,537,None,Move,browsing
1572512801.049,671,536,None,Move,browsing
1572512801.056,671,535,None,Move,browsing
1572512801.065,671,535,None,Move,browsing
1572512801.073,671,534,None,Move,browsing
1572512801.081,671,533,None,Move,browsing
1572512801.24,671,533,None,Move,browsing
1572512801.316,671,532,None,Move,browsing
1572512801.329,671,531,None,Move,browsing
1572512801.336,671,531,None,Move,browsing
1572512801.344,671,530,None,Move,browsing
1572512801.353,671,529,None,Move,browsing
1572512801.36,671,528,None,Move,browsing
1572512801.3679998,671,528,None,Move,browsing
1572512801.3820002,671,527,None,Move,browsing
1572512801.736,671,526,None,Move,browsing
1572512801.748,671,526,None,Move,browsing
1572512801.756,671,525,None,Move,browsing
1572512801.764,671,524,None,Move,browsing
1572512805.367,671,524,None,Move,browsing
1572512805.383,672,524,None,Move,browsing
1572512805.391,681,521,None,Move,browsing
1572512805.396,697,517,None,Move,browsing
1572512805.405,715,515,None,Move,browsing
1572512805.4120002,740,511,None,Move,browsing
1572512805.421,764,508,None,Move,browsing
1572512805.429,793,503,None,Move,browsing
1572512805.437,817,501,None,Move,browsing
1572512805.445,838,498,None,Move,browsing
1572512805.452,860,495,None,Move,browsing
1572512805.458,876,492,None,Move,browsing
1572512805.467,890,490,None,Move,browsing
1572512805.475,902,487,None,Move,browsing
1572512805.482,912,485,None,Move,browsing
1572512805.49,919,482,None,Move,browsing
1572512805.498,923,480,None,Move,browsing
1572512805.506,925,479,None,Move,browsing
1572512805.514,927,479,None,Move,browsing
1572512805.955,927,478,None,Move,browsing
1572512805.96,927,477,None,Move,browsing
1572512806.52,924,477,None,Move,browsing
1572512806.528,917,479,None,Move,browsing
1572512806.536,908,483,None,Move,browsing
1572512806.544,898,487,None,Move,browsing
1572512806.552,888,489,None,Move,browsing
1572512806.56,878,492,None,Move,browsing
1572512806.569,865,494,None,Move,browsing
1572512806.576,851,497,None,Move,browsing
1572512806.584,836,500,None,Move,browsing
1572512806.591,825,502,None,Move,browsing
1572512806.5979998,816,502,None,Move,browsing
1572512806.606,808,503,None,Move,browsing
1572512806.615,802,503,None,Move,browsing
1572512806.623,793,504,None,Move,browsing
1572512806.63,785,506,None,Move,browsing
1572512806.6379998,777,506,None,Move,browsing
1572512806.646,763,507,None,Move,browsing
1572512806.6520002,748,507,None,Move,browsing
1572512806.66,732,508,None,Move,browsing
1572512806.669,712,510,None,Move,browsing
1572512806.677,689,511,None,Move,browsing
1572512806.685,662,511,None,Move,browsing
1572512806.6929998,628,508,None,Move,browsing
1572512806.701,594,505,None,Move,browsing
1572512806.708,564,505,None,Move,browsing
1572512806.717,537,507,None,Move,browsing
1572512806.725,513,509,None,Move,browsing
1572512806.73,497,509,None,Move,browsing
1572512806.738,484,507,None,Move,browsing
1572512806.746,477,505,None,Move,browsing
1572512806.7529998,472,503,None,Move,browsing
1572512806.762,469,500,None,Move,browsing
1572512806.771,467,498,None,Move,browsing
1572512806.7770002,465,495,None,Move,browsing
1572512806.786,462,491,None,Move,browsing
1572512806.794,457,486,None,Move,browsing
1572512806.799,450,481,None,Move,browsing
1572512806.8079998,441,476,None,Move,browsing
1572512806.8170002,431,471,None,Move,browsing
1572512806.825,419,467,None,Move,browsing
1572512806.833,406,464,None,Move,browsing
1572512806.841,395,462,None,Move,browsing
1572512806.849,383,459,None,Move,browsing
1572512806.857,374,458,None,Move,browsing
1572512806.863,364,457,None,Move,browsing
1572512806.87,354,457,None,Move,browsing
1572512806.879,344,456,None,Move,browsing
1572512806.887,335,456,None,Move,browsing
1572512806.895,325,454,None,Move,browsing
1572512806.903,317,454,None,Move,browsing
1572512806.911,310,454,None,Move,browsing
1572512806.918,304,454,None,Move,browsing
1572512806.926,297,454,None,Move,browsing
1572512806.934,291,454,None,Move,browsing
1572512806.94,289,454,None,Move,browsing
1572512806.948,288,454,None,Move,browsing
1572512806.957,287,454,None,Move,browsing
1572512807.0070002,286,454,None,Move,browsing
1572512807.018,286,454,None,Move,browsing
1572512807.026,285,453,None,Move,browsing
1572512807.039,285,453,None,Move,browsing
1572512807.248,285,453,Left,Pressed,browsing
1572512807.346,285,453,Left,Released,browsing
1572512807.387,285,453,Left,Pressed,browsing
1572512807.5010002,285,453,Left,Released,browsing
1572512807.533,285,453,Left,Pressed,browsing
1572512807.664,285,453,Left,Released,browsing
1572512808.0110002,285,453,None,Move,browsing
1572512808.019,285,453,None,Move,browsing
1572512808.026,286,454,None,Move,browsing
1572512808.038,287,454,None,Move,browsing
1572512808.085,287,454,None,Move,browsing
1572512808.097,285,455,None,Move,browsing
1572512808.105,284,457,None,Move,browsing
1572512808.113,282,458,None,Move,browsing
1572512808.121,281,458,None,Move,browsing
1572512808.129,279,458,None,Move,browsing
1572512808.1339998,278,458,None,Move,browsing
1572512808.1420002,277,458,None,Move,browsing
1572512808.15,276,458,None,Move,browsing
1572512808.1829998,276,458,Left,Pressed,browsing
1572512808.252,276,458,Left,Released,browsing
1572512808.3479998,275,458,None,Move,browsing
1572512808.417,275,458,None,Move,browsing
1572512808.423,281,460,None,Move,browsing
1572512808.43,288,462,None,Move,browsing
1572512808.438,298,464,None,Move,browsing
1572512808.447,307,467,None,Move,browsing
1572512808.454,317,467,None,Move,browsing
1572512808.4629998,327,469,None,Move,browsing
1572512808.471,337,471,None,Move,browsing
1572512808.479,350,473,None,Move,browsing
1572512808.484,363,474,None,Move,browsing
1572512808.4929998,376,476,None,Move,browsing
1572512808.5,385,476,None,Move,browsing
1572512808.508,395,477,None,Move,browsing
1572512808.516,402,479,None,Move,browsing
1572512808.525,409,480,None,Move,browsing
1572512808.532,413,482,None,Move,browsing
1572512808.541,414,482,None,Move,browsing
1572512808.548,416,483,None,Move,browsing
1572512808.554,417,484,None,Move,browsing
1572512808.571,417,485,None,Move,browsing
1572512808.583,417,485,None,Move,browsing
1572512808.591,418,486,None,Move,browsing
1572512808.5979998,420,487,None,Move,browsing
1572512808.607,420,488,None,Move,browsing
1572512808.615,422,488,None,Move,browsing
1572512808.623,422,488,None,Move,browsing
1572512808.629,424,490,None,Move,browsing
1572512808.637,425,491,None,Move,browsing
1572512808.645,426,491,None,Move,browsing
1572512808.653,426,491,None,Move,browsing
1572512808.661,427,492,None,Move,browsing
1572512808.669,427,492,None,Move,browsing
1572512808.688,428,493,None,Move,browsing
1572512808.715,429,493,None,Move,browsing
1572512808.722,430,493,None,Move,browsing
1572512808.731,432,493,None,Move,browsing
1572512808.738,433,493,None,Move,browsing
1572512808.7470002,435,493,None,Move,browsing
1572512808.754,436,493,None,Move,browsing
1572512808.7629998,438,493,None,Move,browsing
1572512808.768,440,493,None,Move,browsing
1572512808.7770002,441,493,None,Move,browsing
1572512808.785,443,493,None,Move,browsing
1572512808.793,444,493,None,Move,browsing
1572512808.8,446,493,None,Move,browsing
1572512808.809,447,493,None,Move,browsing
1572512808.816,449,493,None,Move,browsing
1572512808.825,450,493,None,Move,browsing
1572512808.832,451,493,None,Move,browsing
1572512808.887,452,493,None,Move,browsing
1572512808.908,452,493,None,Move,browsing
1572512808.925,453,493,None,Move,browsing
1572512808.9320002,454,493,None,Move,browsing
1572512808.94,454,493,None,Move,browsing
1572512809.178,453,493,Left,Pressed,browsing
1572512809.178,453,493,None,Drag,browsing
1572512809.185,447,490,None,Drag,browsing
1572512809.1920002,438,488,None,Drag,browsing
1572512809.2,430,486,None,Drag,browsing
1572512809.208,420,484,None,Drag,browsing
1572512809.216,412,482,None,Drag,browsing
1572512809.225,405,481,None,Drag,browsing
1572512809.232,398,480,None,Drag,browsing
1572512809.24,392,480,None,Drag,browsing
1572512809.248,385,480,None,Drag,browsing
1572512809.2570002,380,480,None,Drag,browsing
1572512809.262,377,480,None,Drag,browsing
1572512809.271,373,480,None,Drag,browsing
1572512809.279,371,480,None,Drag,browsing
1572512809.286,366,480,None,Drag,browsing
1572512809.294,361,480,None,Drag,browsing
1572512809.302,354,479,None,Drag,browsing
1572512809.311,348,479,None,Drag,browsing
1572512809.3179998,341,479,None,Drag,browsing
1572512809.327,335,479,None,Drag,browsing
1572512809.332,329,478,None,Drag,browsing
1572512809.34,323,478,None,Drag,browsing
1572512809.3479998,316,478,None,Drag,browsing
1572512809.356,310,476,None,Drag,browsing
1572512809.3639998,305,476,None,Drag,browsing
1572512809.3720002,298,475,None,Drag,browsing
1572512809.381,293,474,None,Drag,browsing
1572512809.3879998,287,473,None,Drag,browsing
1572512809.397,282,472,None,Drag,browsing
1572512809.404,279,471,None,Drag,browsing
1572512809.411,275,470,None,Drag,browsing
1572512809.418,271,469,None,Drag,browsing
1572512809.426,268,469,None,Drag,browsing
1572512809.435,261,468,None,Drag,browsing
1572512809.4420002,255,468,None,Drag,browsing
1572512809.45,248,468,None,Drag,browsing
1572512809.458,242,468,None,Drag,browsing
1572512809.466,235,469,None,Drag,browsing
1572512809.472,229,469,None,Drag,browsing
1572512809.48,222,470,None,Drag,browsing
1572512809.488,215,470,None,Drag,browsing
1572512809.496,209,470,None,Drag,browsing
1572512809.504,201,470,None,Drag,browsing
1572512809.512,193,470,None,Drag,browsing
1572512809.52,184,469,None,Drag,browsing
1572512809.528,176,469,None,Drag,browsing
1572512809.536,170,468,None,Drag,browsing
1572512809.542,163,467,None,Drag,browsing
1572512809.55,158,466,None,Drag,browsing
1572512809.5579998,153,466,None,Drag,browsing
1572512809.566,150,466,None,Drag,browsing
1572512809.573,148,465,None,Drag,browsing
1572512809.581,145,465,None,Drag,browsing
1572512809.591,143,465,None,Drag,browsing
1572512809.599,143,465,None,Drag,browsing
1572512809.606,142,465,None,Drag,browsing
1572512809.707,141,465,None,Drag,browsing
1572512809.715,136,465,None,Drag,browsing
1572512809.722,131,465,None,Drag,browsing
1572512809.731,126,465,None,Drag,browsing
1572512809.7389998,120,466,None,Drag,browsing
1572512809.7470002,117,466,None,Drag,browsing
1572512809.7529998,114,467,None,Drag,browsing
1572512809.7610002,112,467,None,Drag,browsing
1572512809.769,110,468,None,Drag,browsing
1572512809.7770002,109,468,None,Drag,browsing
1572512809.785,108,468,None,Drag,browsing
1572512809.883,108,468,None,Drag,browsing
1572512809.891,111,467,None,Drag,browsing
1572512809.897,116,465,None,Drag,browsing
1572512809.905,122,464,None,Drag,browsing
1572512809.913,125,463,None,Drag,browsing
1572512809.921,128,463,None,Drag,browsing
1572512809.928,129,462,None,Drag,browsing
1572512809.936,130,462,None,Drag,browsing
1572512809.945,131,462,None,Drag,browsing
1572512809.966,131,462,None,Drag,browsing
1572512809.975,132,462,None,Drag,browsing
1572512809.9829998,134,462,None,Drag,browsing
1572512809.9910002,135,462,None,Drag,browsing
1572512809.998,138,462,None,Drag,browsing
1572512810.0070002,141,462,None,Drag,browsing
1572512810.015,145,462,None,Drag,browsing
1572512810.0229998,148,462,None,Drag,browsing
1572512810.031,151,462,None,Drag,browsing
1572512810.036,154,462,None,Drag,browsing
1572512810.045,155,462,None,Drag,browsing
1572512810.053,157,462,None,Drag,browsing
1572512810.06,158,462,None,Drag,browsing
1572512810.0679998,159,462,None,Drag,browsing
1572512810.076,160,462,None,Drag,browsing
1572512810.076,160,462,Left,Released,browsing
1572512811.221,160,462,None,Move,browsing
1572512811.234,160,462,None,Move,browsing
1572512811.2429998,160,463,None,Move,browsing
1572512811.2510002,159,464,None,Move,browsing
1572512811.262,159,465,None,Move,browsing
1572512811.271,159,466,None,Move,browsing
1572512811.279,159,466,None,Move,browsing
1572512811.2870002,158,467,None,Move,browsing
1572512811.294,158,468,None,Move,browsing
1572512811.302,158,468,None,Move,browsing
1572512811.3079998,158,470,None,Move,browsing
1572512811.325,158,471,None,Move,browsing
1572512811.341,158,471,None,Move,browsing
1572512811.407,158,471,None,Move,browsing
1572512811.508,158,472,None,Move,browsing
1572512811.518,158,473,None,Move,browsing
1572512811.5270002,158,473,None,Move,browsing
1572512811.535,158,474,None,Move,browsing
1572512811.5470002,158,475,None,Move,browsing
1572512811.555,158,475,None,Move,browsing
1572512811.563,158,477,None,Move,browsing
1572512811.571,158,477,None,Move,browsing
1572512811.579,158,478,None,Move,browsing
1572512811.584,158,480,None,Move,browsing
1572512811.593,158,481,None,Move,browsing
1572512811.601,158,483,None,Move,browsing
1572512811.6079998,158,484,None,Move,browsing
1572512811.617,158,485,None,Move,browsing
1572512811.625,158,486,None,Move,browsing
1572512811.6320002,158,488,None,Move,browsing
1572512811.64,158,489,None,Move,browsing
1572512811.649,158,491,None,Move,browsing
1572512811.654,158,493,None,Move,browsing
1572512811.6620002,158,494,None,Move,browsing
1572512811.669,158,495,None,Move,browsing
1572512811.678,158,496,None,Move,browsing
1572512811.686,158,498,None,Move,browsing
1572512811.695,158,498,None,Move,browsing
1572512811.701,158,500,None,Move,browsing
1572512811.711,158,501,None,Move,browsing
1572512811.7229998,158,501,None,Move,browsing
1572512811.7329998,158,502,None,Move,browsing
1572512811.748,158,503,None,Move,browsing
1572512811.768,158,503,None,Move,browsing
1572512811.7770002,159,504,None,Move,browsing
1572512811.7970002,159,505,None,Move,browsing
1572512811.8170002,159,505,None,Move,browsing
1572512811.831,159,506,None,Move,browsing
1572512811.839,159,507,None,Move,browsing
1572512811.847,159,508,None,Move,browsing
1572512811.855,159,509,None,Move,browsing
1572512811.863,159,510,None,Move,browsing
1572512811.867,159,511,None,Move,browsing
1572512811.8760002,159,512,None,Move,browsing
1572512811.883,159,512,None,Move,browsing
1572512811.893,159,512,None,Move,browsing
1572512812.658,159,512,None,Move,browsing
1572512812.666,160,512,None,Move,browsing
1572512812.674,161,512,None,Move,browsing
1572512812.6820002,162,512,None,Move,browsing
1572512812.691,163,512,None,Move,browsing
1572512812.699,163,512,None,Move,browsing
1572512812.819,164,512,None,Move,browsing
1572512812.842,165,512,None,Move,browsing
1572512812.851,165,512,None,Move,browsing
1572512812.857,168,512,None,Move,browsing
1572512812.865,173,513,None,Move,browsing
1572512812.873,177,513,None,Move,browsing
1572512812.88,184,514,None,Move,browsing
1572512812.889,187,514,None,Move,browsing
1572512812.897,188,514,None,Move,browsing
1572512812.904,189,514,None,Move,browsing
1572512813.281,190,514,None,Move,browsing
1572512813.2970002,191,514,None,Move,browsing
1572512813.304,193,515,None,Move,browsing
1572512813.313,195,515,None,Move,browsing
1572512813.32,197,515,None,Move,browsing
1572512813.329,202,515,None,Move,browsing
1572512813.336,205,515,None,Move,browsing
1572512813.345,212,514,None,Move,browsing
1572512813.353,217,513,None,Move,browsing
1572512813.3579998,224,511,None,Move,browsing
1572512813.367,230,509,None,Move,browsing
1572512813.375,237,509,None,Move,browsing
1572512813.3820002,243,509,None,Move,browsing
1572512813.39,250,509,None,Move,browsing
1572512813.397,255,509,None,Move,browsing
1572512813.407,261,509,None,Move,browsing
1572512813.415,268,509,None,Move,browsing
1572512813.4220002,274,509,None,Move,browsing
1572512813.429,281,509,None,Move,browsing
1572512813.436,288,509,None,Move,browsing
1572512813.445,294,509,None,Move,browsing
1572512813.452,302,509,None,Move,browsing
1572512813.461,311,508,None,Move,browsing
1572512813.469,321,505,None,Move,browsing
1572512813.4770002,331,503,None,Move,browsing
1572512813.485,341,500,None,Move,browsing
1572512813.49,347,498,None,Move,browsing
1572512813.498,354,496,None,Move,browsing
1572512813.5070002,361,493,None,Move,browsing
1572512813.515,364,493,None,Move,browsing
1572512813.5229998,365,493,None,Move,browsing
1572512813.531,366,492,None,Move,browsing
1572512813.635,366,492,None,Move,browsing
1572512813.647,366,492,None,Move,browsing
1572512813.931,366,492,None,Move,browsing
1572512813.9420002,366,492,None,Move,browsing
1572512813.951,367,492,None,Move,browsing
1572512813.959,368,491,None,Move,browsing
1572512813.967,368,491,None,Move,browsing
1572512813.975,370,491,None,Move,browsing
1572512813.9829998,370,491,None,Move,browsing
1572512813.988,372,491,None,Move,browsing
1572512813.9970002,373,491,None,Move,browsing
1572512814.005,374,491,None,Move,browsing
1572512814.0129998,376,491,None,Move,browsing
1572512814.02,377,491,None,Move,browsing
1572512814.029,379,491,None,Move,browsing
1572512814.0370002,380,491,None,Move,browsing
1572512814.045,383,491,None,Move,browsing
1572512814.051,384,492,None,Move,browsing
1572512814.059,387,492,None,Move,browsing
1572512814.0670002,388,492,None,Move,browsing
1572512814.075,390,493,None,Move,browsing
1572512814.083,392,493,None,Move,browsing
1572512814.091,393,493,None,Move,browsing
1572512814.099,395,493,None,Move,browsing
1572512814.107,395,493,None,Move,browsing
1572512814.115,396,493,None,Move,browsing
1572512814.4629998,396,493,None,Move,browsing
1572512814.476,395,493,None,Move,browsing
1572512814.481,393,493,None,Move,browsing
1572512814.49,392,493,None,Move,browsing
1572512814.498,390,493,None,Move,browsing
1572512814.5070002,387,493,None,Move,browsing
1572512814.514,380,492,None,Move,browsing
1572512814.522,373,490,None,Move,browsing
1572512814.531,366,488,None,Move,browsing
1572512814.538,359,485,None,Move,browsing
1572512814.544,351,483,None,Move,browsing
1572512814.552,341,481,None,Move,browsing
1572512814.561,332,478,None,Move,browsing
1572512814.569,322,474,None,Move,browsing
1572512814.576,315,470,None,Move,browsing
1572512814.585,305,465,None,Move,browsing
1572512814.593,298,460,None,Move,browsing
1572512814.601,292,455,None,Move,browsing
1572512814.6079998,288,452,None,Move,browsing
1572512814.617,286,448,None,Move,browsing
1572512814.6220002,285,444,None,Move,browsing
1572512814.631,285,439,None,Move,browsing
1572512814.6379998,286,434,None,Move,browsing
1572512814.647,291,427,None,Move,browsing
1572512814.654,295,421,None,Move,browsing
1572512814.663,301,416,None,Move,browsing
1572512814.671,308,413,None,Move,browsing
1572512814.679,315,410,None,Move,browsing
1572512814.687,322,408,None,Move,browsing
1572512814.6920002,329,406,None,Move,browsing
1572512814.701,336,404,None,Move,browsing
1572512814.708,343,401,None,Move,browsing
1572512814.717,350,399,None,Move,browsing
1572512814.725,358,398,None,Move,browsing
1572512814.7329998,366,397,None,Move,browsing
1572512814.7410002,377,395,None,Move,browsing
1572512814.748,389,395,None,Move,browsing
1572512814.7570002,401,395,None,Move,browsing
1572512814.762,416,395,None,Move,browsing
1572512814.771,428,395,None,Move,browsing
1572512814.779,440,396,None,Move,browsing
1572512814.7870002,450,397,None,Move,browsing
1572512814.795,458,399,None,Move,browsing
1572512814.803,465,402,None,Move,browsing
1572512814.811,469,403,None,Move,browsing
1572512814.819,472,404,None,Move,browsing
1572512814.827,473,406,None,Move,browsing
1572512814.832,475,408,None,Move,browsing
1572512814.841,475,408,None,Move,browsing
1572512814.849,476,410,None,Move,browsing
1572512814.856,477,412,None,Move,browsing
1572512814.8639998,479,413,None,Move,browsing
1572512814.8720002,481,416,None,Move,browsing
1572512814.881,483,419,None,Move,browsing
1572512814.8879998,485,423,None,Move,browsing
1572512814.897,487,427,None,Move,browsing
1572512814.903,489,432,None,Move,browsing
1572512814.91,491,439,None,Move,browsing
1572512814.919,493,447,None,Move,browsing
1572512814.927,493,454,None,Move,browsing
1572512814.935,495,462,None,Move,browsing
1572512814.9420002,495,472,None,Move,browsing
1572512814.95,495,480,None,Move,browsing
1572512814.959,496,488,None,Move,browsing
1572512814.967,498,495,None,Move,browsing
1572512814.972,502,502,None,Move,browsing
1572512814.981,506,509,None,Move,browsing
1572512814.992,513,517,None,Move,browsing
1572512814.9970002,520,526,None,Move,browsing
1572512815.005,531,533,None,Move,browsing
1572512815.0129998,541,541,None,Move,browsing
1572512815.021,554,549,None,Move,browsing
1572512815.029,565,557,None,Move,browsing
1572512815.035,574,565,None,Move,browsing
1572512815.044,581,572,None,Move,browsing
1572512815.051,586,579,None,Move,browsing
1572512815.0579998,590,586,None,Move,browsing
1572512815.0670002,592,593,None,Move,browsing
1572512815.074,593,600,None,Move,browsing
1572512815.083,593,610,None,Move,browsing
1572512815.091,593,619,None,Move,browsing
1572512815.099,593,629,None,Move,browsing
1572512815.106,590,641,None,Move,browsing
1572512815.113,588,652,None,Move,browsing
1572512815.121,585,662,None,Move,browsing
1572512815.129,584,673,None,Move,browsing
1572512815.137,583,685,None,Move,browsing
1572512815.145,583,697,None,Move,browsing
1572512815.1520002,584,709,None,Move,browsing
1572512815.16,587,723,None,Move,browsing
1572512815.169,589,735,None,Move,browsing
1572512815.176,593,745,None,Move,browsing
1572512815.1829998,597,758,None,Move,browsing
1572512815.191,600,770,None,Move,browsing
1572512815.198,602,780,None,Move,browsing
1572512815.206,605,789,None,Move,browsing
1572512815.215,607,799,None,Move,browsing
1572512815.222,610,811,None,Move,browsing
1572512815.23,611,822,None,Move,browsing
1572512815.238,611,832,None,Move,browsing
1572512815.246,611,841,None,Move,browsing
1572512815.252,611,851,None,Move,browsing
1572512815.26,611,861,None,Move,browsing
1572512815.269,609,871,None,Move,browsing
1572512815.2770002,607,881,None,Move,browsing
1572512815.285,605,889,None,Move,browsing
1572512815.293,602,898,None,Move,browsing
1572512815.3,600,904,None,Move,browsing
1572512815.3079998,598,911,None,Move,browsing
1572512815.314,595,918,None,Move,browsing
1572512815.322,594,925,None,Move,browsing
1572512815.331,593,932,None,Move,browsing
1572512815.3379998,592,937,None,Move,browsing
1572512815.346,592,943,None,Move,browsing
1572512815.355,592,947,None,Move,browsing
1572512815.363,591,951,None,Move,browsing
1572512815.371,591,953,None,Move,browsing
1572512815.379,590,955,None,Move,browsing
1572512815.3839998,589,958,None,Move,browsing
1572512815.3920002,589,961,None,Move,browsing
1572512815.4,589,964,None,Move,browsing
1572512815.408,589,967,None,Move,browsing
1572512815.417,589,971,None,Move,browsing
1572512815.425,589,976,None,Move,browsing
1572512815.4329998,591,978,None,Move,browsing
1572512815.44,593,981,None,Move,browsing
1572512815.448,595,983,None,Move,browsing
1572512815.456,596,985,None,Move,browsing
1572512815.462,598,986,None,Move,browsing
1572512815.471,600,988,None,Move,browsing
1572512815.478,601,990,None,Move,browsing
1572512815.486,601,991,None,Move,browsing
1572512815.494,601,994,None,Move,browsing
1572512815.502,601,997,None,Move,browsing
1572512815.5110002,602,1004,None,Move,browsing
1572512815.519,603,1009,None,Move,browsing
1572512815.5270002,606,1016,None,Move,browsing
1572512815.532,611,1023,None,Move,browsing
1572512815.54,618,1030,None,Move,browsing
1572512815.549,625,1038,None,Move,browsing
1572512815.556,633,1044,None,Move,browsing
1572512815.564,643,1049,None,Move,browsing
1572512815.572,653,1053,None,Move,browsing
1572512815.581,662,1055,None,Move,browsing
1572512815.589,671,1058,None,Move,browsing
1572512815.596,678,1060,None,Move,browsing
1572512815.601,685,1061,None,Move,browsing
1572512815.611,690,1062,None,Move,browsing
1572512815.6179998,692,1062,None,Move,browsing
1572512815.627,693,1062,None,Move,browsing
1572512815.6339998,694,1062,None,Move,browsing
1572512815.6420002,695,1062,None,Move,browsing
1572512815.655,695,1062,None,Move,browsing
1572512815.8170002,695,1062,Left,Pressed,browsing
1572512815.915,695,1062,Left,Released,browsing
1572512815.9770002,695,1061,None,Move,development
1572512815.984,694,1060,None,Move,development
1572512815.9929998,693,1060,None,Move,development
1572512816.0010002,691,1058,None,Move,development
1572512816.008,691,1058,None,Move,development
1572512816.0170002,689,1056,None,Move,development
1572512816.022,687,1053,None,Move,development
1572512816.031,687,1051,None,Move,development
1572512816.039,686,1045,None,Move,development
1572512816.046,685,1038,None,Move,development
1572512816.055,684,1030,None,Move,development
1572512816.063,682,1020,None,Move,development
1572512816.071,679,1008,None,Move,development
1572512816.0779998,679,984,None,Move,development
1572512816.087,677,954,None,Move,development
1572512816.095,675,920,None,Move,development
1572512816.1,665,885,None,Move,development
1572512816.1079998,653,848,None,Move,development
1572512816.1160002,641,812,None,Move,development
1572512816.1239998,630,782,None,Move,development
1572512816.1320002,615,753,None,Move,development
1572512816.14,602,734,None,Move,development
1572512816.149,583,710,None,Move,development
1572512816.156,564,689,None,Move,development
1572512816.1620002,539,664,None,Move,development
1572512816.169,514,639,None,Move,development
1572512816.178,489,616,None,Move,development
1572512816.185,467,594,None,Move,development
1572512816.194,444,576,None,Move,development
1572512816.202,424,561,None,Move,development
1572512816.21,410,553,None,Move,development
1572512816.218,400,546,None,Move,development
1572512816.226,390,544,None,Move,development
1572512816.234,380,541,None,Move,development
1572512816.24,372,540,None,Move,development
1572512816.248,365,540,None,Move,development
1572512816.256,360,540,None,Move,development
1572512816.265,355,541,None,Move,development
1572512816.272,352,542,None,Move,development
1572512816.28,349,543,None,Move,development
1572512816.288,346,544,None,Move,development
1572512816.296,341,545,None,Move,development
1572512816.302,336,546,None,Move,development
1572512816.311,331,547,None,Move,development
1572512816.3179998,324,548,None,Move,development
1572512816.326,317,549,None,Move,development
1572512816.335,309,551,None,Move,development
1572512816.342,301,552,None,Move,development
1572512816.35,291,553,None,Move,development
1572512816.357,283,553,None,Move,development
1572512816.367,273,555,None,Move,development
1572512816.3720002,264,558,None,Move,development
1572512816.38,258,559,None,Move,development
1572512816.387,251,560,None,Move,development
1572512816.396,246,560,None,Move,development
1572512816.404,243,561,None,Move,development
1572512816.4120002,241,562,None,Move,development
1572512816.421,240,562,None,Move,development
1572512816.429,239,562,None,Move,development
1572512816.553,240,562,None,Move,development
1572512816.561,244,560,None,Move,development
1572512816.5679998,249,558,None,Move,development
1572512816.577,256,556,None,Move,development
1572512816.582,263,553,None,Move,development
1572512816.59,270,551,None,Move,development
1572512816.599,277,550,None,Move,development
1572512816.606,280,549,None,Move,development
1572512816.615,282,549,None,Move,development
1572512816.6220002,283,549,None,Move,development
1572512816.701,284,548,None,Move,development
1572512816.7129998,285,548,None,Move,development
1572512816.721,286,548,None,Move,development
1572512816.731,287,548,None,Move,development
1572512816.738,287,548,None,Move,development
1572512816.7470002,288,548,None,Move,development
1572512816.754,289,548,None,Move,development
1572512817.154,289,548,Left,Pressed,development
1572512817.232,289,548,Left,Released,development
1572512817.6420002,290,548,None,Move,development
1572512817.6479998,297,546,None,Move,development
1572512817.657,316,538,None,Move,development
1572512817.665,347,527,None,Move,development
1572512817.673,384,513,None,Move,development
1572512817.681,420,498,None,Move,development
1572512817.689,466,483,None,Move,development
1572512817.697,513,465,None,Move,development
1572512817.705,562,447,None,Move,development
1572512817.7129998,603,428,None,Move,development
1572512817.718,646,411,None,Move,development
1572512817.726,684,392,None,Move,development
1572512817.734,714,380,None,Move,development
1572512817.742,736,371,None,Move,development
1572512817.75,751,365,None,Move,development
1572512817.758,762,361,None,Move,development
1572512817.7670002,769,358,None,Move,development
1572512817.774,774,357,None,Move,development
1572512817.783,777,355,None,Move,development
1572512817.788,778,354,None,Move,development
1572512817.9929998,778,354,None,Move,development
1572512818.0010002,780,357,None,Move,development
1572512818.006,781,360,None,Move,development
1572512818.015,783,369,None,Move,development
1572512818.022,786,377,None,Move,development
1572512818.031,788,384,None,Move,development
1572512818.038,788,394,None,Move,development
1572512818.0470002,788,400,None,Move,development
1572512818.054,788,407,None,Move,development
1572512818.062,788,410,None,Move,development
1572512818.0679998,788,413,None,Move,development
1572512818.076,788,415,None,Move,development
1572512818.085,789,416,None,Move,development
1572512818.093,789,418,None,Move,development
1572512818.1,789,419,None,Move,development
1572512818.1079998,789,421,None,Move,development
1572512818.117,789,422,None,Move,development
1572512818.1239998,788,424,None,Move,development
1572512818.133,788,426,None,Move,development
1572512818.1379998,788,427,None,Move,development
1572512818.146,788,428,None,Move,development
1572512818.154,788,429,None,Move,development
1572512818.1620002,788,431,None,Move,development
1572512818.171,788,432,None,Move,development
1572512818.179,788,433,None,Move,development
1572512818.187,788,434,None,Move,development
1572512818.194,788,436,None,Move,development
1572512818.202,788,438,None,Move,development
1572512818.21,788,438,None,Move,development
1572512818.217,788,439,None,Move,development
1572512818.225,788,440,None,Move,development
1572512818.2329998,788,440,None,Move,development
1572512818.2410002,788,441,None,Move,development
1572512818.248,788,442,None,Move,development
1572512818.2570002,788,444,None,Move,development
1572512818.264,790,446,None,Move,development
1572512818.2729998,791,447,None,Move,development
1572512818.2770002,793,451,None,Move,development
1572512818.2870002,795,455,None,Move,development
1572512818.294,797,461,None,Move,development
1572512818.302,799,467,None,Move,development
1572512818.31,801,476,None,Move,development
1572512818.3179998,804,484,None,Move,development
1572512818.326,806,494,None,Move,development
1572512818.334,809,503,None,Move,development
1572512818.342,811,510,None,Move,development
1572512818.351,812,516,None,Move,development
1572512818.356,814,519,None,Move,development
1572512818.3639998,815,521,None,Move,development
1572512818.3720002,816,522,None,Move,development
1572512818.381,816,524,None,Move,development
1572512818.389,816,525,None,Move,development
1572512818.4,816,525,None,Move,development
1572512818.408,816,526,None,Move,development
1572512818.416,817,527,None,Move,development
1572512818.4220002,817,529,None,Move,development
1572512818.431,818,531,None,Move,development
1572512818.439,818,532,None,Move,development
1572512818.447,819,534,None,Move,development
1572512818.454,819,535,None,Move,development
1572512818.4629998,819,536,None,Move,development
1572512818.471,819,537,None,Move,development
1572512818.479,819,538,None,Move,development
1572512818.492,820,538,None,Move,development
1572512818.504,820,539,None,Move,development
1572512818.524,821,540,None,Move,development
1572512818.533,822,541,None,Move,development
1572512818.54,822,542,None,Move,development
1572512818.549,824,543,None,Move,development
1572512818.5570002,826,545,None,Move,development
1572512818.562,827,547,None,Move,development
1572512818.571,829,548,None,Move,development
1572512818.579,831,550,None,Move,development
1572512818.587,832,552,None,Move,development
1572512818.595,834,554,None,Move,development
1572512818.603,835,555,None,Move,development
1572512818.61,837,557,None,Move,development
1572512818.617,837,559,None,Move,development
1572512818.6260002,839,560,None,Move,development
1572512818.6320002,840,562,None,Move,development
1572512818.64,841,563,None,Move,development
1572512818.6479998,842,564,None,Move,development
1572512818.656,843,565,None,Move,development
1572512818.665,844,566,None,Move,development
1572512818.6720002,846,568,None,Move,development
1572512818.681,848,570,None,Move,development
1572512818.689,850,571,None,Move,development
1572512818.697,854,572,None,Move,development
1572512818.702,859,573,None,Move,development
1572512818.711,865,574,None,Move,development
1572512818.719,870,575,None,Move,development
1572512818.726,871,576,None,Move,development
1572512818.735,872,577,None,Move,development
1572512819.3679998,872,578,None,Move,development
1572512819.38,872,578,None,Move,development
1572512819.3879998,869,590,None,Move,development
1572512819.396,860,611,None,Move,development
1572512819.404,844,646,None,Move,development
1572512819.41,824,686,None,Move,development
1572512819.419,801,740,None,Move,development
1572512819.426,775,797,None,Move,development
1572512819.435,747,851,None,Move,development
1572512819.4420002,719,905,None,Move,development
1572512819.451,687,965,None,Move,development
1572512819.458,664,1022,None,Move,development
1572512819.465,645,1074,None,Move,development
1572512819.4729998,617,1128,None,Move,development
1572512819.481,589,1130,None,Move,development
1572512819.488,570,1117,None,Move,development
1572512819.4970002,559,1098,None,Move,development
1572512819.505,553,1089,None,Move,development
1572512819.512,548,1087,None,Move,development
1572512819.52,546,1081,None,Move,development
1572512819.529,546,1080,None,Move,development
1572512819.536,546,1080,None,Move,development
1572512819.55,546,1079,None,Move,development
1572512819.559,547,1079,None,Move,development
1572512819.566,548,1079,None,Move,development
1572512819.575,550,1079,None,Move,development
1572512819.583,551,1079,None,Move,development
1572512819.591,552,1079,None,Move,development
1572512819.5979998,554,1077,None,Move,development
1572512819.606,555,1076,None,Move,development
1572512819.611,557,1074,None,Move,development
1572512819.621,559,1071,None,Move,development
1572512819.629,561,1069,None,Move,development
1572512819.637,563,1066,None,Move,development
1572512819.645,565,1063,None,Move,development
1572512819.6520002,567,1060,None,Move,development
1572512819.66,569,1059,None,Move,development
1572512819.669,569,1057,None,Move,development
1572512819.676,569,1056,None,Move,development
1572512819.6820002,570,1056,None,Move,development
1572512819.691,570,1055,None,Move,development
1572512819.7029998,570,1054,None,Move,development
1572512819.71,569,1054,None,Move,development
1572512819.718,566,1053,None,Move,development
1572512819.726,561,1053,None,Move,development
1572512819.735,555,1053,None,Move,development
1572512819.742,545,1051,None,Move,development
1572512819.75,536,1051,None,Move,development
1572512819.756,526,1050,None,Move,development
1572512819.765,514,1049,None,Move,development
1572512819.772,505,1049,None,Move,development
1572512819.781,495,1049,None,Move,development
1572512819.789,488,1048,None,Move,development
1572512819.796,482,1048,None,Move,development
1572512819.805,478,1048,None,Move,development
1572512819.813,477,1048,None,Move,development
1572512819.82,476,1048,None,Move,development
1572512819.8279998,475,1048,None,Move,development
1572512819.929,475,1048,Left,Pressed,development
1572512820.026,475,1048,Left,Released,development
1572512820.333,475,1047,None,Move,file system
1572512820.344,475,1046,None,Move,file system
1572512820.353,473,1045,None,Move,file system
1572512820.36,472,1042,None,Move,file system
1572512820.3679998,471,1041,None,Move,file system
1572512820.377,470,1039,None,Move,file system
1572512820.385,469,1037,None,Move,file system
1572512820.39,468,1036,None,Move,file system
1572512820.399,466,1034,None,Move,file system
1572512820.407,465,1032,None,Move,file system
1572512820.415,463,1030,None,Move,file system
1572512820.4220002,462,1028,None,Move,file system
1572512820.431,460,1026,None,Move,file system
1572512820.439,460,1025,None,Move,file system
1572512820.447,458,1023,None,Move,file system
1572512820.451,456,1021,None,Move,file system
1572512820.46,455,1020,None,Move,file system
1572512820.469,455,1018,None,Move,file system
1572512820.4770002,453,1016,None,Move,file system
1572512820.484,450,1013,None,Move,file system
1572512820.4929998,448,1009,None,Move,file system
1572512820.5010002,445,1002,None,Move,file system
1572512820.508,440,995,None,Move,file system
1572512820.5170002,435,986,None,Move,file system
1572512820.522,427,978,None,Move,file system
1572512820.531,419,969,None,Move,file system
1572512820.539,412,961,None,Move,file system
1572512820.5470002,405,954,None,Move,file system
1572512820.555,397,949,None,Move,file system
1572512820.563,392,947,None,Move,file system
1572512820.571,388,945,None,Move,file system
1572512820.579,384,943,None,Move,file system
1572512820.587,382,942,None,Move,file system
1572512820.593,382,941,None,Move,file system
1572512820.601,381,941,None,Move,file system
1572512820.644,381,941,Left,Pressed,file system
1572512820.644,381,941,None,Drag,file system
1572512820.645,381,941,Left,Released,file system
1572512821.208,381,940,None,Move,browsing
1572512821.22,379,937,None,Move,browsing
1572512821.228,374,928,None,Move,browsing
1572512821.234,366,915,None,Move,browsing
1572512821.242,354,897,None,Move,browsing
1572512821.25,324,863,None,Move,browsing
1572512821.258,280,826,None,Move,browsing
1572512821.2670002,237,790,None,Move,browsing
1572512821.275,188,752,None,Move,browsing
1572512821.283,141,715,None,Move,browsing
1572512821.291,101,679,None,Move,browsing
1572512821.299,61,648,None,Move,browsing
1572512821.305,34,627,None,Move,browsing
1572512821.313,10,607,None,Move,browsing
1572512821.32,-15,584,None,Move,browsing
1572512821.3279998,-12,572,None,Move,browsing
1572512821.337,-9,561,None,Move,browsing
1572512821.344,-6,554,None,Move,browsing
1572512821.353,-2,551,None,Move,browsing
1572512821.361,-2,548,None,Move,browsing
1572512821.369,0,548,None,Move,browsing
1572512821.375,0,547,None,Move,browsing
1572512821.596,0,547,None,Move,browsing
1572512821.605,5,549,None,Move,browsing
1572512821.613,12,551,None,Move,browsing
1572512821.621,19,552,None,Move,browsing
1572512821.6279998,25,552,None,Move,browsing
1572512821.6360002,34,554,None,Move,browsing
1572512821.644,42,554,None,Move,browsing
1572512821.65,50,554,None,Move,browsing
1572512821.658,60,555,None,Move,browsing
1572512821.666,68,555,None,Move,browsing
1572512821.675,74,556,None,Move,browsing
1572512821.6820002,79,556,None,Move,browsing
1572512821.691,82,558,None,Move,browsing
1572512821.698,84,558,None,Move,browsing
1572512821.706,84,558,None,Move,browsing
1572512821.806,84,559,None,Move,browsing
1572512824.772,85,559,None,Move,browsing
1572512824.784,86,559,None,Move,browsing
1572512824.791,86,559,None,Move,browsing
1572512824.799,88,557,None,Move,browsing
1572512824.806,89,556,None,Move,browsing
1572512824.814,90,556,None,Move,browsing
1572512824.822,91,556,None,Move,browsing
1572512824.83,91,555,None,Move,browsing
1572512824.8379998,93,555,None,Move,browsing
1572512824.847,94,555,None,Move,browsing
1572512824.855,96,555,None,Move,browsing
1572512824.863,100,554,None,Move,browsing
1572512824.871,103,554,None,Move,browsing
1572512824.877,110,552,None,Move,browsing
1572512824.8839998,119,551,None,Move,browsing
1572512824.893,129,548,None,Move,browsing
1572512824.9,144,546,None,Move,browsing
1572512824.908,160,543,None,Move,browsing
1572512824.916,181,538,None,Move,browsing
1572512824.925,210,531,None,Move,browsing
1572512824.9320002,243,519,None,Move,browsing
1572512824.938,283,505,None,Move,browsing
1572512824.947,326,490,None,Move,browsing
1572512824.955,375,472,None,Move,browsing
1572512824.9629998,434,453,None,Move,browsing
1572512824.97,499,436,None,Move,browsing
1572512824.978,573,414,None,Move,browsing
1572512824.9870002,655,386,None,Move,browsing
1572512824.995,749,354,None,Move,browsing
1572512825.0070002,847,325,None,Move,browsing
1572512825.012,944,294,None,Move,browsing
1572512825.0170002,1055,248,None,Move,browsing
1572512825.025,1159,216,None,Move,browsing
1572512825.033,1262,189,None,Move,browsing
1572512825.04,1364,149,None,Move,browsing
1572512825.0470002,1458,118,None,Move,browsing
1572512825.0570002,1537,85,None,Move,browsing
1572512825.064,1607,50,None,Move,browsing
1572512825.073,1671,13,None,Move,browsing
1572512825.079,1722,-18,None,Move,browsing
1572512825.087,1759,-28,None,Move,browsing
1572512825.095,1786,-23,None,Move,browsing
1572512825.1020002,1802,-15,None,Move,browsing
1572512825.11,1809,-9,None,Move,browsing
1572512825.119,1812,-3,None,Move,browsing
1572512825.1260002,1813,-1,None,Move,browsing
1572512825.135,1813,-1,None,Move,browsing
1572512825.147,1813,0,None,Move,browsing
1572512825.1520002,1813,0,None,Move,browsing
1572512825.16,1812,0,None,Move,browsing
1572512825.169,1811,0,None,Move,browsing
1572512825.177,1810,0,None,Move,browsing
1572512825.184,1810,0,None,Move,browsing
1572512825.1920002,1809,0,None,Move,browsing
1572512825.292,1807,0,None,Move,browsing
1572512825.3,1806,2,None,Move,browsing
1572512825.3079998,1804,4,None,Move,browsing
1572512825.316,1802,5,None,Move,browsing
1572512825.325,1801,7,None,Move,browsing
1572512825.332,1799,10,None,Move,browsing
1572512825.341,1797,13,None,Move,browsing
1572512825.3479998,1795,14,None,Move,browsing
1572512825.357,1794,16,None,Move,browsing
1572512825.363,1792,18,None,Move,browsing
1572512825.371,1790,19,None,Move,browsing
1572512825.379,1788,21,None,Move,browsing
1572512825.387,1788,22,None,Move,browsing
1572512825.395,1787,22,None,Move,browsing
1572512825.465,1786,23,None,Move,browsing
1572512825.476,1785,23,None,Move,browsing
1572512825.485,1784,23,None,Move,browsing
1572512825.492,1783,23,None,Move,browsing
1572512825.498,1781,23,None,Move,browsing
1572512825.506,1780,23,None,Move,browsing
1572512825.514,1778,23,None,Move,browsing
1572512825.522,1775,22,None,Move,browsing
1572512825.531,1773,20,None,Move,browsing
1572512825.539,1771,18,None,Move,browsing
1572512825.5470002,1769,17,None,Move,browsing
1572512825.555,1768,17,None,Move,browsing
1572512825.562,1766,17,None,Move,browsing
1572512825.589,1766,17,Left,Pressed,browsing
1572512825.671,1766,17,Left,Released,browsing
1572512825.689,1765,17,None,Move,development
1572512825.769,1763,17,None,Move,development
1572512825.776,1759,21,None,Move,development
1572512825.782,1753,29,None,Move,development
1572512825.79,1745,36,None,Move,development
1572512825.798,1736,45,None,Move,development
1572512825.8070002,1726,56,None,Move,development
1572512825.815,1714,68,None,Move,development
1572512825.823,1697,81,None,Move,development
1572512825.83,1674,99,None,Move,development
1572512825.8379998,1642,115,None,Move,development
1572512825.847,1611,131,None,Move,development
1572512825.853,1577,144,None,Move,development
1572512825.861,1543,161,None,Move,development
1572512825.8679998,1506,177,None,Move,development
1572512825.875,1469,191,None,Move,development
1572512825.885,1436,203,None,Move,development
1572512825.893,1399,215,None,Move,development
1572512825.901,1365,219,None,Move,development
1572512825.909,1333,227,None,Move,development
1572512825.916,1300,236,None,Move,development
1572512825.9220002,1270,248,None,Move,development
1572512825.93,1243,259,None,Move,development
1572512825.938,1216,269,None,Move,development
1572512825.947,1193,274,None,Move,development
1572512825.955,1174,279,None,Move,development
1572512825.9629998,1158,281,None,Move,development
1572512825.971,1142,284,None,Move,development
1572512825.979,1129,287,None,Move,development
1572512825.986,1118,289,None,Move,development
1572512825.992,1106,292,None,Move,development
1572512826.0010002,1096,294,None,Move,development
1572512826.0089998,1086,297,None,Move,development
1572512826.016,1079,298,None,Move,development
1572512826.024,1073,300,None,Move,development
1572512826.032,1066,301,None,Move,development
1572512826.04,1061,301,None,Move,development
1572512826.049,1057,301,None,Move,development
1572512826.0570002,1055,302,None,Move,development
1572512826.062,1053,303,None,Move,development
1572512826.071,1051,303,None,Move,development
1572512826.079,1050,304,None,Move,development
1572512826.087,1048,304,None,Move,development
1572512826.095,1048,304,None,Move,development
1572512826.452,1047,304,None,Move,development
1572512826.46,1046,307,None,Move,development
1572512826.468,1045,309,None,Move,development
1572512826.476,1044,311,None,Move,development
1572512826.482,1042,316,None,Move,development
1572512826.49,1039,322,None,Move,development
1572512826.498,1037,327,None,Move,development
1572512826.5070002,1035,332,None,Move,development
1572512826.514,1034,338,None,Move,development
1572512826.5229998,1033,344,None,Move,development
1572512826.53,1032,351,None,Move,development
1572512826.538,1031,358,None,Move,development
1572512826.5470002,1031,364,None,Move,development
1572512826.552,1028,371,None,Move,development
1572512826.56,1028,379,None,Move,development
1572512826.569,1027,388,None,Move,development
1572512826.577,1026,396,None,Move,development
1572512826.584,1023,406,None,Move,development
1572512826.593,1021,416,None,Move,development
1572512826.6,1018,426,None,Move,development
1572512826.609,1015,436,None,Move,development
1572512826.6160002,1012,444,None,Move,development
1572512826.6220002,1010,451,None,Move,development
1572512826.631,1008,458,None,Move,development
1572512826.639,1005,465,None,Move,development
1572512826.647,1003,472,None,Move,development
1572512826.655,1001,479,None,Move,development
1572512826.663,999,484,None,Move,development
1572512826.671,997,488,None,Move,development
1572512826.679,995,490,None,Move,development
1572512826.686,993,492,None,Move,development
1572512826.691,992,492,None,Move,development
1572512826.7,992,493,None,Move,development
1572512826.775,991,494,None,Move,development
1572512826.791,989,495,None,Move,development
1572512826.798,986,496,None,Move,development
1572512826.8070002,983,498,None,Move,development
1572512826.815,982,499,None,Move,development
1572512826.822,979,501,None,Move,development
1572512826.8279998,977,502,None,Move,development
1572512826.836,976,504,None,Move,development
1572512826.845,974,506,None,Move,development
1572512826.8520002,972,507,None,Move,development
1572512826.861,971,508,None,Move,development
1572512826.8679998,969,508,None,Move,development
1572512826.877,967,509,None,Move,development
1572512826.8839998,966,510,None,Move,development
1572512826.893,964,510,None,Move,development
1572512826.9,963,511,None,Move,development
1572512826.906,962,511,None,Move,development
1572512826.914,960,511,None,Move,development
1572512826.9220002,959,512,None,Move,development
1572512826.931,957,514,None,Move,development
1572512826.939,955,516,None,Move,development
1572512826.947,954,517,None,Move,development
1572512826.954,951,519,None,Move,development
1572512826.962,948,521,None,Move,development
1572512826.971,946,523,None,Move,development
1572512826.976,944,524,None,Move,development
1572512826.985,941,527,None,Move,development
1572512826.992,938,530,None,Move,development
1572512827.0,935,534,None,Move,development
1572512827.0089998,933,537,None,Move,development
1572512827.0170002,932,539,None,Move,development
1572512827.024,930,540,None,Move,development
1572512827.033,929,543,None,Move,development
1572512827.038,928,545,None,Move,development
1572512827.0470002,928,546,None,Move,development
1572512827.055,928,548,None,Move,development
1572512827.063,928,549,None,Move,development
1572512827.071,928,551,None,Move,development
1572512827.079,927,552,None,Move,development
1572512827.086,926,554,None,Move,development
1572512827.094,926,556,None,Move,development
1572512827.103,926,557,None,Move,development
1572512827.1079998,926,558,None,Move,development
1572512827.1179998,926,558,Left,Pressed,development
1572512827.1179998,926,558,None,Drag,development
1572512827.1179998,926,558,Left,Released,development
1572512828.206,926,558,None,Move,development
1572512828.214,929,561,None,Move,development
1572512828.222,932,563,None,Move,development
1572512828.23,937,568,None,Move,development
1572512828.236,944,576,None,Move,development
1572512828.244,952,586,None,Move,development
1572512828.252,963,598,None,Move,development
1572512828.2610002,972,610,None,Move,development
1572512828.268,982,621,None,Move,development
1572512828.276,989,631,None,Move,development
1572512828.284,999,642,None,Move,development
1572512828.293,1008,654,None,Move,development
1572512828.301,1017,664,None,Move,development
1572512828.306,1024,671,None,Move,development
1572512828.315,1032,680,None,Move,development
1572512828.323,1038,689,None,Move,development
1572512828.331,1043,696,None,Move,development
1572512828.339,1048,704,None,Move,development
1572512828.347,1052,711,None,Move,development
1572512828.354,1055,719,None,Move,development
1572512828.3620002,1059,726,None,Move,development
1572512828.371,1063,735,None,Move,development
1572512828.3760002,1066,744,None,Move,development
1572512828.3839998,1069,752,None,Move,development
1572512828.3920002,1071,762,None,Move,development
1572512828.401,1073,769,None,Move,development
1572512828.409,1076,777,None,Move,development
1572512828.416,1079,784,None,Move,development
1572512828.424,1083,791,None,Move,development
1572512828.4320002,1087,797,None,Move,development
1572512828.44,1092,802,None,Move,development
1572512828.446,1098,806,None,Move,development
1572512828.454,1100,808,None,Move,development
1572512828.462,1103,811,None,Move,development
1572512828.47,1105,812,None,Move,development
1572512828.479,1106,814,None,Move,development
1572512828.4870002,1109,816,None,Move,development
1572512828.495,1113,818,None,Move,development
1572512828.502,1118,820,None,Move,development
1572512828.5110002,1125,822,None,Move,development
1572512828.516,1132,825,None,Move,development
1572512828.525,1139,827,None,Move,development
1572512828.533,1146,829,None,Move,development
1572512828.541,1151,831,None,Move,development
1572512828.549,1158,832,None,Move,development
1572512828.556,1165,835,None,Move,development
1572512828.565,1170,836,None,Move,development
1572512828.573,1174,837,None,Move,development
1572512828.581,1178,837,None,Move,development
1572512828.586,1179,837,None,Move,development
1572512828.595,1181,837,None,Move,development
1572512828.6020002,1181,837,None,Move,development
1572512828.6179998,1181,837,None,Move,development
1572512828.635,1181,836,None,Move,development
1572512828.778,1182,836,None,Move,development
1572512828.795,1184,836,None,Move,development
1572512828.8,1187,836,None,Move,development
1572512828.809,1191,836,None,Move,development
1572512828.8170002,1194,836,None,Move,development
1572512828.825,1200,836,None,Move,development
1572512828.833,1205,836,None,Move,development
1572512828.841,1209,836,None,Move,development
1572512828.849,1214,836,None,Move,development
1572512828.857,1217,836,None,Move,development
1572512828.865,1222,836,None,Move,development
1572512828.871,1225,838,None,Move,development
1572512828.879,1226,838,None,Move,development
1572512828.887,1228,839,None,Move,development
1572512828.895,1230,840,None,Move,development
1572512828.9020002,1231,842,None,Move,development
1572512828.911,1233,842,None,Move,development
1572512828.919,1235,843,None,Move,development
1572512828.926,1235,845,None,Move,development
1572512828.934,1236,846,None,Move,development
1572512828.94,1236,846,None,Move,development
1572512829.018,1237,848,None,Move,development
1572512829.03,1238,849,None,Move,development
1572512829.038,1238,850,None,Move,development
1572512829.046,1238,851,None,Move,development
1572512829.054,1238,852,None,Move,development
1572512829.062,1239,853,None,Move,development
1572512829.07,1239,854,None,Move,development
1572512829.076,1239,855,None,Move,development
1572512829.084,1239,856,None,Move,development
1572512829.092,1239,856,None,Move,development
1572512829.101,1239,857,None,Move,development
1572512829.109,1239,858,None,Move,development
1572512829.215,1239,858,None,Move,development
1572512829.221,1239,857,None,Move,development
1572512829.228,1239,857,None,Move,development
1572512829.236,1239,856,None,Move,development
1572512829.245,1238,856,None,Move,development
1572512829.2570002,1237,855,None,Move,development
1572512829.285,1237,855,None,Move,development
1572512829.891,1238,853,Left,Pressed,development
1572512829.891,1238,853,None,Drag,development
1572512829.899,1239,852,None,Drag,development
1572512829.899,1239,852,Left,Released,development
1572512829.908,1241,852,None,Move,development
1572512829.914,1243,851,None,Move,development
1572512829.9220002,1243,851,None,Move,development
1572512829.928,1244,851,None,Move,development
1572512829.936,1244,851,None,Move,development
1572512830.26,1244,850,None,Move,development
1572512830.271,1243,849,None,Move,development
1572512830.28,1242,849,None,Move,development
1572512830.285,1240,847,None,Move,development
1572512830.295,1237,844,None,Move,development
1572512830.303,1230,838,None,Move,development
1572512830.31,1222,829,None,Move,development
1572512830.3179998,1211,817,None,Move,development
1572512830.327,1187,793,None,Move,development
1572512830.334,1147,757,None,Move,development
1572512830.342,1107,726,None,Move,development
1572512830.3479998,1067,695,None,Move,development
1572512830.356,1015,677,None,Move,development
1572512830.365,956,658,None,Move,development
1572512830.3720002,900,639,None,Move,development
1572512830.38,848,621,None,Move,development
1572512830.3879998,788,597,None,Move,development
1572512830.396,732,579,None,Move,development
1572512830.404,673,572,None,Move,development
1572512830.4120002,623,568,None,Move,development
1572512830.418,575,559,None,Move,development
1572512830.426,534,551,None,Move,development
1572512830.434,499,547,None,Move,development
1572512830.4429998,472,543,None,Move,development
1572512830.451,452,543,None,Move,development
1572512830.459,438,543,None,Move,development
1572512830.467,426,543,None,Move,development
1572512830.474,418,545,None,Move,development
1572512830.4829998,413,547,None,Move,development
1572512830.488,410,549,None,Move,development
1572512830.496,407,551,None,Move,development
1572512830.504,405,552,None,Move,development
1572512830.5129998,403,553,None,Move,development
1572512830.52,401,554,None,Move,development
1572512830.528,400,555,None,Move,development
1572512830.5370002,398,555,None,Move,development
1572512830.545,397,555,None,Move,development
1572512830.552,394,555,None,Move,development
1572512830.5579998,392,554,None,Move,development
1572512830.5670002,390,552,None,Move,development
1572512830.574,386,550,None,Move,development
1572512830.583,382,549,None,Move,development
1572512830.591,378,547,None,Move,development
1572512830.599,373,546,None,Move,development
1572512830.605,366,545,None,Move,development
1572512830.615,361,545,None,Move,development
1572512830.6220002,355,545,None,Move,development
1572512830.6279998,350,545,None,Move,development
1572512830.6360002,343,545,None,Move,development
1572512830.645,338,545,None,Move,development
1572512830.653,331,546,None,Move,development
1572512830.661,326,548,None,Move,development
1572512830.668,321,549,None,Move,development
1572512830.677,317,551,None,Move,development
1572512830.685,315,551,None,Move,development
1572512830.6929998,314,551,None,Move,development
1572512830.699,313,551,None,Move,development
1572512830.707,312,551,None,Move,development
1572512830.715,311,551,None,Move,development
1572512830.7229998,310,551,None,Move,development
1572512830.731,310,551,None,Move,development
1572512830.7389998,309,551,None,Move,development
1572512830.7470002,308,551,None,Move,development
1572512830.754,307,550,None,Move,development
1572512830.76,306,550,None,Move,development
1572512830.768,305,549,None,Move,development
1572512830.776,305,548,None,Move,development
1572512830.7970002,304,548,None,Move,development
1572512830.871,304,548,Left,Pressed,development
1572512830.961,304,548,Left,Released,development
1572512831.232,304,548,None,Move,development
1572512831.24,305,546,None,Move,development
1572512831.248,310,544,None,Move,development
1572512831.255,319,542,None,Move,development
1572512831.262,329,539,None,Move,development
1572512831.27,340,536,None,Move,development
1572512831.278,352,534,None,Move,development
1572512831.289,365,531,None,Move,development
1572512831.32,453,507,None,Move,development
1572512831.327,482,500,None,Move,development
1572512831.333,512,490,None,Move,development
1572512831.34,541,481,None,Move,development
1572512831.347,570,476,None,Move,development
1572512831.356,599,467,None,Move,development
1572512831.363,614,461,None,Move,development
1572512831.371,624,457,None,Move,development
1572512831.379,631,455,None,Move,development
1572512831.387,634,453,None,Move,development
1572512831.401,634,453,None,Move,development
1572512831.43,634,453,None,Move,development
1572512831.438,633,453,None,Move,development
1572512831.446,630,455,None,Move,development
1572512831.454,628,457,None,Move,development
1572512831.462,627,458,None,Move,development
1572512831.468,625,460,None,Move,development
1572512831.476,623,462,None,Move,development
1572512831.4870002,620,464,None,Move,development
1572512831.492,619,465,None,Move,development
1572512831.5010002,616,467,None,Move,development
1572512831.508,613,469,None,Move,development
1572512831.5170002,611,471,None,Move,development
1572512831.525,608,472,None,Move,development
1572512831.533,606,474,None,Move,development
1572512831.538,605,474,None,Move,development
1572512831.591,605,474,None,Move,development
1572512831.6020002,605,474,None,Move,development
1572512831.6079998,608,473,None,Move,development
1572512831.617,616,468,None,Move,development
1572512831.625,624,464,None,Move,development
1572512831.633,639,456,None,Move,development
1572512831.641,665,441,None,Move,development
1572512831.6479998,691,425,None,Move,development
1572512831.656,727,402,None,Move,development
1572512831.664,766,376,None,Move,development
1572512831.6720002,801,353,None,Move,development
1572512831.678,840,327,None,Move,development
1572512831.686,882,302,None,Move,development
1572512831.694,923,278,None,Move,development
1572512831.702,956,258,None,Move,development
1572512831.71,988,240,None,Move,development
1572512831.718,1013,226,None,Move,development
1572512831.726,1034,218,None,Move,development
1572512831.7370002,1054,212,None,Move,development
1572512831.7429998,1070,209,None,Move,development
1572512831.7489998,1081,208,None,Move,development
1572512831.758,1091,208,None,Move,development
1572512831.764,1101,209,None,Move,development
1572512831.772,1111,212,None,Move,development
1572512831.78,1121,214,None,Move,development
1572512831.788,1135,217,None,Move,development
1572512831.796,1155,220,None,Move,development
1572512831.805,1180,223,None,Move,development
1572512831.813,1214,227,None,Move,development
1572512831.8179998,1254,229,None,Move,development
1572512831.826,1299,229,None,Move,development
1572512831.835,1346,233,None,Move,development
1572512831.842,1387,239,None,Move,development
1572512831.85,1431,245,None,Move,development
1572512831.859,1467,255,None,Move,development
1572512831.8660002,1502,263,None,Move,development
1572512831.8739998,1531,271,None,Move,development
1572512831.883,1552,278,None,Move,development
1572512831.887,1567,285,None,Move,development
1572512831.897,1577,292,None,Move,development
1572512831.905,1586,297,None,Move,development
1572512831.9120002,1593,299,None,Move,development
1572512831.92,1595,301,None,Move,development
1572512831.928,1597,302,None,Move,development
1572512831.936,1598,302,None,Move,development
1572512831.944,1598,302,None,Move,development
1572512832.11,1598,303,None,Move,development
1572512832.1220002,1598,304,None,Move,development
1572512832.13,1599,304,None,Move,development
1572512832.1379998,1599,307,None,Move,development
1572512832.147,1599,308,None,Move,development
1572512832.154,1599,311,None,Move,development
1572512832.1620002,1599,313,None,Move,development
1572512832.168,1599,319,None,Move,development
1572512832.177,1599,326,None,Move,development
1572512832.185,1600,330,None,Move,development
1572512832.1929998,1602,335,None,Move,development
1572512832.2,1604,339,None,Move,development
1572512832.208,1607,342,None,Move,development
1572512832.217,1610,343,None,Move,development
1572512832.225,1615,346,None,Move,development
1572512832.232,1618,346,None,Move,development
1572512832.238,1622,347,None,Move,development
1572512832.2470002,1626,347,None,Move,development
1572512832.255,1628,347,None,Move,development
1572512832.2629998,1631,347,None,Move,development
1572512832.271,1632,347,None,Move,development
1572512832.279,1635,346,None,Move,development
1572512832.2870002,1637,345,None,Move,development
1572512832.294,1638,343,None,Move,development
1572512832.303,1640,342,None,Move,development
1572512832.3079998,1641,342,None,Move,development
1572512832.356,1641,342,None,Move,development
1572512832.3639998,1639,341,None,Move,development
1572512832.37,1632,339,None,Move,development
1572512832.379,1624,339,None,Move,development
1572512832.387,1613,339,None,Move,development
1572512832.395,1596,339,None,Move,development
1572512832.403,1573,341,None,Move,development
1572512832.411,1539,344,None,Move,development
1572512832.418,1496,347,None,Move,development
1572512832.426,1447,345,None,Move,development
1572512832.434,1389,334,None,Move,development
1572512832.44,1329,325,None,Move,development
1572512832.448,1270,320,None,Move,development
1572512832.456,1217,316,None,Move,development
1572512832.464,1173,309,None,Move,development
1572512832.472,1142,308,None,Move,development
1572512832.481,1122,306,None,Move,development
1572512832.488,1107,306,None,Move,development
1572512832.496,1098,306,None,Move,development
1572512832.505,1092,307,None,Move,development
1572512832.51,1090,307,None,Move,development
1572512832.519,1088,307,None,Move,development
1572512832.574,1088,307,None,Move,development
1572512832.605,1086,307,None,Move,development
1572512832.6120002,1080,306,None,Move,development
1572512832.62,1073,304,None,Move,development
1572512832.6279998,1066,302,None,Move,development
1572512832.637,1059,299,None,Move,development
1572512832.644,1052,297,None,Move,development
1572512832.6520002,1046,297,None,Move,development
1572512832.658,1040,296,None,Move,development
1572512832.666,1039,296,None,Move,development
1572512832.675,1037,296,None,Move,development
1572512832.803,1037,296,Left,Pressed,development
1572512832.803,1037,296,None,Drag,development
1572512832.803,1037,296,Left,Released,development
1572512832.877,1037,296,None,Move,development
1572512832.8839998,1037,298,None,Move,development
1572512832.893,1037,301,None,Move,development
1572512832.901,1036,304,None,Move,development
1572512832.909,1036,308,None,Move,development
1572512832.917,1035,310,None,Move,development
1572512832.924,1034,312,None,Move,development
1572512832.9329998,1034,314,None,Move,development
1572512832.938,1033,316,None,Move,development
1572512832.947,1032,318,None,Move,development
1572512832.955,1032,319,None,Move,development
1572512832.9629998,1032,321,None,Move,development
1572512832.981,1032,322,Left,Pressed,development
1572512832.982,1032,322,None,Drag,development
1572512832.982,1032,322,Left,Released,development
1572512833.4989998,1033,322,None,Move,development
1572512833.5070002,1035,323,None,Move,development
1572512833.514,1036,324,None,Move,development
1572512833.522,1038,324,None,Move,development
1572512833.531,1039,326,None,Move,development
1572512833.539,1041,326,None,Move,development
1572512833.5470002,1043,326,None,Move,development
1572512833.554,1044,327,None,Move,development
1572512833.562,1046,328,None,Move,development
1572512833.5679998,1047,328,None,Move,development
1572512833.577,1049,329,None,Move,development
1572512833.584,1051,329,None,Move,development
1572512833.593,1052,329,None,Move,development
1572512833.6,1055,330,None,Move,development
1572512833.6079998,1057,330,None,Move,development
1572512833.6160002,1059,330,None,Move,development
1572512833.6239998,1061,330,None,Move,development
1572512833.6320002,1065,331,None,Move,development
1572512833.64,1068,331,None,Move,development
1572512833.646,1071,331,None,Move,development
1572512833.655,1075,331,None,Move,development
1572512833.663,1079,332,None,Move,development
1572512833.671,1084,332,None,Move,development
1572512833.679,1090,332,None,Move,development
1572512833.687,1097,333,None,Move,development
1572512833.695,1104,335,None,Move,development
1572512833.7029998,1113,335,None,Move,development
1572512833.708,1125,336,None,Move,development
1572512833.717,1134,338,None,Move,development
1572512833.724,1149,339,None,Move,development
1572512833.7329998,1163,339,None,Move,development
1572512833.74,1179,339,None,Move,development
1572512833.748,1192,339,None,Move,development
1572512833.756,1205,339,None,Move,development
1572512833.764,1214,341,None,Move,development
1572512833.772,1224,344,None,Move,development
1572512833.78,1234,346,None,Move,development
1572512833.786,1244,349,None,Move,development
1572512833.794,1254,351,None,Move,development
1572512833.803,1264,354,None,Move,development
1572512833.811,1274,356,None,Move,development
1572512833.8179998,1282,357,None,Move,development
1572512833.826,1291,359,None,Move,development
1572512833.835,1297,360,None,Move,development
1572512833.842,1306,361,None,Move,development
1572512833.8479998,1315,362,None,Move,development
1572512833.857,1324,362,None,Move,development
1572512833.8639998,1330,362,None,Move,development
1572512833.8720002,1337,362,None,Move,development
1572512833.88,1343,362,None,Move,development
1572512833.8879998,1350,362,None,Move,development
1572512833.896,1356,362,None,Move,development
1572512833.904,1363,361,None,Move,development
1572512833.9120002,1370,359,None,Move,development
1572512833.918,1380,356,None,Move,development
1572512833.926,1390,355,None,Move,development
1572512833.934,1399,355,None,Move,development
1572512833.9420002,1409,355,None,Move,development
1572512833.95,1419,355,None,Move,development
1572512833.958,1428,355,None,Move,development
1572512833.967,1438,355,None,Move,development
1572512833.974,1447,355,None,Move,development
1572512833.9829998,1456,355,None,Move,development
1572512833.988,1462,355,None,Move,development
1572512833.996,1469,355,None,Move,development
1572512834.005,1475,355,None,Move,development
1572512834.0129998,1482,355,None,Move,development
1572512834.021,1488,355,None,Move,development
1572512834.028,1495,355,None,Move,development
1572512834.036,1503,354,None,Move,development
1572512834.044,1509,354,None,Move,development
1572512834.052,1516,353,None,Move,development
1572512834.061,1523,351,None,Move,development
1572512834.066,1530,349,None,Move,development
1572512834.074,1537,347,None,Move,development
1572512834.082,1544,345,None,Move,development
1572512834.09,1550,342,None,Move,development
1572512834.099,1557,340,None,Move,development
1572512834.106,1564,338,None,Move,development
1572512834.1139998,1570,335,None,Move,development
1572512834.123,1577,333,None,Move,development
1572512834.1279998,1581,331,None,Move,development
1572512834.1360002,1585,329,None,Move,development
1572512834.145,1586,327,None,Move,development
1572512834.1520002,1588,327,None,Move,development
1572512834.161,1590,326,None,Move,development
1572512834.168,1591,326,None,Move,development
1572512834.177,1592,325,None,Move,development
1572512834.185,1592,325,None,Move,development
1572512834.1920002,1593,324,None,Move,development
1572512834.198,1594,324,None,Move,development
1572512834.206,1595,324,None,Move,development
1572512834.214,1595,323,None,Move,development
1572512834.222,1596,323,None,Move,development
1572512834.23,1597,322,None,Move,development
1572512834.2389998,1597,322,None,Move,development
1572512834.2470002,1598,322,None,Move,development
1572512834.255,1599,321,None,Move,development
1572512834.265,1599,321,None,Move,development
1572512834.336,1601,321,None,Move,development
1572512834.346,1601,321,None,Move,development
1572512834.354,1603,321,None,Move,development
1572512834.3620002,1605,322,None,Move,development
1572512834.371,1605,322,None,Move,development
1572512834.379,1606,323,None,Move,development
1572512834.3860002,1607,324,None,Move,development
1572512834.394,1607,324,None,Move,development
1572512834.406,1608,325,None,Move,development
1572512834.417,1609,326,None,Move,development
1572512834.424,1609,326,None,Move,development
1572512834.4329998,1610,326,None,Move,development
1572512834.4420002,1610,326,Left,Pressed,development
1572512834.4429998,1610,326,None,Drag,development
1572512834.4429998,1610,326,Left,Released,development
1572512834.6379998,1610,327,None,Move,development
1572512834.646,1612,329,None,Move,development
1572512834.654,1617,334,None,Move,development
1572512834.6620002,1624,340,None,Move,development
1572512834.67,1632,347,None,Move,development
1572512834.678,1641,356,None,Move,development
1572512834.686,1651,367,None,Move,development
1572512834.6920002,1663,378,None,Move,development
1572512834.7,1675,390,None,Move,development
1572512834.708,1685,402,None,Move,development
1572512834.716,1690,412,None,Move,development
1572512834.724,1692,422,None,Move,development
1572512834.732,1694,430,None,Move,development
1572512834.74,1693,438,None,Move,development
1572512834.748,1690,447,None,Move,development
1572512834.755,1685,451,None,Move,development
1572512834.762,1683,454,None,Move,development
1572512834.992,1683,454,None,Move,development
1572512835.0,1683,453,None,Move,development
1572512835.008,1683,451,None,Move,development
1572512835.016,1683,450,None,Move,development
1572512835.024,1683,445,None,Move,development
1572512835.032,1683,442,None,Move,development
1572512835.038,1683,440,None,Move,development
1572512835.046,1683,439,None,Move,development
1572512835.054,1678,442,None,Move,development
1572512835.062,1668,450,None,Move,development
1572512835.07,1659,460,None,Move,development
1572512835.0779998,1644,473,None,Move,development
1572512835.086,1634,484,None,Move,development
1572512835.094,1625,493,None,Move,development
1572512835.1020002,1616,500,None,Move,development
1572512835.11,1605,509,None,Move,development
1572512835.1160002,1586,527,None,Move,development
1572512835.1239998,1559,553,None,Move,development
1572512835.1320002,1525,582,None,Move,development
1572512835.14,1491,607,None,Move,development
1572512835.1479998,1464,628,None,Move,development
1572512835.156,1444,646,None,Move,development
1572512835.164,1426,662,None,Move,development
1572512835.1720002,1413,674,None,Move,development
1572512835.178,1404,683,None,Move,development
1572512835.186,1397,691,None,Move,development
1572512835.194,1393,695,None,Move,development
1572512835.202,1390,697,None,Move,development
1572512835.21,1388,699,None,Move,development
1572512835.218,1388,699,None,Move,development
1572512835.226,1388,699,None,Move,development
1572512835.8079998,1384,699,None,Move,development
1572512835.816,1373,698,None,Move,development
1572512835.824,1363,698,None,Move,development
1572512835.832,1350,700,None,Move,development
1572512835.84,1337,701,None,Move,development
1572512835.8479998,1322,701,None,Move,development
1572512835.856,1306,701,None,Move,development
1572512835.865,1288,701,None,Move,development
1572512835.873,1269,701,None,Move,development
1572512835.88,1253,704,None,Move,development
1572512835.8860002,1237,707,None,Move,development
1572512835.894,1224,709,None,Move,development
1572512835.9020002,1214,712,None,Move,development
1572512835.91,1204,714,None,Move,development
1572512835.918,1195,716,None,Move,development
1572512835.926,1190,716,None,Move,development
1572512835.934,1188,716,None,Move,development
1572512835.9420002,1186,716,None,Move,development
1572512835.948,1186,716,None,Move,development
1572512837.35,1185,716,None,Move,development
1572512837.3579998,1183,715,None,Move,development
1572512837.365,1182,714,None,Move,development
1572512837.3720002,1180,713,None,Move,development
1572512837.38,1178,711,None,Move,development
1572512837.3879998,1177,709,None,Move,development
1572512837.396,1175,709,None,Move,development
1572512837.404,1172,708,None,Move,development
1572512837.4120002,1169,708,None,Move,development
1572512837.42,1166,707,None,Move,development
1572512837.426,1163,706,None,Move,development
1572512837.434,1157,704,None,Move,development
1572512837.4420002,1152,701,None,Move,development
1572512837.45,1142,698,None,Move,development
1572512837.458,1127,691,None,Move,development
1572512837.466,1116,682,None,Move,development
1572512837.474,1102,671,None,Move,development
1572512837.482,1087,655,None,Move,development
1572512837.49,1075,645,None,Move,development
1572512837.496,1061,634,None,Move,development
1572512837.504,1041,620,None,Move,development
1572512837.512,1027,609,None,Move,development
1572512837.52,1017,601,None,Move,development
1572512837.528,1008,594,None,Move,development
1572512837.536,1004,591,None,Move,development
1572512837.544,1002,589,None,Move,development
1572512837.552,1000,587,None,Move,development
1572512837.56,1000,586,None,Move,development
1572512837.566,1001,584,None,Move,development
1572512837.574,1004,583,None,Move,development
1572512837.582,1005,582,None,Move,development
1572512837.59,1010,581,None,Move,development
1572512837.5979998,1017,581,None,Move,development
1572512837.606,1022,581,None,Move,development
1572512837.613,1025,580,None,Move,development
1572512837.6220002,1026,580,None,Move,development
1572512837.8979998,1025,580,None,Move,development
1572512837.906,1017,581,None,Move,development
1572512837.9120002,1010,585,None,Move,development
1572512837.92,1008,587,None,Move,development
1572512837.928,1007,588,None,Move,development
1572512837.936,1006,590,None,Move,development
1572512837.944,1005,592,None,Move,development
1572512837.974,1005,603,None,Move,development
1572512837.9889998,1010,617,None,Move,development
1572512837.9970002,1013,627,None,Move,development
1572512838.004,1016,637,None,Move,development
1572512838.01,1018,647,None,Move,development
1572512838.0170002,1020,656,None,Move,development
1572512838.025,1021,666,None,Move,development
1572512838.032,1021,674,None,Move,development
1572512838.038,1018,681,None,Move,development
1572512838.046,1014,689,None,Move,development
1572512838.053,1007,696,None,Move,development
1572512838.06,1002,701,None,Move,development
1572512838.0679998,995,703,None,Move,development
1572512838.076,988,705,None,Move,development
1572512838.083,981,708,None,Move,development
1572512838.092,973,710,None,Move,development
1572512838.1,964,711,None,Move,development
1572512838.107,956,711,None,Move,development
1572512838.115,950,711,None,Move,development
1572512838.121,943,711,None,Move,development
1572512838.129,936,711,None,Move,development
1572512838.137,930,711,None,Move,development
1572512838.146,923,709,None,Move,development
1572512838.154,919,707,None,Move,development
1572512838.163,913,703,None,Move,development
1572512838.171,908,700,None,Move,development
1572512838.18,904,697,None,Move,development
1572512838.186,898,693,None,Move,development
1572512838.1920002,892,689,None,Move,development
1572512838.2,887,684,None,Move,development
1572512838.208,881,678,None,Move,development
1572512838.216,873,674,None,Move,development
1572512838.224,868,670,None,Move,development
1572512838.231,862,667,None,Move,development
1572512838.2410002,857,663,None,Move,development
1572512838.248,853,661,None,Move,development
1572512838.256,849,659,None,Move,development
1572512838.262,846,658,None,Move,development
1572512838.27,843,657,None,Move,development
1572512838.278,842,656,None,Move,development
1572512838.286,840,656,None,Move,development
1572512838.294,839,656,None,Move,development
1572512838.302,839,656,None,Move,development
1572512838.31,838,656,None,Move,development
1572512838.326,837,656,None,Move,development
1572512838.332,837,656,None,Move,development
1572512838.34,836,657,None,Move,development
1572512838.349,835,659,None,Move,development
1572512838.356,833,661,None,Move,development
1572512838.365,833,662,None,Move,development
1572512838.373,831,665,None,Move,development
1572512838.38,830,667,None,Move,development
1572512838.3879998,829,670,None,Move,development
1572512838.396,827,674,None,Move,development
1572512838.4020002,826,677,None,Move,development
1572512838.41,825,682,None,Move,development
1572512838.419,825,685,None,Move,development
1572512838.426,824,689,None,Move,development
1572512838.434,824,694,None,Move,development
1572512838.4420002,824,697,None,Move,development
1572512838.451,824,702,None,Move,development
1572512838.459,824,706,None,Move,development
1572512838.464,824,709,None,Move,development
1572512838.472,824,714,None,Move,development
1572512838.481,824,718,None,Move,development
1572512838.488,824,720,None,Move,development
1572512838.496,824,724,None,Move,development
1572512838.504,824,725,None,Move,development
1572512838.512,824,728,None,Move,development
1572512838.52,824,731,None,Move,development
1572512838.528,824,735,None,Move,development
1572512838.536,824,740,None,Move,development
1572512838.542,824,742,None,Move,development
1572512838.551,824,746,None,Move,development
1572512838.5579998,824,748,None,Move,development
1572512838.5670002,825,750,None,Move,development
1572512838.574,825,752,None,Move,development
1572512838.582,826,753,None,Move,development
1572512838.59,827,755,None,Move,development
1572512838.5979998,828,757,None,Move,development
1572512838.606,828,757,None,Move,development
1572512838.6120002,828,758,None,Move,development
1572512838.621,828,759,None,Move,development
1572512839.816,829,759,None,Move,development
1572512839.826,830,760,None,Move,development
1572512839.834,834,761,None,Move,development
1572512839.843,841,762,None,Move,development
1572512839.851,849,765,None,Move,development
1572512839.859,859,766,None,Move,development
1572512839.867,869,768,None,Move,development
1572512839.8739998,879,771,None,Move,development
1572512839.883,890,773,None,Move,development
1572512839.8879998,902,777,None,Move,development
1572512839.896,914,782,None,Move,development
1572512839.904,926,790,None,Move,development
1572512839.9120002,936,797,None,Move,development
1572512839.92,945,802,None,Move,development
1572512839.928,952,805,None,Move,development
1572512839.937,957,807,None,Move,development
1572512839.945,960,809,None,Move,development
1572512839.9529998,961,811,None,Move,development
1572512839.958,963,813,None,Move,development
1572512839.966,965,813,None,Move,development
1572512839.975,967,815,None,Move,development
1572512839.982,968,817,None,Move,development
1572512839.9910002,970,819,None,Move,development
1572512839.9989998,973,819,None,Move,development
1572512840.006,978,821,None,Move,development
1572512840.014,984,823,None,Move,development
1572512840.0229998,991,825,None,Move,development
1572512840.028,1001,827,None,Move,development
1572512840.0370002,1011,830,None,Move,development
1572512840.045,1024,831,None,Move,development
1572512840.053,1034,832,None,Move,development
1572512840.061,1047,835,None,Move,development
1572512840.0679998,1058,836,None,Move,development
1572512840.077,1070,838,None,Move,development
1572512840.085,1081,839,None,Move,development
1572512840.093,1091,841,None,Move,development
1572512840.0979998,1101,842,None,Move,development
1572512840.106,1110,844,None,Move,development
1572512840.115,1120,846,None,Move,development
1572512840.123,1130,847,None,Move,development
1572512840.13,1140,849,None,Move,development
1572512840.1379998,1151,850,None,Move,development
1572512840.146,1164,850,None,Move,development
1572512840.155,1175,851,None,Move,development
1572512840.1620002,1184,854,None,Move,development
1572512840.168,1189,857,None,Move,development
1572512840.177,1192,864,None,Move,development
1572512840.185,1193,869,None,Move,development
1572512840.1920002,1193,870,None,Move,development
1572512840.369,1193,870,None,Move,development
1572512840.377,1195,863,None,Move,development
1572512840.3820002,1198,854,None,Move,development
1572512840.391,1200,844,None,Move,development
1572512840.399,1205,839,None,Move,development
1572512840.407,1207,837,None,Move,development
1572512840.414,1209,837,None,Move,development
1572512840.4220002,1209,836,None,Move,development
1572512840.43,1209,835,None,Move,development
1572512840.439,1209,835,None,Move,development
1572512840.445,1210,834,None,Move,development
1572512840.457,1210,834,None,Move,development
1572512840.464,1210,834,None,Move,development
1572512840.472,1210,834,None,Move,development
1572512840.484,1210,834,None,Move,development
1572512840.492,1210,834,None,Move,development
1572512840.5010002,1208,835,None,Move,development
1572512840.508,1205,836,None,Move,development
1572512840.514,1200,838,None,Move,development
1572512840.5229998,1195,840,None,Move,development
1572512840.53,1192,842,None,Move,development
1572512840.538,1189,844,None,Move,development
1572512840.546,1188,845,None,Move,development
1572512840.555,1188,845,None,Move,development
1572512840.562,1186,846,None,Move,development
1572512840.644,1185,847,None,Move,development
1572512840.654,1185,848,None,Move,development
1572512840.6620002,1185,848,None,Move,development
1572512840.67,1185,850,None,Move,development
1572512840.678,1185,850,None,Move,development
1572512840.687,1185,852,None,Move,development
1572512840.695,1186,853,None,Move,development
1572512840.702,1187,853,None,Move,development
1572512840.71,1188,855,None,Move,development
1572512840.718,1189,856,None,Move,development
1572512840.724,1190,856,None,Move,development
1572512840.732,1191,857,None,Move,development
1572512840.74,1192,859,None,Move,development
1572512840.748,1193,860,None,Move,development
1572512840.756,1194,860,None,Move,development
1572512840.764,1196,862,None,Move,development
1572512840.772,1198,864,None,Move,development
1572512840.78,1201,866,None,Move,development
1572512840.788,1203,867,None,Move,development
1572512840.794,1206,869,None,Move,development
1572512840.803,1207,871,None,Move,development
1572512840.81,1209,873,None,Move,development
1572512840.8179998,1211,874,None,Move,development
1572512840.826,1213,878,None,Move,development
1572512840.834,1215,883,None,Move,development
1572512840.842,1216,890,None,Move,development
1572512840.85,1217,895,None,Move,development
1572512840.859,1217,900,None,Move,development
1572512840.8639998,1217,906,None,Move,development
1572512840.8720002,1215,910,None,Move,development
1572512840.88,1213,912,None,Move,development
1572512840.8879998,1210,916,None,Move,development
1572512840.896,1204,922,None,Move,development
1572512840.905,1199,925,None,Move,development
1572512840.9120002,1192,930,None,Move,development
1572512840.92,1181,935,None,Move,development
1572512840.928,1171,942,None,Move,development
1572512840.934,1161,948,None,Move,development
1572512840.9420002,1149,956,None,Move,development
1572512840.951,1134,964,None,Move,development
1572512840.958,1112,974,None,Move,development
1572512840.966,1083,984,None,Move,development
1572512840.974,1055,994,None,Move,development
1572512840.982,1029,1003,None,Move,development
1572512840.99,999,1013,None,Move,development
1572512840.9989998,975,1021,None,Move,development
1572512841.004,956,1026,None,Move,development
1572512841.012,935,1029,None,Move,development
1572512841.02,917,1030,None,Move,development
1572512841.028,903,1031,None,Move,development
1572512841.0370002,893,1031,None,Move,development
1572512841.045,884,1031,None,Move,development
1572512841.053,877,1031,None,Move,development
1572512841.061,873,1031,None,Move,development
1572512841.069,871,1030,None,Move,development
1572512841.074,869,1029,None,Move,development
1572512841.083,867,1028,None,Move,development
1572512841.091,866,1026,None,Move,development
1572512841.099,864,1025,None,Move,development
1572512841.107,862,1025,None,Move,development
1572512841.113,861,1025,None,Move,development
1572512841.123,859,1025,None,Move,development
1572512841.13,857,1025,None,Move,development
1572512841.1379998,853,1025,None,Move,development
1572512841.145,847,1025,None,Move,development
1572512841.153,842,1025,None,Move,development
1572512841.161,835,1025,None,Move,development
1572512841.168,829,1025,None,Move,development
1572512841.177,822,1026,None,Move,development
1572512841.185,815,1027,None,Move,development
1572512841.1929998,807,1028,None,Move,development
1572512841.207,800,1029,None,Move,development
1572512841.212,792,1032,None,Move,development
1572512841.216,782,1033,None,Move,development
1572512841.222,772,1034,None,Move,development
1572512841.231,762,1037,None,Move,development
1572512841.2389998,752,1039,None,Move,development
1572512841.2470002,741,1042,None,Move,development
1572512841.254,731,1044,None,Move,development
1572512841.2629998,720,1047,None,Move,development
1572512841.271,708,1049,None,Move,development
1572512841.278,698,1052,None,Move,development
1572512841.285,688,1054,None,Move,development
1572512841.293,678,1057,None,Move,development
1572512841.301,668,1058,None,Move,development
1572512841.3079998,660,1059,None,Move,development
1572512841.3170002,654,1059,None,Move,development
1572512841.324,646,1059,None,Move,development
1572512841.333,639,1059,None,Move,development
1572512841.341,631,1059,None,Move,development
1572512841.3479998,624,1058,None,Move,development
1572512841.355,616,1057,None,Move,development
1572512841.363,609,1057,None,Move,development
1572512841.37,604,1057,None,Move,development
1572512841.379,601,1057,None,Move,development
1572512841.387,599,1057,None,Move,development
1572512841.395,598,1057,None,Move,development
1572512841.4020002,596,1057,None,Move,development
1572512841.41,594,1057,None,Move,development
1572512841.5110002,594,1057,None,Move,development
1572512841.519,595,1057,None,Move,development
1572512841.6160002,595,1057,None,Move,development
1572512841.6279998,594,1057,None,Move,development
1572512841.6339998,591,1057,None,Move,development
1572512841.6420002,588,1057,None,Move,development
1572512841.651,584,1057,None,Move,development
1572512841.659,577,1059,None,Move,development
1572512841.667,571,1059,None,Move,development
1572512841.675,562,1060,None,Move,development
1572512841.6820002,554,1061,None,Move,development
1572512841.691,546,1062,None,Move,development
1572512841.696,539,1063,None,Move,development
1572512841.705,533,1063,None,Move,development
1572512841.7129998,526,1064,None,Move,development
1572512841.721,519,1065,None,Move,development
1572512841.729,514,1065,None,Move,development
1572512841.7370002,512,1065,None,Move,development
1572512841.745,510,1066,None,Move,development
1572512841.7510002,508,1066,None,Move,development
1572512841.7610002,507,1066,None,Move,development
1572512841.766,506,1066,None,Move,development
1572512841.774,506,1066,None,Move,development
1572512841.782,505,1066,None,Move,development
1572512841.79,504,1067,None,Move,development
1572512841.927,504,1067,Left,Pressed,development
1572512842.051,504,1067,Left,Released,development
1572512842.305,504,1067,None,Move,file system
1572512842.312,508,1062,None,Move,file system
1572512842.321,514,1054,None,Move,file system
1572512842.329,519,1047,None,Move,file system
1572512842.333,525,1040,None,Move,file system
1572512842.343,531,1032,None,Move,file system
1572512842.351,537,1024,None,Move,file system
1572512842.359,545,1015,None,Move,file system
1572512842.3660002,553,1003,None,Move,file system
1572512842.3739998,561,992,None,Move,file system
1572512842.3820002,567,983,None,Move,file system
1572512842.391,570,976,None,Move,file system
1572512842.3979998,571,971,None,Move,file system
1572512842.404,574,966,None,Move,file system
1572512842.413,574,963,None,Move,file system
1572512842.421,574,961,None,Move,file system
1572512842.429,573,958,None,Move,file system
1572512842.437,571,955,None,Move,file system
1572512842.445,569,954,None,Move,file system
1572512842.452,568,951,None,Move,file system
1572512842.461,565,948,None,Move,file system
1572512842.469,561,946,None,Move,file system
1572512842.474,557,944,None,Move,file system
1572512842.482,550,942,None,Move,file system
1572512842.4910002,543,940,None,Move,file system
1572512842.498,536,937,None,Move,file system
1572512842.5070002,528,935,None,Move,file system
1572512842.515,519,932,None,Move,file system
1572512842.522,509,930,None,Move,file system
1572512842.531,499,927,None,Move,file system
1572512842.539,490,926,None,Move,file system
1572512842.545,480,925,None,Move,file system
1572512842.553,470,925,None,Move,file system
1572512842.561,459,924,None,Move,file system
1572512842.5679998,448,924,None,Move,file system
1572512842.576,438,924,None,Move,file system
1572512842.584,430,924,None,Move,file system
1572512842.592,422,924,None,Move,file system
1572512842.6,415,923,None,Move,file system
1572512842.6079998,410,922,None,Move,file system
1572512842.6139998,406,922,None,Move,file system
1572512842.6220002,405,922,None,Move,file system
1572512842.631,404,922,None,Move,file system
1572512842.671,404,922,Left,Pressed,file system
1572512842.754,404,922,Left,Released,file system
1572512842.9220002,405,921,None,Move,browsing
1572512842.935,412,920,None,Move,browsing
1572512842.9429998,419,917,None,Move,browsing
1572512842.949,427,915,None,Move,browsing
1572512842.957,437,911,None,Move,browsing
1572512842.964,449,903,None,Move,browsing
1572512842.9729998,466,896,None,Move,browsing
1572512842.978,492,889,None,Move,browsing
1572512842.984,527,881,None,Move,browsing
1572512842.992,563,871,None,Move,browsing
1572512843.0,599,859,None,Move,browsing
1572512843.008,636,847,None,Move,browsing
1572512843.016,665,838,None,Move,browsing
1572512843.025,690,826,None,Move,browsing
1572512843.03,715,813,None,Move,browsing
1572512843.039,737,801,None,Move,browsing
1572512843.0470002,752,795,None,Move,browsing
1572512843.054,760,791,None,Move,browsing
1572512843.063,762,789,None,Move,browsing
1572512843.071,764,788,None,Move,browsing
1572512843.0779998,765,787,None,Move,browsing
1572512843.086,765,787,None,Move,browsing
1572512843.105,766,786,None,Move,browsing
1572512843.113,767,786,None,Move,browsing
1572512843.121,767,785,None,Move,browsing
1572512843.339,769,785,None,Move,browsing
1572512843.346,774,783,None,Move,browsing
1572512843.355,781,780,None,Move,browsing
1572512843.363,788,777,None,Move,browsing
1572512843.371,795,773,None,Move,browsing
1572512843.3760002,805,769,None,Move,browsing
1572512843.3839998,815,764,None,Move,browsing
1572512843.393,826,758,None,Move,browsing
1572512843.4,836,751,None,Move,browsing
1572512843.409,846,746,None,Move,browsing
1572512843.416,854,740,None,Move,browsing
1572512843.425,861,737,None,Move,browsing
1572512843.4329998,868,733,None,Move,browsing
1572512843.441,871,730,None,Move,browsing
1572512843.446,873,729,None,Move,browsing
1572512843.454,876,727,None,Move,browsing
1572512843.462,878,725,None,Move,browsing
1572512843.471,879,723,None,Move,browsing
1572512843.478,881,722,None,Move,browsing
1572512843.486,883,721,None,Move,browsing
1572512843.494,884,719,None,Move,browsing
1572512843.502,886,717,None,Move,browsing
1572512843.5110002,889,716,None,Move,browsing
1572512843.516,891,715,None,Move,browsing
1572512843.524,895,714,None,Move,browsing
1572512843.532,901,712,None,Move,browsing
1572512843.54,906,709,None,Move,browsing
1572512843.548,913,707,None,Move,browsing
1572512843.556,920,705,None,Move,browsing
1572512843.564,927,704,None,Move,browsing
1572512843.573,935,701,None,Move,browsing
1572512843.58,942,699,None,Move,browsing
1572512843.586,949,698,None,Move,browsing
1572512843.594,955,698,None,Move,browsing
1572512843.603,962,698,None,Move,browsing
1572512843.611,967,697,None,Move,browsing
1572512843.6179998,971,696,None,Move,browsing
1572512843.6260002,973,695,None,Move,browsing
1572512843.6339998,976,694,None,Move,browsing
1572512843.6420002,978,693,None,Move,browsing
1572512843.65,982,693,None,Move,browsing
1572512843.656,985,692,None,Move,browsing
1572512843.665,986,691,None,Move,browsing
1572512843.673,988,691,None,Move,browsing
1572512843.681,991,690,None,Move,browsing
1572512843.689,993,690,None,Move,browsing
1572512843.696,995,690,None,Move,browsing
1572512843.705,996,690,None,Move,browsing
1572512843.712,998,690,None,Move,browsing
1572512843.721,999,690,None,Move,browsing
1572512843.728,1001,690,None,Move,browsing
1572512843.738,1001,690,None,Move,browsing
1572512843.754,1002,690,None,Move,browsing
1572512843.764,1002,690,None,Move,browsing
1572512843.774,1003,690,None,Move,browsing
1572512843.782,1004,690,None,Move,browsing
1572512843.798,1004,690,None,Move,browsing
1572512843.816,1005,691,None,Move,browsing
1572512844.952,1005,691,None,Move,browsing
1572512844.964,1005,692,None,Move,browsing
1572512844.972,1001,692,None,Move,browsing
1572512844.98,996,695,None,Move,browsing
1572512844.988,991,696,None,Move,browsing
1572512844.996,985,698,None,Move,browsing
1572512845.004,977,698,None,Move,browsing
1572512845.01,968,698,None,Move,browsing
1572512845.018,958,698,None,Move,browsing
1572512845.0270002,948,698,None,Move,browsing
1572512845.034,939,698,None,Move,browsing
1572512845.043,929,698,None,Move,browsing
1572512845.051,919,698,None,Move,browsing
1572512845.0579998,911,698,None,Move,browsing
1572512845.066,905,698,None,Move,browsing
1572512845.072,898,698,None,Move,browsing
1572512845.081,893,698,None,Move,browsing
1572512845.0879998,890,698,None,Move,browsing
1572512845.097,886,697,None,Move,browsing
1572512845.105,884,695,None,Move,browsing
1572512845.113,883,694,None,Move,browsing
1572512845.121,882,694,None,Move,browsing
1572512845.133,882,694,None,Move,browsing
1572512845.895,882,694,None,Move,browsing
1572512845.9020002,889,696,None,Move,browsing
1572512845.91,896,698,None,Move,browsing
1572512845.918,904,698,None,Move,browsing
1572512845.926,912,698,None,Move,browsing
1572512845.9329998,922,699,None,Move,browsing
1572512845.94,932,702,None,Move,browsing
1572512845.949,943,704,None,Move,browsing
1572512845.956,954,707,None,Move,browsing
1572512845.964,963,709,None,Move,browsing
1572512845.9729998,971,709,None,Move,browsing
1572512845.981,978,710,None,Move,browsing
1572512845.9889998,980,711,None,Move,browsing
1572512845.998,981,711,None,Move,browsing
1572512847.1179998,981,711,None,Move,browsing
1572512847.13,981,712,None,Move,browsing
1572512847.1379998,974,714,None,Move,browsing
1572512847.147,964,716,None,Move,browsing
1572512847.154,954,719,None,Move,browsing
1572512847.163,943,721,None,Move,browsing
1572512847.171,930,724,None,Move,browsing
1572512847.179,915,726,None,Move,browsing
1572512847.1829998,900,730,None,Move,browsing
1572512847.1929998,887,733,None,Move,browsing
1572512847.201,877,737,None,Move,browsing
1572512847.208,867,741,None,Move,browsing
1572512847.217,854,743,None,Move,browsing
1572512847.225,838,746,None,Move,browsing
1572512847.232,827,748,None,Move,browsing
1572512847.2410002,815,751,None,Move,browsing
1572512847.248,805,753,None,Move,browsing
1572512847.2570002,799,755,None,Move,browsing
1572512847.2629998,794,755,None,Move,browsing
1572512847.27,791,755,None,Move,browsing
1572512847.279,790,755,None,Move,browsing
1572512847.554,790,755,None,Move,browsing
1572512848.806,790,756,None,Move,browsing
1572512848.814,786,760,None,Move,browsing
1572512848.822,780,765,None,Move,browsing
1572512848.83,773,770,None,Move,browsing
1572512848.8379998,763,775,None,Move,browsing
1572512848.846,753,781,None,Move,browsing
1572512848.854,739,789,None,Move,browsing
1572512848.86,724,799,None,Move,browsing
1572512848.8679998,709,811,None,Move,browsing
1572512848.877,697,821,None,Move,browsing
1572512848.885,687,831,None,Move,browsing
1572512848.8920002,675,840,None,Move,browsing
1572512848.9,661,848,None,Move,browsing
1572512848.908,648,856,None,Move,browsing
1572512848.917,633,863,None,Move,browsing
1572512848.925,623,868,None,Move,browsing
1572512848.931,611,873,None,Move,browsing
1572512848.938,596,880,None,Move,browsing
1572512848.947,579,887,None,Move,browsing
1572512848.955,558,897,None,Move,browsing
1572512848.9629998,537,907,None,Move,browsing
1572512848.971,505,922,None,Move,browsing
1572512848.979,477,937,None,Move,browsing
1572512848.9870002,459,947,None,Move,browsing
1572512848.995,444,952,None,Move,browsing
1572512849.0,434,957,None,Move,browsing
1572512849.008,424,961,None,Move,browsing
1572512849.016,417,964,None,Move,browsing
1572512849.024,409,968,None,Move,browsing
1572512849.033,404,974,None,Move,browsing
1572512849.041,400,978,None,Move,browsing
1572512849.048,398,982,None,Move,browsing
1572512849.056,396,986,None,Move,browsing
1572512849.065,396,988,None,Move,browsing
1572512849.071,395,990,None,Move,browsing
1572512849.079,393,993,None,Move,browsing
1572512849.087,392,995,None,Move,browsing
1572512849.095,392,998,None,Move,browsing
1572512849.1020002,391,1000,None,Move,browsing
1572512849.111,391,1005,None,Move,browsing
1572512849.119,391,1008,None,Move,browsing
1572512849.1260002,391,1013,None,Move,browsing
1572512849.135,391,1017,None,Move,browsing
1572512849.141,392,1019,None,Move,browsing
1572512849.1479998,394,1022,None,Move,browsing
1572512849.156,396,1025,None,Move,browsing
1572512849.165,397,1026,None,Move,browsing
1572512849.1720002,400,1029,None,Move,browsing
1572512849.181,404,1032,None,Move,browsing
1572512849.188,410,1034,None,Move,browsing
1572512849.197,414,1036,None,Move,browsing
1572512849.205,419,1039,None,Move,browsing
1572512849.21,426,1041,None,Move,browsing
1572512849.218,433,1043,None,Move,browsing
1572512849.2270002,440,1045,None,Move,browsing
1572512849.235,448,1048,None,Move,browsing
1572512849.242,458,1050,None,Move,browsing
1572512849.2510002,468,1053,None,Move,browsing
1572512849.258,477,1055,None,Move,browsing
1572512849.2670002,485,1058,None,Move,browsing
1572512849.275,492,1060,None,Move,browsing
1572512849.28,497,1060,None,Move,browsing
1572512849.289,501,1061,None,Move,browsing
1572512849.2970002,503,1061,None,Move,browsing
1572512849.305,505,1061,None,Move,browsing
1572512849.313,505,1061,None,Move,browsing
1572512849.321,506,1061,None,Move,browsing
1572512849.4770002,506,1061,Left,Pressed,browsing
1572512849.5679998,506,1061,Left,Released,browsing
1572512849.576,506,1061,None,Move,browsing
1572512849.5879998,506,1060,None,Move,file system
1572512849.596,505,1059,None,Move,file system
1572512849.604,504,1058,None,Move,file system
1572512849.6120002,504,1058,None,Move,file system
1572512849.6220002,503,1058,None,Move,file system
1572512850.0979998,503,1058,None,Move,file system
1572512850.106,504,1055,None,Move,file system
1572512850.1139998,505,1053,None,Move,file system
1572512850.12,508,1048,None,Move,file system
1572512850.129,513,1040,None,Move,file system
1572512850.1360002,521,1033,None,Move,file system
1572512850.145,528,1025,None,Move,file system
1572512850.1520002,536,1016,None,Move,file system
1572512850.16,544,1008,None,Move,file system
1572512850.168,551,999,None,Move,file system
1572512850.177,559,991,None,Move,file system
1572512850.185,566,984,None,Move,file system
1572512850.19,574,976,None,Move,file system
1572512850.198,581,969,None,Move,file system
1572512850.206,588,963,None,Move,file system
1572512850.215,595,959,None,Move,file system
1572512850.2229998,603,956,None,Move,file system
1572512850.231,608,953,None,Move,file system
1572512850.2389998,613,951,None,Move,file system
1572512850.246,617,949,None,Move,file system
1572512850.2529998,623,947,None,Move,file system
1572512850.2610002,625,945,None,Move,file system
1572512850.269,627,944,None,Move,file system
1572512850.276,629,944,None,Move,file system
1572512850.285,630,943,None,Move,file system
1572512850.292,631,943,None,Move,file system
1572512850.301,632,943,None,Move,file system
1572512850.309,632,942,None,Move,file system
1572512850.3170002,633,942,None,Move,file system
1572512850.49,633,942,None,Move,file system
1572512850.4989998,627,942,None,Move,file system
1572512850.5070002,620,942,None,Move,file system
1572512850.515,611,942,None,Move,file system
1572512850.522,598,942,None,Move,file system
1572512850.531,583,941,None,Move,file system
1572512850.5370002,567,940,None,Move,file system
1572512850.545,551,938,None,Move,file system
1572512850.553,531,939,None,Move,file system
1572512850.561,510,942,None,Move,file system
1572512850.5679998,488,946,None,Move,file system
1572512850.576,472,949,None,Move,file system
1572512850.585,457,949,None,Move,file system
1572512850.592,443,949,None,Move,file system
1572512850.6,432,948,None,Move,file system
1572512850.6079998,423,945,None,Move,file system
1572512850.615,416,943,None,Move,file system
1572512850.623,414,941,None,Move,file system
1572512850.631,412,940,None,Move,file system
1572512850.639,412,940,None,Move,file system
1572512850.81,412,940,Left,Pressed,file system
1572512850.899,412,940,Left,Released,file system
1572512850.988,412,940,None,Move,browsing
1572512851.004,413,938,None,Move,browsing
1572512851.012,417,936,None,Move,browsing
1572512851.02,422,934,None,Move,browsing
1572512851.026,429,932,None,Move,browsing
1572512851.034,438,927,None,Move,browsing
1572512851.042,448,920,None,Move,browsing
1572512851.051,464,912,None,Move,browsing
1572512851.0579998,489,897,None,Move,browsing
1572512851.066,520,884,None,Move,browsing
1572512851.074,550,873,None,Move,browsing
1572512851.083,587,856,None,Move,browsing
1572512851.09,620,836,None,Move,browsing
1572512851.096,652,813,None,Move,browsing
1572512851.105,683,789,None,Move,browsing
1572512851.1120002,704,767,None,Move,browsing
1572512851.12,724,746,None,Move,browsing
1572512851.129,744,722,None,Move,browsing
1572512851.137,757,702,None,Move,browsing
1572512851.145,766,687,None,Move,browsing
1572512851.153,775,668,None,Move,browsing
1572512851.161,782,653,None,Move,browsing
1572512851.166,787,643,None,Move,browsing
1572512851.174,791,630,None,Move,browsing
1572512851.1820002,796,618,None,Move,browsing
1572512851.19,801,607,None,Move,browsing
1572512851.199,805,597,None,Move,browsing
1572512851.207,808,587,None,Move,browsing
1572512851.215,809,578,None,Move,browsing
1572512851.222,811,570,None,Move,browsing
1572512851.231,812,563,None,Move,browsing
1572512851.2370002,812,557,None,Move,browsing
1572512851.245,812,550,None,Move,browsing
1572512851.2529998,812,544,None,Move,browsing
1572512851.2610002,812,541,None,Move,browsing
1572512851.269,812,539,None,Move,browsing
1572512851.276,812,537,None,Move,browsing
1572512851.285,812,535,None,Move,browsing
1572512851.293,812,534,None,Move,browsing
1572512851.301,812,532,None,Move,browsing
1572512851.306,812,531,None,Move,browsing
1572512851.315,812,529,None,Move,browsing
1572512851.331,812,529,None,Move,browsing
1572512851.38,812,530,None,Move,browsing
1572512851.389,813,540,None,Move,browsing
1572512851.397,813,556,None,Move,browsing
1572512851.405,810,576,None,Move,browsing
1572512851.413,799,607,None,Move,browsing
1572512851.421,782,644,None,Move,browsing
1572512851.429,765,684,None,Move,browsing
1572512851.437,742,734,None,Move,browsing
1572512851.4420002,719,791,None,Move,browsing
1572512851.451,693,848,None,Move,browsing
1572512851.458,667,901,None,Move,browsing
1572512851.466,639,955,None,Move,browsing
1572512851.4729998,614,1000,None,Move,browsing
1572512851.482,591,1036,None,Move,browsing
1572512851.49,575,1062,None,Move,browsing
1572512851.4989998,558,1088,None,Move,browsing
1572512851.5070002,545,1098,None,Move,browsing
1572512851.515,535,1096,None,Move,browsing
1572512851.52,529,1089,None,Move,browsing
1572512851.528,527,1084,None,Move,browsing
1572512851.5370002,526,1081,None,Move,browsing
1572512851.6139998,526,1079,None,Move,browsing
1572512851.627,525,1079,None,Move,browsing
1572512851.6520002,525,1079,None,Move,browsing
1572512851.664,526,1079,None,Move,browsing
1572512851.6720002,534,1078,None,Move,browsing
1572512851.681,544,1075,None,Move,browsing
1572512851.689,555,1073,None,Move,browsing
1572512851.697,570,1070,None,Move,browsing
1572512851.704,586,1064,None,Move,browsing
1572512851.712,603,1060,None,Move,browsing
1572512851.718,622,1054,None,Move,browsing
1572512851.7270002,638,1050,None,Move,browsing
1572512851.735,652,1048,None,Move,browsing
1572512851.742,668,1045,None,Move,browsing
1572512851.75,681,1043,None,Move,browsing
1572512851.758,691,1040,None,Move,browsing
1572512851.766,700,1039,None,Move,browsing
1572512851.774,705,1038,None,Move,browsing
1572512851.783,706,1038,None,Move,browsing
1572512851.788,708,1038,None,Move,browsing
1572512851.891,709,1038,None,Move,browsing
1572512851.903,709,1038,None,Move,browsing
1572512851.911,709,1038,None,Move,browsing
1572512851.918,709,1039,None,Move,browsing
1572512851.9770002,709,1039,Left,Pressed,browsing
1572512852.0470002,709,1039,Left,Released,browsing
1572512852.117,709,1040,None,Move,development
1572512852.125,709,1040,None,Move,development
1572512852.1320002,708,1040,None,Move,development
1572512852.174,709,1039,None,Move,development
1572512852.1829998,714,1030,None,Move,development
1572512852.191,722,1021,None,Move,development
1572512852.199,730,1007,None,Move,development
1572512852.206,739,988,None,Move,development
1572512852.212,754,959,None,Move,development
1572512852.22,770,925,None,Move,development
1572512852.229,791,893,None,Move,development
1572512852.236,814,854,None,Move,development
1572512852.244,835,816,None,Move,development
1572512852.252,859,777,None,Move,development
1572512852.26,876,740,None,Move,development
1572512852.268,890,700,None,Move,development
1572512852.276,898,668,None,Move,development
1572512852.282,901,640,None,Move,development
1572512852.291,903,620,None,Move,development
1572512852.299,903,597,None,Move,development
1572512852.3070002,903,577,None,Move,development
1572512852.314,901,561,None,Move,development
1572512852.321,898,546,None,Move,development
1572512852.329,895,533,None,Move,development
1572512852.3379998,891,523,None,Move,development
1572512852.345,888,513,None,Move,development
1572512852.3520002,886,506,None,Move,development
1572512852.361,884,501,None,Move,development
1572512852.369,883,499,None,Move,development
1572512852.377,883,498,None,Move,development
1572512852.385,882,497,None,Move,development
1572512852.3920002,882,496,None,Move,development
1572512852.4,882,495,None,Move,development
1572512852.408,882,494,None,Move,development
1572512852.417,882,493,None,Move,development
1572512852.4220002,882,491,None,Move,development
1572512852.431,882,490,None,Move,development
1572512852.439,882,488,None,Move,development
1572512852.447,882,485,None,Move,development
1572512852.455,881,484,None,Move,development
1572512852.4629998,881,481,None,Move,development
1572512852.471,879,478,None,Move,development
1572512852.479,877,476,None,Move,development
1572512852.484,875,474,None,Move,development
1572512852.492,874,472,None,Move,development
1572512852.5010002,874,471,None,Move,development
1572512852.508,873,469,None,Move,development
1572512852.5170002,873,468,None,Move,development
1572512852.525,873,466,None,Move,development
1572512852.533,873,465,None,Move,development
1572512852.541,873,463,None,Move,development
1572512852.549,874,461,None,Move,development
1572512852.554,876,459,None,Move,development
1572512852.563,878,457,None,Move,development
1572512852.571,880,454,None,Move,development
1572512852.5779998,881,452,None,Move,development
1572512852.587,882,451,None,Move,development
1572512852.595,883,449,None,Move,development
1572512852.603,884,447,None,Move,development
1572512852.611,885,446,None,Move,development
1572512852.6179998,885,445,None,Move,development
1572512852.6239998,885,444,None,Move,development
1572512852.633,885,444,None,Move,development
1572512852.665,886,443,None,Move,development
1572512852.673,888,442,None,Move,development
1572512852.681,889,441,None,Move,development
1572512852.689,891,439,None,Move,development
1572512852.697,893,437,None,Move,development
1572512852.701,893,437,None,Move,development
1572512852.78,892,437,None,Move,development
1572512852.79,886,436,None,Move,development
1572512852.795,876,434,None,Move,development
1572512852.805,866,432,None,Move,development
1572512852.813,856,429,None,Move,development
1572512852.821,848,428,None,Move,development
1572512852.829,841,426,None,Move,development
1572512852.837,834,424,None,Move,development
1572512852.842,832,423,None,Move,development
1572512852.851,831,422,None,Move,development
1572512852.859,831,421,None,Move,development
1572512852.883,831,421,Left,Pressed,development
1572512852.957,831,421,Left,Released,development
1572512853.464,831,421,None,Move,development
1572512853.472,832,426,None,Move,development
1572512853.48,838,434,None,Move,development
1572512853.488,846,441,None,Move,development
1572512853.496,853,449,None,Move,development
1572512853.504,864,456,None,Move,development
1572512853.5129998,873,463,None,Move,development
1572512853.521,881,470,None,Move,development
1572512853.529,891,479,None,Move,development
1572512853.5370002,901,489,None,Move,development
1572512853.542,907,496,None,Move,development
1572512853.551,913,503,None,Move,development
1572512853.559,915,509,None,Move,development
1572512853.5670002,918,516,None,Move,development
1572512853.575,919,522,None,Move,development
1572512853.582,920,526,None,Move,development
1572512853.59,920,529,None,Move,development
1572512853.599,920,530,None,Move,development
1572512853.607,920,532,None,Move,development
1572512853.6120002,919,533,None,Move,development
1572512853.621,919,535,None,Move,development
1572512853.629,918,536,None,Move,development
1572512853.637,918,536,None,Move,development
1572512853.644,918,538,None,Move,development
1572512853.66,918,538,None,Move,development
1572512853.669,918,539,None,Move,development
1572512853.676,918,541,None,Move,development
1572512853.6820002,918,541,None,Move,development
1572512853.691,918,543,None,Move,development
1572512853.699,918,543,None,Move,development
1572512853.706,918,543,None,Move,development
1572512853.776,918,544,None,Move,development
1572512853.801,917,544,None,Move,development
1572512853.809,916,546,None,Move,development
1572512853.816,914,547,None,Move,development
1572512853.822,913,548,None,Move,development
1572512853.831,912,549,None,Move,development
1572512853.839,910,551,None,Move,development
1572512853.846,908,551,None,Move,development
1572512853.854,908,552,None,Move,development
1572512853.8620002,906,553,None,Move,development
1572512853.87,904,554,None,Move,development
1572512853.879,904,554,None,Move,development
1572512853.885,902,554,None,Move,development
1572512853.893,901,556,None,Move,development
1572512853.901,898,558,None,Move,development
1572512853.908,893,559,None,Move,development
1572512853.917,886,561,None,Move,development
1572512853.925,879,563,None,Move,development
1572512853.9320002,872,566,None,Move,development
1572512853.941,865,568,None,Move,development
1572512853.948,858,570,None,Move,development
1572512853.954,852,571,None,Move,development
1572512853.9629998,845,574,None,Move,development
1572512853.971,838,576,None,Move,development
1572512853.979,834,577,None,Move,development
1572512853.9870002,830,579,None,Move,development
1572512853.995,828,580,None,Move,development
1572512854.0029998,826,581,None,Move,development
1572512854.01,824,582,None,Move,development
1572512854.018,823,582,None,Move,development
1572512854.024,821,583,None,Move,development
1572512854.033,820,583,None,Move,development
1572512854.041,820,583,None,Move,development
1572512854.163,820,584,None,Move,development
1572512854.1720002,820,585,None,Move,development
1572512854.181,820,587,None,Move,development
1572512854.189,820,590,None,Move,development
1572512854.197,820,595,None,Move,development
1572512854.204,820,602,None,Move,development
1572512854.212,820,608,None,Move,development
1572512854.221,821,617,None,Move,development
1572512854.228,821,628,None,Move,development
1572512854.234,822,644,None,Move,development
1572512854.242,825,664,None,Move,development
1572512854.25,830,690,None,Move,development
1572512854.286,844,759,None,Move,development
1572512854.292,844,775,None,Move,development
1572512854.299,844,788,None,Move,development
1572512854.306,844,802,None,Move,development
1572512854.314,844,816,None,Move,development
1572512854.32,844,828,None,Move,development
1572512854.3279998,844,839,None,Move,development
1572512854.336,841,853,None,Move,development
1572512854.344,839,869,None,Move,development
1572512854.353,836,881,None,Move,development
1572512854.36,834,891,None,Move,development
1572512854.369,831,899,None,Move,development
1572512854.3739998,829,908,None,Move,development
1572512854.383,828,916,None,Move,development
1572512854.391,826,923,None,Move,development
1572512854.3979998,825,928,None,Move,development
1572512854.407,825,933,None,Move,development
1572512854.415,824,937,None,Move,development
1572512854.423,824,941,None,Move,development
1572512854.431,823,948,None,Move,development
1572512854.439,822,955,None,Move,development
1572512854.444,820,962,None,Move,development
1572512854.452,817,970,None,Move,development
1572512854.461,813,979,None,Move,development
1572512854.469,809,986,None,Move,development
1572512854.4770002,803,993,None,Move,development
1572512854.485,797,1001,None,Move,development
1572512854.492,789,1008,None,Move,development
1572512854.5010002,785,1013,None,Move,development
1572512854.508,778,1017,None,Move,development
1572512854.514,775,1019,None,Move,development
1572512854.522,770,1021,None,Move,development
1572512854.53,766,1023,None,Move,development
1572512854.538,762,1025,None,Move,development
1572512854.546,758,1027,None,Move,development
1572512854.555,753,1029,None,Move,development
1572512854.563,749,1031,None,Move,development
1572512854.57,743,1033,None,Move,development
1572512854.5779998,738,1036,None,Move,development
1572512854.584,735,1037,None,Move,development
1572512854.593,733,1039,None,Move,development
1572512854.601,732,1040,None,Move,development
1572512854.609,731,1040,None,Move,development
1572512854.654,730,1041,None,Move,development
1572512854.6620002,727,1042,None,Move,development
1572512854.671,722,1044,None,Move,development
1572512854.678,716,1047,None,Move,development
1572512854.687,709,1049,None,Move,development
1572512854.694,704,1051,None,Move,development
1572512854.7029998,700,1053,None,Move,development
1572512854.71,697,1055,None,Move,development
1572512854.719,697,1056,None,Move,development
1572512854.744,697,1056,Left,Pressed,development
1572512854.83,697,1056,Left,Released,development
1572512855.461,698,1054,None,Move,browsing
1572512855.469,706,1045,None,Move,browsing
1572512855.4770002,712,1035,None,Move,browsing
1572512855.485,719,1025,None,Move,browsing
1572512855.49,725,1014,None,Move,browsing
1572512855.512,731,1004,None,Move,browsing
1572512855.518,747,974,None,Move,browsing
1572512855.522,750,952,None,Move,browsing
1572512855.53,750,926,None,Move,browsing
1572512855.538,745,891,None,Move,browsing
1572512855.546,743,858,None,Move,browsing
1572512855.555,741,828,None,Move,browsing
1572512855.56,738,800,None,Move,browsing
1572512855.569,733,774,None,Move,browsing
1572512855.576,730,753,None,Move,browsing
1572512855.585,728,737,None,Move,browsing
1572512855.593,727,726,None,Move,browsing
1572512855.601,727,716,None,Move,browsing
1572512855.609,727,710,None,Move,browsing
1572512855.617,727,703,None,Move,browsing
1572512855.625,728,698,None,Move,browsing
1572512855.633,728,696,None,Move,browsing
1572512855.639,728,695,None,Move,browsing
1572512855.646,729,695,None,Move,browsing
1572512855.655,729,694,None,Move,browsing
1572512856.646,729,694,None,Move,browsing
1572512856.654,729,695,None,Move,browsing
1572512856.6620002,729,697,None,Move,browsing
1572512856.67,729,697,None,Move,browsing
1572512857.738,733,695,None,Move,browsing
1572512857.746,748,680,None,Move,browsing
1572512857.754,757,670,None,Move,browsing
1572512857.762,769,654,None,Move,browsing
1572512857.77,779,637,None,Move,browsing
1572512857.778,788,619,None,Move,browsing
1572512857.786,792,603,None,Move,browsing
1572512857.794,795,587,None,Move,browsing
1572512857.802,795,572,None,Move,browsing
1572512857.8079998,795,556,None,Move,browsing
1572512857.816,793,538,None,Move,browsing
1572512857.824,789,516,None,Move,browsing
1572512857.832,783,491,None,Move,browsing
1572512857.841,780,469,None,Move,browsing
1572512857.8479998,779,449,None,Move,browsing
1572512857.856,778,433,None,Move,browsing
1572512857.8639998,778,423,None,Move,browsing
1572512857.873,779,416,None,Move,browsing
1572512857.879,781,411,None,Move,browsing
1572512857.887,781,408,None,Move,browsing
1572512857.895,782,407,None,Move,browsing
1572512857.9020002,782,405,None,Move,browsing
1572512857.911,782,404,None,Move,browsing
1572512857.919,782,404,None,Move,browsing
1572512857.927,782,403,None,Move,browsing
1572512857.9889998,782,403,None,Move,browsing
1572512858.005,780,403,None,Move,browsing
1572512858.012,774,404,None,Move,browsing
1572512858.018,765,406,None,Move,browsing
1572512858.0270002,757,409,None,Move,browsing
1572512858.035,747,411,None,Move,browsing
1572512858.043,737,414,None,Move,browsing
1572512858.051,722,416,None,Move,browsing
1572512858.0579998,709,419,None,Move,browsing
1572512858.0670002,695,421,None,Move,browsing
1572512858.075,679,424,None,Move,browsing
1572512858.082,663,427,None,Move,browsing
1572512858.089,647,429,None,Move,browsing
1572512858.096,630,432,None,Move,browsing
1572512858.104,614,435,None,Move,browsing
1572512858.1120002,600,436,None,Move,browsing
1572512858.121,584,436,None,Move,browsing
1572512858.129,573,436,None,Move,browsing
1572512858.1360002,563,435,None,Move,browsing
1572512858.145,553,433,None,Move,browsing
1572512858.1520002,545,431,None,Move,browsing
1572512858.158,538,430,None,Move,browsing
1572512858.167,531,429,None,Move,browsing
1572512858.175,525,428,None,Move,browsing
1572512858.1820002,518,425,None,Move,browsing
1572512858.191,511,424,None,Move,browsing
1572512858.198,504,423,None,Move,browsing
1572512858.207,497,422,None,Move,browsing
1572512858.214,491,421,None,Move,browsing
1572512858.2229998,485,420,None,Move,browsing
1572512858.228,479,419,None,Move,browsing
1572512858.236,474,418,None,Move,browsing
1572512858.245,471,417,None,Move,browsing
1572512858.252,468,415,None,Move,browsing
1572512858.26,467,414,None,Move,browsing
1572512858.269,465,413,None,Move,browsing
1572512858.281,464,413,None,Move,browsing
1572512858.347,466,413,None,Move,browsing
1572512858.355,480,411,None,Move,browsing
1572512858.3620002,498,408,None,Move,browsing
1572512858.369,522,405,None,Move,browsing
1572512858.377,550,401,None,Move,browsing
1572512858.385,584,398,None,Move,browsing
1572512858.393,617,398,None,Move,browsing
1572512858.401,657,394,None,Move,browsing
1572512858.408,691,390,None,Move,browsing
1572512858.417,722,386,None,Move,browsing
1572512858.425,743,385,None,Move,browsing
1572512858.4320002,755,383,None,Move,browsing
1572512858.439,764,382,None,Move,browsing
1572512858.447,767,381,None,Move,browsing
1572512858.455,769,381,None,Move,browsing
1572512858.606,769,381,None,Move,browsing
1572512858.6179998,769,380,None,Move,browsing
1572512858.6260002,769,379,None,Move,browsing
1572512858.6379998,769,379,None,Move,browsing
1572512858.708,769,379,None,Move,browsing
1572512858.718,770,379,None,Move,browsing
1572512858.7270002,770,380,None,Move,browsing
1572512858.7329998,772,380,None,Move,browsing
1572512858.742,773,381,None,Move,browsing
1572512858.7489998,774,382,None,Move,browsing
1572512858.7570002,777,382,None,Move,browsing
1572512858.765,779,382,None,Move,browsing
1572512858.7729998,782,382,None,Move,browsing
1572512858.781,783,382,None,Move,browsing
1572512858.7870002,785,382,None,Move,browsing
1572512858.7970002,785,382,None,Move,browsing
1572512858.805,785,383,None,Move,browsing
1572512859.022,785,383,Left,Pressed,browsing
1572512859.022,785,383,None,Drag,browsing
1572512859.034,785,384,None,Drag,browsing
1572512859.043,784,385,None,Drag,browsing
1572512859.051,782,385,None,Drag,browsing
1572512859.0579998,780,386,None,Drag,browsing
1572512859.0670002,779,386,None,Drag,browsing
1572512859.0670002,779,386,Left,Released,browsing
1572512859.43,779,386,Left,Pressed,browsing
1572512859.43,779,386,None,Drag,browsing
1572512859.438,781,386,None,Drag,browsing
1572512859.446,783,386,None,Drag,browsing
1572512859.454,785,386,None,Drag,browsing
1572512859.462,787,386,None,Drag,browsing
1572512859.47,787,386,None,Drag,browsing
1572512859.478,788,386,None,Drag,browsing
1572512859.524,789,386,None,Drag,browsing
1572512859.549,789,386,None,Drag,browsing
1572512859.555,792,386,None,Drag,browsing
1572512859.562,794,386,None,Drag,browsing
1572512859.57,797,386,None,Drag,browsing
1572512859.579,800,386,None,Drag,browsing
1572512859.587,805,387,None,Drag,browsing
1572512859.594,812,388,None,Drag,browsing
1572512859.603,819,389,None,Drag,browsing
1572512859.61,826,392,None,Drag,browsing
1572512859.619,832,394,None,Drag,browsing
1572512859.625,841,395,None,Drag,browsing
1572512859.631,849,398,None,Drag,browsing
1572512859.641,859,399,None,Drag,browsing
1572512859.649,869,399,None,Drag,browsing
1572512859.656,878,400,None,Drag,browsing
1572512859.664,888,400,None,Drag,browsing
1572512859.673,898,401,None,Drag,browsing
1572512859.681,908,403,None,Drag,browsing
1572512859.689,916,403,None,Drag,browsing
1572512859.696,924,403,None,Drag,browsing
1572512859.702,932,403,None,Drag,browsing
1572512859.71,940,403,None,Drag,browsing
1572512859.718,946,403,None,Drag,browsing
1572512859.726,953,403,None,Drag,browsing
1572512859.734,960,402,None,Drag,browsing
1572512859.742,966,402,None,Drag,browsing
1572512859.75,973,400,None,Drag,browsing
1572512859.758,980,399,None,Drag,browsing
1572512859.766,987,398,None,Drag,browsing
1572512859.772,990,398,None,Drag,browsing
1572512859.78,994,397,None,Drag,browsing
1572512859.788,997,397,None,Drag,browsing
1572512859.796,1000,397,None,Drag,browsing
1572512859.804,1002,396,None,Drag,browsing
1572512859.813,1003,396,None,Drag,browsing
1572512859.821,1005,396,None,Drag,browsing
1572512859.8279998,1005,395,None,Drag,browsing
1572512859.834,1007,395,None,Drag,browsing
1572512859.842,1007,395,None,Drag,browsing
1572512859.85,1008,395,None,Drag,browsing
1572512859.859,1009,395,None,Drag,browsing
1572512859.867,1010,395,None,Drag,browsing
1572512859.8739998,1011,394,None,Drag,browsing
1572512859.8820002,1013,394,None,Drag,browsing
1572512859.89,1013,393,None,Drag,browsing
1572512859.899,1014,393,None,Drag,browsing
1572512859.904,1015,393,None,Drag,browsing
1572512859.913,1016,392,None,Drag,browsing
1572512859.92,1017,392,None,Drag,browsing
1572512859.92,1017,392,Left,Released,browsing
1572512860.147,1018,392,None,Move,browsing
1572512860.154,1021,392,None,Move,browsing
1572512860.163,1022,392,None,Move,browsing
1572512860.171,1025,392,None,Move,browsing
1572512860.179,1027,392,None,Move,browsing
1572512860.187,1030,392,None,Move,browsing
1572512860.1920002,1033,392,None,Move,browsing
1572512860.201,1034,392,None,Move,browsing
1572512860.208,1036,392,None,Move,browsing
1572512860.216,1037,392,None,Move,browsing
1572512860.224,1039,392,None,Move,browsing
1572512860.232,1039,392,None,Move,browsing
1572512860.2410002,1040,392,None,Move,browsing
1572512860.2489998,1041,393,None,Move,browsing
1572512860.256,1042,393,None,Move,browsing
1572512860.29,1042,393,None,Move,browsing
1572512860.303,1043,394,None,Move,browsing
1572512860.3179998,1044,394,None,Move,browsing
1572512860.327,1044,394,None,Move,browsing
1572512860.332,1046,394,None,Move,browsing
1572512860.34,1046,394,None,Move,browsing
1572512860.349,1048,394,None,Move,browsing
1572512860.356,1049,394,None,Move,browsing
1572512860.3639998,1051,394,None,Move,browsing
1572512860.3720002,1052,393,None,Move,browsing
1572512860.38,1052,393,None,Move,browsing
1572512860.3879998,1053,393,None,Move,browsing
1572512860.414,1054,393,None,Move,browsing
1572512860.4420002,1054,393,None,Move,browsing
1572512860.454,1055,393,None,Move,browsing
1572512860.4629998,1056,393,None,Move,browsing
1572512860.468,1056,393,None,Move,browsing
1572512860.4770002,1057,393,None,Move,browsing
1572512860.484,1058,392,None,Move,browsing
1572512860.4929998,1059,392,None,Move,browsing
1572512860.5,1059,392,None,Move,browsing
1572512860.508,1060,391,None,Move,browsing
1572512860.516,1061,391,None,Move,browsing
1572512860.529,1061,391,None,Move,browsing
1572512860.752,1061,390,Left,Pressed,browsing
1572512860.752,1061,390,None,Drag,browsing
1572512860.76,1053,389,None,Drag,browsing
1572512860.768,1045,389,None,Drag,browsing
1572512860.776,1035,386,None,Drag,browsing
1572512860.784,1025,385,None,Drag,browsing
1572512860.792,1013,385,None,Drag,browsing
1572512860.8,1000,385,None,Drag,browsing
1572512860.8079998,987,385,None,Drag,browsing
1572512860.816,974,385,None,Drag,browsing
1572512860.822,961,387,None,Drag,browsing
1572512860.83,949,388,None,Drag,browsing
1572512860.839,937,389,None,Drag,browsing
1572512860.847,926,392,None,Drag,browsing
1572512860.854,914,393,None,Drag,browsing
1572512860.8620002,904,395,None,Drag,browsing
1572512860.87,894,398,None,Drag,browsing
1572512860.879,885,399,None,Drag,browsing
1572512860.8860002,875,400,None,Drag,browsing
1572512860.8920002,864,400,None,Drag,browsing
1572512860.9,852,402,None,Drag,browsing
1572512860.908,841,403,None,Drag,browsing
1572512860.916,830,404,None,Drag,browsing
1572512860.924,817,404,None,Drag,browsing
1572512860.9320002,806,404,None,Drag,browsing
1572512860.941,795,404,None,Drag,browsing
1572512860.949,785,404,None,Drag,browsing
1572512860.957,774,405,None,Drag,browsing
1572512860.962,764,405,None,Drag,browsing
1572512860.97,756,405,None,Drag,browsing
1572512860.978,749,405,None,Drag,browsing
1572512860.986,747,405,None,Drag,browsing
1572512860.994,745,405,None,Drag,browsing
1572512861.002,745,405,None,Drag,browsing
1572512861.0110002,744,405,None,Drag,browsing
1572512861.1379998,744,405,None,Drag,browsing
1572512861.147,747,404,None,Drag,browsing
1572512861.154,753,402,None,Drag,browsing
1572512861.163,762,399,None,Drag,browsing
1572512861.17,770,397,None,Drag,browsing
1572512861.176,780,393,None,Drag,browsing
1572512861.184,790,391,None,Drag,browsing
1572512861.1929998,797,389,None,Drag,browsing
1572512861.2,802,386,None,Drag,browsing
1572512861.208,805,385,None,Drag,browsing
1572512861.217,807,383,None,Drag,browsing
1572512861.224,808,381,None,Drag,browsing
1572512861.274,808,381,None,Drag,browsing
1572512861.283,808,380,None,Drag,browsing
1572512861.291,807,380,None,Drag,browsing
1572512861.299,807,379,None,Drag,browsing
1572512861.3070002,806,379,None,Drag,browsing
1572512861.313,806,378,None,Drag,browsing
1572512861.323,805,378,None,Drag,browsing
1572512861.333,805,378,None,Drag,browsing
1572512861.341,803,377,None,Drag,browsing
1572512861.349,802,376,None,Drag,browsing
1572512861.357,802,376,None,Drag,browsing
1572512861.3639998,801,376,None,Drag,browsing
1572512861.373,800,375,None,Drag,browsing
1572512861.379,800,375,None,Drag,browsing
1572512861.39,799,375,None,Drag,browsing
1572512861.3979998,798,375,None,Drag,browsing
1572512861.411,798,375,None,Drag,browsing
1572512861.418,797,375,None,Drag,browsing
1572512861.427,796,375,None,Drag,browsing
1572512861.434,796,375,None,Drag,browsing
1572512861.4420002,793,376,None,Drag,browsing
1572512861.448,792,376,None,Drag,browsing
1572512861.457,790,377,None,Drag,browsing
1572512861.464,788,377,None,Drag,browsing
1572512861.472,787,378,None,Drag,browsing
1572512861.481,785,379,None,Drag,browsing
1572512861.4889998,784,379,None,Drag,browsing
1572512861.4970002,783,379,None,Drag,browsing
1572512861.504,782,380,None,Drag,browsing
1572512861.512,782,380,None,Drag,browsing
1572512861.574,781,380,None,Drag,browsing
1572512861.59,780,380,None,Drag,browsing
1572512861.597,780,380,None,Drag,browsing
1572512861.644,779,380,None,Drag,browsing
1572512861.748,778,380,None,Drag,browsing
1572512861.772,777,380,None,Drag,browsing
1572512861.788,777,380,None,Drag,browsing
1572512861.8,776,380,None,Drag,browsing
1572512861.8070002,775,380,None,Drag,browsing
1572512861.814,775,380,None,Drag,browsing
1572512861.823,774,380,None,Drag,browsing
1572512861.834,773,380,None,Drag,browsing
1572512861.929,773,381,None,Drag,browsing
1572512861.939,774,382,None,Drag,browsing
1572512861.947,774,382,None,Drag,browsing
1572512861.954,775,382,None,Drag,browsing
1572512862.008,776,383,None,Drag,browsing
1572512862.036,776,384,None,Drag,browsing
1572512862.048,776,384,None,Drag,browsing
1572512862.048,776,384,Left,Released,browsing
1572512862.059,777,385,None,Move,browsing
1572512862.064,779,386,None,Move,browsing
1572512862.073,780,387,None,Move,browsing
1572512862.0779998,781,387,None,Move,browsing
1572512862.086,782,389,None,Move,browsing
1572512862.094,782,389,None,Move,browsing
1572512862.103,783,390,None,Move,browsing
1572512862.111,784,391,None,Move,browsing
1572512862.1179998,785,392,None,Move,browsing
1572512862.127,786,393,None,Move,browsing
1572512862.1339998,787,394,None,Move,browsing
1572512862.1420002,788,395,None,Move,browsing
1572512862.1479998,790,397,None,Move,browsing
1572512862.156,792,399,None,Move,browsing
1572512862.164,794,400,None,Move,browsing
1572512862.1720002,798,403,None,Move,browsing
1572512862.181,803,408,None,Move,browsing
1572512862.189,809,414,None,Move,browsing
1572512862.197,816,418,None,Move,browsing
1572512862.204,823,426,None,Move,browsing
1572512862.2129998,834,434,None,Move,browsing
1572512862.218,844,444,None,Move,browsing
1572512862.2270002,855,455,None,Move,browsing
1572512862.234,865,465,None,Move,browsing
1572512862.242,873,479,None,Move,browsing
1572512862.2510002,880,494,None,Move,browsing
1572512862.258,884,510,None,Move,browsing
1572512862.2670002,888,528,None,Move,browsing
1572512862.274,892,550,None,Move,browsing
1572512862.283,895,571,None,Move,browsing
1572512862.291,896,598,None,Move,browsing
1572512862.296,898,629,None,Move,browsing
1572512862.304,904,660,None,Move,browsing
1572512862.313,906,700,None,Move,browsing
1572512862.321,906,742,None,Move,browsing
1572512862.329,905,782,None,Move,browsing
1572512862.336,900,826,None,Move,browsing
1572512862.344,897,860,None,Move,browsing
1572512862.356,893,894,None,Move,browsing
1572512862.3620002,891,924,None,Move,browsing
1572512862.3679998,888,952,None,Move,browsing
1572512862.375,883,971,None,Move,browsing
1572512862.383,881,985,None,Move,browsing
1572512862.391,878,1000,None,Move,browsing
1572512862.399,875,1010,None,Move,browsing
1572512862.406,873,1018,None,Move,browsing
1572512862.414,871,1027,None,Move,browsing
1572512862.423,868,1035,None,Move,browsing
1572512862.429,867,1040,None,Move,browsing
1572512862.436,865,1044,None,Move,browsing
1572512862.444,864,1047,None,Move,browsing
1572512862.452,864,1048,None,Move,browsing
1572512862.46,863,1050,None,Move,browsing
1572512862.468,862,1052,None,Move,browsing
1572512862.476,861,1054,None,Move,browsing
1572512862.484,860,1056,None,Move,browsing
1572512862.492,859,1058,None,Move,browsing
1572512862.4989998,859,1059,None,Move,browsing
1572512862.506,857,1061,None,Move,browsing
1572512862.514,855,1063,None,Move,browsing
1572512862.5229998,853,1065,None,Move,browsing
1572512862.535,852,1067,None,Move,browsing
1572512862.54,850,1069,None,Move,browsing
1572512862.5470002,846,1072,None,Move,browsing
1572512862.554,843,1074,None,Move,browsing
1572512862.562,839,1077,None,Move,browsing
1572512862.5679998,834,1080,None,Move,browsing
1572512862.576,830,1082,None,Move,browsing
1572512862.583,824,1082,None,Move,browsing
1572512862.592,817,1084,None,Move,browsing
1572512862.6,809,1084,None,Move,browsing
1572512862.6079998,801,1085,None,Move,browsing
1572512862.6160002,790,1086,None,Move,browsing
1572512862.6239998,780,1084,None,Move,browsing
1572512862.631,770,1087,None,Move,browsing
1572512862.6379998,759,1086,None,Move,browsing
1572512862.646,749,1087,None,Move,browsing
1572512862.654,739,1086,None,Move,browsing
1572512862.663,732,1082,None,Move,browsing
1572512862.671,725,1082,None,Move,browsing
1572512862.679,719,1081,None,Move,browsing
1572512862.686,715,1081,None,Move,browsing
1572512862.694,713,1081,None,Move,browsing
1572512862.7,711,1079,None,Move,browsing
1572512862.708,709,1080,None,Move,browsing
1572512862.717,708,1080,None,Move,browsing
1572512862.724,706,1080,None,Move,browsing
1572512862.7329998,704,1080,None,Move,browsing
1572512862.7410002,703,1079,None,Move,browsing
1572512862.748,701,1080,None,Move,browsing
1572512862.7570002,699,1080,None,Move,browsing
1572512862.764,697,1079,None,Move,browsing
1572512862.7729998,694,1080,None,Move,browsing
1572512862.778,693,1079,None,Move,browsing
1572512862.786,691,1079,None,Move,browsing
1572512862.794,690,1079,None,Move,browsing
1572512862.802,688,1079,None,Move,browsing
1572512862.81,686,1079,None,Move,browsing
1572512862.819,686,1079,None,Move,browsing
1572512862.826,685,1079,None,Move,browsing
1572512862.834,685,1078,None,Move,browsing
1572512862.86,685,1078,None,Move,browsing
1572512862.8679998,685,1076,None,Move,browsing
1572512862.8760002,685,1076,None,Move,browsing
1572512862.8839998,685,1074,None,Move,browsing
1572512862.8920002,685,1073,None,Move,browsing
1572512862.9,687,1071,None,Move,browsing
1572512862.908,687,1069,None,Move,browsing
1572512862.916,689,1068,None,Move,browsing
1572512862.9220002,691,1066,None,Move,browsing
1572512862.931,693,1064,None,Move,browsing
1572512862.939,694,1062,None,Move,browsing
1572512862.951,695,1062,None,Move,browsing
1572512862.9629998,696,1062,None,Move,browsing
1572512863.119,696,1062,Left,Pressed,browsing
1572512863.219,696,1062,Left,Released,browsing
1572512863.288,696,1059,None,Move,development
1572512863.296,698,1056,None,Move,development
1572512863.304,701,1051,None,Move,development
1572512863.312,709,1044,None,Move,development
1572512863.321,718,1036,None,Move,development
1572512863.327,728,1026,None,Move,development
1572512863.336,740,1012,None,Move,development
1572512863.343,752,995,None,Move,development
1572512863.35,767,964,None,Move,development
1572512863.3579998,784,929,None,Move,development
1572512863.3660002,795,899,None,Move,development
1572512863.3739998,798,871,None,Move,development
1572512863.383,808,836,None,Move,development
1572512863.39,824,786,None,Move,development
1572512863.399,837,744,None,Move,development
1572512863.406,845,706,None,Move,development
1572512863.4120002,853,670,None,Move,development
1572512863.42,860,644,None,Move,development
1572512863.428,863,631,None,Move,development
1572512863.436,866,623,None,Move,development
1572512863.445,868,617,None,Move,development
1572512863.452,869,614,None,Move,development
1572512863.46,871,612,None,Move,development
1572512863.468,871,610,None,Move,development
1572512863.476,872,609,None,Move,development
1572512863.482,872,608,None,Move,development
1572512863.4910002,874,607,None,Move,development
1572512863.4989998,874,607,None,Move,development
1572512863.5070002,875,607,None,Move,development
1572512863.514,877,606,None,Move,development
1572512863.5229998,877,606,None,Move,development
1572512863.531,877,605,None,Move,development
1572512863.539,879,604,None,Move,development
1572512863.544,880,604,None,Move,development
1572512863.553,881,603,None,Move,development
1572512863.561,882,602,None,Move,development
1572512863.5679998,883,602,None,Move,development
1572512863.576,885,601,None,Move,development
1572512863.584,886,599,None,Move,development
1572512863.593,886,598,None,Move,development
1572512863.601,888,597,None,Move,development
1572512863.609,890,594,None,Move,development
1572512863.613,891,593,None,Move,development
1572512863.623,893,589,None,Move,development
1572512863.631,895,583,None,Move,development
1572512863.6379998,896,580,None,Move,development
1572512863.646,897,577,None,Move,development
1572512863.655,897,576,None,Move,development
1572512863.7029998,897,576,None,Move,development
1572512863.716,897,577,None,Move,development
1572512863.724,896,579,None,Move,development
1572512863.7329998,894,583,None,Move,development
1572512863.7389998,891,588,None,Move,development
1572512863.748,886,594,None,Move,development
1572512863.756,883,600,None,Move,development
1572512863.7610002,879,605,None,Move,development
1572512863.77,878,608,None,Move,development
1572512863.779,877,610,None,Move,development
1572512863.786,877,610,None,Move,development
1572512863.844,877,610,None,Move,development
1572512863.8520002,877,610,None,Move,development
1572512863.861,877,609,None,Move,development
1572512863.869,877,607,None,Move,development
1572512863.8760002,876,605,None,Move,development
1572512863.8839998,875,602,None,Move,development
1572512863.893,873,598,None,Move,development
1572512863.8979998,871,592,None,Move,development
1572512863.906,869,587,None,Move,development
1572512863.914,866,580,None,Move,development
1572512863.923,864,573,None,Move,development
1572512863.931,861,566,None,Move,development
1572512863.938,857,559,None,Move,development
1572512863.946,854,552,None,Move,development
1572512863.954,849,545,None,Move,development
1572512863.96,844,537,None,Move,development
1572512863.968,842,533,None,Move,development
1572512863.9770002,840,532,None,Move,development
1572512863.984,838,530,None,Move,development
1572512863.992,837,528,None,Move,development
1572512864.0010002,836,528,None,Move,development
1572512864.012,835,528,None,Move,development
1572512864.082,835,528,None,Move,development
1572512864.091,835,529,None,Move,development
1572512864.099,835,531,None,Move,development
1572512864.104,834,533,None,Move,development
1572512864.113,833,534,None,Move,development
1572512864.12,832,536,None,Move,development
1572512864.1279998,832,537,None,Move,development
1572512864.1360002,831,538,None,Move,development
1572512864.144,830,540,None,Move,development
1572512864.1520002,828,541,None,Move,development
1572512864.16,827,543,None,Move,development
1572512864.169,827,544,None,Move,development
1572512864.174,826,544,None,Move,development
1572512864.1820002,825,546,None,Move,development
1572512864.191,825,548,None,Move,development
1572512864.199,824,549,None,Move,development
1572512864.206,824,550,None,Move,development
1572512864.214,823,551,None,Move,development
1572512864.231,823,551,None,Move,development
1572512864.2489998,823,552,None,Move,development
1572512864.316,822,552,Left,Pressed,development
1572512864.3170002,822,552,None,Drag,development
1572512864.3170002,822,552,Left,Released,development
1572512866.6379998,822,553,None,Move,development
1572512866.704,822,553,None,Move,development
1572512866.712,820,556,None,Move,development
1572512866.718,818,558,None,Move,development
1572512866.7270002,816,562,None,Move,development
1572512866.734,815,565,None,Move,development
1572512866.742,813,568,None,Move,development
1572512866.75,811,570,None,Move,development
1572512866.758,809,572,None,Move,development
1572512866.766,808,574,None,Move,development
1572512866.774,807,575,None,Move,development
1572512866.78,806,577,None,Move,development
1572512866.788,804,579,None,Move,development
1572512866.7970002,804,579,None,Move,development
1572512866.804,803,580,None,Move,development
1572512866.812,803,581,None,Move,development
1572512866.821,802,581,None,Move,development
1572512866.9320002,802,581,Left,Pressed,development
1572512867.042,802,581,Left,Released,development
1572512867.072,802,581,None,Move,development
1572512867.081,804,581,None,Move,development
1572512867.089,810,581,None,Move,development
1572512867.097,820,581,None,Move,development
1572512867.104,831,581,None,Move,development
1572512867.113,845,581,None,Move,development
1572512867.121,861,581,None,Move,development
1572512867.129,878,577,None,Move,development
1572512867.1339998,900,574,None,Move,development
1572512867.1420002,922,571,None,Move,development
1572512867.151,942,571,None,Move,development
1572512867.159,959,570,None,Move,development
1572512867.167,975,568,None,Move,development
1572512867.174,991,566,None,Move,development
1572512867.1820002,1004,563,None,Move,development
1572512867.19,1014,561,None,Move,development
1572512867.199,1022,559,None,Move,development
1572512867.204,1028,557,None,Move,development
1572512867.212,1029,556,None,Move,development
1572512867.22,1030,556,None,Move,development
1572512867.229,1030,556,None,Move,development
1572512867.306,1030,555,None,Move,development
1572512867.356,1030,555,Left,Pressed,development
1572512867.451,1030,555,Left,Released,development
1572512867.854,1031,555,None,Move,development
1572512867.8620002,1032,554,None,Move,development
1572512867.87,1036,554,None,Move,development
1572512867.8779998,1042,554,None,Move,development
1572512867.8860002,1049,554,None,Move,development
1572512867.894,1057,555,None,Move,development
1572512867.9,1066,555,None,Move,development
1572512867.908,1078,555,None,Move,development
1572512867.916,1092,553,None,Move,development
1572512867.924,1108,551,None,Move,development
1572512867.9320002,1129,548,None,Move,development
1572512867.94,1153,547,None,Move,development
1572512867.949,1177,543,None,Move,development
1572512867.956,1205,540,None,Move,development
1572512867.964,1234,533,None,Move,development
1572512867.97,1262,529,None,Move,development
1572512867.978,1290,524,None,Move,development
1572512867.986,1315,521,None,Move,development
1572512867.994,1336,518,None,Move,development
1572512868.0029998,1352,515,None,Move,development
1572512868.0110002,1364,512,None,Move,development
1572512868.019,1372,510,None,Move,development
1572512868.0270002,1379,508,None,Move,development
1572512868.034,1381,506,None,Move,development
1572512868.04,1383,504,None,Move,development
1572512868.049,1383,504,None,Move,development
1572512868.093,1384,504,None,Move,development
1572512868.104,1385,503,None,Move,development
1572512868.1120002,1385,503,None,Move,development
1572512868.279,1388,502,None,Move,development
1572512868.2870002,1397,495,None,Move,development
1572512868.294,1407,487,None,Move,development
1572512868.303,1416,480,None,Move,development
1572512868.309,1424,472,None,Move,development
1572512868.319,1431,465,None,Move,development
1572512868.324,1438,457,None,Move,development
1572512868.333,1446,450,None,Move,development
1572512868.341,1454,439,None,Move,development
1572512868.349,1462,429,None,Move,development
1572512868.357,1471,415,None,Move,development
1572512868.363,1482,402,None,Move,development
1572512868.3720002,1494,385,None,Move,development
1572512868.38,1505,368,None,Move,development
1572512868.389,1514,355,None,Move,development
1572512868.394,1522,346,None,Move,development
1572512868.403,1528,337,None,Move,development
1572512868.41,1532,330,None,Move,development
1572512868.419,1535,326,None,Move,development
1572512868.426,1536,324,None,Move,development
1572512868.434,1538,323,None,Move,development
1572512868.4420002,1539,322,None,Move,development
1572512868.45,1540,322,None,Move,development
1572512868.464,1540,321,None,Move,development
1572512868.476,1541,321,None,Move,development
1572512868.484,1542,321,None,Move,development
1572512868.492,1542,321,None,Move,development
1572512868.5010002,1544,321,None,Move,development
1572512868.508,1545,321,None,Move,development
1572512868.5170002,1547,323,None,Move,development
1572512868.524,1550,325,None,Move,development
1572512868.533,1553,327,None,Move,development
1572512868.538,1558,329,None,Move,development
1572512868.5470002,1563,332,None,Move,development
1572512868.554,1570,335,None,Move,development
1572512868.562,1577,338,None,Move,development
1572512868.571,1584,341,None,Move,development
1572512868.577,1591,344,None,Move,development
1572512868.587,1595,346,None,Move,development
1572512868.594,1598,347,None,Move,development
1572512868.6,1600,349,None,Move,development
1572512868.6079998,1601,351,None,Move,development
1572512868.6160002,1603,353,None,Move,development
1572512868.623,1605,353,None,Move,development
1572512868.633,1605,354,None,Move,development
1572512868.707,1605,355,None,Move,development
1572512868.7129998,1602,356,None,Move,development
1572512868.722,1598,358,None,Move,development
1572512868.731,1593,362,None,Move,development
1572512868.738,1587,364,None,Move,development
1572512868.745,1580,367,None,Move,development
1572512868.752,1575,371,None,Move,development
1572512868.76,1570,374,None,Move,development
1572512868.769,1566,377,None,Move,development
1572512868.7770002,1562,379,None,Move,development
1572512868.784,1560,381,None,Move,development
1572512868.792,1558,383,None,Move,development
1572512868.8,1556,384,None,Move,development
1572512868.8079998,1554,386,None,Move,development
1572512868.814,1554,388,None,Move,development
1572512868.823,1552,389,None,Move,development
1572512868.831,1551,390,None,Move,development
1572512868.839,1551,391,None,Move,development
1572512868.846,1551,391,None,Move,development
1572512868.863,1550,392,None,Move,development
1572512869.3760002,1550,392,None,Move,development
1572512869.3820002,1554,392,None,Move,development
1572512869.39,1559,391,None,Move,development
1572512869.3979998,1563,389,None,Move,development
1572512869.406,1569,387,None,Move,development
1572512869.421,1574,385,None,Move,development
1572512869.427,1579,383,None,Move,development
1572512869.4329998,1583,381,None,Move,development
1572512869.438,1586,379,None,Move,development
1572512869.444,1588,377,None,Move,development
1572512869.452,1590,375,None,Move,development
1572512869.46,1591,374,None,Move,development
1572512869.469,1592,372,None,Move,development
1572512869.476,1593,370,None,Move,development
1572512869.484,1594,370,None,Move,development
1572512869.492,1594,369,None,Move,development
1572512869.504,1594,368,None,Move,development
1572512869.512,1595,368,None,Move,development
1572512869.518,1595,368,None,Move,development
1572512869.526,1595,367,None,Move,development
1572512869.534,1596,367,None,Move,development
1572512869.546,1596,366,None,Move,development
1572512869.554,1596,366,None,Move,development
1572512869.563,1596,365,None,Move,development
1572512869.571,1596,363,None,Move,development
1572512869.5779998,1597,363,None,Move,development
1572512869.584,1597,361,None,Move,development
1572512869.592,1597,361,None,Move,development
1572512869.601,1598,360,None,Move,development
1572512869.6079998,1598,359,None,Move,development
1572512869.617,1598,358,None,Move,development
1572512869.718,1598,358,Left,Pressed,development
1572512869.823,1598,358,Left,Released,development
1572512870.1020002,1598,358,None,Move,development
1572512870.109,1591,364,None,Move,development
1572512870.1179998,1580,375,None,Move,development
1572512870.1260002,1567,386,None,Move,development
1572512870.1339998,1546,401,None,Move,development
1572512870.1420002,1525,421,None,Move,development
1572512870.149,1505,436,None,Move,development
1572512870.157,1485,449,None,Move,development
1572512870.164,1465,464,None,Move,development
1572512870.1720002,1445,477,None,Move,development
1572512870.179,1423,491,None,Move,development
1572512870.189,1403,504,None,Move,development
1572512870.196,1386,517,None,Move,development
1572512870.2029998,1376,523,None,Move,development
1572512870.212,1365,530,None,Move,development
1572512870.218,1358,533,None,Move,development
1572512870.226,1351,536,None,Move,development
1572512870.234,1346,538,None,Move,development
1572512870.242,1342,540,None,Move,development
1572512870.25,1340,540,None,Move,development
1572512870.258,1340,540,None,Move,development
1572512870.2670002,1339,540,None,Move,development
1572512870.309,1339,541,None,Move,development
1572512870.514,1337,542,None,Move,development
1572512870.522,1330,549,None,Move,development
1572512870.53,1321,556,None,Move,development
1572512870.538,1314,564,None,Move,development
1572512870.546,1309,568,None,Move,development
1572512870.554,1302,575,None,Move,development
1572512870.562,1294,583,None,Move,development
1572512870.5679998,1284,594,None,Move,development
1572512870.576,1268,605,None,Move,development
1572512870.584,1250,619,None,Move,development
1572512870.593,1227,638,None,Move,development
1572512870.6,1203,656,None,Move,development
1572512870.6079998,1180,672,None,Move,development
1572512870.6160002,1165,685,None,Move,development
1572512870.6239998,1145,700,None,Move,development
1572512870.633,1124,718,None,Move,development
1572512870.637,1105,731,None,Move,development
1572512870.646,1088,741,None,Move,development
1572512870.654,1078,750,None,Move,development
1572512870.6620002,1067,758,None,Move,development
1572512870.671,1060,764,None,Move,development
1572512870.678,1057,770,None,Move,development
1572512870.687,1055,772,None,Move,development
1572512870.694,1053,774,None,Move,development
1572512870.702,1051,776,None,Move,development
1572512870.708,1051,778,None,Move,development
1572512870.717,1049,779,None,Move,development
1572512870.724,1047,781,None,Move,development
1572512870.7329998,1045,783,None,Move,development
1572512870.7410002,1044,784,None,Move,development
1572512870.748,1042,787,None,Move,development
1572512870.756,1040,789,None,Move,development
1572512870.764,1038,791,None,Move,development
1572512870.772,1037,794,None,Move,development
1572512870.778,1035,798,None,Move,development
1572512870.786,1033,801,None,Move,development
1572512870.794,1031,802,None,Move,development
1572512870.803,1029,805,None,Move,development
1572512870.81,1028,807,None,Move,development
1572512870.819,1027,808,None,Move,development
1572512870.826,1027,810,None,Move,development
1572512870.834,1027,811,None,Move,development
1572512871.18,1025,813,None,Move,development
1572512871.189,1024,815,None,Move,development
1572512871.194,1021,817,None,Move,development
1572512871.2029998,1019,818,None,Move,development
1572512871.21,1017,820,None,Move,development
1572512871.219,1014,823,None,Move,development
1572512871.226,1011,825,None,Move,development
1572512871.234,1009,826,None,Move,development
1572512871.242,1008,828,None,Move,development
1572512871.25,1006,830,None,Move,development
1572512871.258,1004,831,None,Move,development
1572512871.266,1003,831,None,Move,development
1572512871.272,1002,831,None,Move,development
1572512871.28,1001,831,None,Move,development
1572512871.3739998,1001,831,None,Move,development
1572512871.3820002,999,831,None,Move,development
1572512871.391,998,829,None,Move,development
1572512871.3979998,997,828,None,Move,development
1572512871.404,996,827,None,Move,development
1572512871.4120002,995,826,None,Move,development
1572512871.421,995,826,None,Move,development
1572512871.428,995,826,None,Move,development
1572512871.436,995,825,None,Move,development
1572512871.444,994,825,None,Move,development
1572512871.564,993,824,None,Move,development
1572512871.572,993,823,None,Move,development
1572512871.58,993,823,None,Move,development
1572512871.649,993,823,None,Move,development
1572512871.671,985,825,None,Move,development
1572512871.68,973,831,None,Move,development
1572512871.686,956,839,None,Move,development
1572512871.6920002,938,848,None,Move,development
1572512871.702,910,859,None,Move,development
1572512871.708,880,873,None,Move,development
1572512871.716,846,887,None,Move,development
1572512871.724,808,903,None,Move,development
1572512871.732,773,924,None,Move,development
1572512871.74,734,950,None,Move,development
1572512871.75,698,976,None,Move,development
1572512871.7589998,671,999,None,Move,development
1572512871.768,650,1014,None,Move,development
1572512871.775,636,1026,None,Move,development
1572512871.783,626,1035,None,Move,development
1572512871.79,617,1041,None,Move,development
1572512871.7970002,612,1047,None,Move,development
1572512871.804,611,1049,None,Move,development
1572512871.81,611,1052,None,Move,development
1572512871.8179998,611,1054,None,Move,development
1572512871.825,613,1055,None,Move,development
1572512871.833,617,1057,None,Move,development
1572512871.84,622,1060,None,Move,development
1572512871.847,629,1060,None,Move,development
1572512871.856,635,1059,None,Move,development
1572512871.863,644,1057,None,Move,development
1572512871.8720002,652,1055,None,Move,development
1572512871.88,659,1052,None,Move,development
1572512871.887,666,1050,None,Move,development
1572512871.893,671,1049,None,Move,development
1572512871.901,675,1048,None,Move,development
1572512871.91,678,1046,None,Move,development
1572512871.918,679,1045,None,Move,development
1572512871.926,681,1045,None,Move,development
1572512871.934,682,1045,None,Move,development
1572512871.9420002,684,1045,None,Move,development
1572512871.95,685,1045,None,Move,development
1572512871.956,685,1046,None,Move,development
1572512871.964,685,1046,None,Move,development
1572512871.972,685,1048,None,Move,development
1572512871.98,686,1050,None,Move,development
1572512871.9889998,686,1051,None,Move,development
1572512871.9970002,686,1053,None,Move,development
1572512872.004,686,1054,None,Move,development
1572512872.012,687,1056,None,Move,development
1572512872.02,687,1057,None,Move,development
1572512872.026,688,1058,None,Move,development
1572512872.038,688,1059,None,Move,development
1572512872.055,689,1059,None,Move,development
1572512872.062,690,1059,None,Move,development
1572512872.07,690,1059,None,Move,development
1572512872.0779998,692,1059,None,Move,development
1572512872.086,693,1059,None,Move,development
1572512872.094,694,1059,None,Move,development
1572512872.101,695,1059,None,Move,development
1572512872.1079998,696,1059,None,Move,development
1572512872.117,697,1059,None,Move,development
1572512872.125,698,1059,None,Move,development
1572512872.1360002,699,1058,None,Move,development
1572512872.144,700,1058,None,Move,development
1572512872.1520002,700,1058,None,Move,development
1572512872.16,701,1058,None,Move,development
1572512872.4329998,702,1056,None,Move,development
1572512872.441,706,1050,None,Move,development
1572512872.446,712,1042,None,Move,development
1572512872.454,720,1033,None,Move,development
1572512872.462,728,1021,None,Move,development
1572512872.471,738,1006,None,Move,development
1572512872.48,751,986,None,Move,development
1572512872.486,769,962,None,Move,development
1572512872.494,793,935,None,Move,development
1572512872.502,813,911,None,Move,development
1572512872.51,832,884,None,Move,development
1572512872.516,854,852,None,Move,development
1572512872.525,870,820,None,Move,development
1572512872.533,880,799,None,Move,development
1572512872.541,886,782,None,Move,development
1572512872.548,890,766,None,Move,development
1572512872.5570002,891,755,None,Move,development
1572512872.564,891,745,None,Move,development
1572512872.572,890,738,None,Move,development
1572512872.58,886,731,None,Move,development
1572512872.586,881,725,None,Move,development
1572512872.595,874,722,None,Move,development
1572512872.603,867,719,None,Move,development
1572512872.611,859,717,None,Move,development
1572512872.6179998,849,713,None,Move,development
1572512872.6260002,839,711,None,Move,development
1572512872.6339998,829,708,None,Move,development
1572512872.6420002,819,706,None,Move,development
1572512872.65,809,703,None,Move,development
1572512872.656,799,701,None,Move,development
1572512872.665,792,698,None,Move,development
1572512872.6720002,784,696,None,Move,development
1572512872.681,777,694,None,Move,development
1572512872.689,770,691,None,Move,development
1572512872.696,763,689,None,Move,development
1572512872.705,759,687,None,Move,development
1572512872.712,756,685,None,Move,development
1572512872.721,755,684,None,Move,development
1572512872.7270002,753,684,None,Move,development
1572512872.735,752,684,None,Move,development
1572512872.742,750,684,None,Move,development
1572512872.75,749,684,None,Move,development
1572512872.7589998,747,684,None,Move,development
1572512872.7670002,746,684,None,Move,development
1572512872.775,746,684,None,Move,development
1572512872.783,745,684,None,Move,development
1572512872.791,744,684,None,Move,development
1572512872.796,744,684,None,Move,development
1572512872.805,743,684,None,Move,development
1572512872.812,742,684,None,Move,development
1572512872.821,742,685,None,Move,development
1572512872.8279998,740,685,None,Move,development
1572512872.837,740,685,None,Move,development
1572512872.845,739,686,None,Move,development
1572512872.853,739,687,None,Move,development
1572512872.861,737,687,None,Move,development
1572512873.018,737,688,None,Move,development
1572512873.033,737,689,None,Move,development
1572512873.041,737,689,None,Move,development
1572512873.059,737,690,None,Move,development
1572512873.077,737,690,None,Move,development
1572512873.252,737,691,None,Move,development
1572512873.264,738,692,None,Move,development
1572512873.272,738,694,None,Move,development
1572512873.28,739,697,None,Move,development
1572512873.286,739,698,None,Move,development
1572512873.294,739,700,None,Move,development
1572512873.303,739,700,None,Move,development
1572512873.31,739,703,None,Move,development
1572512873.3179998,739,704,None,Move,development
1572512873.326,739,706,None,Move,development
1572512873.334,739,707,None,Move,development
1572512873.342,739,710,None,Move,development
1572512873.351,739,712,None,Move,development
1572512873.356,739,713,None,Move,development
1572512873.3639998,738,715,None,Move,development
1572512873.3720002,737,717,None,Move,development
1572512873.38,737,718,None,Move,development
1572512873.389,737,719,None,Move,development
1572512873.408,736,719,None,Move,development
1572512873.417,736,720,None,Move,development
1572512873.425,736,722,None,Move,development
1572512873.435,736,722,None,Move,development
1572512873.5370002,737,723,None,Move,development
1572512873.549,737,724,None,Move,development
1572512873.5570002,738,724,None,Move,development
1572512873.606,739,724,None,Move,development
1572512873.623,739,724,None,Move,development
1572512873.668,740,724,None,Move,development
1572512873.685,742,726,None,Move,development
1572512873.6929998,743,728,None,Move,development
1572512873.7,744,728,None,Move,development
1572512873.742,744,729,None,Move,development
1572512873.75,744,736,None,Move,development
1572512873.758,745,745,None,Move,development
1572512873.766,746,755,None,Move,development
1572512873.774,748,764,None,Move,development
1572512873.78,748,774,None,Move,development
1572512873.788,748,785,None,Move,development
1572512873.796,747,795,None,Move,development
1572512873.804,745,805,None,Move,development
1572512873.813,743,815,None,Move,development
1572512873.82,740,828,None,Move,development
1572512873.8279998,737,841,None,Move,development
1572512873.837,735,857,None,Move,development
1572512873.842,732,873,None,Move,development
1572512873.85,729,889,None,Move,development
1572512873.859,727,902,None,Move,development
1572512873.8660002,724,915,None,Move,development
1572512873.8739998,720,925,None,Move,development
1572512873.8820002,718,935,None,Move,development
1572512873.89,715,944,None,Move,development
1572512873.899,713,951,None,Move,development
1572512873.907,712,956,None,Move,development
1572512873.9120002,711,958,None,Move,development
1572512873.92,711,961,None,Move,development
1572512873.928,710,963,None,Move,development
1572512873.937,710,964,None,Move,development
1572512873.945,710,966,None,Move,development
1572512873.9529998,710,967,None,Move,development
1572512873.961,710,969,None,Move,development
1572512873.967,710,969,None,Move,development
1572512873.9770002,710,970,None,Move,development
1572512873.982,710,971,None,Move,development
1572512873.9910002,710,972,None,Move,development
1572512873.998,711,974,None,Move,development
1572512874.0070002,712,975,None,Move,development
1572512874.014,712,976,None,Move,development
1572512874.022,713,977,None,Move,development
1572512874.03,714,978,None,Move,development
1572512874.039,715,980,None,Move,development
1572512874.046,715,982,None,Move,development
1572512874.052,715,982,None,Move,development
1572512874.06,715,984,None,Move,development
1572512874.0679998,716,985,None,Move,development
1572512874.076,717,987,None,Move,development
1572512874.084,718,990,None,Move,development
1572512874.093,720,996,None,Move,development
1572512874.101,722,1003,None,Move,development
1572512874.1079998,725,1011,None,Move,development
1572512874.1160002,727,1021,None,Move,development
1572512874.1220002,730,1031,None,Move,development
1572512874.13,732,1041,None,Move,development
1572512874.1379998,735,1050,None,Move,development
1572512874.147,737,1056,None,Move,development
1572512874.155,738,1063,None,Move,development
1572512874.163,739,1070,None,Move,development
1572512874.171,739,1075,None,Move,development
1572512874.179,740,1077,None,Move,development
1572512874.184,740,1079,None,Move,development
1572512874.1929998,740,1081,None,Move,development
1572512874.201,740,1079,None,Move,development
1572512874.2129998,740,1079,Left,Pressed,development
1572512874.282,740,1079,Left,Released,development
1572512874.361,740,1079,None,Move,browsing
1572512874.3720002,740,1078,None,Move,browsing
1572512874.38,740,1075,None,Move,browsing
1572512874.389,740,1070,None,Move,browsing
1572512874.396,740,1063,None,Move,browsing
1572512874.403,741,1053,None,Move,browsing
1572512874.41,744,1039,None,Move,browsing
1572512874.419,745,1019,None,Move,browsing
1572512874.426,745,990,None,Move,browsing
1572512874.434,743,955,None,Move,browsing
1572512874.4420002,732,917,None,Move,browsing
1572512874.451,722,878,None,Move,browsing
1572512874.459,714,843,None,Move,browsing
1572512874.466,703,812,None,Move,browsing
1572512874.472,691,779,None,Move,browsing
1572512874.48,681,755,None,Move,browsing
1572512874.488,668,735,None,Move,browsing
1572512874.496,656,721,None,Move,browsing
1572512874.504,646,710,None,Move,browsing
1572512874.512,637,701,None,Move,browsing
1572512874.521,628,692,None,Move,browsing
1572512874.528,622,686,None,Move,browsing
1572512874.5370002,619,685,None,Move,browsing
1572512874.543,618,683,None,Move,browsing
1572512874.551,618,683,None,Move,browsing
1572512874.699,618,681,None,Move,browsing
1572512874.711,618,681,None,Move,browsing
1572512874.718,618,680,None,Move,browsing
1572512874.7270002,618,679,None,Move,browsing
1572512874.734,618,678,None,Move,browsing
1572512874.909,617,678,None,Move,browsing
1572512874.921,615,678,None,Move,browsing
1572512874.928,615,679,None,Move,browsing
1572512874.937,613,681,None,Move,browsing
1572512874.945,612,681,None,Move,browsing
1572512874.9529998,609,683,None,Move,browsing
1572512874.958,605,685,None,Move,browsing
1572512874.965,598,687,None,Move,browsing
1572512874.975,588,690,None,Move,browsing
1572512874.982,574,693,None,Move,browsing
1572512874.9910002,556,695,None,Move,browsing
1572512874.998,531,699,None,Move,browsing
1572512875.0070002,503,704,None,Move,browsing
1572512875.014,469,708,None,Move,browsing
1572512875.0229998,435,712,None,Move,browsing
1572512875.029,401,715,None,Move,browsing
1572512875.0370002,371,715,None,Move,browsing
1572512875.045,343,719,None,Move,browsing
1572512875.053,325,722,None,Move,browsing
1572512875.061,314,722,None,Move,browsing
1572512875.069,307,723,None,Move,browsing
1572512875.076,303,723,None,Move,browsing
1572512875.084,302,723,None,Move,browsing
1572512875.8679998,301,723,None,Move,browsing
1572512875.8760002,296,725,None,Move,browsing
1572512875.8839998,289,726,None,Move,browsing
1572512875.893,281,727,None,Move,browsing
1572512875.901,272,728,None,Move,browsing
1572512875.909,263,729,None,Move,browsing
1572512875.917,256,730,None,Move,browsing
1572512875.925,249,733,None,Move,browsing
1572512875.9320002,242,734,None,Move,browsing
1572512875.938,239,734,None,Move,browsing
1572512875.947,237,734,None,Move,browsing
1572512875.955,236,734,None,Move,browsing
1572512875.962,235,735,None,Move,browsing
1572512876.16,234,735,None,Move,browsing
1572512876.176,232,735,None,Move,browsing
1572512876.184,227,733,None,Move,browsing
1572512876.1920002,218,730,None,Move,browsing
1572512876.201,207,728,None,Move,browsing
1572512876.208,195,725,None,Move,browsing
1572512876.214,179,723,None,Move,browsing
1572512876.222,165,720,None,Move,browsing
1572512876.231,150,717,None,Move,browsing
1572512876.2389998,140,716,None,Move,browsing
1572512876.2470002,132,714,None,Move,browsing
1572512876.254,127,713,None,Move,browsing
1572512876.262,124,711,None,Move,browsing
1572512876.271,122,709,None,Move,browsing
1572512876.279,122,708,None,Move,browsing
1572512876.284,122,708,None,Move,browsing
1572512876.2970002,122,707,None,Move,browsing
1572512876.341,122,706,None,Move,browsing
1572512876.355,123,706,None,Move,browsing
1572512876.363,125,706,None,Move,browsing
1572512876.371,125,705,None,Move,browsing
1572512881.704,125,704,None,Move,browsing
1572512881.718,126,701,None,Move,browsing
1572512881.7270002,130,691,None,Move,browsing
1572512881.735,132,682,None,Move,browsing
1572512881.742,134,678,None,Move,browsing
1572512881.75,136,677,None,Move,browsing
1572512881.7589998,140,675,None,Move,browsing
1572512881.7670002,147,670,None,Move,browsing
1572512881.775,158,661,None,Move,browsing
1572512881.783,162,657,None,Move,browsing
1572512881.789,163,657,None,Move,browsing
1572512881.8860002,164,655,None,Move,browsing
1572512881.895,166,653,None,Move,browsing
1572512881.9020002,168,651,None,Move,browsing
1572512881.911,169,649,None,Move,browsing
1572512881.919,169,648,None,Move,browsing
1572512881.924,170,647,None,Move,browsing
1572512881.9329998,171,646,None,Move,browsing
1572512881.94,171,645,None,Move,browsing
1572512881.949,173,643,None,Move,browsing
1572512881.956,176,641,None,Move,browsing
1572512881.965,179,638,None,Move,browsing
1572512881.972,181,635,None,Move,browsing
1572512881.98,185,633,None,Move,browsing
1572512881.988,188,632,None,Move,browsing
1572512881.995,190,630,None,Move,browsing
1572512882.002,190,628,None,Move,browsing
1572512882.01,190,628,None,Move,browsing
1572512882.018,190,626,None,Move,browsing
1572512882.026,189,626,None,Move,browsing
1572512882.146,187,626,None,Move,browsing
1572512882.154,183,628,None,Move,browsing
1572512882.163,179,630,None,Move,browsing
1572512882.171,177,631,None,Move,browsing
1572512882.179,178,631,None,Move,browsing
1572512882.186,184,631,None,Move,browsing
1572512882.194,189,631,None,Move,browsing
1572512882.202,196,630,None,Move,browsing
1572512882.208,205,625,None,Move,browsing
1572512882.217,215,618,None,Move,browsing
1572512882.225,226,610,None,Move,browsing
1572512882.2329998,236,602,None,Move,browsing
1572512882.24,245,595,None,Move,browsing
1572512882.2489998,250,588,None,Move,browsing
1572512882.256,251,585,None,Move,browsing
1572512882.265,251,583,None,Move,browsing
1572512882.27,249,584,None,Move,browsing
1572512882.279,246,586,None,Move,browsing
1572512882.2870002,245,586,None,Move,browsing
1572512882.4420002,247,586,None,Move,browsing
1572512882.451,258,580,None,Move,browsing
1572512882.459,269,572,None,Move,browsing
1572512882.467,283,564,None,Move,browsing
1572512882.474,298,558,None,Move,browsing
1572512882.482,312,556,None,Move,browsing
1572512882.488,329,550,None,Move,browsing
1572512882.496,341,542,None,Move,browsing
1572512882.505,351,533,None,Move,browsing
1572512882.5129998,360,525,None,Move,browsing
1572512882.521,366,518,None,Move,browsing
1572512882.529,367,517,None,Move,browsing
1572512882.5370002,367,517,None,Move,browsing
1572512882.545,359,519,None,Move,browsing
1572512882.553,349,521,None,Move,browsing
1572512882.5579998,334,524,None,Move,browsing
1572512882.5670002,318,526,None,Move,browsing
1572512882.575,300,529,None,Move,browsing
1572512882.583,281,534,None,Move,browsing
1572512882.59,262,538,None,Move,browsing
1572512882.5979998,240,543,None,Move,browsing
1572512882.606,221,546,None,Move,browsing
1572512882.615,197,549,None,Move,browsing
1572512882.621,170,549,None,Move,browsing
1572512882.629,143,546,None,Move,browsing
1572512882.637,112,545,None,Move,browsing
1572512882.645,96,541,None,Move,browsing
1572512882.653,83,537,None,Move,browsing
1572512882.661,73,532,None,Move,browsing
1572512882.669,64,528,None,Move,browsing
1572512882.677,57,524,None,Move,browsing
1572512882.685,53,522,None,Move,browsing
1572512882.69,52,521,None,Move,browsing
1572512882.698,50,520,None,Move,browsing
1572512882.707,49,519,None,Move,browsing
1572512882.722,49,518,None,Move,browsing
1572512882.731,48,517,None,Move,browsing
1572512882.738,48,515,None,Move,browsing
1572512882.995,48,514,None,Move,browsing
1572512883.002,48,513,None,Move,browsing
1572512883.0110002,48,512,None,Move,browsing
1572512883.1079998,47,512,None,Move,browsing
1572512883.1139998,47,511,None,Move,browsing
1572512883.1220002,47,510,None,Move,browsing
1572512883.13,47,508,None,Move,browsing
1572512883.1379998,46,507,None,Move,browsing
1572512883.337,46,507,None,Move,browsing
1572512884.23,46,507,None,Move,browsing
1572512884.2510002,48,508,None,Move,browsing
1572512884.3520002,48,509,None,Move,browsing
1572512884.452,49,509,None,Move,browsing
1572512884.469,49,510,None,Move,browsing
1572512884.476,50,511,None,Move,browsing
1572512884.496,51,511,None,Move,browsing
1572512886.946,51,511,None,Move,browsing
1572512886.962,54,511,None,Move,browsing
1572512886.97,62,511,None,Move,browsing
1572512886.976,72,509,None,Move,browsing
1572512886.985,85,507,None,Move,browsing
1572512886.992,100,504,None,Move,browsing
1572512887.0010002,114,501,None,Move,browsing
1572512887.008,130,499,None,Move,browsing
1572512887.0170002,146,497,None,Move,browsing
1572512887.025,162,495,None,Move,browsing
1572512887.033,179,492,None,Move,browsing
1572512887.041,197,489,None,Move,browsing
1572512887.046,213,487,None,Move,browsing
1572512887.054,229,484,None,Move,browsing
1572512887.063,245,481,None,Move,browsing
1572512887.07,258,480,None,Move,browsing
1572512887.079,268,477,None,Move,browsing
1572512887.086,278,475,None,Move,browsing
1572512887.095,286,473,None,Move,browsing
1572512887.103,293,471,None,Move,browsing
1572512887.11,295,471,None,Move,browsing
1572512887.117,297,471,None,Move,browsing
1572512887.272,298,471,None,Move,browsing
1572512887.285,299,469,None,Move,browsing
1572512887.292,301,467,None,Move,browsing
1572512887.301,303,466,None,Move,browsing
1572512887.3079998,304,465,None,Move,browsing
1572512887.3170002,306,463,None,Move,browsing
1572512887.325,307,462,None,Move,browsing
1572512887.33,308,462,None,Move,browsing
1572512887.3379998,310,461,None,Move,browsing
1572512887.347,311,460,None,Move,browsing
1572512887.355,313,458,None,Move,browsing
1572512887.3620002,315,458,None,Move,browsing
1572512887.371,316,457,None,Move,browsing
1572512887.379,319,456,None,Move,browsing
1572512887.3860002,324,455,None,Move,browsing
1572512887.394,329,453,None,Move,browsing
1572512887.401,336,452,None,Move,browsing
1572512887.408,345,449,None,Move,browsing
1572512887.417,355,447,None,Move,browsing
1572512887.425,366,444,None,Move,browsing
1572512887.4329998,381,442,None,Move,browsing
1572512887.441,397,439,None,Move,browsing
1572512887.449,413,436,None,Move,browsing
1572512887.457,429,433,None,Move,browsing
1572512887.462,449,432,None,Move,browsing
1572512887.47,465,429,None,Move,browsing
1572512887.479,482,428,None,Move,browsing
1572512887.4870002,500,428,None,Move,browsing
1572512887.495,516,431,None,Move,browsing
1572512887.5029998,530,434,None,Move,browsing
1572512887.5110002,540,436,None,Move,browsing
1572512887.519,547,438,None,Move,browsing
1572512887.526,551,440,None,Move,browsing
1572512887.532,553,442,None,Move,browsing
1572512887.541,555,444,None,Move,browsing
1572512887.549,555,445,None,Move,browsing
1572512887.5570002,555,446,None,Move,browsing
1572512887.565,555,447,None,Move,browsing
1572512887.573,555,448,None,Move,browsing
1572512887.581,555,450,None,Move,browsing
1572512887.5879998,555,451,None,Move,browsing
1572512887.596,555,453,None,Move,browsing
1572512887.603,555,455,None,Move,browsing
1572512887.611,555,457,None,Move,browsing
1572512887.619,555,458,None,Move,browsing
1572512887.627,555,460,None,Move,browsing
1572512887.635,555,462,None,Move,browsing
1572512887.643,555,463,None,Move,browsing
1572512887.651,554,464,None,Move,browsing
1572512887.659,553,465,None,Move,browsing
1572512887.667,553,466,None,Move,browsing
1572512887.6720002,552,467,None,Move,browsing
1572512887.681,551,467,None,Move,browsing
1572512887.689,551,468,None,Move,browsing
1572512887.697,550,469,None,Move,browsing
1572512887.705,549,470,None,Move,browsing
1572512887.712,548,471,None,Move,browsing
1572512887.721,546,473,None,Move,browsing
1572512887.728,544,475,None,Move,browsing
1572512887.7370002,543,476,None,Move,browsing
1572512887.7429998,540,478,None,Move,browsing
1572512887.75,538,481,None,Move,browsing
1572512887.758,535,483,None,Move,browsing
1572512887.7670002,534,485,None,Move,browsing
1572512887.775,532,487,None,Move,browsing
1572512887.783,531,489,None,Move,browsing
1572512887.791,530,490,None,Move,browsing
1572512887.799,529,492,None,Move,browsing
1572512887.8070002,529,493,None,Move,browsing
1572512887.811,529,495,None,Move,browsing
1572512887.82,530,497,None,Move,browsing
1572512887.8279998,532,498,None,Move,browsing
1572512887.837,534,500,None,Move,browsing
1572512887.845,537,502,None,Move,browsing
1572512887.853,542,504,None,Move,browsing
1572512887.86,549,506,None,Move,browsing
1572512887.869,558,509,None,Move,browsing
1572512887.8760002,568,511,None,Move,browsing
1572512887.885,582,514,None,Move,browsing
1572512887.891,600,517,None,Move,browsing
1572512887.899,627,525,None,Move,browsing
1572512887.907,653,534,None,Move,browsing
1572512887.915,679,539,None,Move,browsing
1572512887.923,706,543,None,Move,browsing
1572512887.931,731,546,None,Move,browsing
1572512887.938,753,549,None,Move,browsing
1572512887.946,777,553,None,Move,browsing
1572512887.952,806,558,None,Move,browsing
1572512887.96,833,560,None,Move,browsing
1572512887.969,850,560,None,Move,browsing
1572512887.9770002,873,558,None,Move,browsing
1572512887.985,894,554,None,Move,browsing
1572512887.9929998,910,552,None,Move,browsing
1572512888.0010002,926,549,None,Move,browsing
1572512888.008,939,546,None,Move,browsing
1572512888.0170002,951,544,None,Move,browsing
1572512888.0229998,959,542,None,Move,browsing
1572512888.031,966,539,None,Move,browsing
1572512888.039,972,537,None,Move,browsing
1572512888.046,973,535,None,Move,browsing
1572512888.055,975,535,None,Move,browsing
1572512888.063,976,534,None,Move,browsing
1572512888.071,976,534,None,Move,browsing
1572512888.236,976,533,None,Move,browsing
1572512888.265,976,532,None,Move,browsing
1572512888.276,976,532,None,Move,browsing
1572512888.284,976,531,None,Move,browsing
1572512888.5070002,976,530,None,Move,browsing
1572512888.521,976,530,None,Move,browsing
1572512888.533,976,529,None,Move,browsing
1572512888.573,976,528,None,Move,browsing
1572512888.582,976,528,None,Move,browsing
1572512888.603,975,528,None,Move,browsing
1572512888.635,975,528,None,Move,browsing
1572512888.89,975,527,None,Move,browsing
1572512888.941,975,526,None,Move,browsing
1572512888.961,975,526,None,Move,browsing
1572512888.968,974,525,None,Move,browsing
1572512889.167,974,524,None,Move,browsing
1572512889.1829998,973,524,None,Move,browsing
1572512889.191,973,523,None,Move,browsing
1572512889.217,973,522,None,Move,browsing
1572512889.228,973,522,None,Move,browsing
1572512889.2370002,973,522,None,Move,browsing
1572512889.265,973,521,None,Move,browsing
1572512889.272,973,520,None,Move,browsing
1572512889.283,972,520,None,Move,browsing
1572512889.8579998,971,520,None,Move,browsing
1572512889.87,970,520,None,Move,browsing
1572512889.879,968,521,None,Move,browsing
1572512889.887,967,521,None,Move,browsing
1572512889.895,967,521,None,Move,browsing
1572512890.423,967,521,None,Move,browsing
1572512890.434,967,521,None,Move,browsing
1572512890.4429998,968,521,None,Move,browsing
1572512890.451,969,520,None,Move,browsing
1572512890.459,972,519,None,Move,browsing
1572512890.467,976,518,None,Move,browsing
1572512890.475,982,518,None,Move,browsing
1572512890.48,991,515,None,Move,browsing
1572512890.488,999,513,None,Move,browsing
1572512890.496,1007,511,None,Move,browsing
1572512890.505,1017,508,None,Move,browsing
1572512890.512,1029,505,None,Move,browsing
1572512890.521,1040,503,None,Move,browsing
1572512890.529,1057,497,None,Move,browsing
1572512890.5370002,1072,493,None,Move,browsing
1572512890.545,1088,489,None,Move,browsing
1572512890.55,1101,487,None,Move,browsing
1572512890.559,1114,483,None,Move,browsing
1572512890.5670002,1125,480,None,Move,browsing
1572512890.575,1137,478,None,Move,browsing
1572512890.582,1147,475,None,Move,browsing
1572512890.591,1157,473,None,Move,browsing
1572512890.5979998,1167,470,None,Move,browsing
1572512890.606,1175,468,None,Move,browsing
1572512890.615,1182,466,None,Move,browsing
1572512890.62,1189,463,None,Move,browsing
1572512890.629,1194,461,None,Move,browsing
1572512890.637,1200,459,None,Move,browsing
1572512890.645,1205,457,None,Move,browsing
1572512890.653,1209,455,None,Move,browsing
1572512890.661,1212,454,None,Move,browsing
1572512890.669,1213,452,None,Move,browsing
1572512890.677,1215,450,None,Move,browsing
1572512890.685,1217,450,None,Move,browsing
1572512890.6929998,1218,449,None,Move,browsing
1572512890.698,1220,448,None,Move,browsing
1572512890.707,1221,448,None,Move,browsing
1572512890.719,1221,448,None,Move,browsing
1572512891.788,1222,448,None,Move,browsing
1572512891.804,1223,448,None,Move,browsing
1572512891.814,1224,448,None,Move,browsing
1572512892.0570002,1224,448,None,Move,browsing
1572512892.073,1225,448,None,Move,browsing
1572512892.085,1225,447,None,Move,browsing
1572512892.093,1226,447,None,Move,browsing
1572512892.1929998,1226,447,None,Move,browsing
1572512892.2329998,1227,446,None,Move,browsing
1572512892.64,1227,445,None,Move,browsing
1572512892.6520002,1227,445,None,Move,browsing
1572512892.658,1227,444,None,Move,browsing
1572512893.11,1227,443,None,Move,browsing
1572512893.1260002,1227,443,None,Move,browsing
1572512893.135,1226,443,None,Move,browsing
1572512893.143,1225,443,None,Move,browsing
1572512893.7029998,1225,442,None,Move,browsing
1572512893.716,1225,441,None,Move,browsing
1572512894.304,1225,440,None,Move,browsing
1572512894.316,1225,440,None,Move,browsing
1572512894.324,1230,440,None,Move,browsing
1572512894.33,1237,439,None,Move,browsing
1572512894.339,1242,439,None,Move,browsing
1572512894.346,1249,437,None,Move,browsing
1572512894.355,1257,436,None,Move,browsing
1572512894.3620002,1265,433,None,Move,browsing
1572512894.37,1272,431,None,Move,browsing
1572512894.3779998,1279,429,None,Move,browsing
1572512894.3860002,1286,427,None,Move,browsing
1572512894.394,1293,424,None,Move,browsing
1572512894.4,1297,422,None,Move,browsing
1572512894.408,1299,421,None,Move,browsing
1572512894.416,1301,420,None,Move,browsing
1572512894.425,1303,419,None,Move,browsing
1572512894.4320002,1305,418,None,Move,browsing
1572512894.441,1306,418,None,Move,browsing
1572512894.449,1308,417,None,Move,browsing
1572512894.461,1309,417,None,Move,browsing
1572512894.469,1309,417,None,Move,browsing
1572512894.4989998,1310,417,None,Move,browsing
1572512894.589,1312,417,None,Move,browsing
1572512894.597,1321,424,None,Move,browsing
1572512894.605,1333,440,None,Move,browsing
1572512894.613,1345,462,None,Move,browsing
1572512894.619,1351,479,None,Move,browsing
1572512894.627,1350,492,None,Move,browsing
1572512894.6339998,1345,501,None,Move,browsing
1572512894.6420002,1338,507,None,Move,browsing
1572512894.65,1336,511,None,Move,browsing
1572512894.681,1336,512,None,Move,browsing
1572512894.865,1336,511,None,Move,browsing
1572512894.873,1341,505,None,Move,browsing
1572512894.881,1344,496,None,Move,browsing
1572512894.889,1347,486,None,Move,browsing
1572512894.895,1351,477,None,Move,browsing
1572512894.9020002,1354,467,None,Move,browsing
1572512894.911,1357,462,None,Move,browsing
1572512894.918,1358,457,None,Move,browsing
1572512894.927,1359,454,None,Move,browsing
1572512894.935,1362,452,None,Move,browsing
1572512894.9429998,1363,452,None,Move,browsing
1572512894.951,1363,452,None,Move,browsing
1572512894.965,1363,452,None,Move,browsing
1572512894.9729998,1364,452,None,Move,browsing
1572512894.981,1365,452,None,Move,browsing
1572512894.988,1365,453,None,Move,browsing
1572512894.996,1365,454,None,Move,browsing
1572512895.004,1367,457,None,Move,browsing
1572512895.012,1368,457,None,Move,browsing
1572512895.02,1369,458,None,Move,browsing
1572512895.028,1369,460,None,Move,browsing
1572512895.034,1369,460,None,Move,browsing
1572512895.046,1369,461,None,Move,browsing
1572512895.054,1369,462,None,Move,browsing
1572512895.07,1369,462,None,Move,browsing
1572512895.079,1368,463,None,Move,browsing
1572512895.085,1367,464,None,Move,browsing
1572512895.094,1365,466,None,Move,browsing
1572512895.1020002,1363,466,None,Move,browsing
1572512895.1079998,1363,466,None,Move,browsing
1572512895.165,1363,467,None,Move,browsing
1572512895.175,1363,467,None,Move,browsing
1572512895.1829998,1364,467,None,Move,browsing
1572512895.191,1365,468,None,Move,browsing
1572512895.199,1366,468,None,Move,browsing
1572512895.214,1366,468,None,Move,browsing
1572512895.2489998,1367,469,None,Move,browsing
1572512895.265,1368,469,None,Move,browsing
1572512895.272,1369,469,None,Move,browsing
1572512895.281,1370,469,None,Move,browsing
1572512895.288,1372,469,None,Move,browsing
1572512895.2970002,1373,469,None,Move,browsing
1572512895.305,1375,467,None,Move,browsing
1572512895.31,1377,466,None,Move,browsing
1572512895.3179998,1378,465,None,Move,browsing
1572512895.327,1380,465,None,Move,browsing
1572512895.96,1380,465,None,Move,browsing
1572512895.988,1380,465,None,Move,browsing
1572512896.754,1380,465,None,Move,browsing
1572512896.766,1380,466,None,Move,browsing
1572512896.774,1375,467,None,Move,browsing
1572512896.782,1368,470,None,Move,browsing
1572512896.788,1359,471,None,Move,browsing
1572512896.7970002,1349,473,None,Move,browsing
1572512896.805,1337,476,None,Move,browsing
1572512896.813,1327,482,None,Move,browsing
1572512896.821,1311,492,None,Move,browsing
1572512896.829,1294,505,None,Move,browsing
1572512896.836,1276,521,None,Move,browsing
1572512896.845,1262,534,None,Move,browsing
1572512896.8520002,1244,555,None,Move,browsing
1572512896.8579998,1230,573,None,Move,browsing
1572512896.867,1220,589,None,Move,browsing
1572512896.875,1210,607,None,Move,browsing
1572512896.8820002,1202,623,None,Move,browsing
1572512896.891,1194,635,None,Move,browsing
1572512896.899,1188,644,None,Move,browsing
1572512896.906,1180,653,None,Move,browsing
1572512896.915,1174,660,None,Move,browsing
1572512896.92,1168,666,None,Move,browsing
1572512896.928,1164,669,None,Move,browsing
1572512896.936,1161,671,None,Move,browsing
1572512896.945,1159,672,None,Move,browsing
1572512896.952,1158,674,None,Move,browsing
1572512896.961,1156,676,None,Move,browsing
1572512896.969,1155,677,None,Move,browsing
1572512896.9770002,1155,677,None,Move,browsing
1572512897.072,1154,677,None,Move,browsing
1572512897.085,1153,677,None,Move,browsing
1572512897.093,1153,677,None,Move,browsing
1572512897.101,1153,675,None,Move,browsing
1572512897.1079998,1153,674,None,Move,browsing
1572512897.117,1153,672,None,Move,browsing
1572512897.1239998,1153,671,None,Move,browsing
1572512897.131,1153,669,None,Move,browsing
1572512897.1379998,1153,668,None,Move,browsing
1572512897.147,1153,666,None,Move,browsing
1572512897.155,1153,665,None,Move,browsing
1572512897.179,1153,665,None,Move,browsing
1572512897.186,1153,665,None,Move,browsing
1572512897.195,1151,665,None,Move,browsing
1572512897.2,1150,665,None,Move,browsing
1572512897.208,1147,665,None,Move,browsing
1572512897.217,1144,664,None,Move,browsing
1572512897.225,1141,664,None,Move,browsing
1572512897.2329998,1135,664,Left,Pressed,browsing
1572512897.234,1135,664,None,Drag,browsing
1572512897.2410002,1128,663,None,Drag,browsing
1572512897.2489998,1118,662,None,Drag,browsing
1572512897.2570002,1108,660,None,Drag,browsing
1572512897.264,1097,658,None,Drag,browsing
1572512897.27,1081,655,None,Drag,browsing
1572512897.279,1063,652,None,Drag,browsing
1572512897.286,1037,645,None,Drag,browsing
1572512897.295,1011,638,None,Drag,browsing
1572512897.303,985,631,None,Drag,browsing
1572512897.31,952,622,None,Drag,browsing
1572512897.3179998,918,616,None,Drag,browsing
1572512897.327,886,611,None,Drag,browsing
1572512897.335,854,603,None,Drag,browsing
1572512897.34,819,597,None,Drag,browsing
1572512897.3479998,789,595,None,Drag,browsing
1572512897.356,766,595,None,Drag,browsing
1572512897.365,744,597,None,Drag,browsing
1572512897.373,724,599,None,Drag,browsing
1572512897.381,703,600,None,Drag,browsing
1572512897.3879998,687,603,None,Drag,browsing
1572512897.397,673,604,None,Drag,browsing
1572512897.404,661,606,None,Drag,browsing
1572512897.41,649,606,None,Drag,browsing
1572512897.418,639,607,None,Drag,browsing
1572512897.426,629,607,None,Drag,browsing
1572512897.435,619,607,None,Drag,browsing
1572512897.4420002,609,605,None,Drag,browsing
1572512897.45,600,604,None,Drag,browsing
1572512897.458,590,603,None,Drag,browsing
1572512897.466,580,601,None,Drag,browsing
1572512897.474,568,598,None,Drag,browsing
1572512897.48,554,595,None,Drag,browsing
1572512897.488,538,593,None,Drag,browsing
1572512897.496,522,590,None,Drag,browsing
1572512897.504,506,587,None,Drag,browsing
1572512897.512,491,585,None,Drag,browsing
1572512897.52,475,583,None,Drag,browsing
1572512897.529,459,583,None,Drag,browsing
1572512897.536,443,583,None,Drag,browsing
1572512897.545,427,582,None,Drag,browsing
1572512897.552,413,582,None,Drag,browsing
1572512897.5579998,400,582,None,Drag,browsing
1572512897.566,389,582,None,Drag,browsing
1572512897.574,379,583,None,Drag,browsing
1572512897.582,368,583,None,Drag,browsing
1572512897.59,358,585,None,Drag,browsing
1572512897.5979998,350,585,None,Drag,browsing
1572512897.606,340,584,None,Drag,browsing
1572512897.6139998,332,584,None,Drag,browsing
1572512897.62,326,584,None,Drag,browsing
1572512897.629,319,584,None,Drag,browsing
1572512897.6360002,314,584,None,Drag,browsing
1572512897.645,309,584,None,Drag,browsing
1572512897.653,306,584,None,Drag,browsing
1572512897.66,301,584,None,Drag,browsing
1572512897.668,297,583,None,Drag,browsing
1572512897.677,293,583,None,Drag,browsing
1572512897.684,288,582,None,Drag,browsing
1572512897.6920002,283,581,None,Drag,browsing
1572512897.698,278,581,None,Drag,browsing
1572512897.706,272,581,None,Drag,browsing
1572512897.714,265,581,None,Drag,browsing
1572512897.722,259,581,None,Drag,browsing
1572512897.73,252,582,None,Drag,browsing
1572512897.7370002,245,583,None,Drag,browsing
1572512897.746,238,585,None,Drag,browsing
1572512897.754,231,588,None,Drag,browsing
1572512897.76,226,589,None,Drag,browsing
1572512897.768,222,590,None,Drag,browsing
1572512897.776,221,590,None,Drag,browsing
1572512897.784,219,590,None,Drag,browsing
1572512897.792,218,591,None,Drag,browsing
1572512897.801,217,591,None,Drag,browsing
1572512897.8070002,216,591,None,Drag,browsing
1572512897.816,215,591,None,Drag,browsing
1572512897.824,213,591,None,Drag,browsing
1572512897.83,212,591,None,Drag,browsing
1572512897.8379998,210,592,None,Drag,browsing
1572512897.846,208,592,None,Drag,browsing
1572512897.854,206,593,None,Drag,browsing
1572512897.863,202,593,None,Drag,browsing
1572512897.87,199,594,None,Drag,browsing
1572512897.879,194,594,None,Drag,browsing
1572512897.887,189,594,None,Drag,browsing
1572512897.895,184,594,None,Drag,browsing
1572512897.9,180,595,None,Drag,browsing
1572512897.908,174,595,None,Drag,browsing
1572512897.916,170,595,None,Drag,browsing
1572512897.925,165,595,None,Drag,browsing
1572512897.9320002,160,596,None,Drag,browsing
1572512897.94,156,596,None,Drag,browsing
1572512897.948,154,596,None,Drag,browsing
1572512897.956,152,596,None,Drag,browsing
1572512897.965,151,596,None,Drag,browsing
1572512897.97,149,596,None,Drag,browsing
1572512897.978,148,596,None,Drag,browsing
1572512898.3639998,148,596,None,Drag,browsing
1572512898.3639998,148,596,Left,Released,browsing
1572512898.3839998,153,596,None,Move,browsing
1572512898.39,160,596,None,Move,browsing
1572512898.399,167,596,None,Move,browsing
1572512898.407,173,594,None,Move,browsing
1572512898.415,180,593,None,Move,browsing
1572512898.4220002,185,592,None,Move,browsing
1572512898.43,189,591,None,Move,browsing
1572512898.438,191,590,None,Move,browsing
1572512898.446,191,590,None,Move,browsing
1572512898.454,192,589,None,Move,browsing
1572512898.613,192,588,Left,Pressed,browsing
1572512898.613,192,588,None,Drag,browsing
1572512898.613,192,588,Left,Released,browsing
1572512898.769,193,588,None,Move,browsing
1572512898.7770002,195,589,None,Move,browsing
1572512898.784,200,590,None,Move,browsing
1572512898.793,204,591,None,Move,browsing
1572512898.801,208,592,None,Move,browsing
1572512898.8079998,210,592,None,Move,browsing
1572512898.815,212,592,None,Move,browsing
1572512898.823,213,592,None,Move,browsing
1572512898.831,215,592,None,Move,browsing
1572512898.839,216,592,None,Move,browsing
1572512898.847,217,592,None,Move,browsing
1572512898.951,218,592,Left,Pressed,browsing
1572512898.951,218,592,None,Drag,browsing
1572512898.951,218,592,Left,Released,browsing
1572512899.526,218,592,Right,Pressed,browsing
1572512899.6239998,218,592,Right,Released,browsing
1572512899.885,218,593,None,Move,browsing
1572512899.893,219,595,None,Move,browsing
1572512899.901,220,595,None,Move,browsing
1572512899.908,221,595,None,Move,browsing
1572512899.917,221,595,None,Move,browsing
1572512899.925,223,595,None,Move,browsing
1572512899.9320002,224,595,None,Move,browsing
1572512899.941,226,595,None,Move,browsing
1572512899.948,227,595,None,Move,browsing
1572512899.955,229,595,None,Move,browsing
1572512899.9629998,229,595,None,Move,browsing
1572512899.971,231,595,None,Move,browsing
1572512899.979,232,595,None,Move,browsing
1572512899.9870002,232,595,None,Move,browsing
1572512900.089,232,596,None,Move,browsing
1572512900.115,233,597,None,Move,browsing
1572512900.127,233,597,None,Move,browsing
1572512900.135,234,598,None,Move,browsing
1572512900.1420002,234,599,None,Move,browsing
1572512900.151,234,599,None,Move,browsing
1572512900.159,235,600,None,Move,browsing
1572512900.165,235,601,None,Move,browsing
1572512900.1720002,235,601,None,Move,browsing
1572512900.22,236,601,None,Move,browsing
