client_timestamp,x,y,button,state,window
1568811008.9220002,1051,711,None,Move,browsing
1568811008.9320002,1052,712,None,Move,browsing
1568811008.9429998,1052,712,None,Move,browsing
1568811008.952,1054,713,None,Move,browsing
1568811008.961,1057,714,None,Move,browsing
1568811008.971,1058,714,None,Move,browsing
1568811008.982,1059,714,None,Move,browsing
1568811008.992,1060,714,None,Move,browsing
1568811009.0029998,1063,713,None,Move,browsing
1568811009.0129998,1065,712,None,Move,browsing
1568811009.024,1069,710,None,Move,browsing
1568811009.035,1071,709,None,Move,browsing
1568811009.046,1073,708,None,Move,browsing
1568811009.0570002,1075,707,None,Move,browsing
1568811009.0670002,1075,707,None,Move,browsing
1568811009.077,1076,707,None,Move,browsing
1568811009.163,1076,707,None,Move,browsing
1568811009.187,1076,706,None,Move,browsing
1568811009.206,1076,706,None,Move,browsing
1568811009.218,1077,705,None,Move,browsing
1568811009.229,1077,705,None,Move,browsing
1568811009.25,1077,705,None,Move,browsing
1568811009.2610002,1076,705,None,Move,browsing
1568811009.272,1075,707,None,Move,browsing
1568811009.282,1071,712,None,Move,browsing
1568811009.292,1069,716,None,Move,browsing
1568811009.3079998,1064,725,None,Move,browsing
1568811009.3179998,1064,725,None,Move,browsing
1568811009.604,1065,726,None,Move,browsing
1568811009.621,1065,726,None,Move,browsing
1568811009.667,1065,726,None,Move,browsing
1568811009.691,1065,725,None,Move,browsing
1568811009.7129998,1065,724,None,Move,browsing
1568811009.7370002,1066,724,None,Move,browsing
1568811009.7529998,1067,724,None,Move,browsing
1568811009.775,1068,724,None,Move,browsing
1568811009.791,1068,723,None,Move,browsing
1568811009.802,1069,723,None,Move,browsing
1568811009.812,1069,723,None,Move,browsing
1568811009.822,1070,722,None,Move,browsing
1568811009.832,1071,722,None,Move,browsing
1568811009.845,1071,721,None,Move,browsing
1568811009.861,1071,721,None,Move,browsing
1568811009.871,1071,721,None,Move,browsing
1568811009.8820002,1071,721,None,Move,browsing
1568811009.894,1071,721,None,Move,browsing
1568811009.923,1071,720,None,Move,browsing
1568811009.9320002,1071,720,None,Move,browsing
1568811009.961,1071,719,None,Move,browsing
1568811010.031,1070,719,None,Move,browsing
1568811010.05,1069,719,None,Move,browsing
1568811010.071,1066,719,None,Move,browsing
1568811010.091,1063,719,None,Move,browsing
1568811010.11,1060,719,None,Move,browsing
1568811010.121,1059,718,None,Move,browsing
1568811010.131,1058,718,None,Move,browsing
1568811010.145,1058,718,None,Move,browsing
1568811010.156,1057,718,None,Move,browsing
1568811010.164,1057,718,None,Move,browsing
1568811010.174,1057,718,None,Move,browsing
1568811010.185,1056,718,None,Move,browsing
1568811010.194,1055,717,None,Move,browsing
1568811010.205,1055,717,None,Move,browsing
1568811010.215,1055,716,None,Move,browsing
1568811010.225,1055,715,None,Move,browsing
1568811010.236,1054,715,None,Move,browsing
1568811010.246,1054,714,None,Move,browsing
1568811010.2570002,1054,714,None,Move,browsing
1568811010.27,1053,713,None,Move,browsing
1568811010.281,1053,713,None,Move,browsing
1568811010.293,1053,712,None,Move,browsing
1568811010.306,1052,711,None,Move,browsing
1568811010.3170002,1052,710,None,Move,browsing
1568811010.325,1051,710,None,Move,browsing
1568811010.336,1051,710,None,Move,browsing
1568811010.345,1051,709,None,Move,browsing
1568811010.355,1051,709,None,Move,browsing
1568811010.3679998,1051,709,None,Move,browsing
1568811010.3779998,1051,708,None,Move,browsing
1568811010.411,1051,708,None,Move,browsing
1568811010.421,1051,707,None,Move,browsing
1568811010.4320002,1051,706,None,Move,browsing
1568811010.4420002,1051,706,None,Move,browsing
1568811010.4529998,1051,705,None,Move,browsing
1568811010.464,1051,705,None,Move,browsing
1568811010.475,1052,704,None,Move,browsing
1568811010.485,1052,702,None,Move,browsing
1568811010.496,1053,700,None,Move,browsing
1568811010.505,1054,697,None,Move,browsing
1568811010.514,1055,696,None,Move,browsing
1568811010.522,1056,695,None,Move,browsing
1568811010.533,1057,693,None,Move,browsing
1568811010.543,1058,692,None,Move,browsing
1568811010.554,1060,691,None,Move,browsing
1568811010.5679998,1060,691,None,Move,browsing
1568811010.579,1060,690,None,Move,browsing
1568811010.589,1061,690,None,Move,browsing
1568811010.605,1061,689,None,Move,browsing
1568811010.619,1061,689,None,Move,browsing
1568811010.6279998,1061,688,None,Move,browsing
1568811010.639,1062,687,None,Move,browsing
1568811010.65,1062,687,None,Move,browsing
1568811010.66,1062,686,None,Move,browsing
1568811010.6720002,1062,686,None,Move,browsing
1568811010.685,1063,685,None,Move,browsing
1568811010.695,1063,685,None,Move,browsing
1568811010.705,1064,684,None,Move,browsing
1568811010.7129998,1064,683,None,Move,browsing
1568811010.729,1064,683,None,Move,browsing
1568811010.7429998,1064,682,None,Move,browsing
1568811010.754,1064,682,None,Move,browsing
1568811010.7670002,1064,681,None,Move,browsing
1568811010.791,1064,681,None,Move,browsing
1568811010.805,1065,681,None,Move,browsing
1568811010.815,1065,680,None,Move,browsing
1568811010.829,1065,679,None,Move,browsing
1568811010.84,1065,679,None,Move,browsing
1568811010.851,1065,678,None,Move,browsing
1568811010.867,1065,677,None,Move,browsing
1568811010.877,1065,677,None,Move,browsing
1568811010.8879998,1065,676,None,Move,browsing
1568811010.899,1065,675,None,Move,browsing
1568811010.909,1065,675,None,Move,browsing
1568811010.921,1065,674,None,Move,browsing
1568811010.9529998,1065,674,None,Move,browsing
1568811010.968,1065,673,None,Move,browsing
1568811010.9910002,1065,673,None,Move,browsing
1568811011.015,1065,672,None,Move,browsing
1568811011.031,1065,672,None,Move,browsing
1568811011.044,1065,671,None,Move,browsing
1568811011.056,1066,670,None,Move,browsing
1568811011.0679998,1066,670,None,Move,browsing
1568811011.083,1066,669,None,Move,browsing
1568811011.093,1068,668,None,Move,browsing
1568811011.103,1068,667,None,Move,browsing
1568811011.1139998,1069,667,None,Move,browsing
1568811011.1239998,1071,665,None,Move,browsing
1568811011.1360002,1071,665,None,Move,browsing
1568811011.146,1072,665,None,Move,browsing
1568811011.177,1072,664,None,Move,browsing
1568811011.1920002,1072,664,None,Move,browsing
1568811011.208,1072,663,None,Move,browsing
1568811011.22,1072,663,None,Move,browsing
1568811011.23,1072,662,None,Move,browsing
1568811011.2410002,1073,662,None,Move,browsing
1568811011.252,1073,661,None,Move,browsing
1568811011.262,1073,661,None,Move,browsing
1568811011.274,1073,660,None,Move,browsing
1568811011.283,1073,660,None,Move,browsing
1568811011.295,1073,660,None,Move,browsing
1568811011.312,1074,659,None,Move,browsing
1568811011.325,1074,659,None,Move,browsing
1568811011.363,1075,659,None,Move,browsing
1568811011.3739998,1076,660,None,Move,browsing
1568811011.383,1077,661,None,Move,browsing
1568811011.3920002,1078,663,None,Move,browsing
1568811011.403,1082,669,None,Move,browsing
1568811011.414,1085,673,None,Move,browsing
1568811011.424,1088,677,None,Move,browsing
1568811011.434,1092,684,None,Move,browsing
1568811011.4429998,1095,687,None,Move,browsing
1568811011.454,1096,690,None,Move,browsing
1568811011.4629998,1098,693,None,Move,browsing
1568811011.48,1101,702,None,Move,browsing
1568811011.4910002,1102,706,None,Move,browsing
1568811011.502,1102,709,None,Move,browsing
1568811011.5129998,1102,716,None,Move,browsing
1568811011.5229998,1102,719,None,Move,browsing
1568811011.533,1103,725,None,Move,browsing
1568811011.543,1104,728,None,Move,browsing
1568811011.554,1105,732,None,Move,browsing
1568811011.565,1106,737,None,Move,browsing
1568811011.575,1106,739,None,Move,browsing
1568811011.583,1106,741,None,Move,browsing
1568811011.593,1106,743,None,Move,browsing
1568811011.6079998,1108,748,None,Move,browsing
1568811011.617,1108,751,None,Move,browsing
1568811011.6260002,1108,753,None,Move,browsing
1568811011.637,1109,757,None,Move,browsing
1568811011.6479998,1110,759,None,Move,browsing
1568811011.658,1110,759,None,Move,browsing
1568811011.673,1110,759,None,Move,browsing
1568811011.6829998,1110,758,None,Move,browsing
1568811011.6929998,1110,756,None,Move,browsing
1568811011.7029998,1110,751,None,Move,browsing
1568811011.714,1109,749,None,Move,browsing
1568811011.724,1109,746,None,Move,browsing
1568811011.734,1109,744,None,Move,browsing
1568811011.745,1109,740,None,Move,browsing
1568811011.755,1109,738,None,Move,browsing
1568811011.765,1109,735,None,Move,browsing
1568811011.774,1109,733,None,Move,browsing
1568811011.79,1109,730,None,Move,browsing
1568811011.801,1108,727,None,Move,browsing
1568811011.811,1107,725,None,Move,browsing
1568811011.822,1106,720,None,Move,browsing
1568811011.832,1106,717,None,Move,browsing
1568811011.841,1105,714,None,Move,browsing
1568811011.8520002,1104,707,None,Move,browsing
1568811011.863,1104,703,None,Move,browsing
1568811011.8720002,1104,700,None,Move,browsing
1568811011.8839998,1103,696,None,Move,browsing
1568811011.894,1103,688,None,Move,browsing
1568811011.904,1103,684,None,Move,browsing
1568811011.918,1104,677,None,Move,browsing
1568811011.927,1107,673,None,Move,browsing
1568811011.937,1108,669,None,Move,browsing
1568811011.947,1108,668,None,Move,browsing
1568811011.957,1108,667,None,Move,browsing
1568811011.966,1109,667,None,Move,browsing
1568811011.976,1109,666,None,Move,browsing
1568811052.994,1096,666,None,Move,browsing
1568811053.005,1078,668,None,Move,browsing
1568811053.0170002,1066,671,None,Move,browsing
1568811053.028,1052,675,None,Move,browsing
1568811053.038,1047,677,None,Move,browsing
1568811053.0470002,1043,679,None,Move,browsing
1568811053.056,1040,680,None,Move,browsing
1568811053.066,1033,685,None,Move,browsing
1568811053.074,1029,687,None,Move,browsing
1568811053.083,1026,691,None,Move,browsing
1568811053.093,1021,694,None,Move,browsing
1568811053.104,1018,697,None,Move,browsing
1568811053.113,1013,705,None,Move,browsing
1568811053.125,1011,710,None,Move,browsing
1568811053.135,1005,722,None,Move,browsing
1568811053.144,1002,728,None,Move,browsing
1568811053.157,999,735,None,Move,browsing
1568811053.169,994,750,None,Move,browsing
1568811053.18,993,757,None,Move,browsing
1568811053.19,991,763,None,Move,browsing
1568811053.345,992,763,None,Move,browsing
1568811053.3620002,992,757,None,Move,browsing
1568811053.3820002,994,753,None,Move,browsing
1568811053.401,993,751,None,Move,browsing
1568811053.419,999,744,None,Move,browsing
1568811053.437,1013,723,None,Move,browsing
1568811053.455,1031,704,None,Move,browsing
1568811053.476,1072,656,None,Move,browsing
1568811053.486,1127,568,None,Move,browsing
1568811053.496,1158,519,None,Move,browsing
1568811053.506,1186,469,None,Move,browsing
1568811053.5170002,1228,367,None,Move,browsing
1568811053.528,1242,318,None,Move,browsing
1568811053.538,1247,271,None,Move,browsing
1568811053.549,1247,173,None,Move,browsing
1568811053.562,1239,90,None,Move,browsing
1568811053.573,1230,49,None,Move,browsing
1568811053.585,1218,14,None,Move,browsing
1568811053.595,1186,-40,None,Move,browsing
1568811053.611,1151,-42,None,Move,browsing
1568811053.623,1136,-16,None,Move,browsing
1568811053.635,1116,-14,None,Move,browsing
1568811053.646,1111,-4,None,Move,browsing
1568811053.657,1105,-7,None,Move,browsing
1568811053.668,1104,-1,None,Move,browsing
1568811053.678,1104,0,None,Move,browsing
1568811053.809,1103,0,None,Move,browsing
1568811053.82,1100,1,None,Move,browsing
1568811053.832,1093,2,None,Move,browsing
1568811053.843,1072,12,None,Move,browsing
1568811053.853,1058,19,None,Move,browsing
1568811053.865,1023,38,None,Move,browsing
1568811053.8779998,1012,46,None,Move,browsing
1568811053.893,997,61,None,Move,browsing
1568811053.904,995,70,None,Move,browsing
1568811053.916,995,73,None,Move,browsing
1568811053.928,1000,82,None,Move,browsing
1568811053.938,1004,87,None,Move,browsing
1568811053.948,1011,93,None,Move,browsing
1568811053.959,1033,103,None,Move,browsing
1568811053.969,1049,108,None,Move,browsing
1568811053.979,1086,110,None,Move,browsing
1568811053.99,1111,112,None,Move,browsing
1568811054.0010002,1133,113,None,Move,browsing
1568811054.012,1185,113,None,Move,browsing
1568811054.0229998,1210,115,None,Move,browsing
1568811054.034,1233,116,None,Move,browsing
1568811054.044,1267,120,None,Move,browsing
1568811054.056,1277,121,None,Move,browsing
1568811054.066,1290,123,None,Move,browsing
1568811054.077,1291,124,None,Move,browsing
1568811054.092,1291,124,None,Move,browsing
1568811054.1020002,1290,125,None,Move,browsing
1568811054.1120002,1284,126,None,Move,browsing
1568811054.1220002,1277,127,None,Move,browsing
1568811054.133,1267,128,None,Move,browsing
1568811054.144,1241,131,None,Move,browsing
1568811054.154,1220,134,None,Move,browsing
1568811054.164,1196,134,None,Move,browsing
1568811054.174,1127,136,None,Move,browsing
1568811054.185,1092,136,None,Move,browsing
1568811054.195,1056,137,None,Move,browsing
1568811054.206,974,138,None,Move,browsing
1568811054.216,930,139,None,Move,browsing
1568811054.2270002,859,141,None,Move,browsing
1568811054.2370002,826,142,None,Move,browsing
1568811054.248,792,146,None,Move,browsing
1568811054.2589998,745,147,None,Move,browsing
1568811054.269,726,149,None,Move,browsing
1568811054.281,711,149,None,Move,browsing
1568811054.291,685,149,None,Move,browsing
1568811054.306,662,149,None,Move,browsing
1568811054.316,653,150,None,Move,browsing
1568811054.326,641,151,None,Move,browsing
1568811054.336,631,152,None,Move,browsing
1568811054.347,610,154,None,Move,browsing
1568811054.3579998,598,155,None,Move,browsing
1568811054.3679998,567,159,None,Move,browsing
1568811054.3779998,555,161,None,Move,browsing
1568811054.3879998,542,163,None,Move,browsing
1568811054.399,515,166,None,Move,browsing
1568811054.4120002,502,168,None,Move,browsing
1568811054.4220002,473,173,None,Move,browsing
1568811054.4320002,461,176,None,Move,browsing
1568811054.4429998,447,179,None,Move,browsing
1568811054.4529998,422,186,None,Move,browsing
1568811054.464,408,188,None,Move,browsing
1568811054.475,395,191,None,Move,browsing
1568811054.484,376,195,None,Move,browsing
1568811054.495,370,197,None,Move,browsing
1568811054.504,365,199,None,Move,browsing
1568811054.514,361,202,None,Move,browsing
1568811054.525,357,203,None,Move,browsing
1568811054.534,356,204,None,Move,browsing
1568811054.545,356,205,None,Move,browsing
1568811054.583,355,205,None,Move,browsing
1568811054.593,355,205,None,Move,browsing
1568811054.604,353,205,None,Move,browsing
1568811054.6139998,351,205,None,Move,browsing
1568811054.6239998,347,205,None,Move,browsing
1568811054.6339998,345,205,None,Move,browsing
1568811054.645,344,205,None,Move,browsing
1568811054.657,343,205,None,Move,browsing
1568811054.6929998,343,205,None,Move,browsing
1568811054.707,343,205,None,Move,browsing
1568811054.718,343,205,None,Move,browsing
1568811054.7270002,343,205,None,Move,browsing
1568811054.7370002,343,204,None,Move,browsing
1568811054.7470002,344,203,None,Move,browsing
1568811054.756,346,202,None,Move,browsing
1568811054.765,349,202,None,Move,browsing
1568811054.775,354,200,None,Move,browsing
1568811054.785,367,199,None,Move,browsing
1568811054.796,377,199,None,Move,browsing
1568811054.806,386,199,None,Move,browsing
1568811054.8170002,405,199,None,Move,browsing
1568811054.8279998,412,199,None,Move,browsing
1568811054.839,418,199,None,Move,browsing
1568811054.85,428,199,None,Move,browsing
1568811054.86,433,198,None,Move,browsing
1568811054.87,438,198,None,Move,browsing
1568811054.881,445,198,None,Move,browsing
1568811054.8920002,447,198,None,Move,browsing
1568811054.9020002,449,198,None,Move,browsing
1568811054.913,449,198,None,Move,browsing
1568811054.924,450,198,None,Move,browsing
1568811054.934,450,198,None,Move,browsing
1568811054.945,450,198,None,Move,browsing
1568811054.955,451,198,None,Move,browsing
1568811054.965,452,198,None,Move,browsing
1568811054.975,453,198,None,Move,browsing
1568811054.985,453,197,None,Move,browsing
1568811054.996,455,196,None,Move,browsing
1568811055.0070002,456,196,None,Move,browsing
1568811055.0170002,460,195,None,Move,browsing
1568811055.0270002,461,194,None,Move,browsing
1568811055.0370002,463,194,None,Move,browsing
1568811055.0470002,466,194,None,Move,browsing
1568811055.0579998,472,192,None,Move,browsing
1568811055.0670002,474,191,None,Move,browsing
1568811055.0779998,475,191,None,Move,browsing
1568811055.0879998,477,191,None,Move,browsing
1568811055.0979998,477,191,None,Move,browsing
1568811055.107,478,191,None,Move,browsing
1568811055.1179998,479,191,None,Move,browsing
1568811055.1279998,479,190,None,Move,browsing
1568811055.1379998,479,190,None,Move,browsing
1568811055.1479998,479,190,None,Move,browsing
1568811055.2729998,480,190,Left,Pressed,browsing
1568811055.2729998,480,190,None,Drag,browsing
1568811055.2729998,480,190,Left,Released,browsing
1568811055.421,480,190,None,Move,browsing
1568811055.4329998,481,190,None,Move,browsing
1568811055.4420002,482,191,None,Move,browsing
1568811055.451,487,195,None,Move,browsing
1568811055.461,492,199,None,Move,browsing
1568811055.472,497,204,None,Move,browsing
1568811055.4829998,507,212,None,Move,browsing
1568811055.4929998,515,218,None,Move,browsing
1568811055.504,522,224,None,Move,browsing
1568811055.516,538,237,None,Move,browsing
1568811055.5270002,547,245,None,Move,browsing
1568811055.538,566,263,None,Move,browsing
1568811055.549,575,270,None,Move,browsing
1568811055.56,585,279,None,Move,browsing
1568811055.57,608,299,None,Move,browsing
1568811055.581,625,312,None,Move,browsing
1568811055.591,673,341,None,Move,browsing
1568811055.601,702,354,None,Move,browsing
1568811055.611,741,369,None,Move,browsing
1568811055.621,782,384,None,Move,browsing
1568811055.6320002,877,411,None,Move,browsing
1568811055.6420002,925,423,None,Move,browsing
1568811055.6520002,978,433,None,Move,browsing
1568811055.663,1062,455,None,Move,browsing
1568811055.674,1102,462,None,Move,browsing
1568811055.686,1168,478,None,Move,browsing
1568811055.696,1200,484,None,Move,browsing
1568811055.707,1259,496,None,Move,browsing
1568811055.728,1302,507,None,Move,browsing
1568811055.7370002,1328,516,None,Move,browsing
1568811055.7470002,1337,521,None,Move,browsing
1568811055.7589998,1344,525,None,Move,browsing
1568811055.77,1357,532,None,Move,browsing
1568811055.781,1363,536,None,Move,browsing
1568811055.793,1377,546,None,Move,browsing
1568811055.803,1383,551,None,Move,browsing
1568811055.814,1389,558,None,Move,browsing
1568811055.824,1404,568,None,Move,browsing
1568811055.833,1411,573,None,Move,browsing
1568811055.843,1418,577,None,Move,browsing
1568811055.8520002,1426,583,None,Move,browsing
1568811055.8620002,1440,591,None,Move,browsing
1568811055.873,1449,594,None,Move,browsing
1568811055.883,1457,597,None,Move,browsing
1568811055.893,1475,603,None,Move,browsing
1568811055.9020002,1486,604,None,Move,browsing
1568811055.914,1495,604,None,Move,browsing
1568811055.924,1514,604,None,Move,browsing
1568811055.934,1523,604,None,Move,browsing
1568811055.944,1531,604,None,Move,browsing
1568811055.954,1539,604,None,Move,browsing
1568811055.964,1554,603,None,Move,browsing
1568811055.975,1561,602,None,Move,browsing
1568811055.982,1565,602,None,Move,browsing
1568811055.9910002,1568,602,None,Move,browsing
1568811056.0,1569,602,None,Move,browsing
1568811056.0110002,1569,603,None,Move,browsing
1568811056.022,1566,605,None,Move,browsing
1568811056.032,1564,607,None,Move,browsing
1568811056.2570002,1564,609,None,Move,browsing
1568811056.2770002,1565,610,None,Move,browsing
1568811056.295,1565,608,None,Move,browsing
1568811056.305,1564,606,None,Move,browsing
1568811056.315,1562,605,None,Move,browsing
1568811056.324,1560,604,None,Move,browsing
1568811056.334,1559,603,None,Move,browsing
1568811056.345,1554,601,None,Move,browsing
1568811056.355,1553,601,None,Move,browsing
1568811056.3660002,1551,601,None,Move,browsing
1568811056.381,1549,600,None,Move,browsing
1568811056.391,1549,600,None,Move,browsing
1568811056.401,1548,599,None,Move,browsing
1568811056.409,1547,599,None,Move,browsing
1568811056.419,1546,598,None,Move,browsing
1568811056.434,1546,597,None,Move,browsing
1568811056.447,1544,596,None,Move,browsing
1568811056.458,1542,595,None,Move,browsing
1568811056.466,1541,594,None,Move,browsing
1568811056.475,1538,592,None,Move,browsing
1568811056.484,1536,590,None,Move,browsing
1568811056.4929998,1535,589,None,Move,browsing
1568811056.502,1532,588,None,Move,browsing
1568811056.512,1529,587,None,Move,browsing
1568811056.522,1522,585,None,Move,browsing
1568811056.531,1516,584,None,Move,browsing
1568811056.54,1512,582,None,Move,browsing
1568811056.549,1505,581,None,Move,browsing
1568811056.56,1491,578,None,Move,browsing
1568811056.572,1484,578,None,Move,browsing
1568811056.581,1477,578,None,Move,browsing
1568811056.591,1461,579,None,Move,browsing
1568811056.6020002,1454,580,None,Move,browsing
1568811056.6120002,1447,581,None,Move,browsing
1568811056.6220002,1428,585,None,Move,browsing
1568811056.633,1417,586,None,Move,browsing
1568811056.643,1407,587,None,Move,browsing
1568811056.653,1378,592,None,Move,browsing
1568811056.663,1360,594,None,Move,browsing
1568811056.671,1340,597,None,Move,browsing
1568811056.681,1322,600,None,Move,browsing
1568811056.691,1278,605,None,Move,browsing
1568811056.7029998,1256,607,None,Move,browsing
1568811056.706,1234,613,None,Move,browsing
1568811056.716,1214,615,None,Move,browsing
1568811056.726,1193,618,None,Move,browsing
1568811056.736,1173,619,None,Move,browsing
1568811056.746,1136,622,None,Move,browsing
1568811056.7570002,1123,622,None,Move,browsing
1568811056.7670002,1110,623,None,Move,browsing
1568811056.778,1091,626,None,Move,browsing
1568811056.788,1084,627,None,Move,browsing
1568811056.7970002,1078,628,None,Move,browsing
1568811056.8079998,1072,629,None,Move,browsing
1568811056.819,1071,629,None,Move,browsing
1568811056.829,1070,629,None,Move,browsing
1568811057.125,1069,629,None,Move,browsing
1568811057.341,1069,629,None,Move,browsing
1568811057.451,1069,628,None,Move,browsing
1568811057.5270002,1069,628,None,Move,browsing
1568811057.542,1069,627,None,Move,browsing
1568811057.553,1068,627,None,Move,browsing
1568811057.5670002,1068,626,None,Move,browsing
1568811057.581,1068,626,None,Move,browsing
1568811057.637,1068,625,None,Move,browsing
1568811057.659,1067,624,None,Move,browsing
1568811057.676,1064,623,None,Move,browsing
1568811057.687,1061,622,None,Move,browsing
1568811057.697,1057,621,None,Move,browsing
1568811057.707,1039,614,None,Move,browsing
1568811057.716,1024,611,None,Move,browsing
1568811057.725,1002,603,None,Move,browsing
1568811057.7370002,972,597,None,Move,browsing
1568811057.7489998,897,579,None,Move,browsing
1568811057.7589998,860,570,None,Move,browsing
1568811057.768,774,553,None,Move,browsing
1568811057.779,734,542,None,Move,browsing
1568811057.79,694,533,None,Move,browsing
1568811057.799,624,517,None,Move,browsing
1568811057.81,592,509,None,Move,browsing
1568811057.821,543,497,None,Move,browsing
1568811057.831,527,492,None,Move,browsing
1568811057.841,513,490,None,Move,browsing
1568811057.851,500,486,None,Move,browsing
1568811057.877,472,479,None,Move,browsing
1568811057.889,470,478,None,Move,browsing
1568811057.899,466,477,None,Move,browsing
1568811057.908,464,476,None,Move,browsing
1568811057.918,463,476,None,Move,browsing
1568811057.929,461,476,None,Move,browsing
1568811057.938,458,476,None,Move,browsing
1568811057.951,453,476,None,Move,browsing
1568811057.962,447,475,None,Move,browsing
1568811057.972,443,475,None,Move,browsing
1568811057.982,439,475,None,Move,browsing
1568811057.992,434,475,None,Move,browsing
1568811058.0029998,424,475,None,Move,browsing
1568811058.0129998,417,476,None,Move,browsing
1568811058.024,401,482,None,Move,browsing
1568811058.033,393,485,None,Move,browsing
1568811058.045,384,489,None,Move,browsing
1568811058.054,376,493,None,Move,browsing
1568811058.064,359,502,None,Move,browsing
1568811058.075,349,507,None,Move,browsing
1568811058.085,333,518,None,Move,browsing
1568811058.095,326,523,None,Move,browsing
1568811058.106,318,527,None,Move,browsing
1568811058.1160002,311,532,None,Move,browsing
1568811058.1260002,300,539,None,Move,browsing
1568811058.135,297,541,None,Move,browsing
1568811058.145,294,543,None,Move,browsing
1568811058.156,289,546,None,Move,browsing
1568811058.166,288,546,None,Move,browsing
1568811058.178,287,546,None,Move,browsing
1568811058.189,286,546,None,Move,browsing
1568811058.198,286,546,None,Move,browsing
1568811058.24,286,546,None,Move,browsing
1568811058.255,286,546,None,Move,browsing
1568811058.265,285,546,None,Move,browsing
1568811058.276,284,546,None,Move,browsing
1568811058.286,284,546,None,Move,browsing
1568811058.325,284,546,None,Move,browsing
1568811058.335,284,545,None,Move,browsing
1568811058.345,284,545,None,Move,browsing
1568811058.355,284,545,None,Move,browsing
1568811058.365,284,544,None,Move,browsing
1568811058.3760002,285,544,None,Move,browsing
1568811058.3860002,285,543,None,Move,browsing
1568811058.403,285,543,None,Move,browsing
1568811058.413,286,543,None,Move,browsing
1568811058.427,287,542,None,Move,browsing
1568811058.437,288,542,None,Move,browsing
1568811058.447,288,540,None,Move,browsing
1568811058.457,291,539,None,Move,browsing
1568811058.5,293,537,None,Move,browsing
1568811059.0229998,295,538,None,Move,browsing
1568811059.042,306,541,None,Move,browsing
1568811059.0579998,325,547,None,Move,browsing
1568811059.073,362,558,None,Move,browsing
1568811059.086,420,574,None,Move,browsing
1568811059.096,452,582,None,Move,browsing
1568811059.106,487,593,None,Move,browsing
1568811059.117,550,603,None,Move,browsing
1568811059.127,576,606,None,Move,browsing
1568811059.1379998,594,609,None,Move,browsing
1568811059.1479998,621,612,None,Move,browsing
1568811059.158,628,613,None,Move,browsing
1568811059.169,634,613,None,Move,browsing
1568811059.179,634,613,None,Move,browsing
1568811059.189,634,613,None,Move,browsing
1568811059.197,634,612,None,Move,browsing
1568811059.204,633,612,None,Move,browsing
1568811059.2129998,632,610,None,Move,browsing
1568811059.222,630,610,None,Move,browsing
1568811059.232,624,608,None,Move,browsing
1568811059.2429998,620,606,None,Move,browsing
1568811059.2529998,616,606,None,Move,browsing
1568811059.2629998,610,603,None,Move,browsing
1568811059.274,609,602,None,Move,browsing
1568811065.3070002,601,600,None,Move,browsing
1568811065.3170002,596,599,None,Move,browsing
1568811065.326,589,598,None,Move,browsing
1568811065.334,583,598,None,Move,browsing
1568811065.344,578,598,None,Move,browsing
1568811065.353,569,598,None,Move,browsing
1568811065.3639998,565,599,None,Move,browsing
1568811065.373,562,600,None,Move,browsing
1568811065.3820002,559,600,None,Move,browsing
1568811065.3920002,552,600,None,Move,browsing
1568811065.401,550,600,None,Move,browsing
1568811065.41,548,599,None,Move,browsing
1568811065.42,547,598,None,Move,browsing
1568811065.43,546,597,None,Move,browsing
1568811065.44,545,597,None,Move,browsing
1568811065.451,542,596,None,Move,browsing
1568811065.471,536,595,None,Move,browsing
1568811065.481,532,595,None,Move,browsing
1568811065.49,527,594,None,Move,browsing
1568811065.5010002,514,593,None,Move,browsing
1568811065.512,505,591,None,Move,browsing
1568811065.5229998,488,588,None,Move,browsing
1568811065.533,477,585,None,Move,browsing
1568811065.543,467,584,None,Move,browsing
1568811065.554,457,582,None,Move,browsing
1568811065.565,439,577,None,Move,browsing
1568811065.574,430,574,None,Move,browsing
1568811065.584,415,569,None,Move,browsing
1568811065.594,408,567,None,Move,browsing
1568811065.605,402,567,None,Move,browsing
1568811065.615,395,564,None,Move,browsing
1568811065.6239998,393,563,None,Move,browsing
1568811065.635,393,563,None,Move,browsing
1568811065.646,392,563,None,Move,browsing
1568811065.656,392,563,None,Move,browsing
1568811065.667,391,562,None,Move,browsing
1568811065.677,391,562,None,Move,browsing
1568811065.688,390,560,None,Move,browsing
1568811065.698,388,558,None,Move,browsing
1568811065.708,386,557,None,Move,browsing
1568811065.718,381,554,None,Move,browsing
1568811065.73,377,552,None,Move,browsing
1568811065.74,374,551,None,Move,browsing
1568811065.75,369,550,None,Move,browsing
1568811065.7589998,365,549,None,Move,browsing
1568811065.771,362,549,None,Move,browsing
1568811065.78,353,549,None,Move,browsing
1568811065.79,348,548,None,Move,browsing
1568811065.8,341,548,None,Move,browsing
1568811065.809,329,547,None,Move,browsing
1568811065.8179998,322,547,None,Move,browsing
1568811065.829,316,547,None,Move,browsing
1568811065.84,310,547,None,Move,browsing
1568811065.851,302,546,None,Move,browsing
1568811065.861,298,546,None,Move,browsing
1568811065.8720002,288,546,None,Move,browsing
1568811065.883,283,546,None,Move,browsing
1568811065.893,277,545,None,Move,browsing
1568811065.903,266,544,None,Move,browsing
1568811065.913,262,544,None,Move,browsing
1568811065.9220002,258,544,None,Move,browsing
1568811065.9329998,251,542,None,Move,browsing
1568811065.9429998,250,541,None,Move,browsing
1568811065.954,249,541,None,Move,browsing
1568811065.966,249,541,None,Move,browsing
1568811066.073,249,541,None,Move,browsing
1568811066.083,250,541,None,Move,browsing
1568811066.092,252,541,None,Move,browsing
1568811066.1020002,253,541,None,Move,browsing
1568811066.113,258,541,None,Move,browsing
1568811066.123,261,541,None,Move,browsing
1568811066.133,264,541,None,Move,browsing
1568811066.143,271,541,None,Move,browsing
1568811066.153,274,541,None,Move,browsing
1568811066.164,276,541,None,Move,browsing
1568811066.173,281,541,None,Move,browsing
1568811066.184,283,541,None,Move,browsing
1568811066.195,283,541,None,Move,browsing
1568811066.205,285,541,None,Move,browsing
1568811066.221,286,541,None,Move,browsing
1568811066.235,286,541,None,Move,browsing
1568811066.2510002,287,541,None,Move,browsing
1568811066.2610002,287,541,None,Move,browsing
1568811066.275,288,541,None,Move,browsing
1568811066.286,288,541,None,Move,browsing
1568811066.301,288,541,None,Move,browsing
1568811066.311,289,541,None,Move,browsing
1568811066.346,289,541,Left,Pressed,browsing
1568811066.437,289,541,Left,Released,browsing
1568811066.5089998,289,541,None,Move,browsing
1568811066.531,288,542,None,Move,browsing
1568811066.541,287,544,None,Move,browsing
1568811066.55,286,546,None,Move,browsing
1568811066.559,285,548,None,Move,browsing
1568811066.57,286,556,None,Move,browsing
1568811066.579,287,562,None,Move,browsing
1568811066.59,288,568,None,Move,browsing
1568811066.599,289,574,None,Move,browsing
1568811066.609,291,587,None,Move,browsing
1568811066.623,296,604,None,Move,browsing
1568811066.6360002,299,611,None,Move,browsing
1568811066.647,310,628,None,Move,browsing
1568811066.657,315,637,None,Move,browsing
1568811066.673,328,655,None,Move,browsing
1568811066.684,336,665,None,Move,browsing
1568811066.694,350,680,None,Move,browsing
1568811066.704,357,688,None,Move,browsing
1568811066.716,364,694,None,Move,browsing
1568811066.7270002,374,701,None,Move,browsing
1568811066.7389998,377,703,None,Move,browsing
1568811066.7489998,379,704,None,Move,browsing
1568811066.7610002,379,704,None,Move,browsing
1568811066.792,379,704,None,Move,browsing
1568811066.803,379,704,None,Move,browsing
1568811066.815,379,703,None,Move,browsing
1568811066.825,377,702,None,Move,browsing
1568811066.835,374,697,None,Move,browsing
1568811066.845,373,694,None,Move,browsing
1568811066.855,369,689,None,Move,browsing
1568811066.8660002,367,687,None,Move,browsing
1568811066.8760002,366,683,None,Move,browsing
1568811066.887,364,679,None,Move,browsing
1568811066.9,363,677,None,Move,browsing
1568811066.909,362,673,None,Move,browsing
1568811066.92,361,671,None,Move,browsing
1568811066.9320002,361,669,None,Move,browsing
1568811066.9420002,359,665,None,Move,browsing
1568811066.952,359,663,None,Move,browsing
1568811066.9629998,358,661,None,Move,browsing
1568811066.972,358,657,None,Move,browsing
1568811066.9889998,357,653,None,Move,browsing
1568811066.9989998,357,651,None,Move,browsing
1568811067.008,356,650,None,Move,browsing
1568811067.0170002,356,648,None,Move,browsing
1568811067.0270002,356,646,None,Move,browsing
1568811067.429,356,646,None,Move,browsing
1568811067.451,358,642,None,Move,browsing
1568811067.47,361,638,None,Move,browsing
1568811067.4929998,366,631,None,Move,browsing
1568811067.515,368,628,None,Move,browsing
1568811067.5370002,368,627,None,Move,browsing
1568811067.691,368,627,Left,Pressed,browsing
1568811067.7470002,368,627,Left,Released,browsing
1568811067.855,368,627,None,Move,browsing
1568811067.8639998,369,627,None,Move,browsing
1568811067.871,370,626,None,Move,browsing
1568811067.879,372,626,None,Move,browsing
1568811067.8879998,375,626,None,Move,browsing
1568811067.8979998,379,626,None,Move,browsing
1568811067.907,385,626,None,Move,browsing
1568811067.92,407,628,None,Move,browsing
1568811067.9329998,426,628,None,Move,browsing
1568811067.9420002,482,625,None,Move,browsing
1568811067.956,562,620,None,Move,browsing
1568811067.969,601,616,None,Move,browsing
1568811067.9870002,729,585,None,Move,browsing
1568811067.998,756,577,None,Move,browsing
1568811068.006,781,569,None,Move,browsing
1568811068.015,801,562,None,Move,browsing
1568811068.026,822,549,None,Move,browsing
1568811068.035,829,544,None,Move,browsing
1568811068.044,832,539,None,Move,browsing
1568811068.051,834,537,None,Move,browsing
1568811068.06,834,534,None,Move,browsing
1568811068.0679998,833,532,None,Move,browsing
1568811068.077,833,531,None,Move,browsing
1568811068.21,832,531,None,Move,browsing
1568811068.232,821,534,None,Move,browsing
1568811068.254,797,543,None,Move,browsing
1568811068.275,811,550,None,Move,browsing
1568811068.3,903,558,None,Move,browsing
1568811068.331,1145,555,None,Move,browsing
1568811068.361,1304,540,None,Move,browsing
1568811068.39,1333,531,None,Move,browsing
1568811068.416,1332,529,None,Move,browsing
1568811068.4329998,1326,526,None,Move,browsing
1568811068.445,1312,524,None,Move,browsing
1568811068.456,1305,522,None,Move,browsing
1568811068.465,1298,521,None,Move,browsing
1568811068.4729998,1290,521,None,Move,browsing
1568811068.482,1285,521,None,Move,browsing
1568811068.492,1274,521,None,Move,browsing
1568811068.502,1268,524,None,Move,browsing
1568811068.512,1256,530,None,Move,browsing
1568811068.522,1250,535,None,Move,browsing
1568811068.534,1242,542,None,Move,browsing
1568811068.544,1234,548,None,Move,browsing
1568811068.554,1218,566,None,Move,browsing
1568811068.565,1211,576,None,Move,browsing
1568811068.576,1199,595,None,Move,browsing
1568811068.5879998,1195,604,None,Move,browsing
1568811068.6,1191,620,None,Move,browsing
1568811068.611,1191,627,None,Move,browsing
1568811068.621,1195,639,None,Move,browsing
1568811068.6320002,1200,644,None,Move,browsing
1568811068.6420002,1205,649,None,Move,browsing
1568811068.6520002,1211,652,None,Move,browsing
1568811068.663,1224,656,None,Move,browsing
1568811068.673,1232,657,None,Move,browsing
1568811068.6829998,1247,657,None,Move,browsing
1568811068.694,1254,656,None,Move,browsing
1568811068.704,1258,655,None,Move,browsing
1568811068.714,1265,653,None,Move,browsing
1568811068.725,1266,653,None,Move,browsing
1568811068.736,1266,653,None,Move,browsing
1568811068.748,1265,653,None,Move,browsing
1568811068.7570002,1262,653,None,Move,browsing
1568811068.768,1258,654,None,Move,browsing
1568811068.779,1244,658,None,Move,browsing
1568811068.789,1234,660,None,Move,browsing
1568811068.8,1208,664,None,Move,browsing
1568811068.811,1192,668,None,Move,browsing
1568811068.821,1176,672,None,Move,browsing
1568811068.831,1163,674,None,Move,browsing
1568811068.84,1127,681,None,Move,browsing
1568811068.85,1114,684,None,Move,browsing
1568811068.861,1098,687,None,Move,browsing
1568811068.871,1074,693,None,Move,browsing
1568811068.885,1057,697,None,Move,browsing
1568811068.8979998,1050,699,None,Move,browsing
1568811068.908,1045,700,None,Move,browsing
1568811068.918,1040,701,None,Move,browsing
1568811068.929,1040,701,None,Move,browsing
1568811068.939,1039,701,None,Move,browsing
1568811068.948,1039,701,None,Move,browsing
1568811068.959,1039,700,None,Move,browsing
1568811068.97,1039,699,None,Move,browsing
1568811068.979,1039,697,None,Move,browsing
1568811068.988,1039,696,None,Move,browsing
1568811068.998,1039,695,None,Move,browsing
1568811069.0070002,1039,694,None,Move,browsing
1568811069.018,1037,692,None,Move,browsing
1568811069.028,1036,690,None,Move,browsing
1568811069.038,1033,689,None,Move,browsing
1568811069.049,1023,684,None,Move,browsing
1568811069.0579998,1016,682,None,Move,browsing
1568811069.0670002,1008,680,None,Move,browsing
1568811069.077,999,679,None,Move,browsing
1568811069.0879998,976,675,None,Move,browsing
1568811069.096,961,675,None,Move,browsing
1568811069.105,949,672,None,Move,browsing
1568811069.117,922,670,None,Move,browsing
1568811069.129,909,670,None,Move,browsing
1568811069.139,896,670,None,Move,browsing
1568811069.15,871,669,None,Move,browsing
1568811069.161,860,669,None,Move,browsing
1568811069.1720002,843,669,None,Move,browsing
1568811069.1820002,835,669,None,Move,browsing
1568811069.1929998,829,669,None,Move,browsing
1568811069.202,823,669,None,Move,browsing
1568811069.214,822,669,None,Move,browsing
1568811069.242,822,669,None,Move,browsing
1568811069.2529998,822,669,None,Move,browsing
1568811069.2629998,822,668,None,Move,browsing
1568811069.271,822,668,None,Move,browsing
1568811069.28,822,667,None,Move,browsing
1568811069.288,822,665,None,Move,browsing
1568811069.301,822,665,None,Move,browsing
1568811069.31,822,664,None,Move,browsing
1568811069.319,822,662,None,Move,browsing
1568811069.329,822,661,None,Move,browsing
1568811069.337,820,660,None,Move,browsing
1568811069.347,819,659,None,Move,browsing
1568811069.3579998,816,657,None,Move,browsing
1568811069.3739998,813,656,None,Move,browsing
1568811069.3839998,810,655,None,Move,browsing
1568811069.393,807,654,None,Move,browsing
1568811069.404,801,653,None,Move,browsing
1568811069.414,799,652,None,Move,browsing
1568811069.425,796,651,None,Move,browsing
1568811069.436,791,650,None,Move,browsing
1568811069.446,791,649,None,Move,browsing
1568811069.457,790,649,None,Move,browsing
1568811069.469,789,648,None,Move,browsing
1568811069.48,788,647,None,Move,browsing
1568811069.4910002,788,647,None,Move,browsing
1568811069.5129998,788,646,None,Move,browsing
1568811069.55,788,646,None,Move,browsing
1568811069.589,787,646,None,Move,browsing
1568811069.599,787,646,None,Move,browsing
1568811069.61,786,646,None,Move,browsing
1568811069.619,785,646,None,Move,browsing
1568811069.631,782,646,None,Move,browsing
1568811069.6420002,779,646,None,Move,browsing
1568811069.6520002,775,647,None,Move,browsing
1568811069.663,773,647,None,Move,browsing
1568811069.673,772,647,None,Move,browsing
1568811069.6829998,770,647,None,Move,browsing
1568811069.694,769,647,None,Move,browsing
1568811069.707,769,647,None,Move,browsing
1568811069.717,769,647,None,Move,browsing
1568811069.7270002,768,647,None,Move,browsing
1568811069.7529998,767,647,None,Move,browsing
1568811069.7670002,767,647,None,Move,browsing
1568811069.823,766,647,None,Move,browsing
1568811069.837,766,647,None,Move,browsing
1568811069.861,765,648,None,Move,browsing
1568811069.871,765,648,None,Move,browsing
1568811069.885,764,648,None,Move,browsing
1568811069.899,763,648,None,Move,browsing
1568811069.915,763,648,None,Move,browsing
1568811069.9320002,762,648,None,Move,browsing
1568811070.055,762,648,Left,Pressed,browsing
1568811070.055,762,648,None,Drag,browsing
1568811070.055,762,648,Left,Released,browsing
1568811070.085,762,649,None,Move,browsing
1568811070.109,762,649,None,Move,browsing
1568811070.163,762,649,None,Move,browsing
1568811070.173,762,650,None,Move,browsing
1568811070.1829998,763,650,None,Move,browsing
1568811070.194,766,650,None,Move,browsing
1568811070.204,769,651,None,Move,browsing
1568811070.215,771,651,None,Move,browsing
1568811070.226,779,653,None,Move,browsing
1568811070.2389998,784,654,None,Move,browsing
1568811070.25,795,656,None,Move,browsing
1568811070.2629998,800,657,None,Move,browsing
1568811070.272,813,659,None,Move,browsing
1568811070.284,820,661,None,Move,browsing
1568811070.292,828,662,None,Move,browsing
1568811070.306,845,666,None,Move,browsing
1568811070.315,854,668,None,Move,browsing
1568811070.326,872,673,None,Move,browsing
1568811070.335,882,674,None,Move,browsing
1568811070.344,890,675,None,Move,browsing
1568811070.354,898,677,None,Move,browsing
1568811070.365,917,681,None,Move,browsing
1568811070.375,926,684,None,Move,browsing
1568811070.385,934,686,None,Move,browsing
1568811070.395,949,691,None,Move,browsing
1568811070.405,958,693,None,Move,browsing
1568811070.416,966,695,None,Move,browsing
1568811070.43,981,696,None,Move,browsing
1568811070.44,989,697,None,Move,browsing
1568811070.455,1005,699,None,Move,browsing
1568811070.468,1027,699,None,Move,browsing
1568811070.48,1038,698,None,Move,browsing
1568811070.488,1051,696,None,Move,browsing
1568811070.4989998,1078,693,None,Move,browsing
1568811070.5089998,1095,689,None,Move,browsing
1568811070.521,1131,682,None,Move,browsing
1568811070.534,1150,678,None,Move,browsing
1568811070.545,1194,663,None,Move,browsing
1568811070.5570002,1214,654,None,Move,browsing
1568811070.5670002,1237,641,None,Move,browsing
1568811070.579,1245,635,None,Move,browsing
1568811070.589,1255,625,None,Move,browsing
1568811070.6,1255,623,None,Move,browsing
1568811070.61,1255,621,None,Move,browsing
1568811070.621,1246,616,None,Move,browsing
1568811070.631,1235,612,None,Move,browsing
1568811070.6420002,1222,610,None,Move,browsing
1568811070.6520002,1183,605,None,Move,browsing
1568811070.6620002,1159,605,None,Move,browsing
1568811070.6720002,1131,603,None,Move,browsing
1568811070.6820002,1089,604,None,Move,browsing
1568811070.694,1074,604,None,Move,browsing
1568811070.7029998,1062,604,None,Move,browsing
1568811070.7129998,1048,603,None,Move,browsing
1568811070.7229998,1045,602,None,Move,browsing
1568811070.7329998,1044,601,None,Move,browsing
1568811070.7429998,1044,600,None,Move,browsing
1568811070.752,1045,599,None,Move,browsing
1568811070.762,1047,597,None,Move,browsing
1568811070.772,1050,596,None,Move,browsing
1568811070.783,1065,587,None,Move,browsing
1568811070.794,1073,584,None,Move,browsing
1568811070.804,1082,581,None,Move,browsing
1568811070.815,1095,576,None,Move,browsing
1568811070.827,1100,574,None,Move,browsing
1568811070.8379998,1110,572,None,Move,browsing
1568811070.849,1113,571,None,Move,browsing
1568811070.86,1116,570,None,Move,browsing
1568811070.87,1118,570,None,Move,browsing
1568811070.881,1119,569,None,Move,browsing
1568811070.8920002,1119,569,None,Move,browsing
1568811070.903,1121,569,None,Move,browsing
1568811070.914,1121,569,None,Move,browsing
1568811070.923,1123,569,None,Move,browsing
1568811070.9320002,1124,568,None,Move,browsing
1568811070.94,1125,568,None,Move,browsing
1568811070.949,1125,568,None,Move,browsing
1568811070.959,1127,567,None,Move,browsing
1568811070.969,1128,566,None,Move,browsing
1568811070.98,1134,563,None,Move,browsing
1568811070.99,1136,561,None,Move,browsing
1568811071.0010002,1140,557,None,Move,browsing
1568811071.012,1142,555,None,Move,browsing
1568811071.022,1143,553,None,Move,browsing
1568811071.032,1144,552,None,Move,browsing
1568811071.043,1144,552,None,Move,browsing
1568811071.053,1144,551,None,Move,browsing
1568811071.069,1144,551,None,Move,browsing
1568811071.085,1144,551,None,Move,browsing
1568811071.1,1142,549,None,Move,browsing
1568811071.109,1141,549,None,Move,browsing
1568811071.119,1141,549,None,Move,browsing
1568811071.131,1140,548,None,Move,browsing
1568811071.155,1140,548,None,Move,browsing
1568811071.479,1140,548,None,Move,browsing
1568811071.921,1139,548,None,Move,browsing
1568811071.9320002,1139,549,None,Move,browsing
1568811071.9529998,1139,549,None,Move,browsing
1568811072.0070002,1139,549,None,Move,browsing
1568811072.029,1139,549,None,Move,browsing
1568811072.039,1138,548,None,Move,browsing
1568811072.05,1138,548,None,Move,browsing
1568811072.059,1138,546,None,Move,browsing
1568811072.07,1137,544,None,Move,browsing
1568811072.081,1136,544,None,Move,browsing
1568811072.09,1136,543,None,Move,browsing
1568811072.1,1136,542,None,Move,browsing
1568811072.11,1135,542,None,Move,browsing
1568811072.12,1135,541,None,Move,browsing
1568811072.1320002,1134,540,None,Move,browsing
1568811072.145,1133,540,None,Move,browsing
1568811072.155,1133,540,None,Move,browsing
1568811072.166,1132,540,None,Move,browsing
1568811072.2770002,1132,540,None,Move,browsing
1568811072.339,1132,540,None,Move,browsing
1568811072.3760002,1132,541,None,Move,browsing
1568811072.3979998,1132,541,Left,Pressed,browsing
1568811072.4629998,1132,541,Left,Released,browsing
1568811072.4870002,1133,542,None,Move,browsing
1568811072.4970002,1135,543,None,Move,browsing
1568811072.5070002,1138,544,None,Move,browsing
1568811072.5170002,1151,548,None,Move,browsing
1568811072.5270002,1158,550,None,Move,browsing
1568811072.539,1167,552,None,Move,browsing
1568811072.549,1192,558,None,Move,browsing
1568811072.56,1204,560,None,Move,browsing
1568811072.571,1229,564,None,Move,browsing
1568811072.582,1239,567,None,Move,browsing
1568811072.593,1251,568,None,Move,browsing
1568811072.603,1274,572,None,Move,browsing
1568811072.613,1285,575,None,Move,browsing
1568811072.627,1307,581,None,Move,browsing
1568811072.6360002,1312,583,None,Move,browsing
1568811072.646,1318,585,None,Move,browsing
1568811072.655,1319,585,None,Move,browsing
1568811072.665,1320,585,None,Move,browsing
1568811072.676,1320,586,None,Move,browsing
1568811072.686,1320,586,None,Move,browsing
1568811072.698,1317,586,None,Move,browsing
1568811072.708,1315,586,None,Move,browsing
1568811072.717,1312,586,None,Move,browsing
1568811072.7270002,1307,584,None,Move,browsing
1568811072.736,1298,581,None,Move,browsing
1568811072.746,1296,580,None,Move,browsing
1568811074.555,1296,583,None,Move,browsing
1568811074.569,1297,591,None,Move,browsing
1568811074.5779998,1302,617,None,Move,browsing
1568811074.5879998,1303,631,None,Move,browsing
1568811074.597,1303,646,None,Move,browsing
1568811074.609,1299,676,None,Move,browsing
1568811074.617,1294,695,None,Move,browsing
1568811074.631,1289,707,None,Move,browsing
1568811074.639,1285,718,None,Move,browsing
1568811074.647,1281,729,None,Move,browsing
1568811074.659,1280,731,None,Move,browsing
1568811074.669,1280,731,None,Move,browsing
1568811074.7329998,1280,731,None,Move,browsing
1568811074.7429998,1280,731,None,Move,browsing
1568811074.7529998,1280,730,None,Move,browsing
1568811074.7629998,1280,729,None,Move,browsing
1568811074.774,1280,727,None,Move,browsing
1568811074.784,1280,726,None,Move,browsing
1568811074.795,1280,726,None,Move,browsing
1568811074.806,1281,725,None,Move,browsing
1568811074.816,1282,725,None,Move,browsing
1568811074.826,1286,724,None,Move,browsing
1568811074.836,1295,723,None,Move,browsing
1568811074.847,1299,723,None,Move,browsing
1568811074.857,1312,721,None,Move,browsing
1568811074.867,1316,720,None,Move,browsing
1568811074.879,1319,719,None,Move,browsing
1568811074.8879998,1326,716,None,Move,browsing
1568811074.899,1329,714,None,Move,browsing
1568811074.908,1333,711,None,Move,browsing
1568811074.925,1339,707,None,Move,browsing
1568811074.935,1341,705,None,Move,browsing
1568811074.946,1346,700,None,Move,browsing
1568811074.958,1349,696,None,Move,browsing
1568811074.968,1350,693,None,Move,browsing
1568811074.98,1351,691,None,Move,browsing
1568811074.992,1354,687,None,Move,browsing
1568811075.0010002,1356,684,None,Move,browsing
1568811075.0129998,1359,679,None,Move,browsing
1568811075.0270002,1360,677,None,Move,browsing
1568811075.0370002,1363,673,None,Move,browsing
1568811075.049,1364,672,None,Move,browsing
1568811075.0579998,1364,671,None,Move,browsing
1568811075.0670002,1365,670,None,Move,browsing
1568811075.0779998,1365,670,None,Move,browsing
1568811075.0879998,1366,669,None,Move,browsing
1568811075.099,1368,669,None,Move,browsing
1568811075.11,1368,669,None,Move,browsing
1568811075.12,1369,669,None,Move,browsing
1568811075.13,1371,669,None,Move,browsing
1568811075.14,1372,669,None,Move,browsing
1568811075.149,1374,668,None,Move,browsing
1568811075.159,1375,668,None,Move,browsing
1568811075.168,1379,667,None,Move,browsing
1568811075.18,1380,667,None,Move,browsing
1568811075.191,1381,667,None,Move,browsing
1568811075.2,1383,666,None,Move,browsing
1568811075.209,1385,665,None,Move,browsing
1568811075.219,1385,665,None,Move,browsing
1568811075.229,1386,665,None,Move,browsing
1568811075.4529998,1386,665,None,Move,browsing
1568811075.4729998,1386,665,None,Move,browsing
1568811076.097,1386,665,Left,Pressed,browsing
1568811076.167,1386,665,Left,Released,browsing
1568811076.258,1388,665,None,Move,browsing
1568811076.268,1391,665,None,Move,browsing
1568811076.2770002,1396,665,None,Move,browsing
1568811076.2870002,1404,665,None,Move,browsing
1568811076.302,1420,665,None,Move,browsing
1568811076.314,1443,665,None,Move,browsing
1568811076.325,1456,665,None,Move,browsing
1568811076.334,1469,666,None,Move,browsing
1568811076.342,1482,668,None,Move,browsing
1568811076.35,1496,669,None,Move,browsing
1568811076.3620002,1517,674,None,Move,browsing
1568811076.37,1527,676,None,Move,browsing
1568811076.3779998,1537,679,None,Move,browsing
1568811076.3860002,1543,682,None,Move,browsing
1568811076.395,1548,685,None,Move,browsing
1568811076.403,1552,689,None,Move,browsing
1568811076.411,1555,692,None,Move,browsing
1568811076.419,1555,695,None,Move,browsing
1568811076.427,1555,698,None,Move,browsing
1568811076.435,1555,700,None,Move,browsing
1568811076.4429998,1555,702,None,Move,browsing
1568811076.4529998,1553,708,None,Move,browsing
1568811076.462,1550,710,None,Move,browsing
1568811076.472,1548,712,None,Move,browsing
1568811076.4829998,1544,715,None,Move,browsing
1568811076.4929998,1540,716,None,Move,browsing
1568811076.504,1537,717,None,Move,browsing
1568811076.514,1534,718,None,Move,browsing
1568811076.525,1526,720,None,Move,browsing
1568811076.535,1522,721,None,Move,browsing
1568811076.545,1516,723,None,Move,browsing
1568811076.5570002,1513,724,None,Move,browsing
1568811076.5670002,1510,724,None,Move,browsing
1568811076.579,1504,724,None,Move,browsing
1568811076.5879998,1501,724,None,Move,browsing
1568811076.597,1500,724,None,Move,browsing
1568811076.6079998,1495,724,None,Move,browsing
1568811076.619,1492,724,None,Move,browsing
1568811076.629,1490,724,None,Move,browsing
1568811076.641,1486,724,None,Move,browsing
1568811076.6520002,1483,724,None,Move,browsing
1568811076.6620002,1476,723,None,Move,browsing
1568811076.673,1473,723,None,Move,browsing
1568811076.6820002,1469,723,None,Move,browsing
1568811076.694,1461,722,None,Move,browsing
1568811076.704,1458,721,None,Move,browsing
1568811076.714,1456,721,None,Move,browsing
1568811076.726,1452,721,None,Move,browsing
1568811076.735,1451,721,None,Move,browsing
1568811076.745,1451,721,None,Move,browsing
1568811076.756,1450,720,None,Move,browsing
1568811076.8170002,1450,720,None,Move,browsing
1568811076.827,1450,720,None,Move,browsing
1568811076.8379998,1450,719,None,Move,browsing
1568811076.8479998,1449,718,None,Move,browsing
1568811076.859,1448,717,None,Move,browsing
1568811076.87,1448,715,None,Move,browsing
1568811076.88,1446,712,None,Move,browsing
1568811076.893,1446,709,None,Move,browsing
1568811076.905,1444,703,None,Move,browsing
1568811076.915,1442,699,None,Move,browsing
1568811076.925,1441,688,None,Move,browsing
1568811076.935,1441,682,None,Move,browsing
1568811076.946,1441,676,None,Move,browsing
1568811076.957,1439,666,None,Move,browsing
1568811076.966,1436,643,None,Move,browsing
1568811076.976,1434,631,None,Move,browsing
1568811076.9870002,1428,605,None,Move,browsing
1568811076.998,1425,593,None,Move,browsing
1568811077.008,1421,581,None,Move,browsing
1568811077.019,1416,544,None,Move,browsing
1568811077.028,1412,520,None,Move,browsing
1568811077.0370002,1406,493,None,Move,browsing
1568811077.0470002,1403,473,None,Move,browsing
1568811077.056,1400,452,None,Move,browsing
1568811077.066,1397,428,None,Move,browsing
1568811077.08,1397,424,None,Move,browsing
1568811077.09,1394,417,None,Move,browsing
1568811077.1,1394,416,None,Move,browsing
1568811077.11,1394,415,None,Move,browsing
1568811077.119,1394,413,None,Move,browsing
1568811077.129,1394,413,None,Move,browsing
1568811077.139,1394,412,None,Move,browsing
1568811077.147,1394,412,None,Move,browsing
1568811077.158,1394,411,None,Move,browsing
1568811077.168,1395,409,None,Move,browsing
1568811077.178,1396,408,None,Move,browsing
1568811077.188,1397,406,None,Move,browsing
1568811077.198,1400,405,None,Move,browsing
1568811077.21,1402,404,None,Move,browsing
1568811077.221,1403,403,None,Move,browsing
1568811077.2329998,1405,402,None,Move,browsing
1568811077.244,1407,399,None,Move,browsing
1568811077.255,1409,398,None,Move,browsing
1568811077.266,1411,396,None,Move,browsing
1568811077.2770002,1415,392,None,Move,browsing
1568811077.2870002,1417,390,None,Move,browsing
1568811077.302,1420,387,None,Move,browsing
1568811077.31,1421,386,None,Move,browsing
1568811077.32,1421,386,None,Move,browsing
1568811077.33,1422,385,None,Move,browsing
1568811077.34,1422,384,None,Move,browsing
1568811077.351,1422,384,None,Move,browsing
1568811077.3660002,1422,383,None,Move,browsing
1568811077.381,1422,383,None,Move,browsing
1568811077.3920002,1422,382,None,Move,browsing
1568811077.4020002,1422,381,None,Move,browsing
1568811077.411,1422,381,None,Move,browsing
1568811077.4220002,1423,380,None,Move,browsing
1568811077.435,1423,379,None,Move,browsing
1568811077.445,1424,377,None,Move,browsing
1568811077.459,1424,377,None,Move,browsing
1568811077.468,1424,376,None,Move,browsing
1568811077.478,1424,376,None,Move,browsing
1568811077.486,1425,376,None,Move,browsing
1568811077.669,1425,376,Left,Pressed,browsing
1568811077.7229998,1425,376,Left,Released,browsing
1568811077.769,1425,376,None,Move,browsing
1568811077.778,1425,376,None,Move,browsing
1568811077.786,1424,376,None,Move,browsing
1568811077.801,1423,376,None,Move,browsing
1568811077.814,1423,376,None,Move,browsing
1568811077.825,1422,377,None,Move,browsing
1568811077.835,1422,378,None,Move,browsing
1568811077.845,1422,379,None,Move,browsing
1568811077.855,1421,385,None,Move,browsing
1568811077.8660002,1421,388,None,Move,browsing
1568811077.877,1421,397,None,Move,browsing
1568811077.887,1421,403,None,Move,browsing
1568811077.897,1422,410,None,Move,browsing
1568811077.907,1422,416,None,Move,browsing
1568811077.915,1423,423,None,Move,browsing
1568811077.926,1424,443,None,Move,browsing
1568811077.936,1424,455,None,Move,browsing
1568811077.947,1424,466,None,Move,browsing
1568811077.955,1424,486,None,Move,browsing
1568811077.9629998,1424,495,None,Move,browsing
1568811077.9729998,1424,501,None,Move,browsing
1568811077.985,1423,510,None,Move,browsing
1568811077.996,1421,525,None,Move,browsing
1568811078.008,1421,533,None,Move,browsing
1568811078.016,1420,540,None,Move,browsing
1568811078.025,1419,555,None,Move,browsing
1568811078.043,1415,569,None,Move,browsing
1568811078.052,1414,575,None,Move,browsing
1568811078.062,1411,580,None,Move,browsing
1568811078.072,1406,593,None,Move,browsing
1568811078.081,1403,599,None,Move,browsing
1568811078.092,1399,607,None,Move,browsing
1568811078.103,1393,618,None,Move,browsing
1568811078.113,1389,624,None,Move,browsing
1568811078.123,1385,629,None,Move,browsing
1568811078.133,1378,639,None,Move,browsing
1568811078.144,1376,643,None,Move,browsing
1568811078.154,1372,647,None,Move,browsing
1568811078.165,1369,650,None,Move,browsing
1568811078.175,1364,657,None,Move,browsing
1568811078.185,1360,662,None,Move,browsing
1568811078.195,1352,674,None,Move,browsing
1568811078.205,1348,679,None,Move,browsing
1568811078.215,1346,685,None,Move,browsing
1568811078.226,1344,688,None,Move,browsing
1568811078.505,1344,686,None,Move,browsing
1568811078.522,1344,684,None,Move,browsing
1568811078.539,1343,683,None,Move,browsing
1568811078.55,1343,681,None,Move,browsing
1568811078.561,1343,681,None,Move,browsing
1568811078.57,1342,681,None,Move,browsing
1568811078.579,1342,681,None,Move,browsing
1568811078.59,1341,682,None,Move,browsing
1568811078.6,1341,682,None,Move,browsing
1568811078.645,1341,682,None,Move,browsing
1568811078.675,1341,684,None,Move,browsing
1568811078.686,1341,684,None,Move,browsing
1568811078.696,1342,685,None,Move,browsing
1568811078.706,1343,685,None,Move,browsing
1568811078.716,1344,687,None,Move,browsing
1568811078.729,1344,688,None,Move,browsing
1568811078.7389998,1345,688,None,Move,browsing
1568811078.7529998,1345,689,None,Move,browsing
1568811078.7629998,1345,689,None,Move,browsing
1568811078.772,1345,690,None,Move,browsing
1568811078.781,1346,691,None,Move,browsing
1568811078.791,1347,692,None,Move,browsing
1568811078.8,1347,693,None,Move,browsing
1568811078.811,1348,693,None,Move,browsing
1568811078.821,1348,694,None,Move,browsing
1568811078.832,1350,695,None,Move,browsing
1568811078.843,1352,696,None,Move,browsing
1568811078.854,1354,698,None,Move,browsing
1568811078.8639998,1356,699,None,Move,browsing
1568811078.875,1357,699,None,Move,browsing
1568811078.885,1359,701,None,Move,browsing
1568811078.896,1360,703,None,Move,browsing
1568811078.905,1360,704,None,Move,browsing
1568811078.9120002,1361,705,None,Move,browsing
1568811078.921,1361,706,None,Move,browsing
1568811078.931,1361,707,None,Move,browsing
1568811078.941,1361,709,None,Move,browsing
1568811078.951,1361,710,None,Move,browsing
1568811078.961,1361,711,None,Move,browsing
1568811078.972,1360,713,None,Move,browsing
1568811078.982,1360,715,None,Move,browsing
1568811078.9929998,1359,716,None,Move,browsing
1568811079.0029998,1359,717,None,Move,browsing
1568811079.0129998,1359,717,None,Move,browsing
1568811079.022,1359,719,None,Move,browsing
1568811079.033,1359,720,None,Move,browsing
1568811079.043,1359,720,None,Move,browsing
1568811079.053,1359,722,None,Move,browsing
1568811079.063,1360,723,None,Move,browsing
1568811079.073,1360,723,None,Move,browsing
1568811079.083,1360,725,None,Move,browsing
1568811079.093,1360,726,None,Move,browsing
1568811079.103,1360,727,None,Move,browsing
1568811079.1120002,1360,727,None,Move,browsing
1568811079.123,1360,728,None,Move,browsing
1568811079.133,1360,729,None,Move,browsing
1568811079.143,1360,730,None,Move,browsing
1568811079.154,1360,730,None,Move,browsing
1568811079.166,1361,730,None,Move,browsing
1568811079.2029998,1361,730,None,Move,browsing
1568811079.2129998,1362,730,None,Move,browsing
1568811079.2329998,1362,730,None,Move,browsing
1568811079.2429998,1362,730,None,Move,browsing
1568811079.252,1362,730,None,Move,browsing
1568811079.265,1362,730,None,Move,browsing
1568811079.279,1362,728,None,Move,browsing
1568811079.29,1362,727,None,Move,browsing
1568811079.304,1361,724,None,Move,browsing
1568811079.315,1361,723,None,Move,browsing
1568811079.325,1361,721,None,Move,browsing
1568811079.333,1361,717,None,Move,browsing
1568811079.343,1362,712,None,Move,browsing
1568811079.353,1362,708,None,Move,browsing
1568811079.3639998,1363,704,None,Move,browsing
1568811079.3739998,1363,690,None,Move,browsing
1568811079.3839998,1363,681,None,Move,browsing
1568811079.396,1366,668,None,Move,browsing
1568811079.406,1367,663,None,Move,browsing
1568811079.417,1369,656,None,Move,browsing
1568811079.428,1376,641,None,Move,browsing
1568811079.438,1381,633,None,Move,browsing
1568811079.449,1395,614,None,Move,browsing
1568811079.462,1402,604,None,Move,browsing
1568811079.4729998,1421,583,None,Move,browsing
1568811079.484,1436,567,None,Move,browsing
1568811079.494,1447,555,None,Move,browsing
1568811079.504,1477,529,None,Move,browsing
1568811079.514,1494,515,None,Move,browsing
1568811079.524,1511,502,None,Move,browsing
1568811079.535,1543,474,None,Move,browsing
1568811079.545,1561,460,None,Move,browsing
1568811079.556,1574,445,None,Move,browsing
1568811079.5670002,1599,417,None,Move,browsing
1568811079.577,1609,405,None,Move,browsing
1568811079.587,1617,395,None,Move,browsing
1568811079.5979998,1632,380,None,Move,browsing
1568811079.6079998,1638,374,None,Move,browsing
1568811079.619,1643,369,None,Move,browsing
1568811079.629,1653,361,None,Move,browsing
1568811079.639,1657,359,None,Move,browsing
1568811079.65,1659,356,None,Move,browsing
1568811079.659,1660,355,None,Move,browsing
1568811079.691,1660,355,None,Move,browsing
1568811079.705,1660,355,None,Move,browsing
1568811079.714,1661,355,None,Move,browsing
1568811079.724,1663,355,None,Move,browsing
1568811079.735,1666,355,None,Move,browsing
1568811079.745,1674,357,None,Move,browsing
1568811079.756,1677,357,None,Move,browsing
1568811079.766,1680,357,None,Move,browsing
1568811079.775,1686,360,None,Move,browsing
1568811079.786,1687,361,None,Move,browsing
1568811079.795,1689,362,None,Move,browsing
1568811079.805,1689,362,None,Move,browsing
1568811079.815,1690,362,None,Move,browsing
1568811079.923,1690,362,None,Move,browsing
1568811079.9329998,1690,362,None,Move,browsing
1568811079.9429998,1689,362,None,Move,browsing
1568811079.952,1686,363,None,Move,browsing
1568811079.961,1677,366,None,Move,browsing
1568811079.972,1669,370,None,Move,browsing
1568811079.981,1664,373,None,Move,browsing
1568811079.992,1653,379,None,Move,browsing
1568811080.002,1650,380,None,Move,browsing
1568811080.0110002,1646,383,None,Move,browsing
1568811080.021,1642,386,None,Move,browsing
1568811080.03,1637,390,None,Move,browsing
1568811080.041,1625,398,None,Move,browsing
1568811080.051,1617,402,None,Move,browsing
1568811080.061,1604,412,None,Move,browsing
1568811080.071,1598,416,None,Move,browsing
1568811080.081,1592,421,None,Move,browsing
1568811080.091,1587,426,None,Move,browsing
1568811080.101,1579,436,None,Move,browsing
1568811080.111,1576,439,None,Move,browsing
1568811080.121,1574,443,None,Move,browsing
1568811080.129,1572,445,None,Move,browsing
1568811080.141,1571,451,None,Move,browsing
1568811080.15,1570,454,None,Move,browsing
1568811080.159,1570,457,None,Move,browsing
1568811080.17,1570,460,None,Move,browsing
1568811080.179,1574,471,None,Move,browsing
1568811080.19,1577,478,None,Move,browsing
1568811080.202,1581,492,None,Move,browsing
1568811080.212,1582,500,None,Move,browsing
1568811080.2229998,1582,508,None,Move,browsing
1568811080.2329998,1578,525,None,Move,browsing
1568811080.2429998,1574,532,None,Move,browsing
1568811080.2529998,1569,539,None,Move,browsing
1568811080.262,1569,540,None,Move,browsing
1568811081.587,1569,539,None,Move,browsing
1568811081.597,1569,536,None,Move,browsing
1568811081.607,1570,534,None,Move,browsing
1568811081.6160002,1570,532,None,Move,browsing
1568811081.6239998,1570,529,None,Move,browsing
1568811081.635,1568,526,None,Move,browsing
1568811081.644,1560,519,None,Move,browsing
1568811081.654,1554,516,None,Move,browsing
1568811081.664,1541,509,None,Move,browsing
1568811081.674,1531,505,None,Move,browsing
1568811081.684,1517,500,None,Move,browsing
1568811081.697,1471,487,None,Move,browsing
1568811081.707,1436,478,None,Move,browsing
1568811081.719,1341,453,None,Move,browsing
1568811081.729,1282,437,None,Move,browsing
1568811081.74,1221,429,None,Move,browsing
1568811081.752,1114,417,None,Move,browsing
1568811081.762,1060,407,None,Move,browsing
1568811081.775,953,395,None,Move,browsing
1568811081.788,902,383,None,Move,browsing
1568811081.7970002,813,361,None,Move,browsing
1568811081.81,778,350,None,Move,browsing
1568811081.821,719,327,None,Move,browsing
1568811081.831,698,316,None,Move,browsing
1568811081.841,685,309,None,Move,browsing
1568811081.851,668,298,None,Move,browsing
1568811081.861,662,292,None,Move,browsing
1568811081.871,658,287,None,Move,browsing
1568811081.8820002,652,277,None,Move,browsing
1568811081.8920002,651,272,None,Move,browsing
1568811081.9020002,649,269,None,Move,browsing
1568811081.913,646,264,None,Move,browsing
1568811081.924,646,261,None,Move,browsing
1568811081.934,645,259,None,Move,browsing
1568811081.945,643,256,None,Move,browsing
1568811081.955,642,256,None,Move,browsing
1568811081.965,642,255,None,Move,browsing
1568811081.975,641,253,None,Move,browsing
1568811081.986,641,253,None,Move,browsing
1568811082.2229998,640,253,None,Move,browsing
1568811082.2429998,639,252,None,Move,browsing
1568811082.264,633,252,None,Move,browsing
1568811082.282,629,251,None,Move,browsing
1568811082.293,624,251,None,Move,browsing
1568811082.31,622,250,None,Move,browsing
1568811082.319,621,250,None,Move,browsing
1568811082.33,621,250,None,Move,browsing
1568811082.34,620,250,None,Move,browsing
1568811082.617,619,250,None,Move,browsing
1568811082.6320002,617,250,None,Move,browsing
1568811082.646,613,253,None,Move,browsing
1568811082.659,608,256,None,Move,browsing
1568811082.673,606,257,None,Move,browsing
1568811082.686,606,257,None,Move,browsing
1568811082.698,605,258,None,Move,browsing
1568811083.447,605,258,None,Move,browsing
1568811083.4629998,605,259,None,Move,browsing
1568811083.485,605,259,None,Move,browsing
1568811083.5089998,605,260,None,Move,browsing
1568811083.5229998,605,260,None,Move,browsing
1568811083.532,605,261,None,Move,browsing
1568811083.5470002,605,261,None,Move,browsing
1568811083.556,605,262,None,Move,browsing
1568811083.565,605,262,None,Move,browsing
1568811083.574,605,263,None,Move,browsing
1568811083.585,606,264,None,Move,browsing
1568811083.595,606,265,None,Move,browsing
1568811083.606,607,266,None,Move,browsing
1568811083.617,607,266,None,Move,browsing
1568811083.627,607,267,None,Move,browsing
1568811083.641,608,267,None,Move,browsing
1568811083.655,608,268,None,Move,browsing
1568811083.679,608,268,None,Move,browsing
1568811083.7029998,608,269,None,Move,browsing
1568811083.722,608,270,None,Move,browsing
1568811083.744,609,271,None,Move,browsing
1568811083.764,611,274,None,Move,browsing
1568811083.775,611,275,None,Move,browsing
1568811083.784,613,276,None,Move,browsing
1568811083.795,615,279,None,Move,browsing
1568811083.805,616,280,None,Move,browsing
1568811083.816,617,283,None,Move,browsing
1568811083.826,619,285,None,Move,browsing
1568811083.837,620,286,None,Move,browsing
1568811083.8479998,620,287,None,Move,browsing
1568811083.8579998,622,288,None,Move,browsing
1568811083.8679998,623,290,None,Move,browsing
1568811083.8779998,624,294,None,Move,browsing
1568811083.889,627,300,None,Move,browsing
1568811083.899,628,302,None,Move,browsing
1568811083.91,628,303,None,Move,browsing
1568811083.921,631,307,None,Move,browsing
1568811083.9320002,633,308,None,Move,browsing
1568811083.9420002,635,310,None,Move,browsing
1568811083.952,637,313,None,Move,browsing
1568811083.962,638,315,None,Move,browsing
1568811083.971,639,316,None,Move,browsing
1568811083.982,641,319,None,Move,browsing
1568811083.992,641,319,None,Move,browsing
1568811084.0029998,642,321,None,Move,browsing
1568811084.0129998,644,322,None,Move,browsing
1568811084.0229998,644,322,None,Move,browsing
1568811084.034,645,323,None,Move,browsing
1568811084.044,645,323,None,Move,browsing
1568811084.054,646,324,None,Move,browsing
1568811084.0670002,646,325,None,Move,browsing
1568811084.091,646,325,None,Move,browsing
1568811084.1020002,646,325,None,Move,browsing
1568811084.111,647,326,None,Move,browsing
1568811084.121,648,326,None,Move,browsing
1568811084.1320002,648,328,None,Move,browsing
1568811084.1420002,649,329,None,Move,browsing
1568811084.1520002,651,331,None,Move,browsing
1568811084.164,653,331,None,Move,browsing
1568811084.174,654,332,None,Move,browsing
1568811084.185,656,333,None,Move,browsing
1568811084.196,657,334,None,Move,browsing
1568811084.206,661,337,None,Move,browsing
1568811084.217,663,338,None,Move,browsing
1568811084.2270002,666,340,None,Move,browsing
1568811084.2389998,671,342,None,Move,browsing
1568811084.25,672,344,None,Move,browsing
1568811084.26,672,346,None,Move,browsing
1568811084.27,672,348,None,Move,browsing
1568811084.279,672,351,None,Move,browsing
1568811084.282,671,352,None,Move,browsing
1568811084.294,671,353,None,Move,browsing
1568811084.3070002,671,355,None,Move,browsing
1568811084.3679998,673,355,None,Move,browsing
1568811084.381,675,355,None,Move,browsing
1568811084.39,676,352,None,Move,browsing
1568811084.4020002,679,349,None,Move,browsing
1568811084.4120002,680,348,None,Move,browsing
1568811084.423,680,347,None,Move,browsing
1568811084.4329998,680,346,None,Move,browsing
1568811084.4529998,681,346,None,Move,browsing
1568811084.465,681,346,None,Move,browsing
1568811084.475,681,346,None,Move,browsing
1568811084.485,681,346,None,Move,browsing
1568811084.496,682,346,None,Move,browsing
1568811084.506,683,345,None,Move,browsing
1568811084.5170002,684,345,None,Move,browsing
1568811084.5270002,684,344,None,Move,browsing
1568811084.539,685,344,None,Move,browsing
1568811084.569,685,344,None,Move,browsing
1568811084.579,685,344,None,Move,browsing
1568811084.589,684,344,None,Move,browsing
1568811084.604,684,344,None,Move,browsing
1568811084.615,683,344,None,Move,browsing
1568811084.6239998,682,344,None,Move,browsing
1568811084.635,681,344,None,Move,browsing
1568811084.645,681,342,None,Move,browsing
1568811084.655,680,340,None,Move,browsing
1568811084.665,680,338,None,Move,browsing
1568811084.674,679,337,None,Move,browsing
1568811084.685,679,334,None,Move,browsing
1568811084.695,680,331,None,Move,browsing
1568811084.705,681,331,None,Move,browsing
1568811084.716,681,330,None,Move,browsing
1568811084.726,682,327,None,Move,browsing
1568811084.736,682,324,None,Move,browsing
1568811084.7470002,683,323,None,Move,browsing
1568811084.758,683,323,None,Move,browsing
1568811084.779,684,322,None,Move,browsing
1568811084.789,686,322,None,Move,browsing
1568811084.8,688,321,None,Move,browsing
1568811084.811,692,319,None,Move,browsing
1568811084.821,694,319,None,Move,browsing
1568811084.832,697,318,None,Move,browsing
1568811084.842,703,318,None,Move,browsing
1568811084.853,706,318,None,Move,browsing
1568811084.863,712,318,None,Move,browsing
1568811084.8739998,714,318,None,Move,browsing
1568811084.8839998,715,318,None,Move,browsing
1568811084.894,716,318,None,Move,browsing
1568811084.9120002,717,318,None,Move,browsing
1568811084.941,718,318,None,Move,browsing
1568811084.952,718,318,None,Move,browsing
1568811084.961,718,318,None,Move,browsing
1568811084.971,719,318,None,Move,browsing
1568811084.981,721,319,None,Move,browsing
1568811084.9910002,722,319,None,Move,browsing
1568811085.002,724,320,None,Move,browsing
1568811085.012,728,320,None,Move,browsing
1568811085.0229998,729,320,None,Move,browsing
1568811085.033,730,320,None,Move,browsing
1568811085.043,733,320,None,Move,browsing
1568811085.054,733,320,None,Move,browsing
1568811085.065,734,320,None,Move,browsing
1568811085.221,735,320,None,Move,browsing
1568811085.2389998,736,320,None,Move,browsing
1568811085.256,737,320,None,Move,browsing
1568811085.2729998,742,319,None,Move,browsing
1568811085.282,750,318,None,Move,browsing
1568811085.293,756,317,None,Move,browsing
1568811085.306,771,315,None,Move,browsing
1568811085.3179998,779,313,None,Move,browsing
1568811085.3279998,793,311,None,Move,browsing
1568811085.341,800,309,None,Move,browsing
1568811085.3520002,814,309,None,Move,browsing
1568811085.363,819,308,None,Move,browsing
1568811085.379,830,306,None,Move,browsing
1568811085.39,835,305,None,Move,browsing
1568811085.4020002,846,302,None,Move,browsing
1568811085.413,852,301,None,Move,browsing
1568811085.423,862,299,None,Move,browsing
1568811085.4329998,867,297,None,Move,browsing
1568811085.444,874,296,None,Move,browsing
1568811085.455,887,293,None,Move,browsing
1568811085.465,893,292,None,Move,browsing
1568811085.475,901,291,None,Move,browsing
1568811085.484,905,291,None,Move,browsing
1568811085.4970002,908,290,None,Move,browsing
1568811085.5070002,913,289,None,Move,browsing
1568811085.516,915,289,None,Move,browsing
1568811085.526,917,288,None,Move,browsing
1568811085.538,922,286,None,Move,browsing
1568811085.548,924,285,None,Move,browsing
1568811085.5579998,926,284,None,Move,browsing
1568811085.5679998,928,282,None,Move,browsing
1568811085.577,932,280,None,Move,browsing
1568811085.591,935,278,None,Move,browsing
1568811085.601,937,277,None,Move,browsing
1568811085.611,939,276,None,Move,browsing
1568811085.62,941,275,None,Move,browsing
1568811085.631,944,272,None,Move,browsing
1568811085.641,946,271,None,Move,browsing
1568811085.65,948,269,None,Move,browsing
1568811085.66,950,268,None,Move,browsing
1568811085.671,955,265,None,Move,browsing
1568811085.681,958,263,None,Move,browsing
1568811085.6920002,960,262,None,Move,browsing
1568811085.7029998,964,260,None,Move,browsing
1568811085.7129998,964,259,None,Move,browsing
1568811085.7229998,965,259,None,Move,browsing
1568811085.762,965,258,None,Move,browsing
1568811085.772,965,258,None,Move,browsing
1568811085.782,964,257,None,Move,browsing
1568811085.793,957,256,None,Move,browsing
1568811085.803,951,254,None,Move,browsing
1568811085.814,945,253,None,Move,browsing
1568811085.826,929,249,None,Move,browsing
1568811085.836,915,245,None,Move,browsing
1568811085.846,887,238,None,Move,browsing
1568811085.857,865,233,None,Move,browsing
1568811085.869,841,226,None,Move,browsing
1568811085.881,782,213,None,Move,browsing
1568811085.895,717,196,None,Move,browsing
1568811085.906,690,188,None,Move,browsing
1568811085.916,665,181,None,Move,browsing
1568811085.927,623,165,None,Move,browsing
1568811085.937,606,158,None,Move,browsing
1568811085.947,592,153,None,Move,browsing
1568811085.957,569,147,None,Move,browsing
1568811085.966,563,146,None,Move,browsing
1568811085.9770002,555,145,None,Move,browsing
1568811085.9870002,550,145,None,Move,browsing
1568811085.998,547,145,None,Move,browsing
1568811086.008,546,145,None,Move,browsing
1568811086.018,546,145,None,Move,browsing
1568811086.079,546,145,None,Move,browsing
1568811086.099,544,147,None,Move,browsing
1568811086.1179998,542,150,None,Move,browsing
1568811086.137,537,153,None,Move,browsing
1568811086.147,535,155,None,Move,browsing
1568811086.156,533,156,None,Move,browsing
1568811086.166,532,157,None,Move,browsing
1568811086.177,530,159,None,Move,browsing
1568811086.187,530,159,None,Move,browsing
1568811086.197,529,160,None,Move,browsing
1568811086.208,528,162,None,Move,browsing
1568811086.218,527,164,None,Move,browsing
1568811086.229,524,167,None,Move,browsing
1568811086.2389998,523,169,None,Move,browsing
1568811086.2489998,521,171,None,Move,browsing
1568811086.26,519,174,None,Move,browsing
1568811086.27,517,175,None,Move,browsing
1568811086.28,517,177,None,Move,browsing
1568811086.29,514,179,None,Move,browsing
1568811086.305,511,181,None,Move,browsing
1568811086.316,510,182,None,Move,browsing
1568811086.327,508,183,None,Move,browsing
1568811086.336,506,184,None,Move,browsing
1568811086.344,505,184,None,Move,browsing
1568811086.355,505,184,None,Move,browsing
1568811086.365,503,184,None,Move,browsing
1568811086.375,501,186,None,Move,browsing
1568811086.387,499,186,None,Move,browsing
1568811086.395,498,186,None,Move,browsing
1568811086.405,496,187,None,Move,browsing
1568811086.415,495,188,None,Move,browsing
1568811086.43,495,188,None,Move,browsing
1568811086.451,494,189,None,Move,browsing
1568811086.462,494,189,None,Move,browsing
1568811086.4729998,494,189,None,Move,browsing
1568811086.621,494,189,None,Move,browsing
1568811086.645,494,189,None,Move,browsing
1568811086.656,494,189,None,Move,browsing
1568811086.667,495,189,None,Move,browsing
1568811086.677,496,190,None,Move,browsing
1568811086.688,496,190,None,Move,browsing
1568811086.699,497,190,None,Move,browsing
1568811086.71,497,191,None,Move,browsing
1568811086.721,498,191,None,Move,browsing
1568811086.731,499,191,None,Move,browsing
1568811086.745,500,191,None,Move,browsing
1568811086.8070002,500,192,None,Move,browsing
1568811086.82,500,193,None,Move,browsing
1568811086.833,501,199,None,Move,browsing
1568811086.847,502,204,None,Move,browsing
1568811086.861,503,207,None,Move,browsing
1568811086.873,503,212,None,Move,browsing
1568811086.887,507,220,None,Move,browsing
1568811086.899,509,225,None,Move,browsing
1568811086.91,514,235,None,Move,browsing
1568811086.92,519,243,None,Move,browsing
1568811086.929,524,250,None,Move,browsing
1568811086.939,539,266,None,Move,browsing
1568811086.95,548,275,None,Move,browsing
1568811086.96,557,283,None,Move,browsing
1568811086.97,580,300,None,Move,browsing
1568811086.982,592,306,None,Move,browsing
1568811086.9910002,614,312,None,Move,browsing
1568811087.008,659,323,None,Move,browsing
1568811087.018,708,335,None,Move,browsing
1568811087.0270002,729,340,None,Move,browsing
1568811087.038,746,346,None,Move,browsing
1568811087.049,774,354,None,Move,browsing
1568811087.059,785,356,None,Move,browsing
1568811087.069,793,358,None,Move,browsing
1568811087.08,807,361,None,Move,browsing
1568811087.09,812,362,None,Move,browsing
1568811087.101,815,363,None,Move,browsing
1568811087.111,816,363,None,Move,browsing
1568811087.171,815,363,None,Move,browsing
1568811087.1820002,814,363,None,Move,browsing
1568811087.194,812,362,None,Move,browsing
1568811087.205,804,360,None,Move,browsing
1568811087.215,799,359,None,Move,browsing
1568811087.225,792,358,None,Move,browsing
1568811087.236,778,355,None,Move,browsing
1568811087.246,771,354,None,Move,browsing
1568811087.256,763,353,None,Move,browsing
1568811087.2670002,751,352,None,Move,browsing
1568811087.2770002,745,351,None,Move,browsing
1568811087.2870002,742,351,None,Move,browsing
1568811087.3,741,351,None,Move,browsing
1568811087.312,745,349,None,Move,browsing
1568811087.32,751,349,None,Move,browsing
1568811087.329,760,348,None,Move,browsing
1568811087.339,772,346,None,Move,browsing
1568811087.35,789,344,None,Move,browsing
1568811087.37,883,328,None,Move,browsing
1568811087.38,928,321,None,Move,browsing
1568811087.39,1021,306,None,Move,browsing
1568811087.4,1072,296,None,Move,browsing
1568811087.411,1114,291,None,Move,browsing
1568811087.421,1178,284,None,Move,browsing
1568811087.431,1195,283,None,Move,browsing
1568811087.4420002,1210,282,None,Move,browsing
1568811087.452,1224,280,None,Move,browsing
1568811087.462,1224,280,None,Move,browsing
1568811087.471,1224,279,None,Move,browsing
1568811087.481,1219,279,None,Move,browsing
1568811087.492,1211,278,None,Move,browsing
1568811087.5010002,1198,276,None,Move,browsing
1568811087.512,1183,274,None,Move,browsing
1568811087.5229998,1133,265,None,Move,browsing
1568811087.534,1095,256,None,Move,browsing
1568811087.545,1008,227,None,Move,browsing
1568811087.556,964,212,None,Move,browsing
1568811087.5670002,910,194,None,Move,browsing
1568811087.577,802,164,None,Move,browsing
1568811087.586,751,154,None,Move,browsing
1568811087.597,666,151,None,Move,browsing
1568811087.6079998,630,153,None,Move,browsing
1568811087.619,594,155,None,Move,browsing
1568811087.629,532,163,None,Move,browsing
1568811087.639,507,169,None,Move,browsing
1568811087.65,493,170,None,Move,browsing
1568811087.6620002,474,174,None,Move,browsing
1568811087.6720002,467,175,None,Move,browsing
1568811087.684,462,176,None,Move,browsing
1568811087.695,462,176,None,Move,browsing
1568811087.705,461,176,None,Move,browsing
1568811087.721,461,176,None,Move,browsing
1568811087.732,459,177,None,Move,browsing
1568811087.742,458,177,None,Move,browsing
1568811087.752,456,178,None,Move,browsing
1568811087.7629998,450,178,None,Move,browsing
1568811087.774,444,179,None,Move,browsing
1568811087.785,430,181,None,Move,browsing
1568811087.795,421,182,None,Move,browsing
1568811087.805,413,183,None,Move,browsing
1568811087.816,396,186,None,Move,browsing
1568811087.829,386,187,None,Move,browsing
1568811087.837,368,190,None,Move,browsing
1568811087.8479998,360,192,None,Move,browsing
1568811087.8579998,352,193,None,Move,browsing
1568811087.8679998,346,194,None,Move,browsing
1568811087.8779998,335,195,None,Move,browsing
1568811087.8879998,332,195,None,Move,browsing
1568811087.899,326,196,None,Move,browsing
1568811087.909,324,196,None,Move,browsing
1568811087.92,323,196,None,Move,browsing
1568811087.931,323,196,None,Move,browsing
1568811087.941,323,196,None,Move,browsing
1568811087.951,322,196,None,Move,browsing
1568811087.961,322,196,None,Move,browsing
1568811087.971,321,196,None,Move,browsing
1568811087.981,321,196,None,Move,browsing
1568811087.9910002,321,196,None,Move,browsing
1568811088.002,320,194,None,Move,browsing
1568811088.0229998,320,194,None,Move,browsing
1568811088.033,320,194,None,Move,browsing
1568811088.043,319,193,None,Move,browsing
1568811088.053,319,193,None,Move,browsing
1568811088.072,319,192,None,Move,browsing
1568811088.21,319,192,Left,Pressed,browsing
1568811088.295,319,192,Left,Released,browsing
1568811088.4020002,319,192,None,Move,browsing
1568811088.415,319,192,None,Move,browsing
1568811088.426,321,192,None,Move,browsing
1568811088.438,326,195,None,Move,browsing
1568811088.449,335,197,None,Move,browsing
1568811088.464,342,201,None,Move,browsing
1568811088.475,356,208,None,Move,browsing
1568811088.486,365,211,None,Move,browsing
1568811088.498,383,218,None,Move,browsing
1568811088.51,395,224,None,Move,browsing
1568811088.5229998,414,232,None,Move,browsing
1568811088.535,431,241,None,Move,browsing
1568811088.5470002,440,246,None,Move,browsing
1568811088.559,463,256,None,Move,browsing
1568811088.569,472,261,None,Move,browsing
1568811088.579,485,266,None,Move,browsing
1568811088.59,507,277,None,Move,browsing
1568811088.601,518,283,None,Move,browsing
1568811088.611,528,288,None,Move,browsing
1568811088.623,551,297,None,Move,browsing
1568811088.637,574,305,None,Move,browsing
1568811088.649,587,307,None,Move,browsing
1568811088.659,611,314,None,Move,browsing
1568811088.676,635,318,None,Move,browsing
1568811088.687,649,321,None,Move,browsing
1568811088.698,662,324,None,Move,browsing
1568811088.707,691,331,None,Move,browsing
1568811088.719,706,333,None,Move,browsing
1568811088.731,735,339,None,Move,browsing
1568811088.742,750,344,None,Move,browsing
1568811088.755,788,352,None,Move,browsing
1568811088.77,830,360,None,Move,browsing
1568811088.783,871,367,None,Move,browsing
1568811088.795,889,370,None,Move,browsing
1568811088.8070002,927,374,None,Move,browsing
1568811088.82,942,375,None,Move,browsing
1568811088.833,973,377,None,Move,browsing
1568811088.845,985,378,None,Move,browsing
1568811088.854,1008,379,None,Move,browsing
1568811088.865,1018,380,None,Move,browsing
1568811088.877,1037,381,None,Move,browsing
1568811088.8879998,1046,381,None,Move,browsing
1568811088.9020002,1059,382,None,Move,browsing
1568811088.915,1068,383,None,Move,browsing
1568811088.928,1073,384,None,Move,browsing
1568811088.938,1077,384,None,Move,browsing
1568811088.95,1078,384,None,Move,browsing
1568811088.961,1078,385,None,Move,browsing
1568811088.9989998,1078,385,None,Move,browsing
1568811089.0089998,1078,385,None,Move,browsing
1568811089.123,1078,385,None,Move,browsing
1568811089.2229998,1078,384,None,Move,browsing
1568811089.244,1078,383,None,Move,browsing
1568811089.266,1078,380,None,Move,browsing
1568811089.291,1078,379,None,Move,browsing
1568811089.322,1078,378,None,Move,browsing
1568811089.347,1078,377,None,Move,browsing
1568811089.37,1078,377,None,Move,browsing
1568811089.391,1080,378,None,Move,browsing
1568811089.404,1086,378,None,Move,browsing
1568811089.418,1100,381,None,Move,browsing
1568811089.431,1110,383,None,Move,browsing
1568811089.445,1134,387,None,Move,browsing
1568811089.458,1160,392,None,Move,browsing
1568811089.47,1173,393,None,Move,browsing
1568811089.484,1201,397,None,Move,browsing
1568811089.498,1238,405,None,Move,browsing
1568811089.512,1269,411,None,Move,browsing
1568811089.524,1282,414,None,Move,browsing
1568811089.536,1305,419,None,Move,browsing
1568811089.549,1326,422,None,Move,browsing
1568811089.562,1336,423,None,Move,browsing
1568811089.575,1354,426,None,Move,browsing
1568811089.5879998,1365,426,None,Move,browsing
1568811089.601,1388,430,None,Move,browsing
1568811089.615,1414,433,None,Move,browsing
1568811089.63,1446,435,None,Move,browsing
1568811089.6479998,1484,435,None,Move,browsing
1568811089.666,1555,435,None,Move,browsing
1568811089.695,1630,433,None,Move,browsing
1568811089.7129998,1690,433,None,Move,browsing
1568811089.7270002,1707,433,None,Move,browsing
1568811089.7410002,1734,431,None,Move,browsing
1568811089.752,1761,427,None,Move,browsing
1568811089.7629998,1769,425,None,Move,browsing
1568811089.774,1784,421,None,Move,browsing
1568811089.785,1789,420,None,Move,browsing
1568811089.796,1794,418,None,Move,browsing
1568811089.8079998,1803,414,None,Move,browsing
1568811089.8170002,1808,412,None,Move,browsing
1568811089.829,1815,409,None,Move,browsing
1568811089.839,1817,408,None,Move,browsing
1568811089.851,1818,408,None,Move,browsing
1568811089.8620002,1818,407,None,Move,browsing
1568811089.915,1818,406,None,Move,browsing
1568811089.929,1819,406,None,Move,browsing
1568811089.945,1820,405,None,Move,browsing
1568811089.955,1820,405,None,Move,browsing
1568811089.966,1821,404,None,Move,browsing
1568811089.9770002,1821,404,None,Move,browsing
1568811089.9910002,1822,403,None,Move,browsing
1568811090.002,1822,402,None,Move,browsing
1568811090.014,1822,402,None,Move,browsing
1568811090.025,1822,401,None,Move,browsing
1568811090.035,1822,401,None,Move,browsing
1568811090.046,1822,399,None,Move,browsing
1568811090.066,1820,396,None,Move,browsing
1568811090.077,1818,395,None,Move,browsing
1568811090.09,1818,394,None,Move,browsing
1568811090.101,1815,393,None,Move,browsing
1568811090.1120002,1815,393,None,Move,browsing
1568811090.123,1814,392,None,Move,browsing
1568811090.133,1812,392,None,Move,browsing
1568811090.146,1811,391,None,Move,browsing
1568811090.157,1810,391,None,Move,browsing
1568811090.168,1809,391,None,Move,browsing
1568811090.179,1808,391,None,Move,browsing
1568811090.19,1808,391,None,Move,browsing
1568811090.201,1807,391,None,Move,browsing
1568811090.215,1807,391,None,Move,browsing
1568811090.231,1806,391,None,Move,browsing
1568811090.242,1805,391,None,Move,browsing
1568811090.2529998,1804,391,None,Move,browsing
1568811090.266,1804,391,None,Move,browsing
1568811090.2770002,1803,391,None,Move,browsing
1568811090.289,1802,391,None,Move,browsing
1568811090.305,1800,391,None,Move,browsing
1568811090.319,1800,391,None,Move,browsing
1568811090.333,1798,391,None,Move,browsing
1568811090.345,1796,391,None,Move,browsing
1568811090.356,1795,390,None,Move,browsing
1568811090.3679998,1794,390,None,Move,browsing
1568811090.38,1792,390,None,Move,browsing
1568811090.3920002,1791,390,None,Move,browsing
1568811090.4020002,1788,390,None,Move,browsing
1568811090.4120002,1785,389,None,Move,browsing
1568811090.424,1785,389,None,Move,browsing
1568811090.434,1782,389,None,Move,browsing
1568811090.444,1781,389,None,Move,browsing
1568811090.455,1780,389,None,Move,browsing
1568811090.466,1779,389,None,Move,browsing
1568811090.479,1778,389,None,Move,browsing
1568811090.827,1778,389,None,Move,browsing
1568811090.843,1778,389,None,Move,browsing
1568811090.853,1779,389,None,Move,browsing
1568811090.873,1779,389,None,Move,browsing
1568811090.883,1783,389,None,Move,browsing
1568811090.895,1784,389,None,Move,browsing
1568811090.907,1790,389,None,Move,browsing
1568811090.918,1795,389,None,Move,browsing
1568811090.928,1804,389,None,Move,browsing
1568811090.938,1811,389,None,Move,browsing
1568811090.948,1817,389,None,Move,browsing
1568811090.958,1822,389,None,Move,browsing
1568811090.968,1833,388,None,Move,browsing
1568811090.978,1836,387,None,Move,browsing
1568811090.9870002,1840,387,None,Move,browsing
1568811090.998,1848,386,None,Move,browsing
1568811091.008,1851,386,None,Move,browsing
1568811091.018,1853,385,None,Move,browsing
1568811091.029,1856,385,None,Move,browsing
1568811091.039,1858,385,None,Move,browsing
1568811091.049,1859,385,None,Move,browsing
1568811091.0579998,1859,385,None,Move,browsing
1568811091.075,1860,385,None,Move,browsing
1568811092.7410002,1860,385,None,Move,browsing
1568811092.771,1860,385,None,Move,browsing
1568811093.089,1859,385,None,Move,browsing
1568811093.109,1857,385,None,Move,browsing
1568811093.1260002,1854,385,None,Move,browsing
1568811093.137,1851,385,None,Move,browsing
1568811093.147,1849,385,None,Move,browsing
1568811093.157,1846,385,None,Move,browsing
1568811093.167,1840,385,None,Move,browsing
1568811093.178,1838,385,None,Move,browsing
1568811093.188,1836,385,None,Move,browsing
1568811093.198,1833,385,None,Move,browsing
1568811093.21,1832,385,None,Move,browsing
1568811093.221,1830,385,None,Move,browsing
1568811093.2370002,1829,385,None,Move,browsing
1568811093.439,1829,385,None,Move,browsing
1568811093.458,1831,385,None,Move,browsing
1568811093.474,1836,385,None,Move,browsing
1568811093.4829998,1838,385,None,Move,browsing
1568811093.4929998,1841,385,None,Move,browsing
1568811093.5029998,1847,385,None,Move,browsing
1568811093.514,1849,385,None,Move,browsing
1568811093.5229998,1853,385,None,Move,browsing
1568811093.532,1854,385,None,Move,browsing
1568811093.543,1855,385,None,Move,browsing
1568811093.857,1855,385,Left,Pressed,browsing
1568811093.917,1855,385,Left,Released,browsing
1568811094.0270002,1856,385,None,Move,browsing
1568811094.0370002,1856,385,None,Move,browsing
1568811094.0470002,1857,385,None,Move,browsing
1568811094.0579998,1860,388,None,Move,browsing
1568811094.0679998,1862,389,None,Move,browsing
1568811094.079,1863,391,None,Move,browsing
1568811094.09,1865,395,None,Move,browsing
1568811094.099,1866,398,None,Move,browsing
1568811094.11,1866,401,None,Move,browsing
1568811094.121,1867,409,None,Move,browsing
1568811094.131,1867,413,None,Move,browsing
1568811094.1420002,1867,421,None,Move,browsing
1568811094.153,1867,436,None,Move,browsing
1568811094.163,1866,444,None,Move,browsing
1568811094.175,1862,459,None,Move,browsing
1568811094.186,1859,464,None,Move,browsing
1568811094.207,1836,475,None,Move,browsing
1568811094.216,1828,477,None,Move,browsing
1568811094.226,1816,481,None,Move,browsing
1568811094.235,1785,489,None,Move,browsing
1568811094.245,1762,496,None,Move,browsing
1568811094.256,1738,504,None,Move,browsing
1568811094.265,1713,512,None,Move,browsing
1568811094.274,1675,521,None,Move,browsing
1568811094.283,1597,541,None,Move,browsing
1568811094.295,1552,550,None,Move,browsing
1568811094.3070002,1472,567,None,Move,browsing
1568811094.319,1430,574,None,Move,browsing
1568811094.3379998,1315,599,None,Move,browsing
1568811094.3479998,1281,604,None,Move,browsing
1568811094.3579998,1247,609,None,Move,browsing
1568811094.367,1191,613,None,Move,browsing
1568811094.377,1170,617,None,Move,browsing
1568811094.3879998,1153,617,None,Move,browsing
1568811094.3979998,1141,617,None,Move,browsing
1568811094.408,1123,618,None,Move,browsing
1568811094.418,1119,618,None,Move,browsing
1568811094.429,1113,618,None,Move,browsing
1568811094.439,1110,618,None,Move,browsing
1568811094.449,1109,617,None,Move,browsing
1568811094.461,1108,617,None,Move,browsing
1568811094.475,1108,616,None,Move,browsing
1568811094.485,1108,616,None,Move,browsing
1568811094.496,1108,615,None,Move,browsing
1568811094.5070002,1109,615,None,Move,browsing
1568811094.5170002,1109,614,None,Move,browsing
1568811094.5270002,1109,613,None,Move,browsing
1568811094.5370002,1109,613,None,Move,browsing
1568811094.5470002,1108,613,None,Move,browsing
1568811094.5570002,1106,613,None,Move,browsing
1568811094.5670002,1104,613,None,Move,browsing
1568811094.577,1096,616,None,Move,browsing
1568811094.5879998,1091,618,None,Move,browsing
1568811094.5979998,1085,622,None,Move,browsing
1568811094.6079998,1073,628,None,Move,browsing
1568811094.619,1069,630,None,Move,browsing
1568811094.629,1064,633,None,Move,browsing
1568811094.639,1057,637,None,Move,browsing
1568811094.649,1053,640,None,Move,browsing
1568811094.66,1047,642,None,Move,browsing
1568811094.6720002,1041,645,None,Move,browsing
1568811094.6820002,1040,645,None,Move,browsing
1568811094.6929998,1039,646,None,Move,browsing
1568811094.7029998,1037,647,None,Move,browsing
1568811094.715,1037,647,None,Move,browsing
1568811094.825,1037,647,Left,Pressed,browsing
1568811094.909,1037,647,Left,Released,browsing
1568811094.9629998,1037,647,None,Move,browsing
1568811094.974,1037,647,None,Move,browsing
1568811094.9829998,1038,647,None,Move,browsing
1568811094.9929998,1040,647,None,Move,browsing
1568811095.004,1049,646,None,Move,browsing
1568811095.0129998,1057,645,None,Move,browsing
1568811095.025,1072,644,None,Move,browsing
1568811095.034,1111,641,None,Move,browsing
1568811095.045,1143,641,None,Move,browsing
1568811095.056,1177,638,None,Move,browsing
1568811095.065,1235,636,None,Move,browsing
1568811095.075,1263,635,None,Move,browsing
1568811095.084,1287,635,None,Move,browsing
1568811095.094,1312,635,None,Move,browsing
1568811095.105,1354,632,None,Move,browsing
1568811095.117,1371,631,None,Move,browsing
1568811095.127,1401,627,None,Move,browsing
1568811095.1379998,1410,627,None,Move,browsing
1568811095.147,1421,626,None,Move,browsing
1568811095.159,1436,626,None,Move,browsing
1568811095.169,1444,625,None,Move,browsing
1568811095.18,1450,624,None,Move,browsing
1568811095.19,1461,623,None,Move,browsing
1568811095.2,1466,623,None,Move,browsing
1568811095.211,1472,621,None,Move,browsing
1568811095.221,1475,620,None,Move,browsing
1568811095.231,1478,620,None,Move,browsing
1568811095.242,1479,619,None,Move,browsing
1568811095.252,1480,618,None,Move,browsing
1568811095.262,1480,617,None,Move,browsing
1568811095.272,1480,616,None,Move,browsing
1568811095.289,1480,615,None,Move,browsing
1568811095.305,1480,614,None,Move,browsing
1568811095.322,1480,612,None,Move,browsing
1568811095.331,1480,612,None,Move,browsing
1568811095.342,1480,611,None,Move,browsing
1568811095.356,1480,611,None,Move,browsing
1568811095.3679998,1480,610,None,Move,browsing
1568811095.38,1480,610,None,Move,browsing
1568811095.389,1480,609,None,Move,browsing
1568811095.413,1480,608,None,Move,browsing
1568811095.429,1480,608,None,Move,browsing
1568811095.451,1480,607,None,Move,browsing
1568811095.474,1480,607,None,Move,browsing
1568811095.506,1480,606,None,Move,browsing
1568811095.576,1481,606,None,Move,browsing
1568811096.103,1481,606,None,Move,browsing
1568811096.113,1481,606,None,Move,browsing
1568811096.123,1480,605,None,Move,browsing
1568811096.133,1478,605,None,Move,browsing
1568811096.143,1473,605,None,Move,browsing
1568811096.1520002,1469,605,None,Move,browsing
1568811096.1620002,1462,606,None,Move,browsing
1568811096.18,1454,608,None,Move,browsing
1568811096.191,1391,613,None,Move,browsing
1568811096.201,1371,614,None,Move,browsing
1568811096.212,1320,620,None,Move,browsing
1568811096.222,1297,623,None,Move,browsing
1568811096.234,1251,628,None,Move,browsing
1568811096.244,1234,629,None,Move,browsing
1568811096.255,1213,632,None,Move,browsing
1568811096.264,1195,634,None,Move,browsing
1568811096.274,1160,637,None,Move,browsing
1568811096.284,1147,638,None,Move,browsing
1568811096.295,1123,638,None,Move,browsing
1568811096.31,1113,638,None,Move,browsing
1568811096.319,1097,638,None,Move,browsing
1568811096.3279998,1092,638,None,Move,browsing
1568811096.3379998,1089,638,None,Move,browsing
1568811096.347,1087,638,None,Move,browsing
1568811096.357,1084,637,None,Move,browsing
1568811096.367,1082,637,None,Move,browsing
1568811096.3779998,1081,637,None,Move,browsing
1568811096.389,1079,637,None,Move,browsing
1568811096.411,1073,637,None,Move,browsing
1568811096.4220002,1069,636,None,Move,browsing
1568811096.431,1066,636,None,Move,browsing
1568811096.4420002,1064,636,None,Move,browsing
1568811096.4529998,1059,635,None,Move,browsing
1568811096.467,1057,635,None,Move,browsing
1568811096.4770002,1054,635,None,Move,browsing
1568811096.488,1053,635,None,Move,browsing
1568811096.498,1053,633,None,Move,browsing
1568811096.5089998,1052,633,None,Move,browsing
1568811096.518,1052,632,None,Move,browsing
1568811096.5270002,1052,631,None,Move,browsing
1568811096.536,1052,630,None,Move,browsing
1568811096.548,1052,627,None,Move,browsing
1568811096.5570002,1052,625,None,Move,browsing
1568811096.566,1054,624,None,Move,browsing
1568811096.575,1055,619,None,Move,browsing
1568811096.5879998,1057,617,None,Move,browsing
1568811096.597,1058,616,None,Move,browsing
1568811096.609,1059,614,None,Move,browsing
1568811096.619,1059,614,None,Move,browsing
1568811096.629,1059,613,None,Move,browsing
1568811096.651,1060,613,None,Move,browsing
1568811096.66,1060,613,None,Move,browsing
1568811096.671,1060,613,None,Move,browsing
1568811096.869,1060,613,Left,Pressed,browsing
1568811096.923,1060,613,Left,Released,browsing
1568811097.0010002,1061,613,None,Move,browsing
1568811097.01,1062,613,None,Move,browsing
1568811097.021,1062,613,None,Move,browsing
1568811097.031,1066,613,None,Move,browsing
1568811097.042,1071,613,None,Move,browsing
1568811097.052,1079,615,None,Move,browsing
1568811097.062,1091,617,None,Move,browsing
1568811097.072,1119,621,None,Move,browsing
1568811097.082,1137,624,None,Move,browsing
1568811097.092,1161,628,None,Move,browsing
1568811097.1020002,1209,633,None,Move,browsing
1568811097.1120002,1231,634,None,Move,browsing
1568811097.1220002,1251,634,None,Move,browsing
1568811097.133,1288,636,None,Move,browsing
1568811097.143,1301,636,None,Move,browsing
1568811097.153,1313,636,None,Move,browsing
1568811097.1620002,1322,636,None,Move,browsing
1568811097.1720002,1333,635,None,Move,browsing
1568811097.1820002,1336,635,None,Move,browsing
1568811097.1920002,1337,634,None,Move,browsing
1568811097.2029998,1337,634,None,Move,browsing
1568811097.217,1337,633,None,Move,browsing
1568811097.2270002,1337,633,None,Move,browsing
1568811097.2370002,1336,633,None,Move,browsing
1568811097.2470002,1335,632,None,Move,browsing
1568811097.2570002,1335,632,None,Move,browsing
1568811097.269,1334,632,None,Move,browsing
1568811097.278,1334,631,None,Move,browsing
1568811097.288,1334,630,None,Move,browsing
1568811097.298,1333,629,None,Move,browsing
1568811097.3070002,1333,629,None,Move,browsing
1568811097.3170002,1332,628,None,Move,browsing
1568811097.327,1331,627,None,Move,browsing
1568811097.337,1331,627,None,Move,browsing
1568811097.346,1330,626,None,Move,browsing
1568811097.356,1330,626,None,Move,browsing
1568811097.3660002,1329,625,None,Move,browsing
1568811097.3760002,1329,625,None,Move,browsing
1568811097.389,1328,624,None,Move,browsing
1568811097.419,1328,624,None,Move,browsing
1568811097.429,1328,623,None,Move,browsing
1568811097.4429998,1327,623,None,Move,browsing
1568811097.454,1327,622,None,Move,browsing
1568811097.465,1326,621,None,Move,browsing
1568811097.476,1326,621,None,Move,browsing
1568811097.4870002,1325,620,None,Move,browsing
1568811097.498,1325,620,None,Move,browsing
1568811097.508,1324,619,None,Move,browsing
1568811097.518,1323,618,None,Move,browsing
1568811097.528,1322,617,None,Move,browsing
1568811097.54,1322,617,None,Move,browsing
1568811097.55,1321,616,None,Move,browsing
1568811097.56,1320,616,None,Move,browsing
1568811097.572,1320,615,None,Move,browsing
1568811097.591,1319,615,None,Move,browsing
1568811097.6020002,1319,615,None,Move,browsing
1568811097.629,1319,614,None,Move,browsing
1568811097.64,1319,613,None,Move,browsing
1568811097.651,1319,613,None,Move,browsing
1568811097.675,1319,613,None,Move,browsing
1568811097.729,1319,612,None,Move,browsing
1568811097.745,1319,612,None,Move,browsing
1568811097.755,1320,612,None,Move,browsing
1568811097.766,1320,611,None,Move,browsing
1568811097.829,1320,611,None,Move,browsing
1568811097.845,1320,610,None,Move,browsing
1568811097.855,1320,609,None,Move,browsing
1568811097.8660002,1320,609,None,Move,browsing
1568811097.8760002,1319,608,None,Move,browsing
1568811097.887,1319,607,None,Move,browsing
1568811097.899,1318,606,None,Move,browsing
1568811097.909,1315,606,None,Move,browsing
1568811097.918,1314,606,None,Move,browsing
1568811097.928,1312,605,None,Move,browsing
1568811097.938,1311,605,None,Move,browsing
1568811097.946,1309,604,None,Move,browsing
1568811097.955,1308,604,None,Move,browsing
1568811097.965,1307,604,None,Move,browsing
1568811097.975,1305,604,None,Move,browsing
1568811097.986,1302,604,None,Move,browsing
1568811097.996,1301,604,None,Move,browsing
1568811098.008,1297,604,None,Move,browsing
1568811098.0170002,1297,604,None,Move,browsing
1568811098.0270002,1295,604,None,Move,browsing
1568811098.038,1295,605,None,Move,browsing
1568811098.048,1294,605,None,Move,browsing
1568811098.059,1294,606,None,Move,browsing
1568811098.069,1292,607,None,Move,browsing
1568811098.079,1292,608,None,Move,browsing
1568811098.09,1291,608,None,Move,browsing
1568811098.101,1291,609,None,Move,browsing
1568811098.111,1291,611,None,Move,browsing
1568811098.121,1291,611,None,Move,browsing
1568811098.13,1291,612,None,Move,browsing
1568811098.14,1291,615,None,Move,browsing
1568811098.151,1292,616,None,Move,browsing
1568811098.161,1293,619,None,Move,browsing
1568811098.171,1296,621,None,Move,browsing
1568811098.181,1297,621,None,Move,browsing
1568811098.191,1299,622,None,Move,browsing
1568811098.201,1303,623,None,Move,browsing
1568811098.211,1305,624,None,Move,browsing
1568811098.222,1308,624,None,Move,browsing
1568811098.232,1311,624,None,Move,browsing
1568811098.242,1317,624,None,Move,browsing
1568811098.252,1321,624,None,Move,browsing
1568811098.262,1326,624,None,Move,browsing
1568811098.2729998,1334,622,None,Move,browsing
1568811098.283,1338,622,None,Move,browsing
1568811098.294,1343,621,None,Move,browsing
1568811098.306,1353,619,None,Move,browsing
1568811098.3170002,1360,619,None,Move,browsing
1568811098.327,1362,619,None,Move,browsing
1568811098.3379998,1364,619,None,Move,browsing
1568811098.3479998,1365,619,None,Move,browsing
1568811098.3639998,1367,618,None,Move,browsing
1568811098.3739998,1367,618,None,Move,browsing
1568811098.387,1367,617,None,Move,browsing
1568811098.403,1367,616,None,Move,browsing
1568811098.414,1367,616,None,Move,browsing
1568811098.425,1367,615,None,Move,browsing
1568811098.435,1367,612,None,Move,browsing
1568811098.446,1367,611,None,Move,browsing
1568811098.449,1367,609,None,Move,browsing
1568811098.458,1367,608,None,Move,browsing
1568811098.468,1367,607,None,Move,browsing
1568811098.4770002,1366,605,None,Move,browsing
1568811098.486,1365,603,None,Move,browsing
1568811098.496,1362,599,None,Move,browsing
1568811098.506,1361,598,None,Move,browsing
1568811098.5170002,1359,596,None,Move,browsing
1568811098.5270002,1358,595,None,Move,browsing
1568811098.5370002,1354,592,None,Move,browsing
1568811098.5470002,1352,591,None,Move,browsing
1568811098.5579998,1345,588,None,Move,browsing
1568811098.5679998,1341,586,None,Move,browsing
1568811098.5779998,1338,586,None,Move,browsing
1568811098.5879998,1332,583,None,Move,browsing
1568811098.597,1319,579,None,Move,browsing
1568811098.607,1311,577,None,Move,browsing
1568811098.6179998,1304,576,None,Move,browsing
1568811098.6279998,1293,573,None,Move,browsing
1568811098.639,1289,571,None,Move,browsing
1568811098.649,1286,571,None,Move,browsing
1568811098.659,1284,570,None,Move,browsing
1568811098.67,1282,570,None,Move,browsing
1568811098.68,1282,570,None,Move,browsing
1568811098.691,1281,569,None,Move,browsing
1568811098.701,1280,569,None,Move,browsing
1568811098.71,1280,569,None,Move,browsing
1568811098.721,1279,568,None,Move,browsing
1568811098.731,1278,567,None,Move,browsing
1568811098.7410002,1278,567,None,Move,browsing
1568811098.7510002,1276,565,None,Move,browsing
1568811098.7610002,1274,564,None,Move,browsing
1568811098.771,1274,564,None,Move,browsing
1568811098.781,1272,562,None,Move,browsing
1568811098.791,1271,561,None,Move,browsing
1568811098.802,1270,559,None,Move,browsing
1568811098.813,1269,559,None,Move,browsing
1568811098.823,1269,558,None,Move,browsing
1568811098.834,1268,557,None,Move,browsing
1568811098.844,1268,557,None,Move,browsing
1568811098.855,1268,556,None,Move,browsing
1568811098.867,1268,555,None,Move,browsing
1568811098.877,1267,555,None,Move,browsing
1568811098.8879998,1267,555,None,Move,browsing
1568811098.907,1267,555,None,Move,browsing
1568811098.917,1267,554,None,Move,browsing
1568811098.945,1267,554,None,Move,browsing
1568811098.956,1266,554,None,Move,browsing
1568811098.966,1266,553,None,Move,browsing
1568811098.979,1266,553,None,Move,browsing
1568811098.9910002,1266,552,None,Move,browsing
1568811099.1220002,1266,552,None,Move,browsing
1568811099.133,1267,552,None,Move,browsing
1568811099.1420002,1267,552,None,Move,browsing
1568811099.153,1268,552,None,Move,browsing
1568811099.168,1269,552,None,Move,browsing
1568811099.449,1269,551,None,Move,browsing
1568811099.459,1271,551,None,Move,browsing
1568811099.468,1272,550,None,Move,browsing
1568811099.4770002,1273,548,None,Move,browsing
1568811099.488,1276,548,None,Move,browsing
1568811099.4989998,1277,546,None,Move,browsing
1568811099.508,1278,546,None,Move,browsing
1568811099.519,1280,544,None,Move,browsing
1568811099.5270002,1281,544,None,Move,browsing
1568811099.536,1281,544,None,Move,browsing
1568811099.545,1282,543,None,Move,browsing
1568811099.554,1282,543,None,Move,browsing
1568811099.565,1283,542,None,Move,browsing
1568811099.575,1283,540,None,Move,browsing
1568811099.585,1283,540,None,Move,browsing
1568811099.595,1284,536,None,Move,browsing
1568811099.605,1284,535,None,Move,browsing
1568811099.6160002,1285,533,None,Move,browsing
1568811099.627,1285,532,None,Move,browsing
1568811099.637,1286,527,None,Move,browsing
1568811099.647,1286,525,None,Move,browsing
1568811099.657,1286,521,None,Move,browsing
1568811099.668,1286,518,None,Move,browsing
1568811099.679,1286,515,None,Move,browsing
1568811099.689,1286,508,None,Move,browsing
1568811099.7,1286,505,None,Move,browsing
1568811099.7129998,1286,501,None,Move,browsing
1568811099.724,1286,494,None,Move,browsing
1568811099.7370002,1286,487,None,Move,browsing
1568811099.748,1286,484,None,Move,browsing
1568811099.7589998,1286,477,None,Move,browsing
1568811099.768,1286,474,None,Move,browsing
1568811099.779,1286,471,None,Move,browsing
1568811099.79,1287,467,None,Move,browsing
1568811099.805,1288,461,None,Move,browsing
1568811099.815,1289,458,None,Move,browsing
1568811099.8279998,1291,451,None,Move,browsing
1568811099.84,1292,448,None,Move,browsing
1568811099.8520002,1296,443,None,Move,browsing
1568811099.861,1297,440,None,Move,browsing
1568811099.871,1298,438,None,Move,browsing
1568811099.881,1301,435,None,Move,browsing
1568811099.891,1302,432,None,Move,browsing
1568811099.9020002,1304,431,None,Move,browsing
1568811099.9120002,1307,429,None,Move,browsing
1568811099.924,1311,426,None,Move,browsing
1568811099.934,1313,424,None,Move,browsing
1568811099.944,1318,421,None,Move,browsing
1568811099.955,1320,420,None,Move,browsing
1568811099.965,1322,418,None,Move,browsing
1568811099.975,1325,417,None,Move,browsing
1568811099.986,1327,416,None,Move,browsing
1568811099.995,1328,415,None,Move,browsing
1568811100.005,1330,415,None,Move,browsing
1568811100.016,1331,415,None,Move,browsing
1568811100.026,1332,415,None,Move,browsing
1568811100.036,1334,415,None,Move,browsing
1568811100.0470002,1335,415,None,Move,browsing
1568811100.0570002,1336,415,None,Move,browsing
1568811100.0670002,1338,415,None,Move,browsing
1568811100.076,1338,415,None,Move,browsing
1568811100.086,1339,415,None,Move,browsing
1568811100.096,1340,415,None,Move,browsing
1568811100.107,1343,415,None,Move,browsing
1568811100.117,1345,415,None,Move,browsing
1568811100.127,1347,416,None,Move,browsing
1568811100.1379998,1354,417,None,Move,browsing
1568811100.149,1360,418,None,Move,browsing
1568811100.159,1364,418,None,Move,browsing
1568811100.169,1380,419,None,Move,browsing
1568811100.179,1389,419,None,Move,browsing
1568811100.189,1399,419,None,Move,browsing
1568811100.2,1424,419,None,Move,browsing
1568811100.21,1436,419,None,Move,browsing
1568811100.221,1448,419,None,Move,browsing
1568811100.231,1473,419,None,Move,browsing
1568811100.242,1486,419,None,Move,browsing
1568811100.252,1500,417,None,Move,browsing
1568811100.262,1530,417,None,Move,browsing
1568811100.2729998,1552,417,None,Move,browsing
1568811100.283,1574,417,None,Move,browsing
1568811100.295,1630,421,None,Move,browsing
1568811100.3070002,1697,424,None,Move,browsing
1568811100.3179998,1726,424,None,Move,browsing
1568811100.327,1751,424,None,Move,browsing
1568811100.337,1773,424,None,Move,browsing
1568811100.347,1799,424,None,Move,browsing
1568811100.3579998,1810,423,None,Move,browsing
1568811100.369,1816,422,None,Move,browsing
1568811100.38,1820,422,None,Move,browsing
1568811100.565,1820,421,None,Move,browsing
1568811100.575,1820,420,None,Move,browsing
1568811100.584,1819,418,None,Move,browsing
1568811100.606,1812,413,None,Move,browsing
1568811100.6160002,1810,411,None,Move,browsing
1568811100.625,1803,407,None,Move,browsing
1568811100.635,1800,406,None,Move,browsing
1568811100.644,1796,404,None,Move,browsing
1568811100.654,1792,402,None,Move,browsing
1568811100.6620002,1789,401,None,Move,browsing
1568811100.6720002,1784,398,None,Move,browsing
1568811100.6820002,1782,397,None,Move,browsing
1568811100.6920002,1781,396,None,Move,browsing
1568811100.704,1778,395,None,Move,browsing
1568811100.716,1778,395,None,Move,browsing
1568811100.897,1777,395,None,Move,browsing
1568811100.909,1777,394,None,Move,browsing
1568811100.92,1776,392,None,Move,browsing
1568811100.929,1775,392,None,Move,browsing
1568811100.939,1775,392,None,Move,browsing
1568811100.972,1775,391,None,Move,browsing
1568811101.121,1775,391,None,Move,browsing
1568811101.14,1773,391,None,Move,browsing
1568811101.157,1772,390,None,Move,browsing
1568811101.168,1771,390,None,Move,browsing
1568811101.178,1769,393,None,Move,browsing
1568811101.188,1767,394,None,Move,browsing
1568811101.198,1765,396,None,Move,browsing
1568811101.208,1762,399,None,Move,browsing
1568811101.219,1761,400,None,Move,browsing
1568811101.229,1760,401,None,Move,browsing
1568811101.2389998,1759,402,None,Move,browsing
1568811101.2529998,1759,402,None,Move,browsing
1568811101.2770002,1759,403,None,Move,browsing
1568811101.288,1758,403,None,Move,browsing
1568811101.302,1757,405,None,Move,browsing
1568811101.313,1756,407,None,Move,browsing
1568811101.324,1752,414,None,Move,browsing
1568811101.335,1749,417,None,Move,browsing
1568811101.345,1745,424,None,Move,browsing
1568811101.355,1743,426,None,Move,browsing
1568811101.3679998,1741,429,None,Move,browsing
1568811101.3779998,1738,435,None,Move,browsing
1568811101.3879998,1737,437,None,Move,browsing
1568811101.3979998,1735,440,None,Move,browsing
1568811101.408,1734,445,None,Move,browsing
1568811101.417,1734,448,None,Move,browsing
1568811101.427,1733,452,None,Move,browsing
1568811101.436,1733,455,None,Move,browsing
1568811101.446,1734,458,None,Move,browsing
1568811101.456,1734,464,None,Move,browsing
1568811101.47,1735,471,None,Move,browsing
1568811101.479,1735,474,None,Move,browsing
1568811101.4889998,1736,477,None,Move,browsing
1568811101.4989998,1736,479,None,Move,browsing
1568811101.51,1737,483,None,Move,browsing
1568811101.521,1738,484,None,Move,browsing
1568811101.533,1740,487,None,Move,browsing
1568811101.544,1740,487,None,Move,browsing
1568811101.556,1742,490,None,Move,browsing
1568811101.5679998,1743,492,None,Move,browsing
1568811101.5779998,1743,494,None,Move,browsing
1568811101.593,1746,498,None,Move,browsing
1568811101.6020002,1748,504,None,Move,browsing
1568811101.6120002,1749,506,None,Move,browsing
1568811101.625,1750,512,None,Move,browsing
1568811101.635,1750,514,None,Move,browsing
1568811101.645,1750,517,None,Move,browsing
1568811101.656,1748,523,None,Move,browsing
1568811101.667,1746,527,None,Move,browsing
1568811101.678,1745,530,None,Move,browsing
1568811101.689,1739,537,None,Move,browsing
1568811101.699,1737,540,None,Move,browsing
1568811101.709,1733,545,None,Move,browsing
1568811101.719,1726,553,None,Move,browsing
1568811101.73,1722,557,None,Move,browsing
1568811101.74,1717,561,None,Move,browsing
1568811101.75,1706,571,None,Move,browsing
1568811101.76,1699,575,None,Move,browsing
1568811101.771,1683,584,None,Move,browsing
1568811101.782,1674,588,None,Move,browsing
1568811101.791,1661,593,None,Move,browsing
1568811101.802,1647,596,None,Move,browsing
1568811101.811,1613,605,None,Move,browsing
1568811101.822,1591,612,None,Move,browsing
1568811101.832,1571,618,None,Move,browsing
1568811101.841,1531,629,None,Move,browsing
1568811101.8520002,1506,635,None,Move,browsing
1568811101.8620002,1482,641,None,Move,browsing
1568811101.871,1460,648,None,Move,browsing
1568811101.883,1413,664,None,Move,browsing
1568811101.8920002,1386,672,None,Move,browsing
1568811101.903,1341,686,None,Move,browsing
1568811101.913,1320,692,None,Move,browsing
1568811101.924,1295,700,None,Move,browsing
1568811101.934,1275,709,None,Move,browsing
1568811101.945,1246,719,None,Move,browsing
1568811101.955,1233,725,None,Move,browsing
1568811101.966,1208,739,None,Move,browsing
1568811101.976,1197,746,None,Move,browsing
1568811101.985,1186,755,None,Move,browsing
1568811101.995,1175,763,None,Move,browsing
1568811102.004,1164,772,None,Move,browsing
1568811102.012,1145,791,None,Move,browsing
1568811102.0229998,1138,799,None,Move,browsing
1568811102.034,1131,808,None,Move,browsing
1568811102.044,1120,825,None,Move,browsing
1568811102.053,1113,834,None,Move,browsing
1568811102.064,1108,843,None,Move,browsing
1568811102.074,1100,858,None,Move,browsing
1568811102.083,1094,867,None,Move,browsing
1568811102.093,1092,875,None,Move,browsing
1568811102.103,1090,885,None,Move,browsing
1568811102.1120002,1087,896,None,Move,browsing
1568811102.121,1081,914,None,Move,browsing
1568811102.13,1078,923,None,Move,browsing
1568811102.139,1074,933,None,Move,browsing
1568811102.15,1068,943,None,Move,browsing
1568811102.159,1055,963,None,Move,browsing
1568811102.17,1049,971,None,Move,browsing
1568811102.18,1042,980,None,Move,browsing
1568811102.19,1035,988,None,Move,browsing
1568811102.201,1024,998,None,Move,browsing
1568811102.211,1017,1003,None,Move,browsing
1568811102.22,1011,1007,None,Move,browsing
1568811102.23,1005,1011,None,Move,browsing
1568811102.2389998,997,1017,None,Move,browsing
1568811102.2489998,993,1020,None,Move,browsing
1568811102.26,990,1024,None,Move,browsing
1568811102.269,989,1027,None,Move,browsing
1568811102.281,988,1028,None,Move,browsing
1568811102.291,987,1031,None,Move,browsing
1568811102.306,986,1032,None,Move,browsing
1568811102.316,986,1033,None,Move,browsing
1568811102.326,986,1034,None,Move,browsing
1568811102.336,984,1034,None,Move,browsing
1568811102.345,982,1036,None,Move,browsing
1568811102.356,981,1037,None,Move,browsing
1568811102.367,980,1038,None,Move,browsing
1568811102.3779998,978,1038,None,Move,browsing
1568811102.387,976,1039,None,Move,browsing
1568811102.397,974,1040,None,Move,browsing
1568811102.408,969,1041,None,Move,browsing
1568811102.419,966,1042,None,Move,browsing
1568811102.43,964,1042,None,Move,browsing
1568811102.439,958,1043,None,Move,browsing
1568811102.448,955,1043,None,Move,browsing
1568811102.457,952,1043,None,Move,browsing
1568811102.467,949,1042,None,Move,browsing
1568811102.481,944,1041,None,Move,browsing
1568811102.4910002,942,1039,None,Move,browsing
1568811102.502,939,1037,None,Move,browsing
1568811102.5129998,938,1036,None,Move,browsing
1568811102.524,937,1035,None,Move,browsing
1568811102.536,936,1035,None,Move,browsing
1568811102.549,936,1035,None,Move,browsing
1568811102.577,936,1035,None,Move,browsing
1568811102.655,935,1035,None,Move,browsing
1568811102.666,935,1034,None,Move,browsing
1568811102.679,935,1034,None,Move,browsing
1568811102.689,935,1033,None,Move,browsing
1568811102.7,935,1032,None,Move,browsing
1568811102.71,935,1032,None,Move,browsing
1568811102.719,935,1031,None,Move,browsing
1568811102.73,936,1030,None,Move,browsing
1568811102.74,936,1030,None,Move,browsing
1568811102.75,937,1029,None,Move,browsing
1568811102.76,938,1028,None,Move,browsing
1568811102.771,939,1027,None,Move,browsing
1568811102.781,939,1026,None,Move,browsing
1568811102.791,941,1025,None,Move,browsing
1568811102.802,942,1023,None,Move,browsing
1568811102.812,943,1021,None,Move,browsing
1568811102.822,944,1020,None,Move,browsing
1568811102.834,947,1016,None,Move,browsing
1568811102.844,948,1015,None,Move,browsing
1568811102.854,952,1012,None,Move,browsing
1568811102.865,959,1006,None,Move,browsing
1568811102.875,963,1003,None,Move,browsing
1568811102.8860002,969,999,None,Move,browsing
1568811102.897,980,993,None,Move,browsing
1568811102.905,986,989,None,Move,browsing
1568811102.915,992,985,None,Move,browsing
1568811102.924,999,981,None,Move,browsing
1568811102.935,1015,974,None,Move,browsing
1568811102.944,1026,970,None,Move,browsing
1568811102.955,1038,965,None,Move,browsing
1568811102.965,1054,960,None,Move,browsing
1568811102.974,1100,941,None,Move,browsing
1568811102.985,1131,927,None,Move,browsing
1568811102.995,1162,915,None,Move,browsing
1568811103.006,1244,882,None,Move,browsing
1568811103.015,1274,872,None,Move,browsing
1568811103.025,1308,855,None,Move,browsing
1568811103.036,1379,834,None,Move,browsing
1568811103.049,1443,810,None,Move,browsing
1568811103.0579998,1476,796,None,Move,browsing
1568811103.0679998,1502,785,None,Move,browsing
1568811103.0779998,1525,772,None,Move,browsing
1568811103.089,1548,763,None,Move,browsing
1568811103.097,1581,741,None,Move,browsing
1568811103.107,1595,731,None,Move,browsing
1568811103.117,1604,722,None,Move,browsing
1568811103.127,1621,707,None,Move,browsing
1568811103.137,1628,701,None,Move,browsing
1568811103.1479998,1632,695,None,Move,browsing
1568811103.16,1640,681,None,Move,browsing
1568811103.1720002,1643,674,None,Move,browsing
1568811103.1820002,1647,661,None,Move,browsing
1568811103.194,1648,656,None,Move,browsing
1568811103.204,1650,650,None,Move,browsing
1568811103.215,1652,636,None,Move,browsing
1568811103.225,1653,629,None,Move,browsing
1568811103.236,1653,617,None,Move,browsing
1568811103.245,1655,610,None,Move,browsing
1568811103.254,1655,603,None,Move,browsing
1568811103.265,1656,598,None,Move,browsing
1568811103.275,1658,587,None,Move,browsing
1568811103.286,1659,581,None,Move,browsing
1568811103.299,1661,570,None,Move,browsing
1568811103.311,1662,565,None,Move,browsing
1568811103.324,1664,555,None,Move,browsing
1568811103.337,1665,550,None,Move,browsing
1568811103.3479998,1668,540,None,Move,browsing
1568811103.36,1672,527,None,Move,browsing
1568811103.3720002,1675,520,None,Move,browsing
1568811103.3839998,1682,504,None,Move,browsing
1568811103.393,1685,498,None,Move,browsing
1568811103.4020002,1688,491,None,Move,browsing
1568811103.409,1690,486,None,Move,browsing
1568811103.418,1693,483,None,Move,browsing
1568811103.426,1695,478,None,Move,browsing
1568811103.434,1698,475,None,Move,browsing
1568811103.445,1702,469,None,Move,browsing
1568811103.457,1706,465,None,Move,browsing
1568811103.469,1710,459,None,Move,browsing
1568811103.484,1712,455,None,Move,browsing
1568811103.494,1712,453,None,Move,browsing
1568811103.505,1712,451,None,Move,browsing
1568811103.516,1712,447,None,Move,browsing
1568811103.526,1712,446,None,Move,browsing
1568811103.536,1712,446,None,Move,browsing
1568811103.5470002,1712,444,None,Move,browsing
1568811103.5570002,1712,444,None,Move,browsing
1568811103.5670002,1713,444,None,Move,browsing
1568811103.5779998,1713,443,None,Move,browsing
1568811103.591,1713,443,None,Move,browsing
1568811103.615,1713,443,None,Move,browsing
1568811103.731,1713,442,None,Move,browsing
1568811103.75,1714,441,None,Move,browsing
1568811103.768,1716,441,None,Move,browsing
1568811103.785,1723,439,None,Move,browsing
1568811103.804,1728,439,None,Move,browsing
1568811103.824,1740,439,None,Move,browsing
1568811103.836,1745,440,None,Move,browsing
1568811103.8479998,1756,448,None,Move,browsing
1568811103.859,1760,451,None,Move,browsing
1568811103.87,1765,456,None,Move,browsing
1568811103.8820002,1774,463,None,Move,browsing
1568811103.8920002,1776,467,None,Move,browsing
1568811103.903,1778,472,None,Move,browsing
1568811103.9120002,1778,474,None,Move,browsing
1568811103.9220002,1776,477,None,Move,browsing
1568811103.9320002,1773,479,None,Move,browsing
1568811103.9429998,1767,483,None,Move,browsing
1568811103.952,1765,486,None,Move,browsing
1568811103.9629998,1762,490,None,Move,browsing
1568811103.972,1762,492,None,Move,browsing
1568811103.9829998,1762,494,None,Move,browsing
1568811103.9929998,1762,495,None,Move,browsing
1568811104.0029998,1760,497,None,Move,browsing
1568811104.012,1759,498,None,Move,browsing
1568811104.0229998,1759,498,None,Move,browsing
1568811104.033,1757,499,None,Move,browsing
1568811104.044,1757,499,None,Move,browsing
1568811104.054,1756,500,None,Move,browsing
1568811104.064,1756,501,None,Move,browsing
1568811104.075,1756,502,None,Move,browsing
1568811104.086,1756,503,None,Move,browsing
1568811104.096,1756,505,None,Move,browsing
1568811104.106,1756,505,None,Move,browsing
1568811104.117,1756,506,None,Move,browsing
1568811104.313,1755,506,None,Move,browsing
1568811104.323,1755,506,None,Move,browsing
1568811104.333,1755,505,None,Move,browsing
1568811104.346,1754,503,None,Move,browsing
1568811104.356,1754,502,None,Move,browsing
1568811104.367,1754,501,None,Move,browsing
1568811104.375,1754,498,None,Move,browsing
1568811104.385,1753,497,None,Move,browsing
1568811104.395,1752,495,None,Move,browsing
1568811104.405,1752,493,None,Move,browsing
1568811104.416,1752,492,None,Move,browsing
1568811104.427,1752,492,None,Move,browsing
1568811104.438,1752,491,None,Move,browsing
1568811104.451,1752,490,None,Move,browsing
1568811104.461,1752,489,None,Move,browsing
1568811104.471,1751,489,None,Move,browsing
1568811104.482,1751,488,None,Move,browsing
1568811104.492,1751,487,None,Move,browsing
1568811104.5029998,1751,487,None,Move,browsing
1568811104.514,1750,485,None,Move,browsing
1568811104.5229998,1749,483,None,Move,browsing
1568811104.534,1749,482,None,Move,browsing
1568811104.544,1749,480,None,Move,browsing
1568811104.555,1749,479,None,Move,browsing
1568811104.5679998,1748,478,None,Move,browsing
1568811104.583,1748,477,None,Move,browsing
1568811104.593,1748,477,None,Move,browsing
1568811104.605,1748,476,None,Move,browsing
1568811105.049,1748,476,None,Move,browsing
1568811105.069,1748,478,None,Move,browsing
1568811105.087,1748,481,None,Move,browsing
1568811105.11,1748,482,None,Move,browsing
1568811106.5670002,1748,483,None,Move,browsing
1568811106.58,1748,484,None,Move,browsing
1568811106.907,1748,485,None,Move,browsing
1568811106.917,1749,485,None,Move,browsing
1568811106.927,1749,486,None,Move,browsing
1568811106.936,1749,487,None,Move,browsing
1568811106.947,1749,487,None,Move,browsing
1568811106.969,1749,488,None,Move,browsing
1568811107.279,1749,488,None,Move,browsing
1568811107.291,1750,489,None,Move,browsing
1568811107.311,1750,491,None,Move,browsing
1568811107.321,1750,492,None,Move,browsing
1568811107.332,1750,492,None,Move,browsing
1568811107.342,1750,493,None,Move,browsing
1568811107.357,1750,494,None,Move,browsing
1568811107.387,1750,494,None,Move,browsing
1568811107.403,1750,495,None,Move,browsing
1568811107.414,1750,495,None,Move,browsing
1568811107.427,1750,495,None,Move,browsing
1568811107.465,1750,496,None,Move,browsing
1568811107.478,1749,496,None,Move,browsing
1568811107.488,1743,497,None,Move,browsing
1568811107.4989998,1741,497,None,Move,browsing
1568811107.51,1739,497,None,Move,browsing
1568811107.519,1734,495,None,Move,browsing
1568811107.529,1730,495,None,Move,browsing
1568811107.539,1725,495,None,Move,browsing
1568811107.549,1724,495,None,Move,browsing
1568811133.619,1661,517,None,Move,browsing
1568811133.63,1547,551,None,Move,browsing
1568811133.639,1420,594,None,Move,browsing
1568811133.65,1227,666,None,Move,browsing
1568811133.659,1192,677,None,Move,browsing
1568811133.669,1182,679,None,Move,browsing
1568811133.678,1181,679,None,Move,browsing
1568811133.687,1182,680,None,Move,browsing
1568811133.698,1215,694,None,Move,browsing
1568811133.711,1250,714,None,Move,browsing
1568811133.721,1331,766,None,Move,browsing
1568811133.732,1377,798,None,Move,browsing
1568811133.742,1418,832,None,Move,browsing
1568811133.7529998,1464,909,None,Move,browsing
1568811133.762,1476,960,None,Move,browsing
1568811133.772,1481,1010,None,Move,browsing
1568811133.782,1478,1141,None,Move,browsing
1568811133.794,1479,1128,None,Move,browsing
1568811133.804,1482,1080,None,Move,browsing
1568811160.837,1482,1087,None,Move,browsing
1568811182.754,1453,1077,None,Move,browsing
1568811182.765,1415,1075,None,Move,browsing
1568811182.776,1371,1075,None,Move,browsing
1568811182.785,1313,1075,None,Move,browsing
1568811182.795,1252,1075,None,Move,browsing
1568811182.805,1194,1076,None,Move,browsing
1568811182.814,1126,1081,None,Move,browsing
1568811182.823,1060,1084,None,Move,browsing
1568811182.833,992,1086,None,Move,browsing
1568811182.842,930,1084,None,Move,browsing
1568811182.8520002,881,1086,None,Move,browsing
1568811182.8620002,822,1086,None,Move,browsing
1568811182.8720002,784,1089,None,Move,browsing
1568811182.885,750,1089,None,Move,browsing
1568811182.8979998,732,1086,None,Move,browsing
1568811182.9120002,720,1083,None,Move,browsing
1568811182.924,711,1083,None,Move,browsing
1568811182.935,707,1081,None,Move,browsing
1568811182.944,704,1080,None,Move,browsing
1568811182.955,702,1080,None,Move,browsing
1568811182.965,701,1079,None,Move,browsing
1568811183.226,689,1077,None,Move,browsing
1568811183.246,673,1068,None,Move,browsing
1568811183.2629998,647,1021,None,Move,browsing
1568811183.281,637,962,None,Move,browsing
1568811183.295,630,913,None,Move,browsing
1568811183.306,628,882,None,Move,browsing
1568811183.3170002,625,863,None,Move,browsing
1568811183.325,621,843,None,Move,browsing
1568811183.335,618,828,None,Move,browsing
1568811183.345,614,818,None,Move,browsing
1568811183.356,611,809,None,Move,browsing
1568811183.367,606,801,None,Move,browsing
1568811183.377,600,797,None,Move,browsing
1568811183.385,588,790,None,Move,browsing
1568811183.396,574,784,None,Move,browsing
1568811183.405,553,781,None,Move,browsing
1568811183.417,536,783,None,Move,browsing
1568811183.429,519,787,None,Move,browsing
1568811183.44,501,794,None,Move,browsing
1568811183.449,486,801,None,Move,browsing
1568811183.459,472,808,None,Move,browsing
1568811183.4729998,464,811,None,Move,browsing
1568811183.4829998,455,816,None,Move,browsing
1568811183.492,446,823,None,Move,browsing
1568811183.5010002,442,826,None,Move,browsing
1568811183.5110002,437,831,None,Move,browsing
1568811183.521,435,833,None,Move,browsing
1568811183.531,434,838,None,Move,browsing
1568811183.54,434,841,None,Move,browsing
1568811183.551,434,844,None,Move,browsing
1568811183.819,432,809,None,Move,browsing
1568811183.836,442,743,None,Move,browsing
1568811183.854,454,677,None,Move,browsing
1568811183.869,469,613,None,Move,browsing
1568811183.88,478,563,None,Move,browsing
1568811183.89,482,528,None,Move,browsing
1568811183.9,482,510,None,Move,browsing
1568811183.909,482,495,None,Move,browsing
1568811183.919,482,482,None,Move,browsing
1568811183.9320002,482,477,None,Move,browsing
1568811183.9420002,481,475,None,Move,browsing
1568811183.952,480,473,None,Move,browsing
1568811184.3479998,480,443,None,Move,browsing
1568811184.3579998,482,388,None,Move,browsing
1568811184.3679998,486,352,None,Move,browsing
1568811184.38,488,321,None,Move,browsing
1568811184.395,491,298,None,Move,browsing
1568811184.405,491,264,None,Move,browsing
1568811184.416,488,247,None,Move,browsing
1568811184.424,484,232,None,Move,browsing
1568811184.436,481,220,None,Move,browsing
1568811184.446,477,212,None,Move,browsing
1568811184.455,474,208,None,Move,browsing
1568811184.464,469,205,None,Move,browsing
1568811184.4729998,466,200,None,Move,browsing
1568811184.4829998,464,199,None,Move,browsing
1568811184.4929998,461,197,None,Move,browsing
1568811184.5029998,460,196,None,Move,browsing
1568811184.514,460,196,None,Move,browsing
1568811184.524,459,195,None,Move,browsing
1568811184.535,458,194,None,Move,browsing
1568811184.544,458,194,None,Move,browsing
1568811184.555,457,193,None,Move,browsing
1568811184.564,457,192,None,Move,browsing
1568811184.576,456,189,None,Move,browsing
1568811184.584,454,187,None,Move,browsing
1568811184.592,452,183,None,Move,browsing
1568811184.603,450,178,None,Move,browsing
1568811184.613,449,175,None,Move,browsing
1568811184.6220002,449,172,None,Move,browsing
1568811184.6339998,449,171,None,Move,browsing
1568811184.643,449,171,None,Move,browsing
1568811184.66,449,170,None,Move,browsing
1568811184.673,449,169,None,Move,browsing
1568811184.6820002,449,168,None,Move,browsing
1568811184.695,449,167,None,Move,browsing
1568811184.725,449,167,None,Move,browsing
1568811184.762,449,167,None,Move,browsing
1568811184.771,450,167,None,Move,browsing
1568811184.783,451,167,None,Move,browsing
1568811184.793,452,167,None,Move,browsing
1568811184.804,452,168,None,Move,browsing
1568811184.816,453,169,None,Move,browsing
1568811184.825,454,170,None,Move,browsing
1568811184.835,454,172,None,Move,browsing
1568811184.843,455,174,None,Move,browsing
1568811184.8520002,456,175,None,Move,browsing
1568811184.861,456,177,None,Move,browsing
1568811184.87,457,178,None,Move,browsing
1568811184.879,457,178,None,Move,browsing
1568811184.89,457,181,None,Move,browsing
1568811184.9,458,181,None,Move,browsing
1568811184.9120002,459,182,None,Move,browsing
1568811184.921,459,182,None,Move,browsing
1568811184.931,460,183,None,Move,browsing
1568811184.94,462,184,None,Move,browsing
1568811184.95,462,185,None,Move,browsing
1568811184.958,463,186,None,Move,browsing
1568811184.968,464,187,None,Move,browsing
1568811185.2270002,464,187,Left,Pressed,browsing
1568811185.4420002,464,187,Left,Released,browsing
1568811186.146,464,187,Left,Pressed,browsing
1568811186.156,464,187,Left,Released,browsing
1568811186.169,462,211,None,Move,browsing
1568811186.18,458,246,None,Move,browsing
1568811186.191,456,270,None,Move,browsing
1568811186.202,450,306,None,Move,browsing
1568811186.214,448,331,None,Move,browsing
1568811186.225,445,354,None,Move,browsing
1568811186.236,444,370,None,Move,browsing
1568811186.248,440,384,None,Move,browsing
1568811186.258,437,398,None,Move,browsing
1568811186.268,435,405,None,Move,browsing
1568811186.279,434,414,None,Move,browsing
1568811186.288,433,423,None,Move,browsing
1568811186.3,431,427,None,Move,browsing
1568811186.313,430,430,None,Move,browsing
1568811186.323,430,431,None,Move,browsing
1568811186.6120002,414,438,None,Move,browsing
1568811186.6220002,394,452,None,Move,browsing
1568811186.631,373,465,None,Move,browsing
1568811186.64,359,474,None,Move,browsing
1568811186.6520002,347,484,None,Move,browsing
1568811186.6620002,337,492,None,Move,browsing
1568811186.6720002,329,501,None,Move,browsing
1568811186.6829998,324,507,None,Move,browsing
1568811186.6920002,319,514,None,Move,browsing
1568811186.701,316,516,None,Move,browsing
1568811186.712,313,520,None,Move,browsing
1568811186.721,311,523,None,Move,browsing
1568811186.731,309,527,None,Move,browsing
1568811186.7410002,308,529,None,Move,browsing
1568811186.752,307,531,None,Move,browsing
1568811186.762,306,533,None,Move,browsing
1568811186.772,305,534,None,Move,browsing
1568811186.78,304,535,None,Move,browsing
1568811186.789,303,536,None,Move,browsing
1568811186.798,303,536,None,Move,browsing
1568811186.8079998,303,537,None,Move,browsing
1568811186.819,303,538,None,Move,browsing
1568811186.829,303,539,None,Move,browsing
1568811186.8379998,303,540,None,Move,browsing
1568811186.853,303,540,None,Move,browsing
1568811186.863,303,540,None,Move,browsing
1568811186.873,303,541,None,Move,browsing
1568811186.8839998,303,542,None,Move,browsing
1568811186.896,301,542,None,Move,browsing
1568811186.907,301,542,None,Move,browsing
1568811186.928,300,542,None,Move,browsing
1568811186.938,300,543,None,Move,browsing
1568811186.98,300,543,None,Move,browsing
1568811186.99,300,544,None,Move,browsing
1568811187.0170002,299,544,None,Move,browsing
1568811187.0470002,298,544,None,Move,browsing
1568811187.061,297,544,None,Move,browsing
1568811187.084,297,544,None,Move,browsing
1568811187.099,296,544,None,Move,browsing
1568811187.1220002,295,544,None,Move,browsing
1568811187.15,295,543,None,Move,browsing
1568811187.161,294,543,None,Move,browsing
1568811187.36,294,543,Left,Pressed,browsing
1568811187.575,294,543,Left,Released,browsing
1568811188.149,301,552,None,Move,browsing
1568811188.168,310,562,None,Move,browsing
1568811188.181,316,569,None,Move,browsing
1568811188.19,322,578,None,Move,browsing
1568811188.2,330,584,None,Move,browsing
1568811188.209,335,592,None,Move,browsing
1568811188.217,341,598,None,Move,browsing
1568811188.228,345,603,None,Move,browsing
1568811188.24,348,605,None,Move,browsing
1568811188.2529998,350,607,None,Move,browsing
1568811188.266,352,611,None,Move,browsing
1568811188.275,353,614,None,Move,browsing
1568811188.285,354,617,None,Move,browsing
1568811188.298,355,619,None,Move,browsing
1568811188.3079998,356,622,None,Move,browsing
1568811188.3179998,358,625,None,Move,browsing
1568811188.329,358,626,None,Move,browsing
1568811188.339,359,628,None,Move,browsing
1568811188.349,360,631,None,Move,browsing
1568811188.359,361,631,None,Move,browsing
1568811188.371,361,632,None,Move,browsing
1568811188.383,362,633,None,Move,browsing
1568811188.395,362,634,None,Move,browsing
1568811188.405,363,635,None,Move,browsing
1568811188.416,364,637,None,Move,browsing
1568811188.426,364,638,None,Move,browsing
1568811188.436,365,638,None,Move,browsing
1568811188.45,366,639,None,Move,browsing
1568811188.464,366,640,None,Move,browsing
1568811188.474,367,640,None,Move,browsing
1568811188.496,368,640,None,Move,browsing
1568811188.51,369,640,None,Move,browsing
1568811188.535,369,640,None,Move,browsing
1568811188.546,370,640,None,Move,browsing
1568811188.5570002,371,640,None,Move,browsing
1568811188.5679998,372,640,None,Move,browsing
1568811188.579,373,640,None,Move,browsing
1568811188.589,373,640,None,Move,browsing
1568811188.601,374,640,None,Move,browsing
1568811188.6120002,375,640,None,Move,browsing
1568811188.621,375,640,None,Move,browsing
1568811188.6320002,376,640,None,Move,browsing
1568811188.6420002,376,640,None,Move,browsing
1568811188.65,378,640,None,Move,browsing
1568811188.6620002,378,639,None,Move,browsing
1568811188.677,378,639,None,Move,browsing
1568811188.7,378,638,None,Move,browsing
1568811188.715,378,636,None,Move,browsing
1568811188.732,378,636,None,Move,browsing
1568811188.7429998,378,635,None,Move,browsing
1568811188.752,377,633,None,Move,browsing
1568811188.7629998,376,631,None,Move,browsing
1568811188.772,374,628,None,Move,browsing
1568811188.784,372,627,None,Move,browsing
1568811188.794,370,625,None,Move,browsing
1568811188.804,369,624,None,Move,browsing
1568811188.815,368,624,None,Move,browsing
1568811188.824,367,622,None,Move,browsing
1568811188.834,367,622,None,Move,browsing
1568811188.845,366,621,None,Move,browsing
1568811188.855,365,621,None,Move,browsing
1568811188.8660002,365,620,None,Move,browsing
1568811188.8820002,364,619,None,Move,browsing
1568811188.896,363,618,None,Move,browsing
1568811188.919,363,618,None,Move,browsing
1568811188.929,362,618,None,Move,browsing
1568811188.948,362,617,None,Move,browsing
1568811188.964,362,617,None,Move,browsing
1568811188.9929998,361,616,None,Move,browsing
1568811189.254,361,616,Left,Pressed,browsing
1568811189.47,361,616,Left,Released,browsing
1568811189.965,401,608,None,Move,browsing
1568811189.988,466,603,None,Move,browsing
1568811190.0129998,534,603,None,Move,browsing
1568811190.036,605,600,None,Move,browsing
1568811190.059,667,598,None,Move,browsing
1568811190.084,715,595,None,Move,browsing
1568811190.107,757,591,None,Move,browsing
1568811190.127,789,589,None,Move,browsing
1568811190.149,812,584,None,Move,browsing
1568811190.171,825,581,None,Move,browsing
1568811190.194,834,580,None,Move,browsing
1568811190.216,839,580,None,Move,browsing
1568811190.2370002,844,580,None,Move,browsing
1568811190.2610002,846,581,None,Move,browsing
1568811190.291,849,582,None,Move,browsing
1568811190.322,850,583,None,Move,browsing
1568811190.337,851,584,None,Move,browsing
1568811190.346,852,584,None,Move,browsing
1568811190.354,854,585,None,Move,browsing
1568811190.365,856,587,None,Move,browsing
1568811190.3720002,858,589,None,Move,browsing
1568811190.383,860,591,None,Move,browsing
1568811190.394,866,594,None,Move,browsing
1568811190.404,873,597,None,Move,browsing
1568811190.413,885,602,None,Move,browsing
1568811190.421,897,605,None,Move,browsing
1568811190.4320002,907,606,None,Move,browsing
1568811190.441,916,608,None,Move,browsing
1568811190.451,921,610,None,Move,browsing
1568811190.462,925,611,None,Move,browsing
1568811190.4729998,929,613,None,Move,browsing
1568811190.485,931,614,None,Move,browsing
1568811190.9020002,920,616,None,Move,browsing
1568811190.9220002,912,618,None,Move,browsing
1568811190.9429998,905,621,None,Move,browsing
1568811190.964,898,622,None,Move,browsing
1568811190.9829998,893,623,None,Move,browsing
1568811191.004,891,623,None,Move,browsing
1568811191.024,888,623,None,Move,browsing
1568811191.044,885,623,None,Move,browsing
1568811191.065,882,623,None,Move,browsing
1568811191.086,879,623,None,Move,browsing
1568811191.106,877,623,None,Move,browsing
1568811191.1260002,876,623,None,Move,browsing
1568811191.149,875,623,None,Move,browsing
1568811191.171,871,623,None,Move,browsing
1568811191.19,868,624,None,Move,browsing
1568811191.211,861,626,None,Move,browsing
1568811191.231,852,627,None,Move,browsing
1568811191.252,846,627,None,Move,browsing
1568811191.2729998,841,628,None,Move,browsing
1568811191.294,834,629,None,Move,browsing
1568811191.323,830,631,None,Move,browsing
1568811191.344,825,634,None,Move,browsing
1568811191.3660002,819,636,None,Move,browsing
1568811191.387,813,638,None,Move,browsing
1568811191.41,810,639,None,Move,browsing
1568811191.4329998,808,640,None,Move,browsing
1568811191.454,807,641,None,Move,browsing
1568811191.48,806,642,None,Move,browsing
1568811191.81,796,643,None,Move,browsing
1568811191.831,784,644,None,Move,browsing
1568811191.846,773,646,None,Move,browsing
1568811191.8579998,766,647,None,Move,browsing
1568811191.8679998,762,648,None,Move,browsing
1568811191.8779998,759,649,None,Move,browsing
1568811191.891,757,649,None,Move,browsing
1568811191.9020002,754,649,None,Move,browsing
1568811191.915,751,650,None,Move,browsing
1568811191.926,749,650,None,Move,browsing
1568811191.936,748,650,None,Move,browsing
1568811191.946,747,650,None,Move,browsing
1568811191.957,746,650,None,Move,browsing
1568811191.967,745,650,None,Move,browsing
1568811191.978,743,650,None,Move,browsing
1568811191.9889998,743,650,None,Move,browsing
1568811191.9989998,742,650,None,Move,browsing
1568811192.0089998,741,650,None,Move,browsing
1568811192.019,741,650,None,Move,browsing
1568811192.03,740,650,None,Move,browsing
1568811192.04,739,650,None,Move,browsing
1568811192.05,739,650,None,Move,browsing
1568811192.062,738,650,None,Move,browsing
1568811192.073,737,650,None,Move,browsing
1568811192.084,736,650,None,Move,browsing
1568811192.094,735,650,None,Move,browsing
1568811192.103,734,650,None,Move,browsing
1568811192.119,733,650,None,Move,browsing
1568811192.194,733,650,None,Move,browsing
1568811192.211,735,650,None,Move,browsing
1568811192.2270002,737,650,None,Move,browsing
1568811192.246,740,650,None,Move,browsing
1568811192.2629998,742,650,None,Move,browsing
1568811192.279,744,650,None,Move,browsing
1568811192.29,744,650,None,Move,browsing
1568811192.303,746,650,None,Move,browsing
1568811192.313,746,650,None,Move,browsing
1568811192.323,747,650,None,Move,browsing
1568811192.331,748,650,None,Move,browsing
1568811192.351,748,650,None,Move,browsing
1568811192.373,749,650,None,Move,browsing
1568811192.403,750,651,None,Move,browsing
1568811192.447,750,651,None,Move,browsing
1568811192.4629998,750,652,None,Move,browsing
1568811192.742,750,652,Left,Pressed,browsing
1568811192.956,750,652,Left,Released,browsing
1568811193.5579998,765,648,None,Move,browsing
1568811193.581,801,640,None,Move,browsing
1568811193.601,837,634,None,Move,browsing
1568811193.6160002,870,629,None,Move,browsing
1568811193.625,907,621,None,Move,browsing
1568811193.6339998,956,612,None,Move,browsing
1568811193.6420002,989,606,None,Move,browsing
1568811193.65,1039,594,None,Move,browsing
1568811193.658,1069,589,None,Move,browsing
1568811193.668,1113,576,None,Move,browsing
1568811193.678,1157,566,None,Move,browsing
1568811193.688,1191,556,None,Move,browsing
1568811193.699,1222,544,None,Move,browsing
1568811193.71,1251,533,None,Move,browsing
1568811193.721,1281,525,None,Move,browsing
1568811193.731,1301,518,None,Move,browsing
1568811193.742,1315,513,None,Move,browsing
1568811193.752,1327,509,None,Move,browsing
1568811193.762,1335,506,None,Move,browsing
1568811193.772,1343,505,None,Move,browsing
1568811193.783,1347,504,None,Move,browsing
1568811193.793,1351,503,None,Move,browsing
1568811193.803,1353,502,None,Move,browsing
1568811193.814,1355,502,None,Move,browsing
1568811193.825,1357,501,None,Move,browsing
1568811193.836,1358,501,None,Move,browsing
1568811193.846,1359,501,None,Move,browsing
1568811193.856,1359,501,None,Move,browsing
1568811193.865,1360,501,None,Move,browsing
1568811193.871,1361,501,None,Move,browsing
1568811193.883,1361,501,None,Move,browsing
1568811193.893,1363,501,None,Move,browsing
1568811198.235,1362,503,None,Move,browsing
1568811198.246,1361,506,None,Move,browsing
1568811198.258,1360,510,None,Move,browsing
1568811198.266,1360,512,None,Move,browsing
1568811198.275,1360,513,None,Move,browsing
1568811198.283,1360,513,None,Move,browsing
1568811198.291,1360,514,None,Move,browsing
1568811198.302,1360,515,None,Move,browsing
1568811198.311,1360,516,None,Move,browsing
1568811198.321,1360,517,None,Move,browsing
1568811198.33,1360,517,None,Move,browsing
1568811198.339,1360,518,None,Move,browsing
1568811198.351,1362,518,None,Move,browsing
1568811198.361,1363,518,None,Move,browsing
1568811198.371,1365,518,None,Move,browsing
1568811198.383,1369,518,None,Move,browsing
1568811198.393,1370,518,None,Move,browsing
1568811198.405,1372,518,None,Move,browsing
1568811198.416,1373,518,None,Move,browsing
1568811198.426,1375,519,None,Move,browsing
1568811198.436,1376,519,None,Move,browsing
1568811198.447,1377,519,None,Move,browsing
1568811198.455,1378,519,None,Move,browsing
1568811198.4629998,1378,519,None,Move,browsing
1568811198.472,1379,519,None,Move,browsing
1568811198.481,1381,519,None,Move,browsing
1568811198.492,1381,519,None,Move,browsing
1568811198.505,1382,520,None,Move,browsing
1568811198.52,1383,520,None,Move,browsing
1568811198.535,1384,520,None,Move,browsing
1568811198.545,1384,522,None,Move,browsing
1568811198.5570002,1384,522,None,Move,browsing
1568811198.5879998,1385,522,None,Move,browsing
1568811198.6320002,1386,522,None,Move,browsing
1568811198.903,1386,522,None,Move,browsing
1568811198.914,1386,522,None,Move,browsing
1568811198.948,1386,521,None,Move,browsing
1568811198.985,1386,520,None,Move,browsing
1568811199.0229998,1386,520,None,Move,browsing
1568811199.062,1386,519,None,Move,browsing
1568811199.0979998,1386,518,None,Move,browsing
1568811199.135,1386,518,None,Move,browsing
1568811199.1720002,1386,517,None,Move,browsing
1568811199.21,1386,515,None,Move,browsing
1568811199.234,1386,515,None,Move,browsing
1568811199.272,1386,514,None,Move,browsing
1568811199.285,1386,513,None,Move,browsing
1568811199.31,1386,513,None,Move,browsing
1568811199.323,1386,513,None,Move,browsing
1568811199.334,1386,512,None,Move,browsing
1568811199.354,1386,512,None,Move,browsing
1568811199.369,1386,511,None,Move,browsing
1568811199.414,1385,510,None,Move,browsing
1568811199.496,1385,510,None,Move,browsing
1568811199.6160002,1385,510,None,Move,browsing
1568811199.722,1384,510,None,Move,browsing
1568811199.775,1384,508,None,Move,browsing
1568811199.804,1383,508,None,Move,browsing
1568811199.8660002,1383,507,None,Move,browsing
1568811199.879,1382,507,None,Move,browsing
1568811199.918,1382,507,None,Move,browsing
1568811199.9320002,1382,507,None,Move,browsing
1568811199.962,1381,507,None,Move,browsing
1568811200.0,1379,507,None,Move,browsing
1568811200.052,1379,506,None,Move,browsing
1568811201.2429998,1379,507,None,Drag,browsing
1568811201.258,1379,507,None,Drag,browsing
1568811201.27,1379,508,None,Drag,browsing
1568811201.282,1379,509,None,Drag,browsing
1568811201.294,1379,509,None,Drag,browsing
1568811201.312,1379,510,None,Drag,browsing
1568811201.322,1379,510,None,Drag,browsing
1568811201.332,1379,511,None,Drag,browsing
1568811201.344,1379,511,None,Drag,browsing
1568811201.354,1379,513,None,Drag,browsing
1568811201.3760002,1379,513,None,Drag,browsing
1568811201.3920002,1379,514,None,Drag,browsing
1568811201.414,1379,515,None,Drag,browsing
1568811201.428,1379,516,None,Drag,browsing
1568811201.4429998,1379,516,None,Drag,browsing
1568811201.456,1379,517,None,Drag,browsing
1568811201.467,1380,517,None,Drag,browsing
1568811201.481,1380,518,None,Drag,browsing
1568811201.496,1380,518,None,Drag,browsing
1568811201.519,1380,519,None,Drag,browsing
1568811201.534,1380,521,None,Drag,browsing
1568811201.549,1380,521,None,Drag,browsing
1568811201.563,1380,522,None,Drag,browsing
1568811201.575,1381,522,None,Drag,browsing
1568811201.586,1381,523,None,Drag,browsing
1568811201.5979998,1381,523,None,Drag,browsing
1568811201.6079998,1381,524,None,Drag,browsing
1568811201.63,1381,525,None,Drag,browsing
1568811201.646,1381,526,None,Drag,browsing
1568811201.66,1381,526,None,Drag,browsing
1568811201.6820002,1381,527,None,Drag,browsing
1568811201.697,1381,529,None,Drag,browsing
1568811201.719,1381,529,None,Drag,browsing
1568811201.734,1382,530,None,Drag,browsing
1568811201.7570002,1382,531,None,Drag,browsing
1568811201.771,1382,531,None,Drag,browsing
1568811201.786,1384,532,None,Drag,browsing
1568811201.809,1384,533,None,Drag,browsing
1568811201.824,1384,534,None,Drag,browsing
1568811201.846,1384,534,None,Drag,browsing
1568811201.861,1384,536,None,Drag,browsing
1568811201.883,1385,537,None,Drag,browsing
1568811201.899,1385,537,None,Drag,browsing
1568811201.92,1386,538,None,Drag,browsing
1568811201.935,1386,539,None,Drag,browsing
1568811201.957,1386,539,None,Drag,browsing
1568811201.9729998,1386,540,None,Drag,browsing
1568811201.988,1386,541,None,Drag,browsing
1568811201.9970002,1387,541,None,Drag,browsing
1568811202.008,1387,542,None,Drag,browsing
1568811202.02,1387,543,None,Drag,browsing
1568811202.035,1388,543,None,Drag,browsing
1568811202.048,1388,544,None,Drag,browsing
1568811202.06,1388,544,None,Drag,browsing
1568811202.071,1389,544,None,Drag,browsing
1568811202.08,1389,545,None,Drag,browsing
1568811202.091,1389,546,None,Drag,browsing
1568811202.106,1389,546,None,Drag,browsing
1568811202.117,1389,547,None,Drag,browsing
1568811202.15,1389,547,None,Drag,browsing
1568811202.1720002,1391,547,None,Drag,browsing
1568811202.639,1392,549,None,Drag,browsing
1568811202.669,1392,550,None,Drag,browsing
1568811202.686,1392,550,None,Drag,browsing
1568811202.707,1392,551,None,Drag,browsing
1568811202.721,1393,551,None,Drag,browsing
1568811202.738,1393,552,None,Drag,browsing
1568811202.754,1393,553,None,Drag,browsing
1568811202.769,1394,553,None,Drag,browsing
1568811204.979,1393,553,None,Move,browsing
1568811204.988,1393,553,None,Move,browsing
1568811204.998,1392,553,None,Move,browsing
1568811205.0089998,1391,553,None,Move,browsing
1568811205.019,1391,553,None,Move,browsing
1568811205.03,1390,552,None,Move,browsing
1568811205.039,1390,552,None,Move,browsing
1568811205.049,1389,552,None,Move,browsing
1568811205.06,1388,551,None,Move,browsing
1568811205.069,1388,551,None,Move,browsing
1568811205.0779998,1387,551,None,Move,browsing
1568811205.091,1386,551,None,Move,browsing
1568811205.101,1385,551,None,Move,browsing
1568811205.113,1385,551,None,Move,browsing
1568811205.123,1384,551,None,Move,browsing
1568811205.143,1383,551,None,Move,browsing
1568811205.157,1382,551,None,Move,browsing
1568811205.187,1381,551,None,Move,browsing
1568811205.211,1380,551,None,Move,browsing
1568811205.226,1380,551,None,Move,browsing
1568811205.234,1380,551,None,Move,browsing
1568811205.244,1379,551,None,Move,browsing
1568811205.255,1378,551,None,Move,browsing
1568811205.266,1378,551,None,Move,browsing
1568811205.2770002,1377,550,None,Move,browsing
1568811205.286,1375,550,None,Move,browsing
1568811205.3,1375,550,None,Move,browsing
1568811205.313,1374,550,None,Move,browsing
1568811205.324,1374,549,None,Move,browsing
1568811205.333,1373,549,None,Move,browsing
1568811205.353,1373,549,None,Move,browsing
1568811205.363,1373,549,None,Move,browsing
1568811205.383,1372,549,None,Move,browsing
1568811205.481,1371,549,None,Move,browsing
1568811206.158,1371,549,None,Drag,browsing
1568811206.179,1371,550,None,Drag,browsing
1568811206.199,1371,551,None,Drag,browsing
1568811206.222,1371,551,None,Drag,browsing
1568811206.246,1371,552,None,Drag,browsing
1568811206.272,1371,553,None,Drag,browsing
1568811206.292,1371,553,None,Drag,browsing
1568811206.311,1371,554,None,Drag,browsing
1568811206.324,1371,555,None,Drag,browsing
1568811206.346,1371,555,None,Drag,browsing
1568811206.361,1371,556,None,Drag,browsing
1568811206.3760002,1371,557,None,Drag,browsing
1568811206.39,1371,558,None,Drag,browsing
1568811206.413,1371,559,None,Drag,browsing
1568811206.427,1371,560,None,Drag,browsing
1568811206.4429998,1371,561,None,Drag,browsing
1568811206.465,1371,561,None,Drag,browsing
1568811206.48,1371,562,None,Drag,browsing
1568811206.502,1371,563,None,Drag,browsing
1568811206.5170002,1371,563,None,Drag,browsing
1568811206.54,1371,564,None,Drag,browsing
1568811206.554,1371,566,None,Drag,browsing
1568811206.5779998,1371,566,None,Drag,browsing
1568811206.592,1371,567,None,Drag,browsing
1568811206.6139998,1371,568,None,Drag,browsing
1568811206.637,1371,568,None,Drag,browsing
1568811206.659,1371,569,None,Drag,browsing
1568811206.674,1371,570,None,Drag,browsing
1568811206.705,1371,571,None,Drag,browsing
1568811206.7329998,1371,571,None,Drag,browsing
1568811206.77,1371,573,None,Drag,browsing
1568811206.793,1371,573,None,Drag,browsing
1568811207.036,1371,573,None,Drag,browsing
1568811207.045,1371,572,None,Drag,browsing
1568811207.055,1371,571,None,Drag,browsing
1568811207.0670002,1371,570,None,Drag,browsing
1568811207.079,1371,569,None,Drag,browsing
1568811207.087,1371,568,None,Drag,browsing
1568811207.096,1371,566,None,Drag,browsing
1568811207.1079998,1371,564,None,Drag,browsing
1568811207.117,1371,564,None,Drag,browsing
1568811207.1279998,1371,563,None,Drag,browsing
1568811207.1379998,1371,563,None,Drag,browsing
1568811207.147,1371,562,None,Drag,browsing
1568811207.157,1371,561,None,Drag,browsing
1568811207.168,1371,561,None,Drag,browsing
1568811207.181,1371,559,None,Drag,browsing
1568811207.19,1371,559,None,Drag,browsing
1568811207.205,1371,558,None,Drag,browsing
1568811207.214,1371,558,None,Drag,browsing
1568811207.224,1371,557,None,Drag,browsing
1568811207.232,1371,557,None,Drag,browsing
1568811207.2410002,1371,556,None,Drag,browsing
1568811207.2510002,1371,555,None,Drag,browsing
1568811207.26,1371,554,None,Drag,browsing
1568811207.269,1371,553,None,Drag,browsing
1568811207.279,1371,552,None,Drag,browsing
1568811207.29,1371,551,None,Drag,browsing
1568811207.302,1371,546,None,Drag,browsing
1568811207.316,1371,540,None,Drag,browsing
1568811207.327,1371,534,None,Drag,browsing
1568811207.3379998,1371,529,None,Drag,browsing
1568811207.349,1371,525,None,Drag,browsing
1568811207.359,1371,523,None,Drag,browsing
1568811207.369,1371,520,None,Drag,browsing
1568811207.381,1371,519,None,Drag,browsing
1568811207.394,1371,518,None,Drag,browsing
1568811207.404,1371,517,None,Drag,browsing
1568811207.414,1371,516,None,Drag,browsing
1568811207.425,1371,515,None,Drag,browsing
1568811207.436,1371,513,None,Drag,browsing
1568811207.448,1371,512,None,Drag,browsing
1568811207.458,1371,511,None,Drag,browsing
1568811207.471,1371,511,None,Drag,browsing
1568811207.481,1371,510,None,Drag,browsing
1568811207.4910002,1371,509,None,Drag,browsing
1568811207.5,1371,508,None,Drag,browsing
1568811207.5229998,1371,507,None,Drag,browsing
1568811207.552,1371,507,None,Drag,browsing
1568811207.59,1371,506,None,Drag,browsing
1568811207.8979998,1371,507,None,Drag,browsing
1568811207.909,1371,509,None,Drag,browsing
1568811207.918,1371,511,None,Drag,browsing
1568811207.929,1371,512,None,Drag,browsing
1568811207.94,1371,513,None,Drag,browsing
1568811207.95,1372,514,None,Drag,browsing
1568811207.96,1372,515,None,Drag,browsing
1568811207.9729998,1372,517,None,Drag,browsing
1568811207.984,1373,518,None,Drag,browsing
1568811207.995,1373,519,None,Drag,browsing
1568811208.0070002,1373,520,None,Drag,browsing
1568811208.018,1373,520,None,Drag,browsing
1568811208.028,1373,521,None,Drag,browsing
1568811208.04,1373,522,None,Drag,browsing
1568811208.05,1373,523,None,Drag,browsing
1568811208.062,1374,523,None,Drag,browsing
1568811208.074,1374,524,None,Drag,browsing
1568811208.085,1374,525,None,Drag,browsing
1568811208.095,1374,526,None,Drag,browsing
1568811208.107,1375,527,None,Drag,browsing
1568811208.1179998,1375,528,None,Drag,browsing
1568811208.13,1375,529,None,Drag,browsing
1568811208.141,1375,530,None,Drag,browsing
1568811208.1520002,1375,531,None,Drag,browsing
1568811208.163,1375,532,None,Drag,browsing
1568811208.174,1375,532,None,Drag,browsing
1568811208.1829998,1375,533,None,Drag,browsing
1568811208.1920002,1375,534,None,Drag,browsing
1568811208.202,1375,534,None,Drag,browsing
1568811208.216,1375,535,None,Drag,browsing
1568811208.228,1375,535,None,Drag,browsing
1568811208.242,1375,536,None,Drag,browsing
1568811208.252,1375,537,None,Drag,browsing
1568811208.2610002,1375,537,None,Drag,browsing
1568811208.272,1375,539,None,Drag,browsing
1568811208.283,1375,540,None,Drag,browsing
1568811208.292,1375,540,None,Drag,browsing
1568811208.3079998,1375,541,None,Drag,browsing
1568811208.3179998,1375,542,None,Drag,browsing
1568811208.329,1375,542,None,Drag,browsing
1568811208.34,1375,543,None,Drag,browsing
1568811208.3520002,1375,543,None,Drag,browsing
1568811208.363,1375,545,None,Drag,browsing
1568811208.373,1375,545,None,Drag,browsing
1568811208.385,1375,546,None,Drag,browsing
1568811208.3979998,1375,546,None,Drag,browsing
1568811208.411,1375,547,None,Drag,browsing
1568811208.423,1375,548,None,Drag,browsing
1568811208.4329998,1375,549,None,Drag,browsing
1568811208.448,1375,549,None,Drag,browsing
1568811208.47,1375,550,None,Drag,browsing
1568811208.5,1375,551,None,Drag,browsing
1568811208.5470002,1375,552,None,Drag,browsing
1568811208.591,1375,552,None,Drag,browsing
1568811208.6220002,1375,553,None,Drag,browsing
1568811208.633,1375,554,None,Drag,browsing
1568811208.6479998,1375,555,None,Drag,browsing
1568811208.6620002,1375,555,None,Drag,browsing
1568811208.677,1375,556,None,Drag,browsing
1568811208.689,1376,557,None,Drag,browsing
1568811208.701,1376,559,None,Drag,browsing
1568811208.715,1376,560,None,Drag,browsing
1568811208.73,1376,561,None,Drag,browsing
1568811208.744,1376,562,None,Drag,browsing
1568811208.758,1376,562,None,Drag,browsing
1568811208.7729998,1376,563,None,Drag,browsing
1568811208.796,1376,563,None,Drag,browsing
1568811208.843,1376,564,None,Drag,browsing
1568811208.853,1377,564,None,Drag,browsing
1568811208.8639998,1377,565,None,Drag,browsing
1568811208.8760002,1377,565,None,Drag,browsing
1568811208.8879998,1378,565,None,Drag,browsing
1568811208.9,1378,566,None,Drag,browsing
1568811208.914,1378,567,None,Drag,browsing
1568811208.927,1378,568,None,Drag,browsing
1568811208.938,1379,569,None,Drag,browsing
1568811208.949,1379,570,None,Drag,browsing
1568811208.962,1379,571,None,Drag,browsing
1568811208.974,1379,572,None,Drag,browsing
1568811208.984,1379,573,None,Drag,browsing
1568811208.996,1379,574,None,Drag,browsing
1568811209.0070002,1380,575,None,Drag,browsing
1568811209.019,1380,576,None,Drag,browsing
1568811209.04,1380,577,None,Drag,browsing
1568811209.052,1380,577,None,Drag,browsing
1568811209.074,1380,578,None,Drag,browsing
1568811209.195,1380,578,None,Drag,browsing
1568811209.214,1380,576,None,Drag,browsing
1568811209.234,1380,573,None,Drag,browsing
1568811209.255,1380,571,None,Drag,browsing
1568811209.276,1380,570,None,Drag,browsing
1568811209.299,1380,569,None,Drag,browsing
1568811209.324,1380,568,None,Drag,browsing
1568811209.344,1380,567,None,Drag,browsing
1568811209.365,1380,566,None,Drag,browsing
1568811209.3879998,1380,565,None,Drag,browsing
1568811209.409,1380,564,None,Drag,browsing
1568811209.43,1380,564,None,Drag,browsing
1568811209.451,1380,563,None,Drag,browsing
1568811209.4770002,1380,562,None,Drag,browsing
1568811217.4529998,1376,562,None,Move,browsing
1568811217.4629998,1367,561,None,Move,browsing
1568811217.474,1354,560,None,Move,browsing
1568811217.485,1342,559,None,Move,browsing
1568811217.495,1329,556,None,Move,browsing
1568811217.505,1313,551,None,Move,browsing
1568811217.5170002,1298,550,None,Move,browsing
1568811217.526,1287,549,None,Move,browsing
1568811217.536,1275,548,None,Move,browsing
1568811217.546,1264,547,None,Move,browsing
1568811217.555,1253,547,None,Move,browsing
1568811217.566,1241,546,None,Move,browsing
1568811217.577,1232,546,None,Move,browsing
1568811217.587,1221,543,None,Move,browsing
1568811217.599,1213,542,None,Move,browsing
1568811217.609,1204,540,None,Move,browsing
1568811217.62,1195,539,None,Move,browsing
1568811217.629,1187,537,None,Move,browsing
1568811217.639,1182,536,None,Move,browsing
1568811217.649,1179,534,None,Move,browsing
1568811217.657,1176,533,None,Move,browsing
1568811217.669,1174,532,None,Move,browsing
1568811217.681,1172,532,None,Move,browsing
1568811217.6929998,1171,531,None,Move,browsing
1568811217.7029998,1169,530,None,Move,browsing
1568811217.714,1168,529,None,Move,browsing
1568811217.724,1167,528,None,Move,browsing
1568811217.735,1166,526,None,Move,browsing
1568811217.746,1165,524,None,Move,browsing
1568811217.754,1163,524,None,Move,browsing
1568811217.764,1163,522,None,Move,browsing
1568811217.772,1162,521,None,Move,browsing
1568811217.781,1162,520,None,Move,browsing
1568811217.79,1162,519,None,Move,browsing
1568811217.799,1161,519,None,Move,browsing
1568811217.8079998,1161,518,None,Move,browsing
1568811217.819,1161,518,None,Move,browsing
1568811217.843,1160,518,None,Move,browsing
1568811217.8720002,1160,518,None,Move,browsing
1568811217.885,1159,518,None,Move,browsing
1568811217.894,1158,518,None,Move,browsing
1568811217.905,1156,518,None,Move,browsing
1568811217.914,1155,518,None,Move,browsing
1568811217.923,1155,518,None,Move,browsing
1568811217.934,1154,518,None,Move,browsing
1568811217.944,1153,518,None,Move,browsing
1568811217.954,1152,518,None,Move,browsing
1568811217.9629998,1150,518,None,Move,browsing
1568811217.972,1149,518,None,Move,browsing
1568811217.982,1149,518,None,Move,browsing
1568811217.992,1148,518,None,Move,browsing
1568811218.0029998,1147,519,None,Move,browsing
1568811218.012,1147,519,None,Move,browsing
1568811218.021,1146,521,None,Move,browsing
1568811218.03,1146,521,None,Move,browsing
1568811218.04,1145,521,None,Move,browsing
1568811218.052,1145,521,None,Move,browsing
1568811218.063,1144,521,None,Move,browsing
1568811218.073,1144,522,None,Move,browsing
1568811218.082,1143,522,None,Move,browsing
1568811218.093,1143,523,None,Move,browsing
1568811218.103,1142,523,None,Move,browsing
1568811218.1179998,1142,524,None,Move,browsing
1568811218.133,1141,524,None,Move,browsing
1568811218.143,1141,525,None,Move,browsing
1568811218.153,1141,526,None,Move,browsing
1568811218.168,1141,528,None,Move,browsing
1568811218.18,1141,528,None,Move,browsing
1568811218.1920002,1141,529,None,Move,browsing
1568811218.2,1141,530,None,Move,browsing
1568811218.209,1141,530,None,Move,browsing
1568811218.219,1141,531,None,Move,browsing
1568811218.228,1141,532,None,Move,browsing
1568811218.2370002,1141,533,None,Move,browsing
1568811218.248,1141,534,None,Move,browsing
1568811218.2570002,1141,534,None,Move,browsing
1568811218.265,1141,535,None,Move,browsing
1568811218.274,1141,536,None,Move,browsing
1568811218.285,1141,537,None,Move,browsing
1568811218.3,1141,538,None,Move,browsing
1568811218.316,1141,539,None,Move,browsing
1568811218.326,1141,540,None,Move,browsing
1568811218.337,1141,541,None,Move,browsing
1568811218.356,1141,542,None,Move,browsing
1568811218.964,1140,542,None,Move,browsing
1568811218.9870002,1139,542,None,Move,browsing
1568811218.996,1139,542,None,Move,browsing
1568811219.024,1139,542,None,Move,browsing
1568811219.054,1138,542,None,Move,browsing
1568811219.0679998,1138,543,None,Move,browsing
1568811219.106,1137,543,None,Move,browsing
1568811219.1520002,1137,543,None,Move,browsing
1568811219.195,1136,543,None,Move,browsing
1568811219.2410002,1135,543,None,Move,browsing
1568811219.322,1135,544,None,Move,browsing
1568811219.6520002,1135,544,Left,Pressed,browsing
1568811219.867,1135,544,Left,Released,browsing
1568811220.117,1146,543,None,Move,browsing
1568811220.1279998,1159,540,None,Move,browsing
1568811220.1420002,1173,537,None,Move,browsing
1568811220.153,1183,536,None,Move,browsing
1568811220.164,1195,535,None,Move,browsing
1568811220.175,1205,534,None,Move,browsing
1568811220.186,1213,532,None,Move,browsing
1568811220.197,1222,532,None,Move,browsing
1568811220.208,1229,531,None,Move,browsing
1568811220.222,1235,531,None,Move,browsing
1568811220.236,1237,531,None,Move,browsing
1568811220.248,1239,531,None,Move,browsing
1568811222.803,1237,536,None,Move,browsing
1568811222.813,1233,543,None,Move,browsing
1568811222.822,1231,549,None,Move,browsing
1568811222.831,1230,553,None,Move,browsing
1568811222.84,1229,560,None,Move,browsing
1568811222.85,1228,565,None,Move,browsing
1568811222.859,1228,572,None,Move,browsing
1568811222.8660002,1228,577,None,Move,browsing
1568811222.8760002,1228,584,None,Move,browsing
1568811222.8860002,1231,591,None,Move,browsing
1568811222.895,1234,595,None,Move,browsing
1568811222.904,1237,601,None,Move,browsing
1568811222.914,1241,605,None,Move,browsing
1568811222.924,1250,610,None,Move,browsing
1568811222.934,1259,618,None,Move,browsing
1568811222.945,1268,622,None,Move,browsing
1568811222.955,1274,626,None,Move,browsing
1568811222.966,1281,629,None,Move,browsing
1568811222.974,1284,631,None,Move,browsing
1568811222.9829998,1288,632,None,Move,browsing
1568811222.994,1290,632,None,Move,browsing
1568811223.004,1292,634,None,Move,browsing
1568811223.014,1294,634,None,Move,browsing
1568811223.022,1295,634,None,Move,browsing
1568811223.032,1295,634,None,Move,browsing
1568811223.042,1296,634,None,Move,browsing
1568811223.051,1296,634,None,Move,browsing
1568811223.062,1297,634,None,Move,browsing
1568811223.072,1298,634,None,Move,browsing
1568811223.082,1299,634,None,Move,browsing
1568811223.093,1300,634,None,Move,browsing
1568811223.103,1300,634,None,Move,browsing
1568811223.119,1301,634,None,Move,browsing
1568811223.133,1302,634,None,Move,browsing
1568811223.147,1303,634,None,Move,browsing
1568811223.17,1303,634,None,Move,browsing
1568811223.1920002,1304,634,None,Move,browsing
1568811223.2029998,1304,633,None,Move,browsing
1568811223.214,1305,632,None,Move,browsing
1568811223.226,1306,632,None,Move,browsing
1568811223.2370002,1307,630,None,Move,browsing
1568811223.2470002,1308,628,None,Move,browsing
1568811224.147,1310,624,None,Move,browsing
1568811224.168,1311,621,None,Move,browsing
1568811224.181,1312,619,None,Move,browsing
1568811224.189,1313,618,None,Move,browsing
1568811224.199,1313,616,None,Move,browsing
1568811224.209,1313,615,None,Move,browsing
1568811224.219,1313,614,None,Move,browsing
1568811224.23,1313,614,None,Move,browsing
1568811224.2410002,1313,613,None,Move,browsing
1568811224.2510002,1313,612,None,Move,browsing
1568811224.264,1313,611,None,Move,browsing
1568811224.276,1313,610,None,Move,browsing
1568811224.284,1313,610,None,Move,browsing
1568811224.295,1313,609,None,Move,browsing
1568811224.306,1313,608,None,Move,browsing
1568811224.324,1312,608,None,Move,browsing
1568811224.333,1311,607,None,Move,browsing
1568811224.343,1311,607,None,Move,browsing
1568811224.357,1310,606,None,Move,browsing
1568811224.379,1309,606,None,Move,browsing
1568811224.395,1308,606,None,Move,browsing
1568811224.424,1308,606,None,Move,browsing
1568811236.283,1297,604,None,Move,browsing
1568811236.294,1282,602,None,Move,browsing
1568811236.3079998,1265,600,None,Move,browsing
1568811236.322,1250,597,None,Move,browsing
1568811236.331,1236,594,None,Move,browsing
1568811236.339,1223,592,None,Move,browsing
1568811236.349,1208,590,None,Move,browsing
1568811236.3620002,1196,589,None,Move,browsing
1568811236.379,1187,588,None,Move,browsing
1568811236.387,1182,586,None,Move,browsing
1568811236.411,1177,585,None,Move,browsing
1568811236.419,1174,585,None,Move,browsing
1568811236.431,1171,584,None,Move,browsing
1568811236.444,1168,584,None,Move,browsing
1568811236.455,1167,584,None,Move,browsing
1568811236.464,1165,583,None,Move,browsing
1568811236.471,1163,582,None,Move,browsing
1568811236.481,1162,582,None,Move,browsing
1568811236.49,1161,582,None,Move,browsing
1568811236.5010002,1160,581,None,Move,browsing
1568811236.5110002,1159,581,None,Move,browsing
1568811236.5229998,1159,580,None,Move,browsing
1568811236.533,1158,579,None,Move,browsing
1568811236.5470002,1158,579,None,Move,browsing
1568811236.5579998,1156,578,None,Move,browsing
1568811236.57,1155,578,None,Move,browsing
1568811236.581,1154,578,None,Move,browsing
1568811236.591,1154,577,None,Move,browsing
1568811236.601,1153,577,None,Move,browsing
1568811236.6139998,1152,577,None,Move,browsing
1568811236.6239998,1152,576,None,Move,browsing
1568811236.635,1152,576,None,Move,browsing
1568811236.651,1150,576,None,Move,browsing
1568811236.661,1150,576,None,Move,browsing
1568811236.6720002,1149,576,None,Move,browsing
1568811236.681,1149,576,None,Move,browsing
1568811236.691,1148,575,None,Move,browsing
1568811236.7029998,1147,574,None,Move,browsing
1568811236.7129998,1146,574,None,Move,browsing
1568811236.724,1146,573,None,Move,browsing
1568811236.734,1145,572,None,Move,browsing
1568811236.745,1144,572,None,Move,browsing
1568811236.755,1143,572,None,Move,browsing
1568811236.766,1143,571,None,Move,browsing
1568811236.776,1142,571,None,Move,browsing
1568811236.7870002,1142,571,None,Move,browsing
1568811236.798,1141,571,None,Move,browsing
1568811236.846,1140,571,None,Move,browsing
1568811236.891,1139,571,None,Move,browsing
1568811237.184,1139,571,None,Move,browsing
1568811237.205,1140,572,None,Move,browsing
1568811237.216,1140,572,None,Move,browsing
1568811237.2270002,1140,574,None,Move,browsing
1568811246.955,1138,569,None,Move,browsing
1568811246.966,1136,564,None,Move,browsing
1568811246.976,1133,559,None,Move,browsing
1568811246.9870002,1131,556,None,Move,browsing
1568811246.996,1128,552,None,Move,browsing
1568811247.004,1126,548,None,Move,browsing
1568811247.015,1123,546,None,Move,browsing
1568811247.025,1121,544,None,Move,browsing
1568811247.032,1120,543,None,Move,browsing
1568811247.041,1119,541,None,Move,browsing
1568811247.052,1118,540,None,Move,browsing
1568811247.062,1116,539,None,Move,browsing
1568811247.073,1115,538,None,Move,browsing
1568811247.083,1115,537,None,Move,browsing
1568811247.092,1114,537,None,Move,browsing
1568811247.1420002,1114,537,None,Move,browsing
1568811247.153,1115,537,None,Move,browsing
1568811247.163,1119,537,None,Move,browsing
1568811247.171,1123,537,None,Move,browsing
1568811247.18,1127,538,None,Move,browsing
1568811247.19,1130,539,None,Move,browsing
1568811247.205,1132,540,None,Move,browsing
1568811247.216,1134,541,None,Move,browsing
1568811247.2270002,1136,542,None,Move,browsing
1568811247.238,1137,542,None,Move,browsing
1568811247.248,1138,543,None,Move,browsing
1568811247.2570002,1139,543,None,Move,browsing
1568811247.266,1139,544,None,Move,browsing
1568811247.276,1140,544,None,Move,browsing
1568811247.292,1140,544,None,Move,browsing
1568811247.31,1142,545,None,Move,browsing
1568811247.329,1143,546,None,Move,browsing
1568811247.3379998,1143,547,None,Move,browsing
1568811247.347,1143,548,None,Move,browsing
1568811247.357,1143,549,None,Move,browsing
1568811247.3679998,1143,549,None,Move,browsing
1568811247.377,1144,550,None,Move,browsing
1568811247.387,1144,551,None,Move,browsing
1568811247.395,1144,551,None,Move,browsing
1568811247.407,1144,552,None,Move,browsing
1568811247.418,1145,554,None,Move,browsing
1568811247.427,1147,556,None,Move,browsing
1568811247.439,1148,559,None,Move,browsing
1568811247.448,1149,561,None,Move,browsing
1568811247.458,1149,563,None,Move,browsing
1568811247.469,1149,564,None,Move,browsing
1568811247.479,1150,566,None,Move,browsing
1568811247.4889998,1150,568,None,Move,browsing
1568811247.498,1150,571,None,Move,browsing
1568811247.5070002,1150,571,None,Move,browsing
1568811247.519,1150,572,None,Move,browsing
1568811247.529,1151,573,None,Move,browsing
1568811247.54,1151,574,None,Move,browsing
1568811247.549,1151,575,None,Move,browsing
1568811247.56,1152,577,None,Move,browsing
1568811247.571,1152,578,None,Move,browsing
1568811247.581,1152,580,None,Move,browsing
1568811247.592,1152,581,None,Move,browsing
1568811247.601,1153,584,None,Move,browsing
1568811247.611,1155,586,None,Move,browsing
1568811247.621,1155,588,None,Move,browsing
1568811247.631,1156,590,None,Move,browsing
1568811247.641,1156,592,None,Move,browsing
1568811247.655,1157,594,None,Move,browsing
1568811247.665,1157,594,None,Move,browsing
1568811247.676,1158,597,None,Move,browsing
1568811247.686,1159,597,None,Move,browsing
1568811247.696,1160,599,None,Move,browsing
1568811247.705,1161,599,None,Move,browsing
1568811247.715,1162,600,None,Move,browsing
1568811247.726,1162,601,None,Move,browsing
1568811247.736,1162,602,None,Move,browsing
1568811247.7470002,1162,603,None,Move,browsing
1568811247.758,1162,603,None,Move,browsing
1568811247.7670002,1162,604,None,Move,browsing
1568811247.793,1162,605,None,Move,browsing
1568811247.853,1162,605,None,Move,browsing
1568811247.863,1162,605,None,Move,browsing
1568811247.873,1161,605,None,Move,browsing
1568811247.885,1160,605,None,Move,browsing
1568811247.896,1159,605,None,Move,browsing
1568811247.911,1157,605,None,Move,browsing
1568811247.921,1153,604,None,Move,browsing
1568811247.931,1151,603,None,Move,browsing
1568811247.941,1148,602,None,Move,browsing
1568811247.952,1144,601,None,Move,browsing
1568811247.962,1139,599,None,Move,browsing
1568811247.974,1135,597,None,Move,browsing
1568811247.985,1132,596,None,Move,browsing
1568811247.996,1128,595,None,Move,browsing
1568811248.006,1125,594,None,Move,browsing
1568811248.016,1124,593,None,Move,browsing
1568811248.026,1121,593,None,Move,browsing
1568811248.0370002,1121,593,None,Move,browsing
1568811248.048,1120,593,None,Move,browsing
1568811248.059,1119,593,None,Move,browsing
1568811248.07,1119,593,None,Move,browsing
1568811248.08,1118,593,None,Move,browsing
1568811248.09,1118,593,None,Move,browsing
1568811248.109,1116,592,None,Move,browsing
1568811248.13,1115,592,None,Move,browsing
1568811248.141,1115,592,None,Move,browsing
1568811248.169,1115,592,None,Move,browsing
1568811248.2510002,1115,591,None,Move,browsing
1568811254.095,1115,588,None,Move,browsing
1568811254.106,1117,580,None,Move,browsing
1568811254.117,1118,576,None,Move,browsing
1568811254.127,1119,569,None,Move,browsing
1568811254.137,1120,566,None,Move,browsing
1568811254.146,1120,561,None,Move,browsing
1568811254.156,1120,560,None,Move,browsing
1568811254.165,1120,558,None,Move,browsing
1568811254.174,1120,555,None,Move,browsing
1568811254.1820002,1120,554,None,Move,browsing
1568811254.191,1120,552,None,Move,browsing
1568811254.202,1119,551,None,Move,browsing
1568811254.2129998,1118,549,None,Move,browsing
1568811254.221,1117,547,None,Move,browsing
1568811254.23,1115,545,None,Move,browsing
1568811254.242,1112,544,None,Move,browsing
1568811254.254,1110,543,None,Move,browsing
1568811254.265,1107,541,None,Move,browsing
1568811254.275,1105,540,None,Move,browsing
1568811254.286,1103,540,None,Move,browsing
1568811254.302,1102,540,None,Move,browsing
1568811254.313,1100,540,None,Move,browsing
1568811254.324,1099,540,None,Move,browsing
1568811254.333,1097,540,None,Move,browsing
1568811254.343,1095,540,None,Move,browsing
1568811254.355,1093,540,None,Move,browsing
1568811254.3660002,1092,540,None,Move,browsing
1568811254.373,1090,540,None,Move,browsing
1568811254.383,1089,540,None,Move,browsing
1568811254.3920002,1086,540,None,Move,browsing
1568811254.403,1085,540,None,Move,browsing
1568811254.4120002,1082,540,None,Move,browsing
1568811254.421,1081,540,None,Move,browsing
1568811254.431,1079,540,None,Move,browsing
1568811254.448,1078,540,None,Move,browsing
1568811254.458,1076,540,None,Move,browsing
1568811254.471,1075,541,None,Move,browsing
1568811254.482,1073,542,None,Move,browsing
1568811254.4929998,1073,543,None,Move,browsing
1568811254.5029998,1072,544,None,Move,browsing
1568811254.512,1071,544,None,Move,browsing
1568811254.522,1071,545,None,Move,browsing
1568811254.532,1069,546,None,Move,browsing
1568811254.542,1069,546,None,Move,browsing
1568811254.552,1068,546,None,Move,browsing
1568811254.561,1067,546,None,Move,browsing
1568811254.571,1067,546,None,Move,browsing
1568811254.581,1067,547,None,Move,browsing
1568811254.601,1067,547,None,Move,browsing
1568811254.615,1067,548,None,Move,browsing
1568811254.6279998,1067,550,None,Move,browsing
1568811254.647,1067,550,None,Move,browsing
1568811254.66,1067,550,None,Move,browsing
1568811254.67,1070,550,None,Move,browsing
1568811254.68,1073,550,None,Move,browsing
1568811254.69,1076,550,None,Move,browsing
1568811254.702,1079,550,None,Move,browsing
1568811254.711,1081,550,None,Move,browsing
1568811254.722,1082,549,None,Move,browsing
1568811254.732,1084,549,None,Move,browsing
1568811254.7410002,1086,549,None,Move,browsing
1568811254.7510002,1087,549,None,Move,browsing
1568811254.7610002,1089,549,None,Move,browsing
1568811254.781,1090,549,None,Move,browsing
1568811254.795,1091,548,None,Move,browsing
1568811254.8170002,1091,548,None,Move,browsing
1568811254.841,1091,547,None,Move,browsing
1568811254.857,1092,547,None,Move,browsing
1568811254.925,1093,547,None,Move,browsing
1568811254.948,1093,547,None,Move,browsing
1568811254.985,1093,546,None,Move,browsing
1568811255.0,1094,546,None,Move,browsing
1568811255.022,1094,545,None,Move,browsing
1568811255.061,1094,544,None,Move,browsing
1568811255.071,1094,544,None,Move,browsing
1568811255.082,1094,544,None,Move,browsing
1568811255.1120002,1094,542,None,Move,browsing
1568811255.15,1094,541,None,Move,browsing
1568811255.187,1094,541,None,Move,browsing
1568811255.232,1094,540,None,Move,browsing
1568811255.4420002,1100,540,None,Move,browsing
1568811255.452,1107,540,None,Move,browsing
1568811255.464,1110,540,None,Move,browsing
1568811255.474,1115,540,None,Move,browsing
1568811255.484,1118,540,None,Move,browsing
1568811255.496,1122,540,None,Move,browsing
1568811255.506,1126,540,None,Move,browsing
1568811255.516,1128,540,None,Move,browsing
1568811255.529,1132,540,None,Move,browsing
1568811255.539,1133,540,None,Move,browsing
1568811255.55,1135,540,None,Move,browsing
1568811255.561,1135,540,None,Move,browsing
1568811255.571,1136,540,None,Move,browsing
1568811255.582,1137,540,None,Move,browsing
1568811255.593,1137,540,None,Move,browsing
1568811255.6079998,1138,540,None,Move,browsing
1568811255.63,1139,540,None,Move,browsing
1568811255.668,1140,540,None,Move,browsing
1568811255.69,1140,540,None,Move,browsing
1568811255.7,1140,540,None,Move,browsing
1568811255.71,1142,540,None,Move,browsing
1568811255.72,1142,540,None,Move,browsing
1568811255.735,1143,540,None,Move,browsing
1568811255.75,1144,540,None,Move,browsing
1568811255.765,1145,540,None,Move,browsing
1568811255.788,1145,540,None,Move,browsing
1568811255.803,1146,540,None,Move,browsing
1568811255.813,1147,540,None,Move,browsing
1568811255.824,1147,540,None,Move,browsing
1568811255.835,1149,540,None,Move,browsing
1568811255.846,1150,540,None,Move,browsing
1568811255.856,1154,540,None,Move,browsing
1568811255.8679998,1156,540,None,Move,browsing
1568811255.8779998,1158,540,None,Move,browsing
1568811255.887,1160,539,None,Move,browsing
1568811255.8979998,1162,539,None,Move,browsing
1568811255.907,1164,539,None,Move,browsing
1568811255.917,1165,539,None,Move,browsing
1568811255.927,1166,539,None,Move,browsing
1568811255.936,1166,539,None,Move,browsing
1568811255.946,1168,539,None,Move,browsing
1568811255.961,1169,539,None,Move,browsing
1568811255.9989998,1169,539,None,Move,browsing
1568811256.081,1170,539,None,Move,browsing
1568811256.478,1170,539,None,Move,browsing
1568811256.515,1170,539,None,Move,browsing
1568811256.784,1169,539,None,Move,browsing
1568811256.829,1168,539,None,Move,browsing
1568811256.843,1168,538,None,Move,browsing
1568811256.8660002,1167,538,None,Move,browsing
1568811256.926,1167,538,None,Move,browsing
1568811256.995,1165,538,None,Move,browsing
1568811257.113,1165,538,None,Move,browsing
1568811272.41,1164,538,None,Move,browsing
1568811272.4220002,1162,540,None,Move,browsing
1568811272.435,1161,541,None,Move,browsing
1568811272.446,1160,544,None,Move,browsing
1568811272.457,1160,545,None,Move,browsing
1568811272.468,1158,546,None,Move,browsing
1568811272.478,1157,549,None,Move,browsing
1568811272.488,1156,550,None,Move,browsing
1568811272.5,1156,551,None,Move,browsing
1568811272.5110002,1156,552,None,Move,browsing
1568811272.5229998,1156,552,None,Move,browsing
1568811272.535,1156,554,None,Move,browsing
1568811272.545,1156,555,None,Move,browsing
1568811272.555,1156,556,None,Move,browsing
1568811272.566,1156,556,None,Move,browsing
1568811272.575,1156,557,None,Move,browsing
1568811272.585,1156,557,None,Move,browsing
1568811272.594,1156,558,None,Move,browsing
1568811272.611,1156,560,None,Move,browsing
1568811272.627,1156,560,None,Move,browsing
1568811272.65,1156,561,None,Move,browsing
1568811272.671,1156,562,None,Move,browsing
1568811272.6820002,1156,562,None,Move,browsing
1568811272.6920002,1156,563,None,Move,browsing
1568811272.7029998,1157,563,None,Move,browsing
1568811272.7129998,1157,563,None,Move,browsing
1568811272.7229998,1158,564,None,Move,browsing
1568811272.734,1159,565,None,Move,browsing
1568811272.744,1159,565,None,Move,browsing
1568811272.754,1159,567,None,Move,browsing
1568811272.764,1159,567,None,Move,browsing
1568811272.774,1159,568,None,Move,browsing
1568811272.784,1159,568,None,Move,browsing
1568811272.794,1159,569,None,Move,browsing
1568811272.805,1159,570,None,Move,browsing
1568811272.816,1159,570,None,Move,browsing
1568811272.826,1159,572,None,Move,browsing
1568811272.837,1159,572,None,Move,browsing
1568811272.8479998,1159,573,None,Move,browsing
1568811272.8579998,1159,573,None,Move,browsing
1568811272.873,1159,574,None,Move,browsing
1568811272.8839998,1159,575,None,Move,browsing
1568811272.895,1159,575,None,Move,browsing
1568811272.904,1159,576,None,Move,browsing
1568811272.917,1158,576,None,Move,browsing
1568811272.928,1158,577,None,Move,browsing
1568811272.937,1157,577,None,Move,browsing
1568811272.948,1157,578,None,Move,browsing
1568811272.958,1157,578,None,Move,browsing
1568811272.978,1156,578,None,Move,browsing
1568811272.9929998,1156,578,None,Move,browsing
1568811273.0029998,1155,578,None,Move,browsing
1568811273.031,1155,579,None,Move,browsing
1568811273.069,1153,579,None,Move,browsing
1568811273.1139998,1152,579,None,Move,browsing
1568811286.272,1150,582,None,Move,browsing
1568811286.284,1148,584,None,Move,browsing
1568811286.295,1145,588,None,Move,browsing
1568811286.3079998,1143,592,None,Move,browsing
1568811286.316,1140,599,None,Move,browsing
1568811286.327,1139,606,None,Move,browsing
1568811286.3379998,1139,610,None,Move,browsing
1568811286.349,1139,614,None,Move,browsing
1568811286.3579998,1139,621,None,Move,browsing
1568811286.37,1139,625,None,Move,browsing
1568811286.379,1140,629,None,Move,browsing
1568811286.3879998,1141,632,None,Move,browsing
1568811286.399,1143,636,None,Move,browsing
1568811286.409,1150,641,None,Move,browsing
1568811286.419,1156,647,None,Move,browsing
1568811286.429,1166,653,None,Move,browsing
1568811286.441,1177,655,None,Move,browsing
1568811286.452,1187,655,None,Move,browsing
1568811286.461,1197,655,None,Move,browsing
1568811286.4729998,1207,655,None,Move,browsing
1568811286.484,1214,654,None,Move,browsing
1568811286.494,1219,654,None,Move,browsing
1568811286.504,1223,653,None,Move,browsing
1568811286.514,1225,651,None,Move,browsing
1568811286.524,1227,650,None,Move,browsing
1568811286.532,1229,649,None,Move,browsing
1568811286.54,1233,648,None,Move,browsing
1568811286.551,1236,647,None,Move,browsing
1568811286.559,1240,645,None,Move,browsing
1568811286.569,1243,642,None,Move,browsing
1568811286.579,1247,640,None,Move,browsing
1568811286.59,1250,639,None,Move,browsing
1568811286.6,1251,637,None,Move,browsing
1568811286.61,1254,635,None,Move,browsing
1568811286.62,1257,633,None,Move,browsing
1568811286.629,1260,631,None,Move,browsing
1568811286.639,1263,630,None,Move,browsing
1568811286.651,1265,628,None,Move,browsing
1568811286.66,1269,628,None,Move,browsing
1568811286.671,1271,628,None,Move,browsing
1568811286.681,1275,628,None,Move,browsing
1568811286.69,1278,627,None,Move,browsing
1568811286.699,1281,627,None,Move,browsing
1568811286.708,1284,627,None,Move,browsing
1568811286.718,1285,627,None,Move,browsing
1568811286.728,1287,627,None,Move,browsing
1568811286.738,1288,627,None,Move,browsing
1568811286.7489998,1289,628,None,Move,browsing
1568811286.7610002,1289,629,None,Move,browsing
1568811286.771,1291,629,None,Move,browsing
1568811286.782,1292,632,None,Move,browsing
1568811286.792,1294,633,None,Move,browsing
1568811286.801,1295,635,None,Move,browsing
1568811286.81,1296,637,None,Move,browsing
1568811286.821,1297,638,None,Move,browsing
1568811286.83,1298,641,None,Move,browsing
1568811286.84,1299,643,None,Move,browsing
1568811286.851,1300,644,None,Move,browsing
1568811286.861,1301,646,None,Move,browsing
1568811286.8720002,1302,648,None,Move,browsing
1568811286.883,1303,650,None,Move,browsing
1568811286.894,1303,652,None,Move,browsing
1568811286.904,1303,654,None,Move,browsing
1568811286.914,1303,658,None,Move,browsing
1568811286.9220002,1302,661,None,Move,browsing
1568811286.9320002,1297,667,None,Move,browsing
1568811286.9420002,1294,670,None,Move,browsing
1568811286.954,1290,673,None,Move,browsing
1568811286.9629998,1286,676,None,Move,browsing
1568811286.975,1278,681,None,Move,browsing
1568811286.9829998,1271,684,None,Move,browsing
1568811286.9929998,1264,686,None,Move,browsing
1568811287.0029998,1258,687,None,Move,browsing
1568811287.014,1250,689,None,Move,browsing
1568811287.0229998,1243,690,None,Move,browsing
1568811287.032,1235,690,None,Move,browsing
1568811287.043,1228,690,None,Move,browsing
1568811287.053,1214,687,None,Move,browsing
1568811287.066,1202,686,None,Move,browsing
1568811287.075,1190,684,None,Move,browsing
1568811287.087,1177,681,None,Move,browsing
1568811287.1,1165,677,None,Move,browsing
1568811287.11,1153,671,None,Move,browsing
1568811287.12,1140,666,None,Move,browsing
1568811287.127,1131,659,None,Move,browsing
1568811287.139,1124,656,None,Move,browsing
1568811287.15,1119,653,None,Move,browsing
1568811287.16,1114,650,None,Move,browsing
1568811287.171,1110,648,None,Move,browsing
1568811287.1820002,1107,646,None,Move,browsing
1568811287.191,1105,645,None,Move,browsing
1568811287.2,1102,644,None,Move,browsing
1568811287.209,1102,644,None,Move,browsing
1568811287.217,1101,643,None,Move,browsing
1568811287.2270002,1100,643,None,Move,browsing
1568811287.2389998,1100,643,None,Move,browsing
1568811287.2489998,1099,643,None,Move,browsing
1568811287.2589998,1098,643,None,Move,browsing
1568811287.27,1097,643,None,Move,browsing
1568811287.29,1096,643,None,Move,browsing
1568811287.333,1095,643,None,Move,browsing
1568811287.731,1095,643,None,Move,browsing
1568811287.756,1095,644,None,Move,browsing
1568811287.776,1095,646,None,Move,browsing
1568811287.795,1095,646,None,Move,browsing
1568811287.806,1095,646,None,Move,browsing
1568811287.824,1095,647,None,Move,browsing
1568811287.843,1096,647,None,Move,browsing
1568811287.86,1096,647,None,Move,browsing
1568811287.879,1098,647,None,Move,browsing
1568811287.897,1103,647,None,Move,browsing
1568811287.917,1105,647,None,Move,browsing
1568811287.927,1106,647,None,Move,browsing
1568811288.421,1109,635,None,Move,browsing
1568811288.441,1112,620,None,Move,browsing
1568811288.462,1117,600,None,Move,browsing
1568811288.4829998,1126,576,None,Move,browsing
1568811288.504,1138,541,None,Move,browsing
1568811288.526,1148,507,None,Move,browsing
1568811288.549,1153,483,None,Move,browsing
1568811288.573,1157,467,None,Move,browsing
1568811288.595,1157,455,None,Move,browsing
1568811288.615,1157,450,None,Move,browsing
1568811288.6360002,1157,447,None,Move,browsing
1568811288.658,1156,446,None,Move,browsing
1568811288.679,1156,445,None,Move,browsing
1568811294.6820002,1138,453,None,Move,browsing
1568811294.6929998,1099,473,None,Move,browsing
1568811294.704,1069,489,None,Move,browsing
1568811294.7129998,1042,504,None,Move,browsing
1568811294.7229998,1010,521,None,Move,browsing
1568811294.734,980,539,None,Move,browsing
1568811294.745,959,555,None,Move,browsing
1568811294.756,938,568,None,Move,browsing
1568811294.7670002,917,586,None,Move,browsing
1568811294.7770002,898,604,None,Move,browsing
1568811294.7870002,881,623,None,Move,browsing
1568811294.798,860,645,None,Move,browsing
1568811294.8079998,841,673,None,Move,browsing
1568811294.8179998,823,703,None,Move,browsing
1568811294.83,809,735,None,Move,browsing
1568811294.84,799,769,None,Move,browsing
1568811294.85,793,795,None,Move,browsing
1568811294.863,786,822,None,Move,browsing
1568811294.8760002,783,844,None,Move,browsing
1568811294.885,782,861,None,Move,browsing
1568811294.897,782,876,None,Move,browsing
1568811294.909,782,887,None,Move,browsing
1568811294.92,782,901,None,Move,browsing
1568811294.934,785,915,None,Move,browsing
1568811294.9429998,787,922,None,Move,browsing
1568811294.9529998,790,929,None,Move,browsing
1568811294.9629998,791,932,None,Move,browsing
1568811295.242,758,937,None,Move,browsing
1568811295.2610002,695,949,None,Move,browsing
1568811295.2770002,631,964,None,Move,browsing
1568811295.2870002,573,984,None,Move,browsing
1568811295.298,531,999,None,Move,browsing
1568811295.3079998,492,1019,None,Move,browsing
1568811295.3170002,452,1038,None,Move,browsing
1568811295.327,427,1051,None,Move,browsing
1568811295.3379998,403,1066,None,Move,browsing
1568811295.349,390,1074,None,Move,browsing
1568811295.359,381,1082,None,Move,browsing
1568811295.371,374,1084,None,Move,browsing
1568811295.3820002,369,1084,None,Move,browsing
1568811295.3920002,367,1080,None,Move,browsing
1568811295.403,366,1080,None,Move,browsing
1568811295.413,365,1080,None,Move,browsing
1568811295.4220002,364,1079,None,Move,browsing
1568811295.4320002,364,1079,None,Move,browsing
1568811295.482,364,1079,None,Move,browsing
1568811295.492,364,1078,None,Move,browsing
1568811295.5029998,365,1076,None,Move,browsing
1568811295.514,366,1074,None,Move,browsing
1568811295.525,367,1073,None,Move,browsing
1568811295.535,368,1072,None,Move,browsing
1568811295.546,368,1071,None,Move,browsing
1568811295.556,368,1071,None,Move,browsing
1568811295.571,368,1070,None,Move,browsing
1568811295.582,368,1069,None,Move,browsing
1568811295.594,368,1069,None,Move,browsing
1568811295.604,368,1068,None,Move,browsing
1568811295.6160002,368,1067,None,Move,browsing
1568811295.6260002,368,1066,None,Move,browsing
1568811295.6360002,368,1065,None,Move,browsing
1568811295.6479998,368,1064,None,Move,browsing
1568811295.6620002,368,1064,None,Move,browsing
1568811295.676,368,1063,None,Move,browsing
1568811295.698,368,1062,None,Move,browsing
1568811295.721,368,1061,None,Move,browsing
1568811295.736,368,1061,None,Move,browsing
1568811295.7570002,368,1060,None,Move,browsing
1568811295.781,368,1058,None,Move,browsing
1568811295.795,370,1058,None,Move,browsing
1568811295.806,371,1058,None,Move,browsing
1568811295.8170002,372,1058,None,Move,browsing
1568811295.8279998,373,1058,None,Move,browsing
1568811295.839,374,1058,None,Move,browsing
1568811295.849,375,1058,None,Move,browsing
1568811295.859,376,1058,None,Move,browsing
1568811295.869,376,1058,None,Move,browsing
1568811295.88,377,1058,None,Move,browsing
1568811295.891,378,1058,None,Move,browsing
1568811295.906,379,1058,None,Move,browsing
1568811295.921,379,1058,None,Move,browsing
1568811295.937,380,1058,None,Move,browsing
1568811295.951,381,1058,None,Move,browsing
1568811295.966,382,1058,None,Move,browsing
1568811295.988,383,1058,None,Move,browsing
1568811296.004,384,1058,None,Move,browsing
1568811296.015,384,1058,None,Move,browsing
1568811296.026,384,1058,None,Move,browsing
1568811296.0370002,384,1060,None,Move,browsing
1568811296.0470002,385,1060,None,Move,browsing
1568811296.059,386,1060,None,Move,browsing
1568811296.069,386,1061,None,Move,browsing
1568811296.079,386,1061,None,Move,browsing
1568811296.09,386,1062,None,Move,browsing
1568811296.103,386,1063,None,Move,browsing
1568811296.113,386,1064,None,Move,browsing
1568811296.325,386,1064,Left,Pressed,browsing
1568811296.541,386,1064,Left,Released,browsing
