client_timestamp,x,y,button,state,window
1568717386.486,-981,427,Left,Pressed,development
1568717386.565,-981,427,Left,Released,development
1568717397.998,-979,426,None,Move,development
1568717398.0089998,-977,425,None,Move,development
1568717398.0170002,-977,424,None,Move,development
1568717398.039,-976,424,None,Move,development
1568717398.0470002,-975,423,None,Move,development
1568717398.054,-975,423,None,Move,development
1568717398.062,-974,423,None,Move,development
1568717398.07,-974,422,None,Move,development
1568717398.238,-974,422,None,Move,development
1568717398.2489998,-979,423,None,Move,development
1568717398.2629998,-992,430,None,Move,development
1568717398.268,-1003,436,None,Move,development
1568717398.274,-1018,444,None,Move,development
1568717398.281,-1033,452,None,Move,development
1568717398.2870002,-1044,459,None,Move,development
1568717398.294,-1059,464,None,Move,development
1568717398.302,-1070,472,None,Move,development
1568717398.31,-1081,478,None,Move,development
1568717398.3179998,-1094,485,None,Move,development
1568717398.326,-1107,488,None,Move,development
1568717398.336,-1121,494,None,Move,development
1568717398.342,-1136,500,None,Move,development
1568717398.35,-1153,505,None,Move,development
1568717398.3579998,-1169,509,None,Move,development
1568717398.367,-1182,511,None,Move,development
1568717398.375,-1197,514,None,Move,development
1568717398.3839998,-1209,516,None,Move,development
1568717398.391,-1220,518,None,Move,development
1568717398.3979998,-1230,520,None,Move,development
1568717398.406,-1237,522,None,Move,development
1568717398.414,-1243,525,None,Move,development
1568717398.4220002,-1250,528,None,Move,development
1568717398.43,-1253,530,None,Move,development
1568717398.438,-1258,533,None,Move,development
1568717398.447,-1261,535,None,Move,development
1568717398.454,-1263,536,None,Move,development
1568717398.462,-1265,537,None,Move,development
1568717398.47,-1266,537,None,Move,development
1568717398.486,-1267,537,None,Move,development
1568717398.494,-1269,538,None,Move,development
1568717398.5029998,-1271,538,None,Move,development
1568717398.51,-1272,539,None,Move,development
1568717398.518,-1275,539,None,Move,development
1568717398.526,-1276,539,None,Move,development
1568717398.534,-1276,539,None,Move,development
1568717398.671,-1278,539,None,Move,development
1568717398.679,-1279,538,None,Move,development
1568717398.686,-1281,535,None,Move,development
1568717398.694,-1284,533,None,Move,development
1568717398.702,-1286,532,None,Move,development
1568717398.71,-1287,531,None,Move,development
1568717398.719,-1287,530,None,Move,development
1568717398.7270002,-1288,530,None,Move,development
1568717398.735,-1289,529,None,Move,development
1568717398.742,-1289,529,None,Move,development
1568717398.758,-1289,528,None,Move,development
1568717398.775,-1290,527,None,Move,development
1568717398.783,-1291,526,None,Move,development
1568717398.791,-1291,526,None,Move,development
1568717398.798,-1292,525,None,Move,development
1568717398.806,-1292,525,None,Move,development
1568717398.815,-1292,524,None,Move,development
1568717398.822,-1293,523,None,Move,development
1568717398.83,-1294,522,None,Move,development
1568717398.8379998,-1295,520,None,Move,development
1568717398.847,-1296,519,None,Move,development
1568717398.86,-1296,518,None,Move,development
1568717398.8660002,-1297,518,None,Move,development
1568717398.91,-1297,517,None,Move,development
1568717398.918,-1297,517,None,Move,development
1568717398.926,-1297,515,None,Move,development
1568717398.934,-1298,514,None,Move,development
1568717398.9420002,-1298,513,None,Move,development
1568717398.951,-1299,512,None,Move,development
1568717398.998,-1299,512,None,Move,development
1568717399.0070002,-1299,511,None,Move,development
1568717399.015,-1299,511,None,Move,development
1568717399.0229998,-1299,509,None,Move,development
1568717399.03,-1299,508,None,Move,development
1568717399.038,-1299,507,None,Move,development
1568717399.048,-1299,507,None,Move,development
1568717399.054,-1299,506,None,Move,development
1568717399.063,-1300,504,None,Move,development
1568717399.071,-1300,503,None,Move,development
1568717399.086,-1300,502,None,Move,development
1568717399.094,-1300,500,None,Move,development
1568717399.11,-1300,499,None,Move,development
1568717399.214,-1300,499,None,Move,development
1568717399.222,-1300,498,None,Move,development
1568717399.231,-1300,497,None,Move,development
1568717399.2389998,-1300,497,None,Move,development
1568717399.606,-1300,497,Left,Pressed,development
1568717399.664,-1300,497,Left,Released,development
1568717399.735,-1300,497,Left,Pressed,development
1568717399.814,-1300,497,Left,Released,development
1568717399.903,-1300,496,None,Move,development
1568717399.9120002,-1300,492,None,Move,development
1568717399.918,-1300,484,None,Move,development
1568717399.927,-1300,478,None,Move,development
1568717399.934,-1300,473,None,Move,development
1568717399.9429998,-1300,469,None,Move,development
1568717399.952,-1300,466,None,Move,development
1568717399.962,-1300,463,None,Move,development
1568717399.97,-1300,461,None,Move,development
1568717399.9770002,-1300,460,None,Move,development
1568717399.986,-1300,459,None,Move,development
1568717399.9929998,-1300,457,None,Move,development
1568717400.0029998,-1300,457,None,Move,development
1568717400.025,-1300,456,None,Move,development
1568717400.0370002,-1300,455,None,Move,development
1568717400.1420002,-1299,457,None,Move,development
1568717400.15,-1298,460,None,Move,development
1568717400.158,-1295,465,None,Move,development
1568717400.167,-1291,472,None,Move,development
1568717400.176,-1289,475,None,Move,development
1568717400.184,-1286,479,None,Move,development
1568717400.1920002,-1286,481,None,Move,development
1568717400.199,-1284,483,None,Move,development
1568717400.207,-1282,487,None,Move,development
1568717400.215,-1280,490,None,Move,development
1568717400.235,-1277,498,None,Move,development
1568717400.254,-1272,504,None,Move,development
1568717400.2589998,-1271,507,None,Move,development
1568717400.264,-1269,509,None,Move,development
1568717400.27,-1268,511,None,Move,development
1568717400.279,-1266,513,None,Move,development
1568717400.2870002,-1265,515,None,Move,development
1568717400.295,-1263,517,None,Move,development
1568717400.303,-1262,519,None,Move,development
1568717400.31,-1261,520,None,Move,development
1568717400.3179998,-1260,521,None,Move,development
1568717400.326,-1259,522,None,Move,development
1568717400.334,-1259,522,None,Move,development
1568717400.351,-1259,523,None,Move,development
1568717400.367,-1258,523,None,Move,development
1568717400.3820002,-1258,523,None,Move,development
1568717400.39,-1256,523,None,Move,development
1568717400.399,-1253,523,None,Move,development
1568717400.407,-1251,523,None,Move,development
1568717400.415,-1248,524,None,Move,development
1568717400.423,-1245,524,None,Move,development
1568717400.43,-1242,524,None,Move,development
1568717400.438,-1238,524,None,Move,development
1568717400.446,-1234,524,None,Move,development
1568717400.455,-1226,524,None,Move,development
1568717400.4629998,-1220,524,None,Move,development
1568717400.471,-1211,524,None,Move,development
1568717400.479,-1202,524,None,Move,development
1568717400.486,-1195,523,None,Move,development
1568717400.494,-1190,522,None,Move,development
1568717400.502,-1184,521,None,Move,development
1568717400.5110002,-1182,521,None,Move,development
1568717400.519,-1180,520,None,Move,development
1568717400.5270002,-1178,519,None,Move,development
1568717400.535,-1177,519,None,Move,development
1568717400.543,-1176,519,None,Move,development
1568717400.551,-1174,519,None,Move,development
1568717400.559,-1172,519,None,Move,development
1568717400.607,-1172,519,Left,Pressed,development
1568717400.735,-1172,519,Left,Released,development
1568717406.607,-1171,519,None,Move,development
1568717406.615,-1171,525,None,Move,development
1568717406.623,-1175,533,None,Move,development
1568717406.631,-1177,539,None,Move,development
1568717406.64,-1182,546,None,Move,development
1568717406.6479998,-1185,552,None,Move,development
1568717406.656,-1190,558,None,Move,development
1568717406.663,-1193,561,None,Move,development
1568717406.671,-1196,564,None,Move,development
1568717406.679,-1201,569,None,Move,development
1568717406.687,-1210,576,None,Move,development
1568717406.696,-1219,586,None,Move,development
1568717406.704,-1229,596,None,Move,development
1568717406.711,-1239,606,None,Move,development
1568717406.719,-1248,615,None,Move,development
1568717406.7270002,-1255,621,None,Move,development
1568717406.735,-1263,629,None,Move,development
1568717406.7429998,-1269,635,None,Move,development
1568717406.752,-1274,639,None,Move,development
1568717406.76,-1280,642,None,Move,development
1568717406.768,-1283,644,None,Move,development
1568717406.775,-1286,646,None,Move,development
1568717406.783,-1290,647,None,Move,development
1568717406.791,-1294,649,None,Move,development
1568717406.799,-1298,649,None,Move,development
1568717406.8079998,-1303,650,None,Move,development
1568717406.816,-1304,650,None,Move,development
1568717406.824,-1305,650,None,Move,development
1568717406.831,-1306,650,None,Move,development
1568717406.847,-1306,650,None,Move,development
1568717406.855,-1306,649,None,Move,development
1568717406.863,-1306,646,None,Move,development
1568717406.8720002,-1305,639,None,Move,development
1568717406.88,-1301,632,None,Move,development
1568717406.8879998,-1296,623,None,Move,development
1568717406.895,-1291,615,None,Move,development
1568717406.903,-1287,608,None,Move,development
1568717406.911,-1284,603,None,Move,development
1568717406.919,-1283,600,None,Move,development
1568717406.928,-1280,594,None,Move,development
1568717406.936,-1278,590,None,Move,development
1568717406.9429998,-1277,587,None,Move,development
1568717406.951,-1275,584,None,Move,development
1568717406.959,-1273,579,None,Move,development
1568717406.967,-1271,575,None,Move,development
1568717406.975,-1270,568,None,Move,development
1568717406.984,-1269,564,None,Move,development
1568717406.992,-1269,557,None,Move,development
1568717407.0,-1269,550,None,Move,development
1568717407.008,-1269,544,None,Move,development
1568717407.016,-1269,539,None,Move,development
1568717407.024,-1270,531,None,Move,development
1568717407.032,-1271,521,None,Move,development
1568717407.041,-1272,511,None,Move,development
1568717407.049,-1272,497,None,Move,development
1568717407.056,-1272,491,None,Move,development
1568717407.065,-1272,480,None,Move,development
1568717407.073,-1272,476,None,Move,development
1568717407.081,-1273,473,None,Move,development
1568717407.087,-1274,471,None,Move,development
1568717407.096,-1274,470,None,Move,development
1568717407.105,-1276,469,None,Move,development
1568717407.1120002,-1276,468,None,Move,development
1568717407.119,-1278,467,None,Move,development
1568717407.127,-1279,466,None,Move,development
1568717407.135,-1280,465,None,Move,development
1568717407.168,-1280,464,None,Move,development
1568717407.199,-1281,463,None,Move,development
1568717407.208,-1281,463,None,Move,development
1568717407.216,-1282,462,None,Move,development
1568717407.224,-1282,461,None,Move,development
1568717407.231,-1283,461,None,Move,development
1568717407.2389998,-1284,460,None,Move,development
1568717407.2470002,-1285,460,None,Move,development
1568717407.255,-1285,459,None,Move,development
1568717407.2629998,-1287,459,None,Move,development
1568717407.272,-1290,458,None,Move,development
1568717407.28,-1293,458,None,Move,development
1568717407.288,-1295,458,None,Move,development
1568717407.295,-1297,458,None,Move,development
1568717407.303,-1298,458,None,Move,development
1568717407.359,-1299,458,None,Move,development
1568717407.367,-1299,457,None,Move,development
1568717407.377,-1300,456,None,Move,development
1568717407.3839998,-1300,456,None,Move,development
1568717407.3920002,-1300,455,None,Move,development
1568717407.4,-1300,455,None,Move,development
1568717407.416,-1300,454,None,Move,development
1568717407.423,-1300,454,None,Move,development
1568717407.437,-1300,453,None,Move,development
1568717407.4429998,-1300,452,None,Move,development
1568717407.449,-1300,451,None,Move,development
1568717407.464,-1300,451,None,Move,development
1568717407.472,-1300,450,None,Move,development
1568717407.484,-1300,450,None,Move,development
1568717407.49,-1300,449,None,Move,development
1568717407.504,-1300,448,None,Move,development
1568717407.512,-1300,448,None,Move,development
1568717407.519,-1299,447,None,Move,development
1568717407.5270002,-1299,447,None,Move,development
1568717407.535,-1299,446,None,Move,development
1568717407.543,-1299,446,None,Move,development
1568717407.617,-1299,444,None,Move,development
1568717407.6239998,-1299,443,None,Move,development
1568717407.631,-1299,442,None,Move,development
1568717407.639,-1299,441,None,Move,development
1568717407.647,-1299,441,None,Move,development
1568717407.655,-1299,440,None,Move,development
1568717407.664,-1299,440,None,Move,development
1568717407.6720002,-1299,439,None,Move,development
1568717407.687,-1299,438,None,Move,development
1568717407.695,-1299,438,None,Move,development
1568717407.711,-1299,437,None,Move,development
1568717407.72,-1299,437,None,Move,development
1568717407.744,-1299,436,None,Move,development
1568717407.7510002,-1299,436,None,Move,development
1568717407.8079998,-1299,436,Left,Pressed,development
1568717407.871,-1299,436,Left,Released,development
1568717407.936,-1299,436,Left,Pressed,development
1568717408.033,-1299,436,Left,Released,development
1568717408.12,-1300,437,None,Move,development
1568717408.1279998,-1301,444,None,Move,development
1568717408.1379998,-1302,448,None,Move,development
1568717408.158,-1303,460,None,Move,development
1568717408.165,-1304,467,None,Move,development
1568717408.1720002,-1304,473,None,Move,development
1568717408.179,-1304,480,None,Move,development
1568717408.187,-1304,485,None,Move,development
1568717408.194,-1304,492,None,Move,development
1568717408.201,-1304,496,None,Move,development
1568717408.208,-1304,504,None,Move,development
1568717408.215,-1304,509,None,Move,development
1568717408.2229998,-1304,516,None,Move,development
1568717408.232,-1304,520,None,Move,development
1568717408.24,-1303,525,None,Move,development
1568717408.248,-1302,528,None,Move,development
1568717408.2629998,-1301,531,None,Move,development
1568717408.271,-1300,537,None,Move,development
1568717408.279,-1300,538,None,Move,development
1568717408.2870002,-1299,540,None,Move,development
1568717408.296,-1298,541,None,Move,development
1568717408.304,-1298,544,None,Move,development
1568717408.313,-1298,544,None,Move,development
1568717408.327,-1297,545,None,Move,development
1568717408.337,-1297,546,None,Move,development
1568717408.3520002,-1297,547,None,Move,development
1568717408.383,-1296,548,None,Move,development
1568717408.448,-1296,548,None,Move,development
1568717408.528,-1296,549,None,Move,development
1568717408.536,-1295,549,None,Move,development
1568717408.544,-1294,550,None,Move,development
1568717408.552,-1293,550,None,Move,development
1568717408.56,-1292,551,None,Move,development
1568717408.5670002,-1292,551,None,Move,development
1568717408.577,-1290,551,None,Move,development
1568717408.593,-1289,552,None,Move,development
1568717408.609,-1288,552,None,Move,development
1568717408.6160002,-1288,552,None,Move,development
1568717408.623,-1287,553,None,Move,development
1568717408.641,-1285,553,None,Move,development
1568717408.647,-1285,553,None,Move,development
1568717408.657,-1284,553,None,Move,development
1568717408.6620002,-1283,554,None,Move,development
1568717408.671,-1282,554,None,Move,development
1568717408.68,-1282,554,None,Move,development
1568717408.689,-1280,555,None,Move,development
1568717408.697,-1279,556,None,Move,development
1568717408.705,-1278,556,None,Move,development
1568717408.712,-1277,556,None,Move,development
1568717408.721,-1277,556,None,Move,development
1568717408.7270002,-1275,558,None,Move,development
1568717408.736,-1275,558,None,Move,development
1568717408.744,-1274,558,None,Move,development
1568717408.752,-1274,558,None,Move,development
1568717408.76,-1273,558,None,Move,development
1568717408.776,-1273,559,None,Move,development
1568717408.783,-1272,559,None,Move,development
1568717408.791,-1271,559,None,Move,development
1568717408.8,-1271,559,None,Move,development
1568717408.816,-1270,559,None,Move,development
1568717408.832,-1270,560,None,Move,development
1568717408.839,-1269,560,None,Move,development
1568717408.847,-1269,560,None,Move,development
1568717408.855,-1268,560,None,Move,development
1568717408.8720002,-1268,560,None,Move,development
1568717408.8839998,-1267,560,None,Move,development
1568717408.9120002,-1266,560,None,Move,development
1568717409.441,-1263,564,None,Move,development
1568717409.448,-1258,569,None,Move,development
1568717409.46,-1255,572,None,Move,development
1568717409.469,-1252,576,None,Move,development
1568717409.476,-1248,580,None,Move,development
1568717409.484,-1246,583,None,Move,development
1568717409.4910002,-1243,586,None,Move,development
1568717409.4970002,-1243,588,None,Move,development
1568717409.504,-1242,588,None,Move,development
1568717410.161,-1241,588,None,Move,development
1568717410.168,-1238,587,None,Move,development
1568717410.176,-1234,583,None,Move,development
1568717410.185,-1232,583,None,Move,development
1568717410.1920002,-1229,580,None,Move,development
1568717410.199,-1225,578,None,Move,development
1568717410.208,-1219,574,None,Move,development
1568717410.216,-1212,570,None,Move,development
1568717410.225,-1206,567,None,Move,development
1568717410.232,-1201,565,None,Move,development
1568717410.24,-1195,561,None,Move,development
1568717410.248,-1188,556,None,Move,development
1568717410.256,-1182,553,None,Move,development
1568717410.264,-1176,549,None,Move,development
1568717410.272,-1169,545,None,Move,development
1568717410.28,-1166,543,None,Move,development
1568717410.288,-1162,540,None,Move,development
1568717410.296,-1160,539,None,Move,development
1568717410.304,-1158,537,None,Move,development
1568717410.312,-1158,537,None,Move,development
1568717410.336,-1157,536,None,Move,development
1568717410.344,-1156,535,None,Move,development
1568717410.3520002,-1154,532,None,Move,development
1568717410.36,-1153,531,None,Move,development
1568717410.3679998,-1152,529,None,Move,development
1568717410.375,-1151,527,None,Move,development
1568717410.385,-1150,526,None,Move,development
1568717410.4,-1150,525,None,Move,development
1568717410.481,-1149,524,None,Move,development
1568717410.488,-1149,524,None,Move,development
1568717410.5679998,-1149,522,None,Move,development
1568717410.576,-1149,521,None,Move,development
1568717410.584,-1149,521,None,Move,development
1568717410.592,-1150,519,None,Move,development
1568717410.599,-1151,519,None,Move,development
1568717410.6079998,-1153,518,None,Move,development
1568717410.6160002,-1159,517,None,Move,development
1568717410.6239998,-1163,516,None,Move,development
1568717410.6320002,-1171,514,None,Move,development
1568717410.64,-1179,513,None,Move,development
1568717410.6479998,-1188,512,None,Move,development
1568717410.656,-1194,511,None,Move,development
1568717410.664,-1201,509,None,Move,development
1568717410.6720002,-1207,508,None,Move,development
1568717410.68,-1210,508,None,Move,development
1568717410.688,-1211,508,None,Move,development
1568717410.824,-1211,508,None,Move,development
1568717410.832,-1212,508,None,Move,development
1568717410.84,-1212,508,None,Move,development
1568717410.8479998,-1213,508,None,Move,development
1568717410.856,-1214,508,None,Move,development
1568717410.96,-1215,508,None,Move,development
1568717410.968,-1217,508,None,Move,development
1568717410.9770002,-1218,508,None,Move,development
1568717410.984,-1219,508,None,Move,development
1568717410.992,-1221,507,None,Move,development
1568717411.0010002,-1221,507,None,Move,development
1568717411.008,-1222,507,None,Move,development
1568717411.2729998,-1222,506,None,Move,development
1568717411.289,-1222,505,None,Move,development
1568717411.296,-1222,504,None,Move,development
1568717411.304,-1222,504,None,Move,development
1568717411.3839998,-1222,505,None,Move,development
1568717411.394,-1223,508,None,Move,development
1568717411.401,-1225,510,None,Move,development
1568717411.408,-1228,514,None,Move,development
1568717411.416,-1234,519,None,Move,development
1568717411.424,-1236,521,None,Move,development
1568717411.4320002,-1242,525,None,Move,development
1568717411.44,-1248,528,None,Move,development
1568717411.448,-1252,530,None,Move,development
1568717411.456,-1255,531,None,Move,development
1568717411.464,-1258,533,None,Move,development
1568717411.472,-1261,534,None,Move,development
1568717411.48,-1265,535,None,Move,development
1568717411.488,-1267,536,None,Move,development
1568717411.496,-1269,537,None,Move,development
1568717411.504,-1270,538,None,Move,development
1568717411.512,-1273,539,None,Move,development
1568717411.52,-1275,540,None,Move,development
1568717411.528,-1276,541,None,Move,development
1568717411.536,-1278,541,None,Move,development
1568717411.544,-1280,543,None,Move,development
1568717411.552,-1282,543,None,Move,development
1568717411.56,-1284,544,None,Move,development
1568717411.5679998,-1286,544,None,Move,development
1568717411.579,-1288,545,None,Move,development
1568717411.586,-1288,545,None,Move,development
1568717411.592,-1289,545,None,Move,development
1568717411.6,-1290,546,None,Move,development
1568717411.6079998,-1291,546,None,Move,development
1568717411.6160002,-1292,547,None,Move,development
1568717411.627,-1294,547,None,Move,development
1568717411.64,-1295,547,None,Move,development
1568717411.6479998,-1296,547,None,Move,development
1568717411.656,-1296,548,None,Move,development
1568717411.664,-1298,548,None,Move,development
1568717411.68,-1298,548,None,Move,development
1568717411.688,-1299,548,None,Move,development
1568717411.704,-1299,548,None,Move,development
1568717411.7129998,-1300,548,None,Move,development
1568717411.72,-1300,548,None,Move,development
1568717411.736,-1302,548,None,Move,development
1568717411.744,-1303,549,None,Move,development
1568717411.752,-1304,549,None,Move,development
1568717411.76,-1305,549,None,Move,development
1568717411.768,-1306,550,None,Move,development
1568717411.776,-1307,550,None,Move,development
1568717411.784,-1307,550,None,Move,development
1568717411.792,-1309,550,None,Move,development
1568717411.8,-1309,550,None,Move,development
1568717411.8079998,-1310,550,None,Move,development
1568717411.816,-1310,550,None,Move,development
1568717411.824,-1311,550,None,Move,development
1568717411.832,-1311,550,None,Move,development
1568717411.84,-1312,550,None,Move,development
1568717412.496,-1312,550,None,Move,development
1568717412.5129998,-1312,550,None,Move,development
1568717412.721,-1312,549,None,Move,development
1568717412.728,-1312,549,None,Move,development
1568717412.96,-1312,548,None,Move,development
1568717412.968,-1312,547,None,Move,development
1568717412.976,-1312,547,None,Move,development
1568717412.985,-1312,546,None,Move,development
1568717413.0170002,-1311,546,None,Move,development
1568717413.32,-1311,545,None,Move,development
1568717413.3279998,-1311,545,None,Move,development
1568717413.336,-1310,544,None,Move,development
1568717413.353,-1310,543,None,Move,development
1568717413.3920002,-1310,543,None,Move,development
1568717414.016,-1309,542,None,Move,development
1568717414.024,-1309,542,None,Move,development
1568717414.041,-1308,541,None,Move,development
1568717414.2570002,-1308,541,None,Move,development
1568717414.408,-1308,540,None,Move,development
1568717414.416,-1308,539,None,Move,development
1568717414.424,-1307,538,None,Move,development
1568717414.449,-1307,538,None,Move,development
1568717414.9120002,-1307,537,None,Move,development
1568717414.9220002,-1306,537,None,Move,development
1568717414.928,-1306,536,None,Move,development
1568717414.937,-1306,535,None,Move,development
1568717414.969,-1305,535,None,Move,development
1568717414.992,-1305,534,None,Move,development
1568717415.0570002,-1304,534,None,Move,development
1568717415.113,-1304,533,None,Move,development
1568717415.145,-1304,533,None,Move,development
1568717415.177,-1304,532,None,Move,development
1568717415.185,-1303,531,None,Move,development
1568717415.1929998,-1303,531,None,Move,development
1568717415.208,-1302,530,None,Move,development
1568717415.216,-1302,529,None,Move,development
1568717415.225,-1300,528,None,Move,development
1568717415.2329998,-1300,528,None,Move,development
1568717415.2410002,-1298,527,None,Move,development
1568717415.25,-1297,527,None,Move,development
1568717415.2570002,-1296,525,None,Move,development
1568717415.265,-1293,524,None,Move,development
1568717415.2729998,-1292,524,None,Move,development
1568717415.281,-1289,522,None,Move,development
1568717415.289,-1286,520,None,Move,development
1568717415.2970002,-1281,519,None,Move,development
1568717415.305,-1277,517,None,Move,development
1568717415.312,-1271,515,None,Move,development
1568717415.32,-1265,512,None,Move,development
1568717415.3279998,-1256,508,None,Move,development
1568717415.336,-1244,503,None,Move,development
1568717415.345,-1233,495,None,Move,development
1568717415.353,-1217,482,None,Move,development
1568717415.361,-1204,470,None,Move,development
1568717415.369,-1193,457,None,Move,development
1568717415.3760002,-1177,439,None,Move,development
1568717415.3839998,-1165,425,None,Move,development
1568717415.3920002,-1154,413,None,Move,development
1568717415.401,-1146,403,None,Move,development
1568717415.409,-1134,389,None,Move,development
1568717415.417,-1128,381,None,Move,development
1568717415.424,-1122,374,None,Move,development
1568717415.4320002,-1116,368,None,Move,development
1568717415.44,-1112,363,None,Move,development
1568717415.448,-1110,361,None,Move,development
1568717415.457,-1109,359,None,Move,development
1568717415.705,-1108,359,None,Move,development
1568717415.731,-1108,359,None,Move,development
1568717415.7389998,-1108,360,None,Move,development
1568717415.7470002,-1108,361,None,Move,development
1568717415.755,-1108,361,None,Move,development
1568717415.771,-1108,362,None,Move,development
1568717415.971,-1107,362,None,Move,development
1568717415.979,-1106,362,None,Move,development
1568717415.995,-1105,362,None,Move,development
1568717416.0029998,-1104,362,None,Move,development
1568717416.01,-1102,362,None,Move,development
1568717416.018,-1100,362,None,Move,development
1568717416.0270002,-1096,362,None,Move,development
1568717416.035,-1093,362,None,Move,development
1568717416.043,-1090,362,None,Move,development
1568717416.051,-1086,362,None,Move,development
1568717416.0579998,-1079,361,None,Move,development
1568717416.066,-1075,360,None,Move,development
1568717416.074,-1068,359,None,Move,development
1568717416.084,-1061,357,None,Move,development
1568717416.099,-1056,356,None,Move,development
1568717416.107,-1052,353,None,Move,development
1568717416.115,-1049,352,None,Move,development
1568717416.1220002,-1048,351,None,Move,development
1568717416.13,-1047,350,None,Move,development
1568717416.14,-1043,347,None,Move,development
1568717416.155,-1041,346,None,Move,development
1568717416.163,-1037,343,None,Move,development
1568717416.171,-1035,342,None,Move,development
1568717416.178,-1034,340,None,Move,development
1568717416.186,-1032,339,None,Move,development
1568717416.194,-1029,337,None,Move,development
1568717416.2029998,-1026,336,None,Move,development
1568717416.211,-1023,334,None,Move,development
1568717416.219,-1021,332,None,Move,development
1568717416.228,-1018,330,None,Move,development
1568717416.235,-1017,328,None,Move,development
1568717416.242,-1015,327,None,Move,development
1568717416.25,-1014,326,None,Move,development
1568717416.2589998,-1013,324,None,Move,development
1568717416.2670002,-1013,324,None,Move,development
1568717416.276,-1013,322,None,Move,development
1568717416.284,-1013,322,None,Move,development
1568717416.298,-1012,321,None,Move,development
1568717416.312,-1011,320,None,Move,development
1568717416.3179998,-1011,319,None,Move,development
1568717416.323,-1011,318,None,Move,development
1568717416.331,-1011,317,None,Move,development
1568717416.339,-1011,316,None,Move,development
1568717416.346,-1014,312,None,Move,development
1568717416.354,-1019,310,None,Move,development
1568717416.3620002,-1026,307,None,Move,development
1568717416.371,-1032,304,None,Move,development
1568717416.379,-1040,302,None,Move,development
1568717416.387,-1050,300,None,Move,development
1568717416.395,-1061,297,None,Move,development
1568717416.405,-1069,295,None,Move,development
1568717416.411,-1079,294,None,Move,development
1568717416.418,-1088,292,None,Move,development
1568717416.427,-1099,291,None,Move,development
1568717416.435,-1112,288,None,Move,development
1568717416.4429998,-1123,286,None,Move,development
1568717416.452,-1134,285,None,Move,development
1568717416.458,-1145,283,None,Move,development
1568717416.466,-1157,282,None,Move,development
1568717416.474,-1169,282,None,Move,development
1568717416.4829998,-1181,281,None,Move,development
1568717416.4910002,-1193,281,None,Move,development
1568717416.4989998,-1201,281,None,Move,development
1568717416.5070002,-1210,281,None,Move,development
1568717416.515,-1214,281,None,Move,development
1568717416.522,-1221,281,None,Move,development
1568717416.531,-1225,281,None,Move,development
1568717416.539,-1227,281,None,Move,development
1568717416.5470002,-1230,281,None,Move,development
1568717416.555,-1232,283,None,Move,development
1568717416.563,-1235,284,None,Move,development
1568717416.571,-1237,285,None,Move,development
1568717416.5779998,-1239,285,None,Move,development
1568717416.586,-1241,286,None,Move,development
1568717416.596,-1243,286,None,Move,development
1568717416.603,-1246,286,None,Move,development
1568717416.613,-1249,287,None,Move,development
1568717416.621,-1252,287,None,Move,development
1568717416.6279998,-1254,288,None,Move,development
1568717416.6360002,-1258,288,None,Move,development
1568717416.644,-1259,289,None,Move,development
1568717416.6520002,-1261,289,None,Move,development
1568717416.66,-1263,289,None,Move,development
1568717416.668,-1266,289,None,Move,development
1568717416.676,-1267,290,None,Move,development
1568717416.684,-1268,290,None,Move,development
1568717416.69,-1269,290,None,Move,development
1568717416.701,-1269,290,None,Move,development
1568717416.708,-1270,290,None,Move,development
1568717416.8179998,-1270,290,Left,Pressed,development
1568717416.8839998,-1270,290,Left,Released,development
1568717416.939,-1270,290,None,Move,development
1568717416.947,-1269,290,None,Move,development
1568717416.956,-1267,291,None,Move,development
1568717416.964,-1260,294,None,Move,development
1568717416.972,-1254,296,None,Move,development
1568717416.979,-1248,297,None,Move,development
1568717416.9870002,-1241,298,None,Move,development
1568717416.995,-1236,299,None,Move,development
1568717417.0029998,-1230,300,None,Move,development
1568717417.0110002,-1227,301,None,Move,development
1568717417.019,-1226,301,None,Move,development
1568717417.034,-1225,301,None,Move,development
1568717417.092,-1224,301,None,Move,development
1568717417.099,-1222,301,None,Move,development
1568717417.1160002,-1219,302,None,Move,development
1568717417.123,-1207,303,None,Move,development
1568717417.1320002,-1201,303,None,Move,development
1568717417.14,-1191,304,None,Move,development
1568717417.147,-1180,305,None,Move,development
1568717417.164,-1168,306,None,Move,development
1568717417.1720002,-1126,309,None,Move,development
1568717417.181,-1093,309,None,Move,development
1568717417.196,-1023,311,None,Move,development
1568717417.2029998,-996,311,None,Move,development
1568717417.212,-966,311,None,Move,development
1568717417.22,-951,311,None,Move,development
1568717417.2270002,-936,312,None,Move,development
1568717417.236,-922,312,None,Move,development
1568717417.242,-910,312,None,Move,development
1568717417.252,-903,312,None,Move,development
1568717417.26,-896,313,None,Move,development
1568717417.2670002,-894,313,None,Move,development
1568717417.275,-892,313,None,Move,development
1568717417.292,-891,313,None,Move,development
1568717417.3,-890,313,None,Move,development
1568717417.3079998,-889,313,None,Move,development
1568717417.316,-888,313,None,Move,development
1568717417.323,-887,313,None,Move,development
1568717417.339,-886,313,None,Move,development
1568717417.347,-885,313,None,Move,development
1568717417.355,-882,313,None,Move,development
1568717417.363,-879,313,None,Move,development
1568717417.371,-873,313,None,Move,development
1568717417.379,-868,313,None,Move,development
1568717417.3860002,-862,313,None,Move,development
1568717417.396,-857,313,None,Move,development
1568717417.403,-853,313,None,Move,development
1568717417.4120002,-849,313,None,Move,development
1568717417.419,-847,313,None,Move,development
1568717417.427,-844,313,None,Move,development
1568717417.434,-841,313,None,Move,development
1568717417.4420002,-840,313,None,Move,development
1568717417.45,-837,314,None,Move,development
1568717417.459,-832,314,None,Move,development
1568717417.467,-826,314,None,Move,development
1568717417.475,-819,314,None,Move,development
1568717417.4829998,-815,314,None,Move,development
1568717417.49,-808,314,None,Move,development
1568717417.498,-805,314,None,Move,development
1568717417.5070002,-800,313,None,Move,development
1568717417.515,-792,312,None,Move,development
1568717417.5229998,-785,312,None,Move,development
1568717417.531,-777,311,None,Move,development
1568717417.551,-769,311,None,Move,development
1568717417.5579998,-743,311,None,Move,development
1568717417.5670002,-738,311,None,Move,development
1568717417.575,-730,311,None,Move,development
1568717417.583,-724,311,None,Move,development
1568717417.591,-721,310,None,Move,development
1568717417.599,-719,309,None,Move,development
1568717417.615,-715,308,None,Move,development
1568717417.623,-710,306,None,Move,development
1568717417.631,-709,306,None,Move,development
1568717417.639,-707,305,None,Move,development
1568717417.647,-705,304,None,Move,development
1568717417.655,-704,304,None,Move,development
1568717417.664,-702,304,None,Move,development
1568717417.671,-701,303,None,Move,development
1568717417.679,-701,303,None,Move,development
1568717417.687,-699,302,None,Move,development
1568717417.7029998,-699,302,None,Move,development
1568717417.716,-698,302,None,Move,development
1568717417.722,-698,302,None,Move,development
1568717417.7270002,-697,301,None,Move,development
1568717417.7429998,-697,301,None,Move,development
1568717417.7510002,-696,301,None,Move,development
1568717417.7589998,-695,300,None,Move,development
1568717417.7670002,-694,300,None,Move,development
1568717417.775,-694,299,None,Move,development
1568717417.782,-693,298,None,Move,development
1568717417.791,-692,298,None,Move,development
1568717417.799,-692,298,None,Move,development
1568717417.855,-692,298,Left,Pressed,development
1568717417.928,-692,298,Left,Released,development
1568717418.0,-692,298,Left,Pressed,development
1568717418.07,-692,298,Left,Released,development
1568717418.272,-691,298,None,Move,development
1568717418.28,-692,303,None,Move,development
1568717418.288,-700,313,None,Move,development
1568717418.3070002,-729,350,None,Move,development
1568717418.32,-762,388,None,Move,development
1568717418.327,-773,401,None,Move,development
1568717418.357,-782,408,None,Move,development
1568717418.373,-826,449,None,Move,development
1568717418.38,-833,454,None,Move,development
1568717418.385,-836,456,None,Move,development
1568717418.391,-839,460,None,Move,development
1568717418.397,-843,462,None,Move,development
1568717418.405,-846,465,None,Move,development
1568717418.4120002,-849,467,None,Move,development
1568717418.421,-853,468,None,Move,development
1568717418.429,-857,470,None,Move,development
1568717418.437,-859,471,None,Move,development
1568717418.445,-862,471,None,Move,development
1568717418.4529998,-865,471,None,Move,development
1568717418.462,-867,472,None,Move,development
1568717418.469,-868,472,None,Move,development
1568717418.476,-869,472,None,Move,development
1568717418.4970002,-871,472,None,Move,development
1568717418.505,-873,472,None,Move,development
1568717418.5129998,-875,472,None,Move,development
1568717418.521,-878,472,None,Move,development
1568717418.528,-883,472,None,Move,development
1568717418.5370002,-887,472,None,Move,development
1568717418.545,-895,472,None,Move,development
1568717418.553,-903,472,None,Move,development
1568717418.561,-910,472,None,Move,development
1568717418.569,-917,472,None,Move,development
1568717418.577,-925,472,None,Move,development
1568717418.584,-935,472,None,Move,development
1568717418.593,-944,472,None,Move,development
1568717418.601,-955,472,None,Move,development
1568717418.609,-970,472,None,Move,development
1568717418.617,-980,472,None,Move,development
1568717418.625,-993,472,None,Move,development
1568717418.633,-1007,472,None,Move,development
1568717418.64,-1021,472,None,Move,development
1568717418.649,-1033,472,None,Move,development
1568717418.657,-1045,472,None,Move,development
1568717418.665,-1054,472,None,Move,development
1568717418.673,-1062,472,None,Move,development
1568717418.681,-1070,472,None,Move,development
1568717418.689,-1080,472,None,Move,development
1568717418.697,-1087,472,None,Move,development
1568717418.705,-1092,472,None,Move,development
1568717418.7129998,-1098,471,None,Move,development
1568717418.721,-1101,471,None,Move,development
1568717418.729,-1103,471,None,Move,development
1568717418.7370002,-1103,471,None,Move,development
1568717418.7529998,-1104,471,None,Move,development
1568717418.794,-1105,471,None,Move,development
1568717418.801,-1105,471,None,Move,development
1568717418.809,-1106,470,None,Move,development
1568717418.8170002,-1107,470,None,Move,development
1568717418.825,-1108,470,None,Move,development
1568717418.833,-1109,470,None,Move,development
1568717418.849,-1109,470,None,Move,development
1568717418.905,-1110,470,None,Move,development
1568717418.921,-1111,469,None,Move,development
1568717418.928,-1112,468,None,Move,development
1568717418.937,-1113,468,None,Move,development
1568717418.945,-1115,467,None,Move,development
1568717418.9529998,-1117,466,None,Move,development
1568717418.961,-1119,466,None,Move,development
1568717418.969,-1123,465,None,Move,development
1568717418.9770002,-1127,465,None,Move,development
1568717418.984,-1132,464,None,Move,development
1568717418.9929998,-1139,463,None,Move,development
1568717419.002,-1146,462,None,Move,development
1568717419.01,-1153,461,None,Move,development
1568717419.0170002,-1160,461,None,Move,development
1568717419.025,-1168,460,None,Move,development
1568717419.033,-1175,460,None,Move,development
1568717419.041,-1180,460,None,Move,development
1568717419.049,-1190,459,None,Move,development
1568717419.0570002,-1199,459,None,Move,development
1568717419.065,-1206,459,None,Move,development
1568717419.073,-1212,459,None,Move,development
1568717419.081,-1218,458,None,Move,development
1568717419.089,-1221,458,None,Move,development
1568717419.096,-1224,458,None,Move,development
1568717419.105,-1227,458,None,Move,development
1568717419.113,-1230,458,None,Move,development
1568717419.121,-1233,458,None,Move,development
1568717419.129,-1236,458,None,Move,development
1568717419.137,-1239,458,None,Move,development
1568717419.145,-1242,458,None,Move,development
1568717419.153,-1246,458,None,Move,development
1568717419.161,-1248,458,None,Move,development
1568717419.169,-1251,458,None,Move,development
1568717419.177,-1254,458,None,Move,development
1568717419.185,-1257,459,None,Move,development
1568717419.1929998,-1260,459,None,Move,development
1568717419.201,-1262,460,None,Move,development
1568717419.208,-1264,460,None,Move,development
1568717419.218,-1265,461,None,Move,development
1568717419.226,-1266,461,None,Move,development
1568717419.232,-1266,462,None,Move,development
1568717419.242,-1267,462,None,Move,development
1568717419.2489998,-1268,462,None,Move,development
1568717419.2570002,-1268,463,None,Move,development
1568717419.265,-1269,463,None,Move,development
1568717420.793,-1269,463,None,Move,development
1568717420.801,-1266,459,None,Move,development
1568717420.809,-1262,456,None,Move,development
1568717420.8170002,-1261,454,None,Move,development
1568717420.825,-1260,454,None,Move,development
1568717420.833,-1258,452,None,Move,development
1568717420.841,-1257,452,None,Move,development
1568717420.849,-1255,450,None,Move,development
1568717420.857,-1254,449,None,Move,development
1568717420.865,-1253,449,None,Move,development
1568717420.873,-1251,447,None,Move,development
1568717420.881,-1250,447,None,Move,development
1568717420.889,-1248,446,None,Move,development
1568717420.897,-1245,444,None,Move,development
1568717420.906,-1244,444,None,Move,development
1568717420.913,-1241,443,None,Move,development
1568717420.921,-1240,442,None,Move,development
1568717420.929,-1237,441,None,Move,development
1568717420.938,-1235,440,None,Move,development
1568717420.945,-1233,439,None,Move,development
1568717420.9529998,-1232,439,None,Move,development
1568717420.961,-1230,438,None,Move,development
1568717420.969,-1229,437,None,Move,development
1568717420.9770002,-1226,436,None,Move,development
1568717420.985,-1221,435,None,Move,development
1568717420.9929998,-1219,434,None,Move,development
1568717421.0010002,-1215,434,None,Move,development
1568717421.0089998,-1212,433,None,Move,development
1568717421.0170002,-1210,432,None,Move,development
1568717421.025,-1208,432,None,Move,development
1568717421.033,-1207,432,None,Move,development
1568717421.041,-1206,432,None,Move,development
1568717421.049,-1205,432,None,Move,development
1568717421.0579998,-1203,432,None,Move,development
1568717421.065,-1202,432,None,Move,development
1568717421.073,-1199,431,None,Move,development
1568717421.081,-1197,431,None,Move,development
1568717421.089,-1194,430,None,Move,development
1568717421.097,-1192,430,None,Move,development
1568717421.105,-1189,430,None,Move,development
1568717421.115,-1187,430,None,Move,development
1568717421.121,-1184,430,None,Move,development
1568717421.129,-1182,430,None,Move,development
1568717421.137,-1182,430,None,Move,development
1568717421.178,-1181,430,None,Move,development
1568717421.1929998,-1180,430,None,Move,development
1568717421.201,-1179,430,None,Move,development
1568717421.209,-1177,430,None,Move,development
1568717421.217,-1176,430,None,Move,development
1568717421.2270002,-1175,430,None,Move,development
1568717421.232,-1174,430,None,Move,development
1568717421.242,-1173,430,None,Move,development
1568717421.25,-1172,430,None,Move,development
1568717421.305,-1172,430,Left,Pressed,development
1568717421.394,-1172,430,Left,Released,development
1568717423.811,-1170,430,None,Move,development
1568717423.8179998,-1164,430,None,Move,development
1568717423.826,-1158,429,None,Move,development
1568717423.834,-1147,424,None,Move,development
1568717423.842,-1135,421,None,Move,development
1568717423.85,-1113,414,None,Move,development
1568717423.8579998,-1089,410,None,Move,development
1568717423.8660002,-1063,405,None,Move,development
1568717423.8760002,-1048,403,None,Move,development
1568717423.8820002,-1038,403,None,Move,development
1568717423.889,-1034,403,None,Move,development
1568717423.8979998,-1033,403,None,Move,development
1568717423.906,-1032,403,None,Move,development
1568717424.0089998,-1032,403,None,Move,development
1568717424.018,-1032,404,None,Move,development
1568717424.031,-1032,407,None,Move,development
1568717424.036,-1034,411,None,Move,development
1568717424.05,-1035,412,None,Move,development
1568717424.055,-1035,413,None,Move,development
1568717424.062,-1035,414,None,Move,development
1568717424.0679998,-1035,415,None,Move,development
1568717424.074,-1035,416,None,Move,development
1568717424.082,-1035,416,None,Move,development
1568717424.0979998,-1035,417,None,Move,development
1568717424.105,-1035,417,None,Move,development
1568717425.0979998,-1035,417,None,Move,development
1568717425.106,-1034,416,None,Move,development
1568717425.1139998,-1034,415,None,Move,development
1568717425.1220002,-1034,414,None,Move,development
1568717425.13,-1034,413,None,Move,development
1568717425.137,-1034,413,None,Move,development
1568717425.145,-1033,412,None,Move,development
1568717425.1620002,-1032,411,None,Move,development
1568717425.17,-1032,410,None,Move,development
1568717425.178,-1032,410,None,Move,development
1568717425.186,-1031,409,None,Move,development
1568717426.795,-1032,409,None,Move,development
1568717426.803,-1037,411,None,Move,development
1568717426.811,-1041,412,None,Move,development
1568717426.819,-1044,413,None,Move,development
1568717426.827,-1045,413,None,Move,development
1568717426.834,-1047,414,None,Move,development
1568717426.842,-1048,414,None,Move,development
1568717426.85,-1051,415,None,Move,development
1568717426.8579998,-1055,416,None,Move,development
1568717426.865,-1059,417,None,Move,development
1568717426.8739998,-1062,418,None,Move,development
1568717426.8820002,-1065,418,None,Move,development
1568717426.89,-1071,419,None,Move,development
1568717426.8979998,-1073,420,None,Move,development
1568717426.906,-1076,420,None,Move,development
1568717426.914,-1078,421,None,Move,development
1568717426.9220002,-1079,421,None,Move,development
1568717426.93,-1081,421,None,Move,development
1568717426.938,-1084,421,None,Move,development
1568717426.946,-1087,422,None,Move,development
1568717426.954,-1090,422,None,Move,development
1568717426.962,-1093,422,None,Move,development
1568717426.97,-1096,422,None,Move,development
1568717426.978,-1101,422,None,Move,development
1568717426.986,-1105,422,None,Move,development
1568717426.994,-1110,422,None,Move,development
1568717427.002,-1114,421,None,Move,development
1568717427.01,-1117,419,None,Move,development
1568717427.018,-1120,418,None,Move,development
1568717427.026,-1123,417,None,Move,development
1568717427.034,-1127,414,None,Move,development
1568717427.0470002,-1130,412,None,Move,development
1568717427.053,-1135,408,None,Move,development
1568717427.059,-1137,406,None,Move,development
1568717427.066,-1139,404,None,Move,development
1568717427.074,-1141,403,None,Move,development
1568717427.082,-1141,402,None,Move,development
1568717427.09,-1143,401,None,Move,development
1568717427.106,-1143,401,None,Move,development
1568717428.779,-1143,401,None,Move,development
1568717428.7870002,-1143,397,None,Move,development
1568717428.795,-1141,394,None,Move,development
1568717428.803,-1140,392,None,Move,development
1568717428.81,-1139,391,None,Move,development
1568717428.819,-1136,388,None,Move,development
1568717428.827,-1133,386,None,Move,development
1568717428.834,-1129,384,None,Move,development
1568717428.842,-1126,382,None,Move,development
1568717428.85,-1121,380,None,Move,development
1568717428.8579998,-1118,378,None,Move,development
1568717428.8660002,-1113,376,None,Move,development
1568717428.8739998,-1108,374,None,Move,development
1568717428.8820002,-1104,372,None,Move,development
1568717428.89,-1099,370,None,Move,development
1568717428.8979998,-1091,367,None,Move,development
1568717428.906,-1086,366,None,Move,development
1568717428.914,-1076,363,None,Move,development
1568717428.9220002,-1063,360,None,Move,development
1568717428.931,-1049,356,None,Move,development
1568717428.94,-1037,354,None,Move,development
1568717428.946,-1024,352,None,Move,development
1568717428.954,-1011,350,None,Move,development
1568717428.962,-998,347,None,Move,development
1568717428.971,-983,346,None,Move,development
1568717428.978,-968,344,None,Move,development
1568717428.988,-949,343,None,Move,development
1568717428.995,-935,340,None,Move,development
1568717429.002,-923,338,None,Move,development
1568717429.01,-910,335,None,Move,development
1568717429.018,-897,333,None,Move,development
1568717429.026,-884,329,None,Move,development
1568717429.034,-870,326,None,Move,development
1568717429.044,-857,324,None,Move,development
1568717429.0579998,-846,321,None,Move,development
1568717429.0670002,-834,319,None,Move,development
1568717429.074,-819,317,None,Move,development
1568717429.079,-807,316,None,Move,development
1568717429.085,-795,314,None,Move,development
1568717429.091,-783,312,None,Move,development
1568717429.099,-769,310,None,Move,development
1568717429.106,-759,308,None,Move,development
1568717429.1139998,-750,307,None,Move,development
1568717429.1220002,-742,306,None,Move,development
1568717429.13,-734,304,None,Move,development
1568717429.1379998,-730,303,None,Move,development
1568717429.146,-727,302,None,Move,development
1568717429.154,-725,302,None,Move,development
1568717429.164,-722,302,None,Move,development
1568717429.17,-719,302,None,Move,development
1568717429.178,-715,301,None,Move,development
1568717429.186,-711,301,None,Move,development
1568717429.194,-707,301,None,Move,development
1568717429.202,-699,300,None,Move,development
1568717429.21,-693,300,None,Move,development
1568717429.219,-682,298,None,Move,development
1568717429.226,-673,296,None,Move,development
1568717429.234,-665,295,None,Move,development
1568717429.242,-654,293,None,Move,development
1568717429.25,-643,293,None,Move,development
1568717429.258,-632,290,None,Move,development
1568717429.266,-621,289,None,Move,development
1568717429.275,-609,287,None,Move,development
1568717429.282,-602,286,None,Move,development
1568717429.29,-593,284,None,Move,development
1568717429.298,-585,282,None,Move,development
1568717429.306,-579,280,None,Move,development
1568717429.314,-573,279,None,Move,development
1568717429.322,-570,278,None,Move,development
1568717429.331,-568,278,None,Move,development
1568717429.3379998,-567,277,None,Move,development
1568717429.346,-566,277,None,Move,development
1568717429.354,-566,277,None,Move,development
1568717429.363,-564,277,None,Move,development
1568717429.37,-564,276,None,Move,development
1568717429.3779998,-563,276,None,Move,development
1568717429.387,-561,275,None,Move,development
1568717429.394,-561,275,None,Move,development
1568717429.4020002,-559,275,None,Move,development
1568717429.41,-559,274,None,Move,development
1568717429.418,-558,274,None,Move,development
1568717429.546,-558,274,None,Move,development
1568717429.554,-558,274,None,Move,development
1568717429.563,-560,274,None,Move,development
1568717429.57,-562,274,None,Move,development
1568717429.5779998,-564,274,None,Move,development
1568717429.586,-567,274,None,Move,development
1568717429.594,-570,274,None,Move,development
1568717429.6020002,-574,274,None,Move,development
1568717429.61,-578,274,None,Move,development
1568717429.619,-581,274,None,Move,development
1568717429.6260002,-582,274,None,Move,development
1568717429.6339998,-583,274,None,Move,development
1568717429.732,-584,275,None,Move,development
1568717430.0579998,-584,275,Left,Pressed,development
1568717430.0979998,-584,275,Left,Released,development
1568717430.171,-584,275,Left,Pressed,development
1568717430.2670002,-584,275,Left,Released,development
1568717430.354,-584,275,None,Move,development
1568717430.3620002,-583,275,None,Move,development
1568717430.37,-581,277,None,Move,development
1568717430.379,-576,280,None,Move,development
1568717430.387,-570,283,None,Move,development
1568717430.408,-557,289,None,Move,development
1568717430.416,-550,292,None,Move,development
1568717430.424,-544,295,None,Move,development
1568717430.431,-538,296,None,Move,development
1568717430.437,-534,297,None,Move,development
1568717430.444,-532,298,None,Move,development
1568717430.451,-529,299,None,Move,development
1568717430.458,-529,299,None,Move,development
1568717430.466,-528,299,None,Move,development
1568717430.617,-528,300,None,Move,development
1568717430.625,-528,300,None,Move,development
1568717430.6320002,-530,300,None,Move,development
1568717430.641,-532,300,None,Move,development
1568717430.6479998,-536,300,None,Move,development
1568717430.656,-540,300,None,Move,development
1568717430.665,-544,300,None,Move,development
1568717430.674,-550,300,None,Move,development
1568717430.688,-556,299,None,Move,development
1568717430.696,-559,299,None,Move,development
1568717430.704,-562,298,None,Move,development
1568717430.712,-563,298,None,Move,development
1568717430.722,-564,298,None,Move,development
1568717430.729,-565,298,None,Move,development
1568717430.7610002,-565,298,None,Move,development
1568717430.792,-567,298,None,Move,development
1568717430.8,-569,297,None,Move,development
1568717430.8079998,-571,297,None,Move,development
1568717430.8279998,-571,297,None,Move,development
1568717430.851,-576,296,None,Move,development
1568717430.8579998,-581,296,None,Move,development
1568717430.8660002,-584,295,None,Move,development
1568717430.8739998,-585,294,None,Move,development
1568717430.8820002,-586,294,None,Move,development
1568717430.8920002,-587,294,None,Move,development
1568717430.899,-587,294,None,Move,development
1568717430.908,-588,294,None,Move,development
1568717430.914,-588,294,None,Move,development
1568717430.9220002,-589,294,None,Move,development
1568717430.93,-590,294,None,Move,development
1568717430.948,-591,294,None,Move,development
1568717430.971,-591,293,None,Move,development
1568717430.9870002,-592,293,None,Move,development
1568717431.0029998,-593,292,None,Move,development
1568717431.0110002,-595,292,None,Move,development
1568717431.019,-596,292,None,Move,development
1568717431.0270002,-597,291,None,Move,development
1568717431.034,-598,290,None,Move,development
1568717431.0570002,-599,290,None,Move,development
1568717431.064,-600,290,None,Move,development
1568717431.115,-601,290,None,Move,development
1568717431.123,-601,290,None,Move,development
1568717431.139,-602,289,None,Move,development
1568717431.146,-603,289,None,Move,development
1568717431.154,-603,289,None,Move,development
1568717431.17,-604,289,None,Move,development
1568717431.482,-606,288,None,Move,development
1568717431.4910002,-607,287,None,Move,development
1568717431.498,-608,287,None,Move,development
1568717431.506,-609,287,None,Move,development
1568717431.514,-610,285,None,Move,development
1568717431.524,-611,285,None,Move,development
1568717431.531,-612,284,None,Move,development
1568717431.539,-613,284,None,Move,development
1568717431.5470002,-614,283,None,Move,development
1568717431.555,-615,283,None,Move,development
1568717431.562,-616,283,None,Move,development
1568717431.6260002,-617,282,None,Move,development
1568717431.635,-617,281,None,Move,development
1568717431.643,-618,281,None,Move,development
1568717431.659,-618,280,None,Move,development
1568717431.85,-618,280,Left,Pressed,development
1568717431.8920002,-618,280,Left,Released,development
1568717431.971,-618,280,Left,Pressed,development
1568717432.019,-618,280,Left,Released,development
1568717432.1079998,-616,278,None,Move,development
1568717432.1160002,-608,274,None,Move,development
1568717432.1260002,-597,270,None,Move,development
1568717432.133,-586,264,None,Move,development
1568717432.1379998,-575,260,None,Move,development
1568717432.147,-561,255,None,Move,development
1568717432.155,-546,249,None,Move,development
1568717432.163,-535,243,None,Move,development
1568717432.171,-526,237,None,Move,development
1568717432.187,-520,233,None,Move,development
1568717432.2,-516,231,None,Move,development
1568717434.018,-517,231,None,Move,development
1568717434.0270002,-519,230,None,Move,development
1568717434.035,-520,230,None,Move,development
1568717434.043,-522,230,None,Move,development
1568717434.05,-525,229,None,Move,development
1568717434.059,-528,228,None,Move,development
1568717434.0670002,-532,227,None,Move,development
1568717434.075,-533,227,None,Move,development
1568717434.083,-535,226,None,Move,development
1568717434.092,-536,225,None,Move,development
1568717434.188,-536,225,None,Move,development
1568717434.196,-538,225,None,Move,development
1568717434.2029998,-540,226,None,Move,development
1568717434.211,-544,230,None,Move,development
1568717434.219,-546,231,None,Move,development
1568717434.2270002,-551,234,None,Move,development
1568717434.235,-555,236,None,Move,development
1568717434.2429998,-560,239,None,Move,development
1568717434.2510002,-564,240,None,Move,development
1568717434.2589998,-570,243,None,Move,development
1568717434.2670002,-580,249,None,Move,development
1568717434.275,-591,254,None,Move,development
1568717434.282,-602,259,None,Move,development
1568717434.291,-615,266,None,Move,development
1568717434.299,-629,271,None,Move,development
1568717434.3079998,-640,275,None,Move,development
1568717434.316,-650,279,None,Move,development
1568717434.324,-661,283,None,Move,development
1568717434.332,-669,286,None,Move,development
1568717434.339,-677,287,None,Move,development
1568717434.347,-684,288,None,Move,development
1568717434.355,-690,288,None,Move,development
1568717434.363,-693,288,None,Move,development
1568717434.371,-695,288,None,Move,development
1568717434.4120002,-695,288,Left,Pressed,development
1568717434.475,-695,288,Left,Released,development
1568717434.651,-696,289,None,Move,development
1568717434.659,-700,292,None,Move,development
1568717434.668,-707,296,None,Move,development
1568717434.676,-716,302,None,Move,development
1568717434.684,-727,311,None,Move,development
1568717434.691,-737,320,None,Move,development
1568717434.699,-749,331,None,Move,development
1568717434.707,-758,341,None,Move,development
1568717434.715,-768,351,None,Move,development
1568717434.7229998,-777,363,None,Move,development
1568717434.738,-786,373,None,Move,development
1568717434.8070002,-794,383,None,Move,development
1568717434.94,-805,396,None,Move,development
1568717434.951,-818,413,None,Move,development
1568717435.012,-830,428,None,Move,development
1568717435.02,-838,436,None,Move,development
1568717435.045,-847,444,None,Move,development
1568717435.0570002,-854,452,None,Move,development
1568717435.0679998,-860,459,None,Move,development
1568717435.08,-866,467,None,Move,development
1568717435.09,-873,474,None,Move,development
1568717435.0979998,-880,482,None,Move,development
1568717435.105,-885,487,None,Move,development
1568717435.115,-891,492,None,Move,development
1568717435.123,-896,497,None,Move,development
1568717435.131,-912,507,None,Move,development
1568717435.141,-941,518,None,Move,development
1568717435.155,-1063,553,None,Move,development
1568717435.166,-1083,562,None,Move,development
1568717435.175,-1100,568,None,Move,development
1568717435.1829998,-1113,574,None,Move,development
1568717435.191,-1122,578,None,Move,development
1568717435.2,-1129,581,None,Move,development
1568717435.208,-1135,583,None,Move,development
1568717435.217,-1137,584,None,Move,development
1568717435.226,-1138,584,None,Move,development
1568717435.235,-1139,584,None,Move,development
1568717435.2429998,-1140,584,None,Move,development
1568717435.2510002,-1140,584,None,Move,development
1568717435.2589998,-1141,582,None,Move,development
1568717435.268,-1141,579,None,Move,development
1568717435.275,-1143,573,None,Move,development
1568717435.283,-1145,563,None,Move,development
1568717435.291,-1148,549,None,Move,development
1568717435.299,-1153,535,None,Move,development
1568717435.3070002,-1155,522,None,Move,development
1568717435.315,-1156,512,None,Move,development
1568717435.524,-1157,512,None,Move,development
1568717435.5370002,-1158,512,None,Move,development
1568717435.5570002,-1160,514,None,Move,development
1568717435.577,-1160,523,None,Move,development
1568717435.586,-1160,530,None,Move,development
1568717435.596,-1160,534,None,Move,development
1568717435.6020002,-1160,534,None,Move,development
1568717435.6120002,-1160,535,None,Move,development
1568717436.139,-1160,535,None,Move,development
1568717436.147,-1160,535,None,Move,development
1568717436.156,-1160,534,None,Move,development
1568717436.163,-1160,533,None,Move,development
1568717436.179,-1160,532,None,Move,development
1568717436.204,-1160,531,None,Move,development
1568717436.22,-1159,531,None,Move,development
1568717436.347,-1158,529,None,Move,development
1568717436.404,-1158,529,None,Move,development
1568717437.131,-1158,529,None,Move,development
1568717437.596,-1158,529,None,Move,development
1568717437.604,-1163,529,None,Move,development
1568717437.6120002,-1169,529,None,Move,development
1568717437.619,-1174,529,None,Move,development
1568717437.627,-1178,529,None,Move,development
1568717437.635,-1179,529,None,Move,development
1568717437.643,-1183,529,None,Move,development
1568717437.651,-1189,529,None,Move,development
1568717437.66,-1196,529,None,Move,development
1568717437.668,-1204,529,None,Move,development
1568717437.675,-1210,529,None,Move,development
1568717437.6829998,-1219,530,None,Move,development
1568717437.691,-1223,530,None,Move,development
1568717437.699,-1228,530,None,Move,development
1568717437.707,-1231,530,None,Move,development
1568717437.715,-1234,530,None,Move,development
1568717437.724,-1239,530,None,Move,development
1568717437.732,-1241,530,None,Move,development
1568717437.7389998,-1244,530,None,Move,development
1568717437.7470002,-1246,530,None,Move,development
1568717437.755,-1249,530,None,Move,development
1568717437.7629998,-1251,530,None,Move,development
1568717437.772,-1253,530,None,Move,development
1568717437.781,-1254,530,None,Move,development
1568717437.7870002,-1256,530,None,Move,development
1568717437.796,-1258,530,None,Move,development
1568717437.804,-1259,530,None,Move,development
1568717437.812,-1260,530,None,Move,development
1568717437.82,-1261,530,None,Move,development
1568717437.837,-1263,530,None,Move,development
1568717437.845,-1264,530,None,Move,development
1568717437.8520002,-1266,530,None,Move,development
1568717437.859,-1267,530,None,Move,development
1568717437.867,-1271,530,None,Move,development
1568717437.875,-1273,530,None,Move,development
1568717437.885,-1275,530,None,Move,development
1568717437.8920002,-1279,530,None,Move,development
1568717437.901,-1282,531,None,Move,development
1568717437.907,-1285,531,None,Move,development
1568717437.915,-1286,531,None,Move,development
1568717437.924,-1288,531,None,Move,development
1568717437.9320002,-1289,531,None,Move,development
1568717437.948,-1290,531,None,Move,development
1568717437.971,-1291,532,None,Move,development
1568717437.9870002,-1291,532,None,Move,development
1568717438.0270002,-1292,532,None,Move,development
1568717438.052,-1292,532,None,Move,development
1568717438.0679998,-1295,532,None,Move,development
1568717438.075,-1297,533,None,Move,development
1568717438.083,-1300,534,None,Move,development
1568717438.091,-1301,535,None,Move,development
1568717438.1,-1302,535,None,Move,development
1568717438.1079998,-1303,535,None,Move,development
1568717438.1160002,-1303,536,None,Move,development
1568717438.131,-1304,536,None,Move,development
1568717438.155,-1305,536,None,Move,development
1568717438.165,-1306,537,None,Move,development
1568717438.173,-1306,538,None,Move,development
1568717438.18,-1308,538,None,Move,development
1568717438.187,-1308,538,None,Move,development
1568717438.195,-1309,538,None,Move,development
1568717438.212,-1309,539,None,Move,development
1568717438.22,-1310,539,None,Move,development
1568717439.26,-1310,539,Left,Pressed,development
1568717439.34,-1310,539,Left,Released,development
1568717439.397,-1310,539,Left,Pressed,development
1568717439.476,-1310,539,Left,Released,development
1568717439.579,-1311,539,None,Move,development
1568717439.587,-1312,539,None,Move,development
1568717439.595,-1315,539,None,Move,development
1568717439.604,-1317,539,None,Move,development
1568717439.6239998,-1324,539,None,Move,development
1568717439.63,-1332,539,None,Move,development
1568717439.6360002,-1339,539,None,Move,development
1568717439.644,-1347,539,None,Move,development
1568717439.6520002,-1354,538,None,Move,development
1568717439.66,-1361,537,None,Move,development
1568717439.668,-1363,537,None,Move,development
1568717439.676,-1365,537,None,Move,development
1568717439.684,-1365,537,None,Move,development
1568717439.755,-1365,536,None,Move,development
1568717439.764,-1364,536,None,Move,development
1568717439.772,-1361,536,None,Move,development
1568717439.78,-1355,534,None,Move,development
1568717439.792,-1347,532,None,Move,development
1568717439.798,-1335,531,None,Move,development
1568717439.806,-1321,528,None,Move,development
1568717439.813,-1304,526,None,Move,development
1568717439.822,-1278,521,None,Move,development
1568717439.83,-1246,515,None,Move,development
1568717439.837,-1207,509,None,Move,development
1568717439.844,-1174,501,None,Move,development
1568717439.8520002,-1129,493,None,Move,development
1568717439.859,-1084,484,None,Move,development
1568717439.867,-1039,478,None,Move,development
1568717439.875,-1000,471,None,Move,development
1568717439.8839998,-960,464,None,Move,development
1568717439.8920002,-934,459,None,Move,development
1568717439.9,-909,451,None,Move,development
1568717439.908,-886,442,None,Move,development
1568717439.916,-871,435,None,Move,development
1568717439.926,-856,427,None,Move,development
1568717439.9329998,-846,420,None,Move,development
1568717439.94,-840,417,None,Move,development
1568717439.948,-838,417,None,Move,development
1568717446.23,-837,415,None,Move,development
1568717446.246,-828,406,None,Move,development
1568717446.26,-823,400,None,Move,development
1568717446.27,-808,382,None,Move,development
1568717446.279,-799,374,None,Move,development
1568717446.286,-792,367,None,Move,development
1568717446.294,-785,359,None,Move,development
1568717446.304,-779,352,None,Move,development
1568717446.312,-774,345,None,Move,development
1568717446.32,-768,336,None,Move,development
1568717446.329,-763,327,None,Move,development
1568717446.336,-758,319,None,Move,development
1568717446.343,-753,310,None,Move,development
1568717446.349,-751,307,None,Move,development
1568717446.356,-750,305,None,Move,development
1568717446.365,-750,304,None,Move,development
1568717446.573,-750,304,Left,Pressed,development
1568717446.637,-750,304,Left,Released,development
1568717446.7570002,-750,304,None,Move,development
1568717446.7670002,-755,304,None,Move,development
1568717446.779,-762,304,None,Move,development
1568717446.79,-790,306,None,Move,development
1568717446.798,-815,308,None,Move,development
1568717446.805,-847,308,None,Move,development
1568717446.813,-889,305,None,Move,development
1568717446.821,-937,296,None,Move,development
1568717446.829,-985,284,None,Move,development
1568717446.836,-1034,270,None,Move,development
1568717446.844,-1085,256,None,Move,development
1568717446.8520002,-1134,241,None,Move,development
1568717446.86,-1169,230,None,Move,development
1568717446.869,-1212,219,None,Move,development
1568717446.877,-1256,208,None,Move,development
1568717446.885,-1283,198,None,Move,development
1568717446.893,-1296,193,None,Move,development
1568717446.9,-1305,188,None,Move,development
1568717446.908,-1308,186,None,Move,development
1568717446.916,-1309,183,None,Move,development
1568717446.925,-1311,181,None,Move,development
1568717446.9329998,-1313,178,None,Move,development
1568717446.941,-1315,176,None,Move,development
1568717446.949,-1316,173,None,Move,development
1568717446.956,-1317,173,None,Move,development
1568717446.964,-1317,172,None,Move,development
1568717446.972,-1317,171,None,Move,development
1568717446.98,-1318,170,None,Move,development
1568717446.9889998,-1319,168,None,Move,development
1568717446.9970002,-1319,167,None,Move,development
1568717447.005,-1321,166,None,Move,development
1568717447.012,-1323,162,None,Move,development
1568717447.02,-1324,161,None,Move,development
1568717447.028,-1325,160,None,Move,development
1568717447.0370002,-1326,158,None,Move,development
1568717447.045,-1326,158,None,Move,development
1568717447.053,-1326,156,None,Move,development
1568717447.061,-1326,154,None,Move,development
1568717447.0679998,-1326,151,None,Move,development
1568717447.076,-1326,148,None,Move,development
1568717447.084,-1326,143,None,Move,development
1568717447.093,-1326,135,None,Move,development
1568717447.1139998,-1327,127,None,Move,development
1568717447.12,-1330,112,None,Move,development
1568717447.1260002,-1332,106,None,Move,development
1568717447.145,-1334,97,None,Move,development
1568717447.153,-1335,95,None,Move,development
1568717447.158,-1335,92,None,Move,development
1568717447.165,-1336,90,None,Move,development
1568717447.173,-1338,86,None,Move,development
1568717447.186,-1340,82,None,Move,development
1568717447.1920002,-1342,80,None,Move,development
1568717447.197,-1343,78,None,Move,development
1568717447.204,-1346,75,None,Move,development
1568717447.2129998,-1347,74,None,Move,development
1568717447.222,-1349,72,None,Move,development
1568717447.229,-1350,70,None,Move,development
1568717447.2370002,-1353,66,None,Move,development
1568717447.244,-1356,63,None,Move,development
1568717447.252,-1358,60,None,Move,development
1568717447.26,-1362,56,None,Move,development
1568717447.269,-1364,53,None,Move,development
1568717447.2770002,-1366,51,None,Move,development
1568717447.286,-1367,50,None,Move,development
1568717447.293,-1369,47,None,Move,development
1568717447.301,-1370,45,None,Move,development
1568717447.31,-1371,44,None,Move,development
1568717447.325,-1371,43,None,Move,development
1568717447.333,-1371,43,None,Move,development
1568717447.341,-1372,42,None,Move,development
1568717447.349,-1372,42,None,Move,development
1568717447.356,-1372,40,None,Move,development
1568717447.3639998,-1373,40,None,Move,development
1568717447.3720002,-1373,38,None,Move,development
1568717447.38,-1374,38,None,Move,development
1568717447.389,-1374,38,None,Move,development
1568717447.397,-1374,37,None,Move,development
1568717447.4120002,-1374,37,None,Move,development
1568717447.5010002,-1374,37,Left,Pressed,development
1568717447.596,-1374,37,Left,Released,development
1568717447.813,-1368,37,None,Move,development
1568717447.82,-1360,40,None,Move,development
1568717447.8279998,-1347,45,None,Move,development
1568717447.837,-1331,52,None,Move,development
1568717447.846,-1313,61,None,Move,development
1568717447.853,-1295,70,None,Move,development
1568717447.861,-1268,87,None,Move,development
1568717447.87,-1244,104,None,Move,development
1568717447.877,-1218,124,None,Move,development
1568717447.885,-1193,144,None,Move,development
1568717447.893,-1175,162,None,Move,development
1568717447.9020002,-1150,190,None,Move,development
1568717447.91,-1130,216,None,Move,development
1568717447.917,-1109,243,None,Move,development
1568717447.925,-1097,260,None,Move,development
1568717447.934,-1075,286,None,Move,development
1568717447.941,-1060,303,None,Move,development
1568717448.262,-1060,304,None,Move,development
1568717448.27,-1058,304,None,Move,development
1568717448.2770002,-1053,307,None,Move,development
1568717448.285,-1048,309,None,Move,development
1568717448.293,-1045,310,None,Move,development
1568717448.302,-1042,310,None,Move,development
1568717448.31,-1040,312,None,Move,development
1568717448.3170002,-1039,312,None,Move,development
1568717448.326,-1038,312,None,Move,development
1568717448.333,-1037,313,None,Move,development
1568717448.341,-1037,314,None,Move,development
1568717448.349,-1036,314,None,Move,development
1568717448.357,-1035,315,None,Move,development
1568717448.365,-1035,316,None,Move,development
1568717448.373,-1033,317,None,Move,development
1568717448.381,-1032,320,None,Move,development
1568717448.3879998,-1029,320,None,Move,development
1568717448.396,-1026,323,None,Move,development
1568717448.404,-1025,324,None,Move,development
1568717448.413,-1022,326,None,Move,development
1568717448.421,-1019,329,None,Move,development
1568717448.429,-1018,330,None,Move,development
1568717448.437,-1016,333,None,Move,development
1568717448.445,-1016,333,None,Move,development
1568717448.452,-1015,334,None,Move,development
1568717448.46,-1014,334,None,Move,development
1568717448.469,-1014,334,None,Move,development
1568717448.488,-1011,335,None,Move,development
1568717448.495,-1010,335,None,Move,development
1568717448.5029998,-1009,335,None,Move,development
1568717448.645,-1009,336,None,Move,development
1568717448.861,-1009,336,None,Move,development
1568717448.871,-1011,335,None,Move,development
1568717448.8820002,-1020,331,None,Move,development
1568717448.896,-1055,314,None,Move,development
1568717448.907,-1086,300,None,Move,development
1568717448.916,-1124,288,None,Move,development
1568717448.9329998,-1211,261,None,Move,development
1568717448.94,-1273,247,None,Move,development
1568717448.952,-1373,231,None,Move,development
1568717448.9629998,-1421,226,None,Move,development
1568717448.971,-1460,220,None,Move,development
1568717448.979,-1499,217,None,Move,development
1568717448.988,-1528,210,None,Move,development
1568717448.996,-1549,206,None,Move,development
1568717449.002,-1557,203,None,Move,development
1568717449.0070002,-1560,201,None,Move,development
1568717449.015,-1560,201,None,Move,development
1568717449.077,-1560,201,None,Move,development
1568717449.084,-1561,201,None,Move,development
1568717449.093,-1562,201,None,Move,development
1568717449.109,-1562,202,None,Move,development
1568717449.117,-1563,202,None,Move,development
1568717449.125,-1564,202,None,Move,development
1568717449.133,-1566,202,None,Move,development
1568717449.141,-1569,202,None,Move,development
1568717449.149,-1572,202,None,Move,development
1568717449.157,-1574,202,None,Move,development
1568717449.165,-1577,202,None,Move,development
1568717449.173,-1580,202,None,Move,development
1568717449.181,-1584,203,None,Move,development
1568717449.189,-1590,204,None,Move,development
1568717449.196,-1598,205,None,Move,development
1568717449.204,-1604,207,None,Move,development
1568717449.214,-1611,209,None,Move,development
1568717449.221,-1618,212,None,Move,development
1568717449.229,-1620,213,None,Move,development
1568717449.2370002,-1622,214,None,Move,development
1568717449.252,-1622,215,None,Move,development
1568717449.26,-1622,215,None,Move,development
1568717449.269,-1623,216,None,Move,development
1568717449.2770002,-1623,217,None,Move,development
1568717449.285,-1623,217,None,Move,development
1568717449.301,-1623,218,None,Move,development
1568717449.341,-1623,218,None,Move,development
1568717449.349,-1623,220,None,Move,development
1568717449.357,-1623,220,None,Move,development
1568717449.365,-1623,221,None,Move,development
1568717449.373,-1624,222,None,Move,development
1568717449.389,-1624,222,None,Move,development
1568717449.566,-1624,222,Left,Pressed,development
1568717449.613,-1624,222,Left,Released,development
1568717449.685,-1624,222,Left,Pressed,development
1568717449.766,-1624,222,Left,Released,development
1568717450.02,-1623,225,None,Move,development
1568717450.029,-1618,229,None,Move,development
1568717450.0370002,-1613,233,None,Move,development
1568717450.045,-1607,237,None,Move,development
1568717450.053,-1599,244,None,Move,development
1568717450.06,-1590,246,None,Move,development
1568717450.069,-1580,247,None,Move,development
1568717450.077,-1563,247,None,Move,development
1568717450.085,-1542,243,None,Move,development
1568717450.093,-1524,241,None,Move,development
1568717450.109,-1515,240,None,Move,development
1568717450.301,-1514,240,None,Move,development
1568717450.309,-1514,240,None,Move,development
1568717450.3170002,-1513,242,None,Move,development
1568717450.325,-1513,244,None,Move,development
1568717450.333,-1513,246,None,Move,development
1568717450.341,-1513,246,None,Move,development
1568717450.3479998,-1513,248,None,Move,development
1568717450.357,-1514,248,None,Move,development
1568717450.3820002,-1523,248,None,Move,development
1568717450.389,-1525,248,None,Move,development
1568717450.397,-1532,248,None,Move,development
1568717450.404,-1543,248,None,Move,development
1568717450.413,-1555,248,None,Move,development
1568717450.421,-1572,248,None,Move,development
1568717450.429,-1585,247,None,Move,development
1568717450.437,-1599,247,None,Move,development
1568717450.445,-1618,246,None,Move,development
1568717450.4529998,-1637,246,None,Move,development
1568717450.474,-1685,241,None,Move,development
1568717450.48,-1719,240,None,Move,development
1568717450.4929998,-1770,238,None,Move,development
1568717450.5010002,-1787,238,None,Move,development
1568717450.5089998,-1803,238,None,Move,development
1568717450.5170002,-1817,238,None,Move,development
1568717450.525,-1826,238,None,Move,development
1568717450.533,-1833,239,None,Move,development
1568717450.542,-1837,239,None,Move,development
1568717450.549,-1839,239,None,Move,development
1568717450.5570002,-1840,239,None,Move,development
1568717450.637,-1840,240,None,Move,development
1568717450.686,-1839,240,None,Move,development
1568717450.694,-1838,241,None,Move,development
1568717450.702,-1834,244,None,Move,development
1568717450.71,-1831,246,None,Move,development
1568717450.718,-1825,248,None,Move,development
1568717450.725,-1821,249,None,Move,development
1568717450.734,-1813,251,None,Move,development
1568717450.7410002,-1808,252,None,Move,development
1568717450.748,-1803,253,None,Move,development
1568717450.758,-1796,253,None,Move,development
1568717450.766,-1786,254,None,Move,development
1568717450.781,-1766,255,None,Move,development
1568717450.789,-1755,255,None,Move,development
1568717450.7970002,-1747,255,None,Move,development
1568717450.813,-1742,255,None,Move,development
1568717450.8179998,-1739,255,None,Move,development
1568717450.824,-1738,255,None,Move,development
1568717450.837,-1737,255,None,Move,development
1568717450.9420002,-1736,256,None,Move,development
1568717450.95,-1733,258,None,Move,development
1568717450.958,-1731,260,None,Move,development
1568717450.966,-1728,262,None,Move,development
1568717450.974,-1727,263,None,Move,development
1568717450.982,-1725,263,None,Move,development
1568717451.0370002,-1725,264,None,Move,development
1568717451.045,-1725,265,None,Move,development
1568717451.054,-1725,265,None,Move,development
1568717451.063,-1725,266,None,Move,development
1568717451.071,-1727,266,None,Move,development
1568717451.077,-1729,268,None,Move,development
1568717451.086,-1731,269,None,Move,development
1568717451.093,-1733,269,None,Move,development
1568717451.1020002,-1736,270,None,Move,development
1568717451.11,-1741,272,None,Move,development
1568717451.117,-1744,272,None,Move,development
1568717451.1260002,-1748,273,None,Move,development
1568717451.133,-1751,273,None,Move,development
1568717451.1420002,-1755,274,None,Move,development
1568717451.149,-1759,274,None,Move,development
1568717451.157,-1765,275,None,Move,development
1568717451.165,-1767,275,None,Move,development
1568717451.173,-1769,275,None,Move,development
1568717451.181,-1771,275,None,Move,development
1568717451.189,-1773,275,None,Move,development
1568717451.197,-1775,275,None,Move,development
1568717451.205,-1776,276,None,Move,development
1568717451.2129998,-1777,276,None,Move,development
1568717451.222,-1777,276,None,Move,development
1568717451.23,-1778,276,None,Move,development
1568717451.447,-1777,276,None,Move,development
1568717451.4629998,-1775,276,None,Move,development
1568717451.479,-1775,276,None,Move,development
1568717451.488,-1774,276,None,Move,development
1568717451.535,-1773,276,None,Move,development
1568717451.543,-1773,276,None,Move,development
1568717451.551,-1771,276,None,Move,development
1568717451.559,-1771,276,None,Move,development
1568717451.584,-1770,276,None,Move,development
1568717451.599,-1770,276,None,Move,development
1568717451.607,-1769,276,None,Move,development
1568717451.6160002,-1769,276,Left,Pressed,development
1568717451.696,-1769,276,Left,Released,development
1568717452.0229998,-1769,276,Left,Pressed,development
1568717452.096,-1769,276,Left,Released,development
1568717452.415,-1768,276,None,Move,development
1568717452.424,-1767,274,None,Move,development
1568717453.919,-1762,274,None,Move,development
1568717453.927,-1747,283,None,Move,development
1568717453.937,-1715,300,None,Move,development
1568717453.944,-1687,314,None,Move,development
1568717453.952,-1645,331,None,Move,development
1568717453.96,-1593,353,None,Move,development
1568717453.967,-1525,376,None,Move,development
1568717453.976,-1462,397,None,Move,development
1568717453.984,-1381,421,None,Move,development
1568717453.992,-1324,440,None,Move,development
1568717453.9989998,-1254,461,None,Move,development
1568717454.0070002,-1186,480,None,Move,development
1568717454.015,-1125,494,None,Move,development
1568717454.0229998,-1066,509,None,Move,development
1568717454.046,-1017,522,None,Move,development
1568717454.052,-941,544,None,Move,development
1568717454.0570002,-914,552,None,Move,development
1568717454.064,-896,560,None,Move,development
1568717454.071,-886,564,None,Move,development
1568717454.079,-880,567,None,Move,development
1568717454.087,-877,570,None,Move,development
1568717454.095,-875,571,None,Move,development
1568717454.104,-874,574,None,Move,development
1568717454.111,-873,574,None,Move,development
1568717454.119,-872,577,None,Move,development
1568717454.127,-871,580,None,Move,development
1568717454.135,-869,583,None,Move,development
1568717454.144,-866,588,None,Move,development
1568717454.1520002,-862,593,None,Move,development
1568717454.16,-858,597,None,Move,development
1568717454.167,-855,600,None,Move,development
1568717454.175,-850,605,None,Move,development
1568717454.1829998,-845,608,None,Move,development
1568717454.191,-841,612,None,Move,development
1568717454.199,-837,614,None,Move,development
1568717454.208,-833,617,None,Move,development
1568717454.216,-830,619,None,Move,development
1568717454.2229998,-829,619,None,Move,development
1568717454.272,-828,620,None,Move,development
1568717454.28,-827,621,None,Move,development
1568717454.2870002,-824,623,None,Move,development
1568717454.295,-820,625,None,Move,development
1568717454.303,-816,625,None,Move,development
1568717454.311,-813,626,None,Move,development
1568717454.32,-810,627,None,Move,development
1568717454.3279998,-807,628,None,Move,development
1568717454.336,-804,629,None,Move,development
1568717454.343,-801,629,None,Move,development
1568717454.351,-800,629,None,Move,development
1568717454.359,-800,629,None,Move,development
1568717454.399,-799,630,None,Move,development
1568717454.407,-798,630,None,Move,development
1568717454.415,-796,631,None,Move,development
1568717454.423,-795,631,None,Move,development
1568717454.4320002,-794,633,None,Move,development
1568717454.44,-792,633,None,Move,development
1568717454.455,-792,633,None,Move,development
1568717454.4629998,-791,634,None,Move,development
1568717454.471,-791,634,None,Move,development
1568717454.479,-790,636,None,Move,development
1568717454.4870002,-789,636,None,Move,development
1568717454.496,-787,638,None,Move,development
1568717454.504,-785,638,None,Move,development
1568717454.5110002,-784,639,None,Move,development
1568717454.519,-784,639,None,Move,development
1568717454.6720002,-783,639,None,Move,development
1568717454.68,-783,639,None,Move,development
1568717454.687,-783,638,None,Move,development
1568717454.695,-783,637,None,Move,development
1568717454.7029998,-783,637,None,Move,development
1568717454.711,-783,636,None,Move,development
1568717454.72,-783,635,None,Move,development
1568717454.7429998,-783,635,Left,Pressed,development
1568717454.833,-783,635,Left,Released,development
1568717454.944,-783,634,None,Move,development
1568717454.9529998,-783,631,None,Move,development
1568717454.9629998,-782,629,None,Move,development
1568717454.971,-782,628,None,Move,development
1568717454.978,-782,625,None,Move,development
1568717454.984,-781,622,None,Move,development
1568717454.9910002,-781,617,None,Move,development
1568717455.0,-780,614,None,Move,development
1568717455.008,-780,608,None,Move,development
1568717455.016,-780,602,None,Move,development
1568717455.024,-780,595,None,Move,development
1568717455.031,-780,591,None,Move,development
1568717455.039,-780,586,None,Move,development
1568717455.0470002,-780,584,None,Move,development
1568717455.055,-780,581,None,Move,development
1568717455.0670002,-780,579,None,Move,development
1568717455.076,-780,576,None,Move,development
1568717455.085,-780,573,None,Move,development
1568717455.093,-780,571,None,Move,development
1568717455.103,-780,568,None,Move,development
1568717455.1120002,-781,565,None,Move,development
1568717455.12,-781,563,None,Move,development
1568717455.1279998,-781,560,None,Move,development
1568717455.1360002,-781,559,None,Move,development
1568717455.144,-781,558,None,Move,development
1568717455.151,-781,557,None,Move,development
1568717455.159,-782,556,None,Move,development
1568717455.167,-782,556,None,Move,development
1568717455.176,-782,554,None,Move,development
1568717455.184,-783,552,None,Move,development
1568717455.1920002,-783,550,None,Move,development
1568717455.199,-783,549,None,Move,development
1568717455.207,-783,547,None,Move,development
1568717455.215,-784,547,None,Move,development
1568717455.238,-784,542,None,Move,development
1568717455.246,-784,541,None,Move,development
1568717455.254,-785,540,None,Move,development
1568717455.2610002,-785,538,None,Move,development
1568717455.269,-785,537,None,Move,development
1568717455.285,-785,536,None,Move,development
1568717455.294,-785,535,None,Move,development
1568717455.312,-785,533,None,Move,development
1568717455.3170002,-786,533,None,Move,development
1568717455.325,-786,532,None,Move,development
1568717455.333,-786,531,None,Move,development
1568717455.342,-786,531,None,Move,development
1568717455.35,-786,529,None,Move,development
1568717455.3579998,-786,528,None,Move,development
1568717455.3660002,-787,527,None,Move,development
1568717455.373,-788,525,None,Move,development
1568717455.381,-788,524,None,Move,development
1568717455.389,-788,523,None,Move,development
1568717455.3979998,-788,522,None,Move,development
1568717455.406,-788,521,None,Move,development
1568717455.414,-788,520,None,Move,development
1568717455.4220002,-789,518,None,Move,development
1568717455.438,-790,516,None,Move,development
1568717455.447,-790,515,None,Move,development
1568717455.464,-790,515,Left,Pressed,development
1568717455.5570002,-790,515,Left,Released,development
1568717456.406,-785,514,None,Move,development
1568717456.414,-773,514,None,Move,development
1568717456.4220002,-756,516,None,Move,development
1568717456.429,-739,518,None,Move,development
1568717456.437,-713,521,None,Move,development
1568717456.447,-684,524,None,Move,development
1568717456.454,-654,526,None,Move,development
1568717456.462,-629,526,None,Move,development
1568717456.47,-616,526,None,Move,development
1568717456.478,-608,526,None,Move,development
1568717456.485,-601,526,None,Move,development
1568717456.492,-597,526,None,Move,development
1568717456.5010002,-597,526,None,Move,development
1568717456.5110002,-596,526,None,Move,development
1568717457.8860002,-599,526,None,Move,development
1568717457.9020002,-606,521,None,Move,development
1568717457.907,-610,521,None,Move,development
1568717457.9120002,-617,519,None,Move,development
1568717457.918,-627,515,None,Move,development
1568717457.926,-638,511,None,Move,development
1568717457.935,-649,509,None,Move,development
1568717457.9420002,-660,504,None,Move,development
1568717457.95,-668,502,None,Move,development
1568717457.958,-679,499,None,Move,development
1568717457.965,-690,495,None,Move,development
1568717457.9729998,-699,491,None,Move,development
1568717457.982,-708,488,None,Move,development
1568717457.99,-713,486,None,Move,development
1568717457.998,-718,484,None,Move,development
1568717458.006,-722,482,None,Move,development
1568717458.016,-724,479,None,Move,development
1568717458.022,-728,478,None,Move,development
1568717458.03,-734,475,None,Move,development
1568717458.039,-740,471,None,Move,development
1568717458.046,-746,467,None,Move,development
1568717458.054,-750,465,None,Move,development
1568717458.062,-756,461,None,Move,development
1568717458.07,-761,459,None,Move,development
1568717458.0779998,-764,458,None,Move,development
1568717458.086,-767,457,None,Move,development
1568717458.094,-769,455,None,Move,development
1568717458.1020002,-773,453,None,Move,development
1568717458.11,-775,451,None,Move,development
1568717458.1179998,-779,449,None,Move,development
1568717458.1260002,-785,446,None,Move,development
1568717458.14,-790,443,None,Move,development
1568717458.145,-794,440,None,Move,development
1568717458.151,-799,439,None,Move,development
1568717458.158,-801,438,None,Move,development
1568717458.166,-802,437,None,Move,development
1568717458.174,-802,437,None,Move,development
1568717458.1829998,-803,436,None,Move,development
1568717458.198,-805,435,None,Move,development
1568717458.206,-805,434,None,Move,development
1568717458.214,-807,433,None,Move,development
1568717458.222,-809,431,None,Move,development
1568717458.23,-811,430,None,Move,development
1568717458.238,-812,428,None,Move,development
1568717458.246,-814,428,None,Move,development
1568717458.3179998,-814,427,None,Move,development
1568717458.326,-816,427,None,Move,development
1568717458.343,-816,426,None,Move,development
1568717458.35,-817,425,None,Move,development
1568717458.3579998,-817,425,None,Move,development
1568717458.3660002,-818,425,None,Move,development
1568717458.3739998,-818,424,None,Move,development
1568717458.3820002,-819,424,None,Move,development
1568717458.39,-820,423,None,Move,development
1568717458.399,-821,422,None,Move,development
1568717458.407,-821,421,None,Move,development
1568717458.414,-822,420,None,Move,development
1568717458.43,-823,419,None,Move,development
1568717458.438,-823,419,None,Move,development
1568717458.495,-823,418,None,Move,development
1568717458.502,-823,418,None,Move,development
1568717458.535,-823,417,None,Move,development
1568717458.542,-823,417,None,Move,development
1568717458.5679998,-823,416,None,Move,development
1568717458.575,-823,415,None,Move,development
1568717458.615,-823,415,None,Move,development
1568717458.671,-823,415,Left,Pressed,development
1568717458.79,-823,415,Left,Released,development
1568717459.046,-822,415,None,Move,development
1568717459.054,-818,419,None,Move,development
1568717459.062,-813,422,None,Move,development
1568717459.071,-807,426,None,Move,development
1568717459.079,-800,431,None,Move,development
1568717459.087,-797,433,None,Move,development
1568717459.095,-789,436,None,Move,development
1568717459.103,-786,438,None,Move,development
1568717459.111,-779,441,None,Move,development
1568717459.129,-767,445,None,Move,development
1568717459.1360002,-761,448,None,Move,development
1568717459.144,-754,449,None,Move,development
1568717459.15,-750,450,None,Move,development
1568717459.158,-743,451,None,Move,development
1568717459.166,-739,452,None,Move,development
1568717459.174,-732,453,None,Move,development
1568717459.1820002,-724,453,None,Move,development
1568717459.19,-721,453,None,Move,development
1568717459.198,-718,453,None,Move,development
1568717459.206,-715,453,None,Move,development
1568717459.214,-712,453,None,Move,development
1568717459.222,-709,454,None,Move,development
1568717459.23,-705,454,None,Move,development
1568717459.238,-699,454,None,Move,development
1568717459.246,-696,454,None,Move,development
1568717459.254,-691,454,None,Move,development
1568717459.2629998,-688,454,None,Move,development
1568717459.271,-683,454,None,Move,development
1568717459.279,-678,454,None,Move,development
1568717459.2870002,-672,454,None,Move,development
1568717459.294,-667,454,None,Move,development
1568717459.302,-662,454,None,Move,development
1568717459.316,-659,454,None,Move,development
1568717459.322,-656,454,None,Move,development
1568717459.327,-652,454,None,Move,development
1568717459.334,-649,454,None,Move,development
1568717459.342,-646,454,None,Move,development
1568717459.351,-638,453,None,Move,development
1568717459.3579998,-634,453,None,Move,development
1568717459.3660002,-628,452,None,Move,development
1568717459.3739998,-620,452,None,Move,development
1568717459.3820002,-615,451,None,Move,development
1568717459.39,-609,450,None,Move,development
1568717459.3979998,-605,449,None,Move,development
1568717459.406,-600,447,None,Move,development
1568717459.414,-595,445,None,Move,development
1568717459.4220002,-591,444,None,Move,development
1568717459.452,-584,440,None,Move,development
1568717459.457,-582,439,None,Move,development
1568717459.464,-581,439,None,Move,development
1568717459.471,-579,437,None,Move,development
1568717459.478,-578,437,None,Move,development
1568717459.486,-577,436,None,Move,development
1568717459.494,-576,435,None,Move,development
1568717459.51,-575,435,None,Move,development
1568717459.528,-574,434,None,Move,development
1568717459.549,-573,433,None,Move,development
1568717459.5579998,-573,432,None,Move,development
1568717459.566,-573,432,None,Move,development
1568717459.577,-572,431,None,Move,development
1568717459.584,-572,431,None,Move,development
1568717459.59,-572,430,None,Move,development
1568717459.5979998,-571,430,None,Move,development
1568717459.606,-570,429,None,Move,development
1568717459.6139998,-570,428,None,Move,development
1568717459.6239998,-570,428,None,Move,development
1568717459.63,-569,428,None,Move,development
1568717459.6379998,-569,427,None,Move,development
1568717459.646,-569,427,None,Move,development
1568717459.654,-567,427,None,Move,development
1568717459.6620002,-567,426,None,Move,development
1568717459.718,-566,426,None,Move,development
1568717459.734,-566,426,None,Move,development
1568717459.744,-565,424,None,Move,development
1568717459.75,-565,424,None,Move,development
1568717459.7670002,-564,424,None,Move,development
1568717459.782,-562,422,None,Move,development
1568717459.7870002,-561,422,None,Move,development
1568717459.795,-561,422,None,Move,development
1568717459.8,-560,421,None,Move,development
1568717459.806,-560,421,None,Move,development
1568717459.822,-559,421,None,Move,development
1568717459.847,-559,421,None,Move,development
1568717459.855,-558,420,None,Move,development
1568717459.8620002,-557,420,None,Move,development
1568717459.8779998,-557,420,None,Move,development
1568717459.894,-557,420,Left,Pressed,development
1568717459.966,-557,420,Left,Released,development
1568717460.0470002,-557,420,Left,Pressed,development
1568717460.1339998,-557,420,Left,Released,development
1568717460.303,-557,420,None,Move,development
1568717460.313,-558,420,None,Move,development
1568717460.319,-559,420,None,Move,development
1568717460.326,-560,420,None,Move,development
1568717460.334,-562,420,None,Move,development
1568717460.357,-563,421,None,Move,development
1568717460.3620002,-566,421,None,Move,development
1568717460.3679998,-568,421,None,Move,development
1568717460.375,-569,421,None,Move,development
1568717460.3820002,-571,422,None,Move,development
1568717460.39,-573,422,None,Move,development
1568717460.3979998,-576,422,None,Move,development
1568717460.406,-578,422,None,Move,development
1568717460.418,-581,422,None,Move,development
1568717460.424,-584,422,None,Move,development
1568717460.43,-588,422,None,Move,development
1568717460.438,-591,422,None,Move,development
1568717460.446,-595,422,None,Move,development
1568717460.454,-598,422,None,Move,development
1568717460.462,-602,421,None,Move,development
1568717460.47,-605,421,None,Move,development
1568717460.478,-607,421,None,Move,development
1568717460.486,-609,421,None,Move,development
1568717460.494,-613,420,None,Move,development
1568717460.502,-615,419,None,Move,development
1568717460.51,-617,419,None,Move,development
1568717460.518,-619,418,None,Move,development
1568717460.5270002,-622,418,None,Move,development
1568717460.534,-625,417,None,Move,development
1568717460.543,-627,417,None,Move,development
1568717460.559,-631,416,None,Move,development
1568717460.576,-638,415,None,Move,development
1568717460.586,-640,415,None,Move,development
1568717460.595,-642,415,None,Move,development
1568717460.601,-645,415,None,Move,development
1568717460.607,-647,414,None,Move,development
1568717460.6139998,-651,414,None,Move,development
1568717460.625,-653,414,None,Move,development
1568717460.631,-656,414,None,Move,development
1568717460.6379998,-657,413,None,Move,development
1568717460.646,-659,412,None,Move,development
1568717460.654,-660,412,None,Move,development
1568717460.6620002,-662,412,None,Move,development
1568717460.67,-663,412,None,Move,development
1568717460.678,-664,412,None,Move,development
1568717460.686,-666,412,None,Move,development
1568717460.694,-666,412,None,Move,development
1568717460.702,-667,412,None,Move,development
1568717460.71,-668,412,None,Move,development
1568717460.719,-669,411,None,Move,development
1568717460.726,-671,411,None,Move,development
1568717460.734,-673,411,None,Move,development
1568717460.742,-675,410,None,Move,development
1568717460.75,-677,410,None,Move,development
1568717460.758,-680,410,None,Move,development
1568717460.766,-682,409,None,Move,development
1568717460.774,-685,409,None,Move,development
1568717460.782,-687,408,None,Move,development
1568717460.791,-688,408,None,Move,development
1568717460.798,-689,408,None,Move,development
1568717462.3579998,-689,407,None,Move,development
1568717462.367,-686,404,None,Move,development
1568717462.375,-683,402,None,Move,development
1568717462.383,-681,400,None,Move,development
1568717462.39,-677,399,None,Move,development
1568717462.3979998,-674,397,None,Move,development
1568717462.406,-671,396,None,Move,development
1568717462.414,-669,396,None,Move,development
1568717462.423,-665,395,None,Move,development
1568717462.431,-662,395,None,Move,development
1568717462.439,-659,394,None,Move,development
1568717462.446,-654,393,None,Move,development
1568717462.454,-651,393,None,Move,development
1568717462.462,-649,392,None,Move,development
1568717462.471,-646,392,None,Move,development
1568717462.48,-643,392,None,Move,development
1568717462.488,-639,392,None,Move,development
1568717462.495,-636,392,None,Move,development
1568717462.5029998,-634,391,None,Move,development
1568717462.51,-631,391,None,Move,development
1568717462.518,-628,390,None,Move,development
1568717462.526,-626,390,None,Move,development
1568717462.534,-623,390,None,Move,development
1568717462.543,-622,390,None,Move,development
1568717462.5579998,-621,389,None,Move,development
1568717462.566,-617,389,None,Move,development
1568717462.574,-615,389,None,Move,development
1568717462.582,-613,389,None,Move,development
1568717462.591,-611,389,None,Move,development
1568717462.599,-609,389,None,Move,development
1568717462.607,-608,389,None,Move,development
1568717462.615,-606,389,None,Move,development
1568717462.6220002,-604,390,None,Move,development
1568717462.63,-602,390,None,Move,development
1568717462.6379998,-600,390,None,Move,development
1568717462.646,-599,391,None,Move,development
1568717462.656,-596,391,None,Move,development
1568717462.664,-593,392,None,Move,development
1568717462.671,-592,392,None,Move,development
1568717462.679,-590,394,None,Move,development
1568717462.687,-589,394,None,Move,development
1568717462.695,-586,394,None,Move,development
1568717462.702,-585,394,None,Move,development
1568717462.712,-584,395,None,Move,development
1568717462.72,-582,395,None,Move,development
1568717462.728,-579,396,None,Move,development
1568717462.7429998,-578,396,None,Move,development
1568717462.7510002,-578,396,None,Move,development
1568717462.758,-576,396,None,Move,development
1568717462.775,-576,396,None,Move,development
1568717462.784,-575,397,None,Move,development
1568717462.798,-575,397,None,Move,development
1568717462.896,-574,397,None,Move,development
1568717463.529,-571,398,None,Move,development
1568717463.539,-567,399,None,Move,development
1568717463.548,-564,401,None,Move,development
1568717463.576,-556,403,None,Move,development
1568717463.596,-553,404,None,Move,development
1568717463.6020002,-553,404,None,Move,development
1568717463.6079998,-552,404,None,Move,development
1568717463.712,-552,404,None,Move,development
1568717463.718,-550,405,None,Move,development
1568717463.7270002,-549,405,None,Move,development
1568717463.734,-548,406,None,Move,development
1568717463.7429998,-547,406,None,Move,development
1568717463.7510002,-545,407,None,Move,development
1568717463.7589998,-544,408,None,Move,development
1568717463.7670002,-542,408,None,Move,development
1568717463.782,-542,408,None,Move,development
1568717463.788,-541,409,None,Move,development
1568717463.793,-541,409,None,Move,development
1568717463.8070002,-540,409,None,Move,development
1568717463.9829998,-540,409,None,Move,development
1568717463.9910002,-541,410,None,Move,development
1568717463.9989998,-543,411,None,Move,development
1568717464.006,-545,412,None,Move,development
1568717464.015,-547,412,None,Move,development
1568717464.034,-553,412,None,Move,development
1568717464.04,-558,412,None,Move,development
1568717464.0470002,-562,412,None,Move,development
1568717464.055,-567,413,None,Move,development
1568717464.062,-573,413,None,Move,development
1568717464.07,-578,413,None,Move,development
1568717464.08,-586,413,None,Move,development
1568717464.087,-592,413,None,Move,development
1568717464.096,-597,413,None,Move,development
1568717464.104,-604,413,None,Move,development
1568717464.1120002,-607,413,None,Move,development
1568717464.119,-610,413,None,Move,development
1568717464.127,-614,413,None,Move,development
1568717464.135,-619,411,None,Move,development
1568717464.143,-623,411,None,Move,development
1568717464.151,-629,410,None,Move,development
1568717464.16,-633,410,None,Move,development
1568717464.169,-638,410,None,Move,development
1568717464.175,-645,409,None,Move,development
1568717464.1820002,-651,408,None,Move,development
1568717464.191,-656,408,None,Move,development
1568717464.199,-664,407,None,Move,development
1568717464.207,-667,407,None,Move,development
1568717464.215,-671,407,None,Move,development
1568717464.2229998,-675,407,None,Move,development
1568717464.23,-678,407,None,Move,development
1568717464.2389998,-681,407,None,Move,development
1568717464.246,-683,407,None,Move,development
1568717464.255,-686,407,None,Move,development
1568717464.2629998,-689,407,None,Move,development
1568717464.271,-690,407,None,Move,development
1568717464.279,-691,407,None,Move,development
1568717464.286,-693,407,None,Move,development
1568717464.294,-694,407,None,Move,development
1568717464.302,-694,407,None,Move,development
1568717464.311,-696,407,None,Move,development
1568717464.319,-696,407,None,Move,development
1568717464.327,-697,407,None,Move,development
1568717464.335,-698,407,None,Move,development
1568717464.343,-700,407,None,Move,development
1568717464.35,-701,407,None,Move,development
1568717464.3579998,-703,407,None,Move,development
1568717464.367,-706,407,None,Move,development
1568717464.375,-708,407,None,Move,development
1568717464.383,-709,407,None,Move,development
1568717464.391,-710,407,None,Move,development
1568717464.399,-711,407,None,Move,development
1568717464.406,-711,407,None,Move,development
1568717464.414,-713,407,None,Move,development
1568717464.431,-714,407,None,Move,development
1568717464.447,-715,407,None,Move,development
1568717464.462,-715,407,None,Move,development
1568717464.479,-716,407,None,Move,development
1568717464.4870002,-716,408,None,Move,development
1568717464.495,-718,408,None,Move,development
1568717464.5029998,-719,408,None,Move,development
1568717464.5110002,-720,408,None,Move,development
1568717464.518,-722,409,None,Move,development
1568717464.526,-724,409,None,Move,development
1568717464.534,-727,410,None,Move,development
1568717464.543,-728,411,None,Move,development
1568717464.551,-732,411,None,Move,development
1568717464.559,-734,412,None,Move,development
1568717464.5670002,-737,412,None,Move,development
1568717464.574,-738,413,None,Move,development
1568717464.582,-739,413,None,Move,development
1568717464.591,-740,413,None,Move,development
1568717464.599,-742,413,None,Move,development
1568717464.607,-743,414,None,Move,development
1568717464.623,-744,414,None,Move,development
1568717464.6339998,-744,414,None,Move,development
1568717464.783,-744,414,None,Move,development
1568717464.792,-744,413,None,Move,development
1568717464.799,-744,411,None,Move,development
1568717464.8079998,-744,409,None,Move,development
1568717464.823,-744,407,None,Move,development
1568717464.832,-742,402,None,Move,development
1568717464.839,-740,398,None,Move,development
1568717464.847,-739,396,None,Move,development
1568717464.855,-738,394,None,Move,development
1568717464.8620002,-737,393,None,Move,development
1568717464.87,-737,391,None,Move,development
1568717464.88,-735,390,None,Move,development
1568717464.891,-735,389,None,Move,development
1568717464.896,-734,387,None,Move,development
1568717464.903,-732,386,None,Move,development
1568717464.918,-731,384,None,Move,development
1568717464.926,-730,384,None,Move,development
1568717464.935,-730,383,None,Move,development
1568717464.9429998,-728,382,None,Move,development
1568717464.951,-727,381,None,Move,development
1568717464.959,-724,380,None,Move,development
1568717464.967,-722,379,None,Move,development
1568717464.974,-718,379,None,Move,development
1568717464.982,-712,377,None,Move,development
1568717464.9910002,-708,377,None,Move,development
1568717464.9989998,-703,376,None,Move,development
1568717465.0070002,-698,375,None,Move,development
1568717465.015,-692,375,None,Move,development
1568717465.0229998,-686,375,None,Move,development
1568717465.031,-679,374,None,Move,development
1568717465.038,-670,374,None,Move,development
1568717465.0470002,-662,374,None,Move,development
1568717465.055,-655,374,None,Move,development
1568717465.063,-650,374,None,Move,development
1568717465.071,-643,374,None,Move,development
1568717465.079,-638,374,None,Move,development
1568717465.0879998,-635,374,None,Move,development
1568717465.095,-632,374,None,Move,development
1568717465.103,-629,374,None,Move,development
1568717465.1120002,-626,374,None,Move,development
1568717465.12,-625,374,None,Move,development
1568717465.1279998,-624,374,None,Move,development
1568717465.135,-623,374,None,Move,development
1568717465.144,-622,374,None,Move,development
1568717465.156,-621,374,None,Move,development
1568717465.163,-620,374,None,Move,development
1568717465.169,-617,374,None,Move,development
1568717465.176,-616,374,None,Move,development
1568717465.1829998,-616,374,None,Move,development
1568717465.191,-615,374,None,Move,development
1568717465.199,-614,374,None,Move,development
1568717465.447,-615,374,None,Move,development
1568717465.456,-618,374,None,Move,development
1568717465.4629998,-621,374,None,Move,development
1568717465.471,-625,374,None,Move,development
1568717465.479,-629,374,None,Move,development
1568717465.4870002,-634,374,None,Move,development
1568717465.494,-640,373,None,Move,development
1568717465.502,-644,372,None,Move,development
1568717465.5110002,-647,372,None,Move,development
1568717465.519,-650,371,None,Move,development
1568717465.5270002,-651,371,None,Move,development
1568717465.535,-652,371,None,Move,development
1568717465.543,-653,371,None,Move,development
1568717465.6239998,-653,371,Left,Pressed,development
1568717465.696,-653,371,Left,Released,development
1568717465.776,-653,371,Left,Pressed,development
1568717465.8479998,-653,371,Left,Released,development
1568717465.967,-651,370,None,Move,development
1568717465.976,-647,369,None,Move,development
1568717465.9829998,-645,368,None,Move,development
1568717466.0010002,-636,367,None,Move,development
1568717466.008,-632,367,None,Move,development
1568717466.015,-627,366,None,Move,development
1568717466.024,-622,365,None,Move,development
1568717466.032,-618,364,None,Move,development
1568717466.04,-615,363,None,Move,development
1568717466.0470002,-611,362,None,Move,development
1568717466.055,-607,362,None,Move,development
1568717466.063,-603,362,None,Move,development
1568717466.071,-600,361,None,Move,development
1568717466.079,-598,360,None,Move,development
1568717466.087,-596,360,None,Move,development
1568717466.095,-593,358,None,Move,development
1568717466.103,-591,358,None,Move,development
1568717466.111,-588,358,None,Move,development
1568717466.119,-586,358,None,Move,development
1568717466.1260002,-583,357,None,Move,development
1568717466.1360002,-581,357,None,Move,development
1568717466.143,-578,355,None,Move,development
1568717466.151,-577,355,None,Move,development
1568717466.16,-574,355,None,Move,development
1568717466.168,-572,355,None,Move,development
1568717466.176,-571,355,None,Move,development
1568717466.184,-570,354,None,Move,development
1568717466.191,-570,354,None,Move,development
1568717466.199,-569,354,None,Move,development
1568717466.207,-569,354,None,Move,development
1568717466.224,-568,354,None,Move,development
1568717466.2410002,-567,353,None,Move,development
1568717466.255,-566,353,None,Move,development
1568717466.344,-566,353,None,Move,development
1568717466.3520002,-565,353,None,Move,development
1568717466.359,-565,353,None,Move,development
1568717466.367,-564,353,None,Move,development
1568717466.375,-563,353,None,Move,development
1568717466.383,-561,352,None,Move,development
1568717466.3920002,-560,352,None,Move,development
1568717466.401,-559,352,None,Move,development
1568717466.409,-558,352,None,Move,development
1568717466.415,-557,352,None,Move,development
1568717466.423,-556,352,None,Move,development
1568717467.447,-556,356,None,Move,development
1568717467.455,-558,360,None,Move,development
1568717467.4629998,-559,363,None,Move,development
1568717467.471,-559,365,None,Move,development
1568717467.479,-561,367,None,Move,development
1568717467.4870002,-562,368,None,Move,development
1568717467.495,-563,371,None,Move,development
1568717467.5029998,-564,372,None,Move,development
1568717467.5110002,-564,374,None,Move,development
1568717467.519,-565,375,None,Move,development
1568717467.5270002,-566,376,None,Move,development
1568717467.535,-566,377,None,Move,development
1568717467.543,-567,379,None,Move,development
1568717467.551,-568,381,None,Move,development
1568717467.559,-569,383,None,Move,development
1568717467.5670002,-571,386,None,Move,development
1568717467.575,-571,389,None,Move,development
1568717467.584,-573,392,None,Move,development
1568717467.591,-576,395,None,Move,development
1568717467.599,-577,399,None,Move,development
1568717467.607,-581,403,None,Move,development
1568717467.615,-583,407,None,Move,development
1568717467.623,-586,413,None,Move,development
1568717467.631,-587,416,None,Move,development
1568717467.639,-589,418,None,Move,development
1568717467.647,-592,423,None,Move,development
1568717467.655,-593,425,None,Move,development
1568717467.663,-595,427,None,Move,development
1568717467.671,-596,429,None,Move,development
1568717467.68,-597,431,None,Move,development
1568717467.687,-597,432,None,Move,development
1568717467.695,-598,433,None,Move,development
1568717467.704,-599,436,None,Move,development
1568717467.712,-600,437,None,Move,development
1568717467.719,-602,439,None,Move,development
1568717467.7270002,-602,441,None,Move,development
1568717467.735,-604,444,None,Move,development
1568717467.7429998,-605,445,None,Move,development
1568717467.7510002,-607,447,None,Move,development
1568717467.7589998,-609,450,None,Move,development
1568717467.7670002,-611,452,None,Move,development
1568717467.775,-612,454,None,Move,development
1568717467.783,-614,456,None,Move,development
1568717467.791,-615,459,None,Move,development
1568717467.799,-617,461,None,Move,development
1568717467.8070002,-619,464,None,Move,development
1568717467.815,-621,466,None,Move,development
1568717467.823,-623,471,None,Move,development
1568717467.831,-624,471,None,Move,development
1568717467.839,-625,474,None,Move,development
1568717467.847,-627,477,None,Move,development
1568717467.855,-628,480,None,Move,development
1568717467.863,-629,482,None,Move,development
1568717467.8720002,-631,483,None,Move,development
1568717467.879,-632,486,None,Move,development
1568717467.887,-634,488,None,Move,development
1568717467.895,-637,490,None,Move,development
1568717467.904,-639,492,None,Move,development
1568717467.9120002,-643,496,None,Move,development
1568717467.921,-646,499,None,Move,development
1568717467.927,-651,504,None,Move,development
1568717467.935,-656,506,None,Move,development
1568717467.944,-660,510,None,Move,development
1568717467.952,-665,513,None,Move,development
1568717467.959,-670,517,None,Move,development
1568717467.967,-675,520,None,Move,development
1568717467.975,-679,523,None,Move,development
1568717467.9829998,-684,526,None,Move,development
1568717467.9910002,-687,528,None,Move,development
1568717467.9989998,-690,530,None,Move,development
1568717468.0089998,-694,532,None,Move,development
1568717468.015,-696,534,None,Move,development
1568717468.0229998,-699,535,None,Move,development
1568717468.031,-702,537,None,Move,development
1568717468.04,-704,538,None,Move,development
1568717468.048,-707,540,None,Move,development
1568717468.056,-710,541,None,Move,development
1568717468.064,-713,543,None,Move,development
1568717468.072,-716,545,None,Move,development
1568717468.08,-722,547,None,Move,development
1568717468.0879998,-725,549,None,Move,development
1568717468.096,-730,552,None,Move,development
1568717468.103,-736,555,None,Move,development
1568717468.111,-739,556,None,Move,development
1568717468.119,-746,559,None,Move,development
1568717468.127,-750,561,None,Move,development
1568717468.135,-757,563,None,Move,development
1568717468.143,-762,563,None,Move,development
1568717468.151,-765,565,None,Move,development
1568717468.159,-768,565,None,Move,development
1568717468.168,-769,566,None,Move,development
1568717468.216,-771,566,None,Move,development
1568717468.232,-772,566,None,Move,development
1568717468.24,-777,566,None,Move,development
1568717468.248,-778,566,None,Move,development
1568717468.256,-779,566,None,Move,development
1568717468.264,-780,566,None,Move,development
1568717468.335,-781,566,None,Move,development
1568717468.343,-781,566,None,Move,development
1568717468.351,-782,565,None,Move,development
1568717468.359,-782,564,None,Move,development
1568717468.367,-782,564,None,Move,development
1568717468.375,-783,564,None,Move,development
1568717468.399,-783,563,None,Move,development
1568717468.416,-783,561,None,Move,development
1568717468.528,-783,560,None,Move,development
1568717468.56,-784,560,None,Move,development
1568717468.575,-784,560,None,Move,development
1568717468.583,-785,559,None,Move,development
1568717468.599,-785,558,None,Move,development
1568717468.607,-786,558,None,Move,development
1568717468.615,-786,558,None,Move,development
1568717468.623,-787,557,None,Move,development
1568717468.631,-788,557,None,Move,development
1568717468.639,-788,556,None,Move,development
1568717468.655,-789,556,None,Move,development
1568717468.663,-789,555,None,Move,development
1568717468.68,-790,554,None,Move,development
1568717468.687,-790,554,None,Move,development
1568717468.696,-792,553,None,Move,development
1568717468.7029998,-792,553,None,Move,development
1568717468.712,-793,552,None,Move,development
1568717468.824,-793,552,Left,Pressed,development
1568717468.88,-793,552,Left,Released,development
1568717468.967,-793,552,Left,Pressed,development
1568717469.04,-793,552,Left,Released,development
1568717469.304,-791,552,None,Move,development
1568717469.311,-786,552,None,Move,development
1568717469.335,-779,552,None,Move,development
1568717469.34,-764,553,None,Move,development
1568717469.346,-755,555,None,Move,development
1568717469.3520002,-747,556,None,Move,development
1568717469.36,-741,557,None,Move,development
1568717469.367,-736,557,None,Move,development
1568717469.375,-733,557,None,Move,development
1568717469.383,-731,557,None,Move,development
1568717469.5110002,-730,557,None,Move,development
1568717469.52,-729,557,None,Move,development
1568717469.528,-727,557,None,Move,development
1568717469.535,-725,557,None,Move,development
1568717469.543,-723,557,None,Move,development
1568717469.551,-720,557,None,Move,development
1568717469.559,-718,557,None,Move,development
1568717469.5670002,-717,557,None,Move,development
1568717469.576,-716,557,None,Move,development
1568717469.585,-714,557,None,Move,development
1568717469.592,-712,557,None,Move,development
1568717469.599,-711,557,None,Move,development
1568717469.607,-709,557,None,Move,development
1568717469.615,-708,557,None,Move,development
1568717469.623,-706,557,None,Move,development
1568717469.6320002,-705,557,None,Move,development
1568717469.64,-704,557,None,Move,development
1568717469.6479998,-702,557,None,Move,development
1568717469.655,-700,557,None,Move,development
1568717469.663,-699,556,None,Move,development
1568717469.671,-698,556,None,Move,development
1568717469.679,-696,556,None,Move,development
1568717469.687,-695,556,None,Move,development
1568717469.695,-693,555,None,Move,development
1568717469.704,-691,554,None,Move,development
1568717469.719,-691,554,None,Move,development
1568717471.135,-690,554,None,Move,development
1568717471.144,-694,551,None,Move,development
1568717471.1520002,-701,549,None,Move,development
1568717471.16,-707,546,None,Move,development
1568717471.168,-715,544,None,Move,development
1568717471.175,-725,540,None,Move,development
1568717471.185,-736,537,None,Move,development
1568717471.2,-747,534,None,Move,development
1568717471.208,-761,529,None,Move,development
1568717471.216,-766,528,None,Move,development
1568717471.2229998,-768,527,None,Move,development
1568717471.231,-769,527,None,Move,development
1568717471.2389998,-770,527,None,Move,development
1568717471.272,-771,527,None,Move,development
1568717471.296,-771,526,None,Move,development
1568717471.313,-771,526,None,Move,development
1568717471.321,-772,526,None,Move,development
1568717471.3279998,-773,525,None,Move,development
1568717471.336,-775,524,None,Move,development
1568717471.343,-776,524,None,Move,development
1568717471.351,-776,524,None,Move,development
1568717471.359,-778,524,None,Move,development
1568717471.3679998,-780,523,None,Move,development
1568717471.3760002,-781,523,None,Move,development
1568717471.385,-782,523,None,Move,development
1568717471.3920002,-783,523,None,Move,development
1568717471.399,-783,523,None,Move,development
1568717471.407,-785,523,None,Move,development
1568717471.415,-787,522,None,Move,development
1568717471.424,-789,522,None,Move,development
1568717471.4320002,-790,521,None,Move,development
1568717471.44,-792,521,None,Move,development
1568717471.448,-792,521,None,Move,development
1568717471.456,-794,520,None,Move,development
1568717471.4629998,-794,520,None,Move,development
1568717471.472,-795,520,None,Move,development
1568717471.48,-796,520,None,Move,development
1568717471.4889998,-796,519,None,Move,development
1568717471.496,-797,519,None,Move,development
1568717471.504,-798,519,None,Move,development
1568717471.512,-798,518,None,Move,development
1568717471.56,-799,518,None,Move,development
1568717471.5670002,-799,517,None,Move,development
1568717471.584,-800,517,None,Move,development
1568717471.593,-800,516,None,Move,development
1568717471.6,-801,516,None,Move,development
1568717471.6079998,-802,515,None,Move,development
1568717471.6160002,-802,514,None,Move,development
1568717471.631,-803,513,None,Move,development
1568717471.6479998,-803,513,None,Move,development
1568717471.664,-803,512,None,Move,development
1568717471.68,-804,512,None,Move,development
1568717471.704,-804,511,None,Move,development
1568717471.7429998,-804,510,None,Move,development
1568717471.768,-804,510,None,Move,development
1568717472.465,-805,510,Left,Pressed,development
1568717472.465,-805,510,None,Drag,development
1568717472.472,-806,509,None,Drag,development
1568717472.48,-812,508,None,Drag,development
1568717472.4870002,-817,507,None,Drag,development
1568717472.495,-823,505,None,Drag,development
1568717472.504,-832,501,None,Drag,development
1568717472.512,-840,500,None,Drag,development
1568717472.52,-848,497,None,Drag,development
1568717472.529,-855,494,None,Drag,development
1568717472.5370002,-865,491,None,Drag,development
1568717472.544,-873,486,None,Drag,development
1568717472.552,-884,482,None,Drag,development
1568717472.56,-893,479,None,Drag,development
1568717472.5679998,-900,477,None,Drag,development
1568717472.585,-915,471,None,Drag,development
1568717472.593,-921,468,None,Drag,development
1568717472.6,-926,466,None,Drag,development
1568717472.607,-929,464,None,Drag,development
1568717472.6160002,-932,463,None,Drag,development
1568717472.6239998,-935,461,None,Drag,development
1568717472.6320002,-936,460,None,Drag,development
1568717472.64,-938,458,None,Drag,development
1568717472.6479998,-940,458,None,Drag,development
1568717472.656,-940,457,None,Drag,development
1568717472.663,-941,456,None,Drag,development
1568717472.6720002,-944,453,None,Drag,development
1568717472.68,-945,453,None,Drag,development
1568717472.688,-947,451,None,Drag,development
1568717472.696,-947,450,None,Drag,development
1568717472.704,-949,448,None,Drag,development
1568717472.712,-949,447,None,Drag,development
1568717472.719,-951,445,None,Drag,development
1568717472.7270002,-952,443,None,Drag,development
1568717472.736,-953,442,None,Drag,development
1568717472.744,-954,440,None,Drag,development
1568717472.752,-955,438,None,Drag,development
1568717472.76,-957,435,None,Drag,development
1568717472.768,-958,433,None,Drag,development
1568717472.775,-960,431,None,Drag,development
1568717472.784,-960,429,None,Drag,development
1568717472.793,-962,427,None,Drag,development
1568717472.8,-963,425,None,Drag,development
1568717472.8079998,-963,424,None,Drag,development
1568717472.816,-965,422,None,Drag,development
1568717472.824,-965,421,None,Drag,development
1568717472.833,-966,420,None,Drag,development
1568717472.839,-967,418,None,Drag,development
1568717472.8479998,-967,418,None,Drag,development
1568717472.856,-967,417,None,Drag,development
1568717472.8639998,-968,416,None,Drag,development
1568717472.873,-969,415,None,Drag,development
1568717472.881,-969,413,None,Drag,development
1568717472.8879998,-970,412,None,Drag,development
1568717472.896,-970,411,None,Drag,development
1568717472.904,-971,409,None,Drag,development
1568717472.9120002,-972,408,None,Drag,development
1568717472.92,-972,407,None,Drag,development
1568717472.928,-973,405,None,Drag,development
1568717472.936,-973,404,None,Drag,development
1568717472.9429998,-974,403,None,Drag,development
1568717472.951,-975,400,None,Drag,development
1568717472.96,-976,399,None,Drag,development
1568717472.968,-977,398,None,Drag,development
1568717472.9770002,-977,395,None,Drag,development
1568717472.984,-977,395,None,Drag,development
1568717472.992,-978,394,None,Drag,development
1568717473.0,-979,393,None,Drag,development
1568717473.0070002,-979,392,None,Drag,development
1568717473.015,-979,391,None,Drag,development
1568717473.024,-980,390,None,Drag,development
1568717473.032,-980,389,None,Drag,development
1568717473.04,-981,388,None,Drag,development
1568717473.048,-982,388,None,Drag,development
1568717473.056,-982,387,None,Drag,development
1568717473.072,-982,386,None,Drag,development
1568717473.08,-982,386,None,Drag,development
1568717473.0879998,-983,385,None,Drag,development
1568717473.104,-983,384,None,Drag,development
1568717473.119,-985,383,None,Drag,development
1568717473.127,-985,382,None,Drag,development
1568717473.144,-985,381,None,Drag,development
1568717473.1520002,-986,381,None,Drag,development
1568717473.16,-987,380,None,Drag,development
1568717473.175,-987,380,None,Drag,development
1568717473.1920002,-987,379,None,Drag,development
1568717473.208,-988,379,None,Drag,development
1568717473.2389998,-988,378,None,Drag,development
1568717473.248,-988,378,None,Drag,development
1568717473.288,-988,377,None,Drag,development
1568717473.3279998,-989,377,None,Drag,development
1568717473.36,-989,376,None,Drag,development
1568717473.36,-989,376,Left,Released,development
1568717474.344,-989,376,None,Move,development
1568717474.359,-985,376,None,Move,development
1568717474.365,-979,375,None,Move,development
1568717474.37,-973,375,None,Move,development
1568717474.3760002,-965,375,None,Move,development
1568717474.3839998,-955,375,None,Move,development
1568717474.394,-942,375,None,Move,development
1568717474.4,-931,375,None,Move,development
1568717474.408,-919,375,None,Move,development
1568717474.421,-909,377,None,Move,development
1568717474.427,-895,378,None,Move,development
1568717474.4329998,-879,379,None,Move,development
1568717474.44,-865,380,None,Move,development
1568717474.458,-834,381,None,Move,development
1568717474.464,-820,381,None,Move,development
1568717474.472,-805,382,None,Move,development
1568717474.48,-793,382,None,Move,development
1568717474.488,-781,382,None,Move,development
1568717474.496,-773,382,None,Move,development
1568717474.504,-761,382,None,Move,development
1568717474.512,-750,380,None,Move,development
1568717474.52,-742,379,None,Move,development
1568717474.528,-735,378,None,Move,development
1568717474.536,-732,378,None,Move,development
1568717474.544,-730,377,None,Move,development
1568717474.552,-730,377,None,Move,development
1568717475.555,-728,377,None,Move,development
1568717475.563,-726,377,None,Move,development
1568717475.57,-722,376,None,Move,development
1568717475.5779998,-720,375,None,Move,development
1568717475.587,-716,374,None,Move,development
1568717475.597,-713,373,None,Move,development
1568717475.606,-711,373,None,Move,development
1568717475.615,-707,372,None,Move,development
1568717475.6239998,-702,371,None,Move,development
1568717475.6320002,-698,370,None,Move,development
1568717475.6379998,-694,369,None,Move,development
1568717475.645,-688,368,None,Move,development
1568717475.658,-682,367,None,Move,development
1568717475.666,-681,367,None,Move,development
1568717475.675,-680,367,None,Move,development
1568717475.6820002,-679,367,None,Move,development
1568717475.69,-679,367,None,Move,development
1568717475.698,-677,367,None,Move,development
1568717475.706,-674,367,None,Move,development
1568717475.714,-673,367,None,Move,development
1568717475.722,-671,367,None,Move,development
1568717475.7370002,-670,367,None,Move,development
1568717481.059,-670,367,None,Move,development
1568717481.0679998,-670,376,None,Move,development
1568717481.077,-673,390,None,Move,development
1568717481.085,-675,402,None,Move,development
1568717481.091,-677,414,None,Move,development
1568717481.0979998,-680,424,None,Move,development
1568717481.1079998,-683,431,None,Move,development
1568717481.115,-686,437,None,Move,development
1568717481.123,-688,440,None,Move,development
1568717481.14,-690,448,None,Move,development
1568717481.147,-693,451,None,Move,development
1568717481.154,-696,455,None,Move,development
1568717481.163,-697,457,None,Move,development
1568717481.1720002,-699,458,None,Move,development
1568717481.18,-702,460,None,Move,development
1568717481.188,-703,461,None,Move,development
1568717481.196,-705,461,None,Move,development
1568717481.204,-707,462,None,Move,development
1568717481.211,-710,462,None,Move,development
1568717481.22,-712,463,None,Move,development
1568717481.228,-714,464,None,Move,development
1568717481.235,-716,465,None,Move,development
1568717481.2429998,-719,467,None,Move,development
1568717481.2510002,-723,468,None,Move,development
1568717481.2589998,-726,471,None,Move,development
1568717481.266,-727,471,None,Move,development
1568717481.275,-727,471,None,Move,development
1568717481.4829998,-728,471,None,Move,development
1568717481.4910002,-728,469,None,Move,development
1568717481.498,-729,468,None,Move,development
1568717481.5070002,-729,467,None,Move,development
1568717481.515,-730,465,None,Move,development
1568717481.5229998,-730,463,None,Move,development
1568717481.531,-730,462,None,Move,development
1568717481.539,-730,460,None,Move,development
1568717481.5470002,-730,458,None,Move,development
1568717481.554,-730,457,None,Move,development
1568717481.563,-730,455,None,Move,development
1568717481.571,-730,453,None,Move,development
1568717481.579,-730,452,None,Move,development
1568717481.643,-730,452,Left,Pressed,development
1568717481.708,-730,452,Left,Released,development
1568717481.7389998,-730,452,None,Move,development
1568717481.755,-730,452,None,Move,development
1568717481.771,-730,453,None,Move,development
1568717481.779,-730,453,None,Move,development
1568717481.786,-730,455,None,Move,development
1568717481.795,-730,455,None,Move,development
1568717481.803,-729,457,None,Move,development
1568717481.811,-729,457,None,Move,development
1568717481.819,-729,458,None,Move,development
1568717481.827,-729,460,None,Move,development
1568717481.835,-727,460,None,Move,development
1568717481.842,-727,462,None,Move,development
1568717481.851,-727,462,None,Move,development
1568717481.859,-727,463,None,Move,development
1568717481.867,-727,463,None,Move,development
1568717481.94,-727,464,None,Move,development
1568717481.955,-727,465,None,Move,development
1568717482.044,-727,465,Left,Pressed,development
1568717482.099,-727,465,Left,Released,development
1568717482.379,-727,465,Left,Pressed,development
1568717482.452,-727,465,Left,Released,development
1568717482.891,-726,465,None,Move,development
1568717482.899,-723,465,None,Move,development
1568717482.9220002,-722,465,None,Move,development
1568717482.928,-720,465,None,Move,development
1568717482.935,-719,465,None,Move,development
1568717482.941,-718,465,None,Move,development
1568717482.947,-718,465,None,Move,development
1568717483.059,-718,466,None,Move,development
1568717483.0670002,-719,467,None,Move,development
1568717483.075,-721,469,None,Move,development
1568717483.083,-722,469,None,Move,development
1568717483.091,-722,469,None,Move,development
1568717483.1,-724,470,None,Move,development
1568717483.107,-726,472,None,Move,development
1568717483.115,-728,472,None,Move,development
1568717483.123,-729,473,None,Move,development
1568717483.131,-731,475,None,Move,development
1568717483.139,-733,475,None,Move,development
1568717483.147,-734,477,None,Move,development
1568717483.155,-736,478,None,Move,development
1568717483.163,-736,478,None,Move,development
1568717483.171,-737,479,None,Move,development
1568717483.18,-739,480,None,Move,development
1568717483.187,-739,481,None,Move,development
1568717483.197,-740,481,None,Move,development
1568717483.205,-741,482,None,Move,development
1568717483.22,-742,483,None,Move,development
1568717483.2270002,-743,483,None,Move,development
1568717483.3639998,-742,484,None,Move,development
1568717483.373,-740,485,None,Move,development
1568717483.3820002,-737,485,None,Move,development
1568717483.389,-735,486,None,Move,development
1568717483.396,-732,487,None,Move,development
1568717483.404,-731,487,None,Move,development
1568717483.411,-729,488,None,Move,development
1568717483.419,-727,488,None,Move,development
1568717483.428,-725,488,None,Move,development
1568717483.436,-724,489,None,Move,development
1568717483.4429998,-723,489,None,Move,development
1568717483.451,-723,489,None,Move,development
1568717483.699,-723,489,Left,Pressed,development
1568717483.8839998,-723,489,Left,Released,development
1568717483.9729998,-723,489,Left,Pressed,development
1568717484.043,-723,489,Left,Released,development
1568717484.556,-723,490,None,Move,development
1568717484.565,-727,494,None,Move,development
1568717484.573,-729,495,None,Move,development
1568717484.592,-734,499,None,Move,development
1568717484.597,-736,500,None,Move,development
1568717484.603,-739,502,None,Move,development
1568717484.611,-741,504,None,Move,development
1568717484.621,-744,506,None,Move,development
1568717484.627,-745,508,None,Move,development
1568717484.635,-747,509,None,Move,development
1568717484.643,-748,510,None,Move,development
1568717484.651,-749,510,None,Move,development
1568717484.659,-749,511,None,Move,development
1568717484.668,-750,512,None,Move,development
1568717484.899,-750,512,None,Move,development
1568717484.908,-750,512,None,Move,development
1568717484.915,-748,512,None,Move,development
1568717484.931,-747,512,None,Move,development
1568717484.947,-747,512,None,Move,development
1568717484.955,-746,512,None,Move,development
1568717484.964,-745,512,None,Move,development
1568717484.971,-744,512,None,Move,development
1568717484.979,-743,512,None,Move,development
1568717484.996,-742,512,None,Move,development
1568717485.059,-741,512,None,Move,development
1568717485.0679998,-739,512,None,Move,development
1568717485.076,-736,512,None,Move,development
1568717485.084,-733,512,None,Move,development
1568717485.091,-731,512,None,Move,development
1568717485.099,-728,512,None,Move,development
1568717485.107,-725,512,None,Move,development
1568717485.1160002,-722,512,None,Move,development
1568717485.123,-719,512,None,Move,development
1568717485.1320002,-715,512,None,Move,development
1568717485.141,-707,513,None,Move,development
1568717485.147,-700,513,None,Move,development
1568717485.156,-693,513,None,Move,development
1568717485.164,-685,514,None,Move,development
1568717485.1720002,-680,514,None,Move,development
1568717485.181,-673,515,None,Move,development
1568717485.191,-666,516,None,Move,development
1568717485.197,-663,516,None,Move,development
1568717485.204,-660,516,None,Move,development
1568717485.212,-658,516,None,Move,development
1568717485.22,-657,516,None,Move,development
1568717485.236,-656,516,None,Move,development
1568717485.26,-655,516,None,Move,development
1568717485.2670002,-655,516,None,Move,development
1568717485.275,-654,516,None,Move,development
1568717485.283,-652,516,None,Move,development
1568717485.291,-651,516,None,Move,development
1568717485.299,-650,516,None,Move,development
1568717485.3079998,-648,516,None,Move,development
1568717485.315,-648,516,None,Move,development
1568717485.323,-647,515,None,Move,development
1568717485.331,-645,515,None,Move,development
1568717485.339,-645,515,None,Move,development
1568717485.347,-644,515,None,Move,development
1568717485.356,-643,515,None,Move,development
1568717485.3639998,-642,515,None,Move,development
1568717485.371,-642,515,None,Move,development
1568717485.379,-641,514,None,Move,development
1568717485.387,-641,514,None,Move,development
1568717485.42,-640,514,None,Move,development
1568717485.436,-639,514,None,Move,development
1568717485.444,-638,514,None,Move,development
1568717485.451,-636,513,None,Move,development
1568717485.458,-634,513,None,Move,development
1568717485.469,-633,513,None,Move,development
1568717485.4770002,-631,513,None,Move,development
1568717485.484,-631,513,None,Move,development
1568717485.492,-630,513,None,Move,development
1568717485.498,-630,513,None,Move,development
1568717485.54,-629,513,None,Move,development
1568717485.5470002,-629,513,None,Move,development
1568717485.555,-628,513,None,Move,development
1568717485.563,-627,513,None,Move,development
1568717485.581,-627,512,None,Move,development
1568717485.5879998,-626,512,None,Move,development
1568717485.716,-627,512,None,Move,development
1568717485.7229998,-630,511,None,Move,development
1568717485.731,-636,511,None,Move,development
1568717485.7389998,-643,510,None,Move,development
1568717485.7470002,-651,510,None,Move,development
1568717485.756,-657,510,None,Move,development
1568717485.764,-668,510,None,Move,development
1568717485.771,-676,508,None,Move,development
1568717485.779,-686,508,None,Move,development
1568717485.7870002,-692,508,None,Move,development
1568717485.795,-700,508,None,Move,development
1568717485.803,-707,507,None,Move,development
1568717485.812,-713,507,None,Move,development
1568717485.82,-719,507,None,Move,development
1568717485.8279998,-723,507,None,Move,development
1568717485.835,-726,507,None,Move,development
1568717485.843,-729,507,None,Move,development
1568717485.851,-730,507,None,Move,development
1568717485.859,-730,507,None,Move,development
1568717485.8679998,-731,507,None,Move,development
1568717486.1079998,-733,507,None,Move,development
1568717486.1160002,-735,508,None,Move,development
1568717486.123,-736,508,None,Move,development
1568717486.131,-737,508,None,Move,development
1568717486.139,-738,508,None,Move,development
1568717486.157,-739,508,None,Move,development
1568717486.66,-739,508,Left,Pressed,development
1568717486.715,-739,508,Left,Released,development
1568717486.805,-739,508,Left,Pressed,development
1568717486.8920002,-739,508,Left,Released,development
1568717487.181,-737,508,None,Move,development
1568717487.19,-733,508,None,Move,development
1568717487.2,-731,508,None,Move,development
1568717487.225,-721,508,None,Move,development
1568717487.231,-718,508,None,Move,development
1568717487.2370002,-715,508,None,Move,development
1568717487.244,-712,508,None,Move,development
1568717487.2529998,-708,508,None,Move,development
1568717487.26,-704,508,None,Move,development
1568717487.268,-700,508,None,Move,development
1568717487.275,-695,508,None,Move,development
1568717487.283,-690,508,None,Move,development
1568717487.293,-688,508,None,Move,development
1568717487.301,-684,508,None,Move,development
1568717487.3079998,-682,508,None,Move,development
1568717487.316,-679,508,None,Move,development
1568717487.324,-677,508,None,Move,development
1568717487.331,-675,508,None,Move,development
1568717487.339,-673,507,None,Move,development
1568717487.347,-672,507,None,Move,development
1568717487.356,-671,507,None,Move,development
1568717487.3639998,-670,507,None,Move,development
1568717487.38,-669,507,None,Move,development
1568717487.3879998,-669,507,None,Move,development
1568717487.403,-668,506,None,Move,development
1568717487.4120002,-668,506,None,Move,development
1568717487.42,-667,506,None,Move,development
1568717487.428,-667,506,None,Move,development
1568717487.4429998,-666,506,None,Move,development
1568717487.844,-667,508,None,Move,development
1568717487.8520002,-670,511,None,Move,development
1568717487.859,-671,514,None,Move,development
1568717487.867,-673,516,None,Move,development
1568717487.8760002,-675,518,None,Move,development
1568717487.8839998,-677,520,None,Move,development
1568717487.8920002,-677,523,None,Move,development
1568717487.9,-678,524,None,Move,development
1568717487.908,-679,527,None,Move,development
1568717487.915,-680,529,None,Move,development
1568717487.923,-680,532,None,Move,development
1568717487.931,-680,534,None,Move,development
1568717487.94,-681,537,None,Move,development
1568717487.948,-682,539,None,Move,development
1568717487.956,-682,540,None,Move,development
1568717487.964,-682,541,None,Move,development
1568717487.971,-682,544,None,Move,development
1568717487.979,-682,544,None,Move,development
1568717487.988,-682,545,None,Move,development
1568717487.996,-682,547,None,Move,development
1568717488.004,-682,548,None,Move,development
1568717488.012,-683,548,None,Move,development
1568717488.02,-683,549,None,Move,development
1568717488.053,-683,550,None,Move,development
1568717488.0679998,-683,550,None,Move,development
1568717488.085,-684,551,None,Move,development
1568717488.091,-684,551,None,Move,development
1568717488.1,-684,552,None,Move,development
1568717488.1079998,-684,552,None,Move,development
1568717488.117,-684,553,None,Move,development
1568717488.1239998,-684,554,None,Move,development
1568717488.1320002,-685,555,None,Move,development
1568717488.14,-685,556,None,Move,development
1568717488.147,-685,557,None,Move,development
1568717488.155,-685,557,None,Move,development
1568717488.1720002,-685,558,None,Move,development
1568717488.196,-686,560,None,Move,development
1568717488.2029998,-687,561,None,Move,development
1568717488.211,-687,562,None,Move,development
1568717488.22,-687,563,None,Move,development
1568717488.228,-688,564,None,Move,development
1568717488.236,-689,566,None,Move,development
1568717488.244,-689,566,None,Move,development
1568717488.252,-690,567,None,Move,development
1568717488.2589998,-690,568,None,Move,development
1568717488.2670002,-691,569,None,Move,development
1568717488.276,-692,570,None,Move,development
1568717488.285,-693,571,None,Move,development
1568717488.293,-694,573,None,Move,development
1568717488.301,-695,573,None,Move,development
1568717488.309,-695,574,None,Move,development
1568717488.315,-697,575,None,Move,development
1568717488.323,-698,576,None,Move,development
1568717488.34,-700,578,None,Move,development
1568717488.3520002,-701,579,None,Move,development
1568717488.359,-702,579,None,Move,development
1568717488.3660002,-703,580,None,Move,development
1568717488.371,-703,580,None,Move,development
1568717488.379,-705,581,None,Move,development
1568717488.3879998,-707,582,None,Move,development
1568717488.407,-711,584,None,Move,development
1568717488.413,-714,585,None,Move,development
1568717488.42,-716,586,None,Move,development
1568717488.428,-718,586,None,Move,development
1568717488.435,-719,587,None,Move,development
1568717488.444,-721,588,None,Move,development
1568717488.46,-721,588,None,Move,development
1568717488.476,-722,588,None,Move,development
1568717488.4910002,-723,589,None,Move,development
1568717488.4989998,-724,589,None,Move,development
1568717488.508,-725,589,None,Move,development
1568717488.5170002,-726,590,None,Move,development
1568717488.525,-728,591,None,Move,development
1568717488.532,-729,591,None,Move,development
1568717488.54,-730,591,None,Move,development
1568717488.5470002,-732,592,None,Move,development
1568717488.556,-734,594,None,Move,development
1568717488.564,-735,594,None,Move,development
1568717488.572,-737,595,None,Move,development
1568717488.58,-739,595,None,Move,development
1568717488.5879998,-740,596,None,Move,development
1568717488.596,-741,596,None,Move,development
1568717488.603,-743,597,None,Move,development
1568717488.611,-744,598,None,Move,development
1568717488.62,-745,598,None,Move,development
1568717488.6279998,-746,599,None,Move,development
1568717488.6360002,-747,600,None,Move,development
1568717488.644,-748,600,None,Move,development
1568717488.6520002,-751,603,None,Move,development
1568717488.66,-753,603,None,Move,development
1568717488.667,-755,605,None,Move,development
1568717488.676,-757,606,None,Move,development
1568717488.684,-758,607,None,Move,development
1568717488.6920002,-761,608,None,Move,development
1568717488.7,-763,609,None,Move,development
1568717488.708,-764,610,None,Move,development
1568717488.715,-766,611,None,Move,development
1568717488.7229998,-767,611,None,Move,development
1568717488.731,-768,612,None,Move,development
1568717488.74,-769,613,None,Move,development
1568717488.748,-769,613,None,Move,development
1568717488.9320002,-771,613,None,Move,development
1568717488.941,-772,613,None,Move,development
1568717488.95,-774,613,None,Move,development
1568717488.957,-775,613,None,Move,development
1568717488.965,-777,611,None,Move,development
1568717488.972,-778,611,None,Move,development
1568717488.98,-780,611,None,Move,development
1568717488.988,-781,610,None,Move,development
1568717488.996,-781,609,None,Move,development
1568717489.06,-781,609,Left,Pressed,development
1568717489.1320002,-781,609,Left,Released,development
1568717489.38,-781,609,None,Move,development
1568717489.3879998,-779,607,None,Move,development
1568717489.396,-776,607,None,Move,development
1568717489.404,-773,607,None,Move,development
1568717489.411,-770,606,None,Move,development
1568717489.42,-765,605,None,Move,development
1568717489.428,-760,605,None,Move,development
1568717489.436,-757,605,None,Move,development
1568717489.444,-752,604,None,Move,development
1568717489.452,-749,604,None,Move,development
1568717489.46,-746,604,None,Move,development
1568717489.467,-743,604,None,Move,development
1568717489.4770002,-740,604,None,Move,development
1568717489.484,-736,604,None,Move,development
1568717489.492,-733,604,None,Move,development
1568717489.5010002,-731,604,None,Move,development
1568717489.508,-729,604,None,Move,development
1568717489.5170002,-726,604,None,Move,development
1568717489.524,-725,604,None,Move,development
1568717489.533,-724,604,None,Move,development
1568717489.6920002,-723,604,None,Move,development
1568717491.5170002,-723,604,None,Move,development
1568717491.525,-723,601,None,Move,development
1568717491.533,-723,598,None,Move,development
1568717491.541,-722,597,None,Move,development
1568717491.548,-722,596,None,Move,development
1568717491.565,-722,594,None,Move,development
1568717491.572,-721,593,None,Move,development
1568717491.605,-721,593,Left,Pressed,development
1568717491.669,-721,593,Left,Released,development
1568717491.7729998,-722,591,None,Move,development
1568717491.78,-728,587,None,Move,development
1568717491.788,-734,583,None,Move,development
1568717491.796,-740,578,None,Move,development
1568717491.804,-755,569,None,Move,development
1568717491.812,-780,553,None,Move,development
1568717491.82,-809,536,None,Move,development
1568717491.8279998,-849,513,None,Move,development
1568717491.836,-902,491,None,Move,development
1568717491.8579998,-938,476,None,Move,development
1568717491.8639998,-1019,454,None,Move,development
1568717491.87,-1053,447,None,Move,development
1568717491.8760002,-1088,439,None,Move,development
1568717491.885,-1125,433,None,Move,development
1568717491.8920002,-1143,429,None,Move,development
1568717491.9,-1167,426,None,Move,development
1568717491.908,-1188,422,None,Move,development
1568717491.916,-1204,419,None,Move,development
1568717491.925,-1215,416,None,Move,development
1568717491.9329998,-1223,414,None,Move,development
1568717491.94,-1229,412,None,Move,development
1568717491.949,-1234,410,None,Move,development
1568717491.956,-1239,410,None,Move,development
1568717491.964,-1242,409,None,Move,development
1568717491.972,-1247,408,None,Move,development
1568717491.98,-1251,406,None,Move,development
1568717491.988,-1253,404,None,Move,development
1568717491.9970002,-1258,402,None,Move,development
1568717492.005,-1261,399,None,Move,development
1568717492.02,-1273,396,None,Move,development
1568717492.028,-1279,394,None,Move,development
1568717492.036,-1285,393,None,Move,development
1568717492.044,-1289,392,None,Move,development
1568717492.052,-1295,389,None,Move,development
1568717492.061,-1303,386,None,Move,development
1568717492.0679998,-1309,384,None,Move,development
1568717492.076,-1315,382,None,Move,development
1568717492.086,-1323,377,None,Move,development
1568717492.094,-1334,374,None,Move,development
1568717492.1020002,-1345,370,None,Move,development
1568717492.11,-1359,366,None,Move,development
1568717492.117,-1372,363,None,Move,development
1568717492.1239998,-1385,361,None,Move,development
1568717492.1320002,-1402,357,None,Move,development
1568717492.14,-1420,353,None,Move,development
1568717492.1479998,-1443,350,None,Move,development
1568717492.157,-1472,345,None,Move,development
1568717492.164,-1503,342,None,Move,development
1568717492.174,-1534,339,None,Move,development
1568717492.18,-1561,334,None,Move,development
1568717492.188,-1589,331,None,Move,development
1568717492.196,-1619,329,None,Move,development
1568717492.204,-1650,328,None,Move,development
1568717492.212,-1680,328,None,Move,development
1568717492.22,-1700,326,None,Move,development
1568717492.228,-1722,326,None,Move,development
1568717492.236,-1738,326,None,Move,development
1568717492.244,-1749,326,None,Move,development
1568717492.252,-1757,325,None,Move,development
1568717492.26,-1763,323,None,Move,development
1568717492.268,-1764,323,None,Move,development
1568717492.276,-1767,321,None,Move,development
1568717492.285,-1769,320,None,Move,development
1568717492.3,-1770,320,None,Move,development
1568717492.325,-1770,320,None,Move,development
1568717492.357,-1771,320,None,Move,development
1568717492.363,-1773,320,None,Move,development
1568717492.3860002,-1773,320,None,Move,development
1568717492.396,-1774,318,None,Move,development
1568717492.404,-1774,316,None,Move,development
1568717492.418,-1773,313,None,Move,development
1568717492.426,-1773,312,None,Move,development
1568717492.434,-1773,311,None,Move,development
1568717492.482,-1773,311,None,Move,development
1568717492.498,-1773,310,None,Move,development
1568717492.516,-1773,309,None,Move,development
1568717492.522,-1773,308,None,Move,development
1568717492.53,-1773,308,None,Move,development
1568717492.538,-1773,307,None,Move,development
1568717492.554,-1773,307,None,Move,development
1568717492.563,-1773,306,None,Move,development
1568717492.571,-1773,305,None,Move,development
1568717492.579,-1772,304,None,Move,development
1568717492.586,-1772,304,None,Move,development
1568717492.594,-1772,303,None,Move,development
1568717492.6020002,-1772,303,None,Move,development
1568717492.61,-1772,302,None,Move,development
1568717492.6179998,-1772,301,None,Move,development
1568717492.6260002,-1772,301,None,Move,development
1568717492.635,-1772,300,None,Move,development
1568717492.6420002,-1772,300,None,Move,development
1568717492.651,-1772,299,None,Move,development
1568717492.659,-1772,299,None,Move,development
1568717492.667,-1772,298,None,Move,development
1568717492.674,-1772,297,None,Move,development
1568717492.6920002,-1772,297,None,Move,development
1568717492.73,-1772,296,None,Move,development
1568717492.738,-1772,296,None,Move,development
1568717492.7470002,-1772,295,None,Move,development
1568717492.7629998,-1772,294,None,Move,development
1568717492.771,-1771,293,None,Move,development
1568717492.778,-1771,292,None,Move,development
1568717492.786,-1771,292,None,Move,development
1568717492.795,-1770,291,None,Move,development
1568717492.803,-1770,290,None,Move,development
1568717492.81,-1770,290,None,Move,development
1568717492.8179998,-1770,289,None,Move,development
1568717492.827,-1770,288,None,Move,development
1568717492.835,-1770,287,None,Move,development
1568717492.843,-1769,286,None,Move,development
1568717492.851,-1769,286,None,Move,development
1568717492.867,-1769,285,None,Move,development
1568717492.8739998,-1769,285,None,Move,development
1568717492.883,-1769,284,None,Move,development
1568717492.891,-1768,283,None,Move,development
1568717492.908,-1767,283,None,Move,development
1568717492.923,-1767,282,None,Move,development
1568717492.939,-1767,282,Left,Pressed,development
1568717493.01,-1767,282,Left,Released,development
1568717493.834,-1765,282,None,Move,development
1568717493.844,-1750,283,None,Move,development
1568717493.8520002,-1726,289,None,Move,development
1568717493.8579998,-1701,297,None,Move,development
1568717493.8660002,-1663,308,None,Move,development
1568717493.8739998,-1611,323,None,Move,development
1568717493.8820002,-1546,342,None,Move,development
1568717493.891,-1477,359,None,Move,development
1568717493.899,-1374,389,None,Move,development
1568717493.907,-1285,418,None,Move,development
1568717493.914,-1199,442,None,Move,development
1568717493.9220002,-1118,462,None,Move,development
1568717493.93,-1048,481,None,Move,development
1568717493.9529998,-994,493,None,Move,development
1568717493.959,-885,517,None,Move,development
1568717493.964,-850,524,None,Move,development
1568717493.97,-824,527,None,Move,development
1568717493.978,-809,529,None,Move,development
1568717493.986,-801,531,None,Move,development
1568717493.994,-799,531,None,Move,development
1568717494.004,-798,531,None,Move,development
1568717494.05,-798,531,None,Move,development
1568717494.0579998,-797,529,None,Move,development
1568717494.0670002,-796,528,None,Move,development
1568717494.075,-795,527,None,Move,development
1568717494.083,-794,525,None,Move,development
1568717494.0979998,-793,524,None,Move,development
1568717494.115,-793,522,None,Move,development
1568717494.123,-793,520,None,Move,development
1568717494.131,-792,518,None,Move,development
1568717494.139,-790,514,None,Move,development
1568717494.146,-790,512,None,Move,development
1568717494.154,-789,510,None,Move,development
1568717494.1620002,-787,506,None,Move,development
1568717494.1720002,-786,503,None,Move,development
1568717494.179,-783,501,None,Move,development
1568717494.187,-780,496,None,Move,development
1568717494.204,-776,490,None,Move,development
1568717494.211,-772,484,None,Move,development
1568717494.219,-769,482,None,Move,development
1568717494.2270002,-765,476,None,Move,development
1568717494.235,-764,475,None,Move,development
1568717494.2429998,-761,471,None,Move,development
1568717494.252,-760,471,None,Move,development
1568717494.2589998,-758,469,None,Move,development
1568717494.266,-755,468,None,Move,development
1568717494.274,-753,467,None,Move,development
1568717494.282,-749,465,None,Move,development
1568717494.291,-745,464,None,Move,development
1568717494.299,-739,463,None,Move,development
1568717494.3070002,-732,462,None,Move,development
1568717494.315,-724,461,None,Move,development
1568717494.322,-715,461,None,Move,development
1568717494.33,-707,461,None,Move,development
1568717494.3379998,-700,461,None,Move,development
1568717494.3479998,-693,460,None,Move,development
1568717494.355,-688,460,None,Move,development
1568717494.363,-686,460,None,Move,development
1568717494.371,-683,460,None,Move,development
1568717494.3779998,-682,460,None,Move,development
1568717494.3860002,-681,460,None,Move,development
1568717494.396,-679,460,None,Move,development
1568717494.411,-679,460,None,Move,development
1568717494.539,-678,460,None,Move,development
1568717494.546,-678,460,None,Move,development
1568717494.571,-677,460,None,Move,development
1568717494.579,-677,460,None,Move,development
1568717494.587,-674,462,None,Move,development
1568717494.595,-672,466,None,Move,development
1568717494.6020002,-666,476,None,Move,development
1568717494.61,-660,490,None,Move,development
1568717494.6179998,-653,513,None,Move,development
1568717494.627,-643,538,None,Move,development
1568717494.6360002,-635,570,None,Move,development
1568717494.643,-631,586,None,Move,development
1568717494.651,-626,600,None,Move,development
1568717494.658,-624,614,None,Move,development
1568717494.666,-621,625,None,Move,development
1568717494.674,-619,634,None,Move,development
1568717494.6820002,-618,644,None,Move,development
1568717494.6920002,-618,650,None,Move,development
1568717494.699,-618,657,None,Move,development
1568717494.707,-618,663,None,Move,development
1568717494.715,-618,668,None,Move,development
1568717494.722,-618,673,None,Move,development
1568717494.73,-618,678,None,Move,development
1568717494.738,-618,681,None,Move,development
1568717494.7470002,-618,684,None,Move,development
1568717494.756,-617,690,None,Move,development
1568717494.7770002,-616,693,None,Move,development
1568717494.785,-616,697,None,Move,development
1568717494.7970002,-616,698,None,Move,development
1568717494.804,-616,699,None,Move,development
1568717495.1239998,-616,699,None,Move,development
1568717495.1320002,-616,698,None,Move,development
1568717495.179,-616,697,None,Move,development
1568717495.187,-616,696,None,Move,development
1568717495.403,-616,696,Left,Pressed,development
1568717495.403,-616,696,None,Drag,development
1568717495.411,-614,696,None,Drag,development
1568717495.418,-612,696,None,Drag,development
1568717495.426,-610,695,None,Drag,development
1568717495.434,-607,694,None,Drag,development
1568717495.4429998,-605,694,None,Drag,development
1568717495.451,-600,694,None,Drag,development
1568717495.459,-593,694,None,Drag,development
1568717495.467,-587,693,None,Drag,development
1568717495.474,-579,693,None,Drag,development
1568717495.482,-573,693,None,Drag,development
1568717495.49,-562,693,None,Drag,development
1568717495.4989998,-553,693,None,Drag,development
1568717495.5070002,-539,693,None,Drag,development
1568717495.515,-529,693,None,Drag,development
1568717495.5229998,-518,693,None,Drag,development
1568717495.53,-508,693,None,Drag,development
1568717495.538,-496,693,None,Drag,development
1568717495.546,-485,693,None,Drag,development
1568717495.555,-477,693,None,Drag,development
1568717495.563,-469,693,None,Drag,development
1568717495.571,-463,693,None,Drag,development
1568717495.579,-459,693,None,Drag,development
1568717495.5879998,-455,693,None,Drag,development
1568717495.594,-452,694,None,Drag,development
1568717495.6020002,-450,694,None,Drag,development
1568717495.6120002,-447,694,None,Drag,development
1568717495.619,-445,694,None,Drag,development
1568717495.627,-443,694,None,Drag,development
1568717495.635,-441,694,None,Drag,development
1568717495.643,-441,694,None,Drag,development
1568717495.65,-440,694,None,Drag,development
1568717495.698,-439,694,None,Drag,development
1568717495.706,-438,694,None,Drag,development
1568717495.714,-437,694,None,Drag,development
1568717495.7229998,-436,694,None,Drag,development
1568717495.731,-434,694,None,Drag,development
1568717495.7389998,-433,694,None,Drag,development
1568717495.7470002,-433,694,None,Drag,development
1568717495.755,-432,694,None,Drag,development
1568717495.755,-432,694,Left,Released,development
1568717496.0270002,-432,693,None,Move,development
1568717496.036,-434,686,None,Move,development
1568717496.0470002,-435,680,None,Move,development
1568717496.053,-439,672,None,Move,development
1568717496.059,-442,662,None,Move,development
1568717496.0670002,-446,649,None,Move,development
1568717496.075,-456,626,None,Move,development
1568717496.083,-464,606,None,Move,development
1568717496.091,-470,591,None,Move,development
1568717496.099,-477,576,None,Move,development
1568717496.106,-481,564,None,Move,development
1568717496.1139998,-484,555,None,Move,development
1568717496.123,-485,549,None,Move,development
1568717496.131,-485,540,None,Move,development
1568717496.139,-485,535,None,Move,development
1568717496.147,-485,529,None,Move,development
1568717496.155,-484,523,None,Move,development
1568717496.1620002,-483,519,None,Move,development
1568717496.17,-483,515,None,Move,development
1568717496.179,-482,512,None,Move,development
1568717496.187,-482,509,None,Move,development
1568717496.195,-481,505,None,Move,development
1568717496.2029998,-481,503,None,Move,development
1568717496.211,-481,500,None,Move,development
1568717496.218,-481,499,None,Move,development
1568717496.226,-481,498,None,Move,development
1568717496.235,-481,497,None,Move,development
1568717496.2429998,-481,495,None,Move,development
1568717496.2510002,-481,494,None,Move,development
1568717496.2589998,-480,491,None,Move,development
1568717496.2670002,-479,488,None,Move,development
1568717496.275,-479,487,None,Move,development
1568717496.282,-479,484,None,Move,development
1568717496.291,-479,482,None,Move,development
1568717496.299,-479,479,None,Move,development
1568717496.3070002,-479,478,None,Move,development
1568717496.315,-479,478,None,Move,development
1568717496.327,-479,477,None,Move,development
1568717496.333,-479,476,None,Move,development
1568717496.339,-479,476,None,Move,development
1568717496.347,-479,475,None,Move,development
1568717496.355,-479,474,None,Move,development
1568717496.363,-479,473,None,Move,development
1568717496.371,-478,472,None,Move,development
1568717496.379,-478,470,None,Move,development
1568717496.387,-478,469,None,Move,development
1568717496.394,-478,468,None,Move,development
1568717496.403,-478,466,None,Move,development
1568717496.411,-478,465,None,Move,development
1568717496.419,-478,464,None,Move,development
1568717496.427,-478,462,None,Move,development
1568717496.435,-478,461,None,Move,development
1568717496.4429998,-478,461,None,Move,development
1568717496.45,-478,460,None,Move,development
1568717496.458,-478,459,None,Move,development
1568717496.467,-478,458,None,Move,development
1568717496.485,-479,456,None,Move,development
1568717496.4910002,-479,454,None,Move,development
1568717496.4989998,-479,453,None,Move,development
1568717496.506,-480,452,None,Move,development
1568717496.514,-480,450,None,Move,development
1568717496.5229998,-480,449,None,Move,development
1568717496.531,-480,448,None,Move,development
1568717496.5470002,-480,448,None,Move,development
1568717496.571,-480,448,Left,Pressed,development
1568717496.659,-480,448,Left,Released,development
1568717496.699,-480,448,Left,Pressed,development
1568717496.772,-480,448,Left,Released,development
1568717496.867,-481,448,None,Move,development
1568717496.875,-483,448,None,Move,development
1568717496.883,-488,448,None,Move,development
1568717496.891,-495,448,None,Move,development
1568717496.91,-517,448,None,Move,development
1568717496.916,-533,448,None,Move,development
1568717496.923,-561,448,None,Move,development
1568717496.931,-596,447,None,Move,development
1568717496.939,-630,446,None,Move,development
1568717496.947,-674,442,None,Move,development
1568717496.955,-726,436,None,Move,development
1568717496.964,-782,428,None,Move,development
1568717496.97,-845,420,None,Move,development
1568717496.979,-903,414,None,Move,development
1568717497.0010002,-961,408,None,Move,development
1568717497.0070002,-1075,390,None,Move,development
1568717497.012,-1128,382,None,Move,development
1568717497.019,-1172,377,None,Move,development
1568717497.026,-1204,372,None,Move,development
1568717497.035,-1238,366,None,Move,development
1568717497.043,-1270,361,None,Move,development
1568717497.051,-1296,357,None,Move,development
1568717497.059,-1316,356,None,Move,development
1568717497.0670002,-1339,351,None,Move,development
1568717497.075,-1357,350,None,Move,development
1568717497.082,-1379,348,None,Move,development
1568717497.091,-1402,347,None,Move,development
1568717497.099,-1425,344,None,Move,development
1568717497.107,-1442,343,None,Move,development
1568717497.115,-1455,342,None,Move,development
1568717497.123,-1467,341,None,Move,development
1568717497.1320002,-1479,339,None,Move,development
1568717497.1379998,-1490,337,None,Move,development
1568717497.146,-1505,335,None,Move,development
1568717497.155,-1517,333,None,Move,development
1568717497.163,-1542,329,None,Move,development
1568717497.171,-1560,326,None,Move,development
1568717497.18,-1583,323,None,Move,development
1568717497.187,-1610,319,None,Move,development
1568717497.194,-1635,317,None,Move,development
1568717497.2029998,-1657,317,None,Move,development
1568717497.211,-1674,316,None,Move,development
1568717497.219,-1682,316,None,Move,development
1568717497.228,-1693,315,None,Move,development
1568717497.2489998,-1713,312,None,Move,development
1568717497.255,-1724,308,None,Move,development
1568717497.26,-1732,307,None,Move,development
1568717497.278,-1741,306,None,Move,development
1568717497.315,-1741,306,None,Move,development
1568717497.324,-1742,306,None,Move,development
1568717497.331,-1745,305,None,Move,development
1568717497.339,-1748,304,None,Move,development
1568717497.347,-1753,304,None,Move,development
1568717497.355,-1756,303,None,Move,development
1568717497.363,-1762,302,None,Move,development
1568717497.37,-1765,301,None,Move,development
1568717497.379,-1768,300,None,Move,development
1568717497.387,-1772,299,None,Move,development
1568717497.395,-1775,299,None,Move,development
1568717497.403,-1777,298,None,Move,development
1568717497.411,-1781,298,None,Move,development
1568717497.419,-1784,296,None,Move,development
1568717497.426,-1788,295,None,Move,development
1568717497.435,-1790,295,None,Move,development
1568717497.4910002,-1790,295,None,Move,development
1568717497.4989998,-1790,294,None,Move,development
1568717497.5070002,-1789,292,None,Move,development
1568717497.515,-1789,292,None,Move,development
1568717497.5229998,-1788,290,None,Move,development
1568717497.531,-1787,289,None,Move,development
1568717497.538,-1786,288,None,Move,development
1568717497.5470002,-1785,288,None,Move,development
1568717497.556,-1783,286,None,Move,development
1568717497.563,-1780,286,None,Move,development
1568717497.572,-1778,285,None,Move,development
1568717497.579,-1777,284,None,Move,development
1568717497.587,-1775,283,None,Move,development
1568717497.594,-1773,283,None,Move,development
1568717497.603,-1772,283,None,Move,development
1568717497.6120002,-1771,283,None,Move,development
1568717497.619,-1770,283,None,Move,development
1568717497.627,-1769,282,None,Move,development
1568717497.635,-1768,282,None,Move,development
1568717497.643,-1768,282,None,Move,development
1568717497.651,-1766,281,None,Move,development
1568717497.659,-1764,280,None,Move,development
1568717497.667,-1763,280,None,Move,development
1568717497.675,-1762,279,None,Move,development
1568717497.6829998,-1760,279,None,Move,development
1568717497.691,-1760,279,None,Move,development
1568717497.701,-1759,278,None,Move,development
1568717497.826,-1759,278,Left,Pressed,development
1568717497.916,-1759,278,Left,Released,development
1568717498.5470002,-1757,278,None,Move,development
1568717498.5570002,-1746,285,None,Move,development
1568717498.565,-1733,292,None,Move,development
1568717498.573,-1710,302,None,Move,development
1568717498.581,-1676,317,None,Move,development
1568717498.5879998,-1638,329,None,Move,development
1568717498.596,-1586,345,None,Move,development
1568717498.603,-1529,366,None,Move,development
1568717498.611,-1464,384,None,Move,development
1568717498.62,-1394,404,None,Move,development
1568717498.627,-1324,421,None,Move,development
1568717498.635,-1268,433,None,Move,development
1568717498.643,-1207,447,None,Move,development
1568717498.651,-1153,457,None,Move,development
1568717498.659,-1108,466,None,Move,development
1568717498.667,-1065,476,None,Move,development
1568717498.69,-1036,482,None,Move,development
1568717498.696,-998,492,None,Move,development
1568717498.701,-986,494,None,Move,development
1568717498.707,-975,496,None,Move,development
1568717498.715,-967,498,None,Move,development
1568717498.7229998,-961,499,None,Move,development
1568717498.731,-957,499,None,Move,development
1568717498.7389998,-951,501,None,Move,development
1568717498.752,-946,502,None,Move,development
1568717498.7570002,-938,504,None,Move,development
1568717498.764,-928,507,None,Move,development
1568717498.771,-916,512,None,Move,development
1568717498.779,-902,516,None,Move,development
1568717498.7870002,-885,523,None,Move,development
1568717498.795,-863,529,None,Move,development
1568717498.803,-838,536,None,Move,development
1568717498.811,-816,544,None,Move,development
1568717498.819,-796,551,None,Move,development
1568717498.827,-782,555,None,Move,development
1568717498.835,-764,564,None,Move,development
1568717498.843,-751,571,None,Move,development
1568717498.851,-741,577,None,Move,development
1568717498.859,-731,586,None,Move,development
1568717498.867,-723,595,None,Move,development
1568717498.875,-714,605,None,Move,development
1568717498.883,-707,614,None,Move,development
1568717498.891,-700,624,None,Move,development
1568717498.899,-695,630,None,Move,development
1568717498.907,-694,632,None,Move,development
1568717498.915,-694,633,None,Move,development
1568717498.923,-692,636,None,Move,development
1568717498.931,-692,638,None,Move,development
1568717498.941,-692,640,None,Move,development
1568717498.947,-692,642,None,Move,development
1568717498.955,-692,644,None,Move,development
1568717498.9629998,-692,646,None,Move,development
1568717498.971,-692,649,None,Move,development
1568717498.979,-692,650,None,Move,development
1568717498.9870002,-692,652,None,Move,development
1568717498.995,-692,653,None,Move,development
1568717499.0029998,-692,654,None,Move,development
1568717499.0110002,-692,655,None,Move,development
1568717499.019,-692,656,None,Move,development
1568717499.044,-692,656,None,Move,development
1568717499.052,-692,657,None,Move,development
1568717499.0679998,-692,659,None,Move,development
1568717499.075,-692,666,None,Move,development
1568717499.083,-691,668,None,Move,development
1568717499.091,-690,670,None,Move,development
1568717499.1,-690,671,None,Move,development
1568717499.1160002,-690,672,None,Move,development
1568717499.123,-690,672,None,Move,development
1568717499.1320002,-690,673,None,Move,development
1568717499.139,-690,674,None,Move,development
1568717499.147,-690,675,None,Move,development
1568717499.155,-689,677,None,Move,development
1568717499.163,-689,679,None,Move,development
1568717499.171,-688,681,None,Move,development
1568717499.179,-688,683,None,Move,development
1568717499.187,-687,685,None,Move,development
1568717499.195,-687,685,None,Move,development
1568717499.2029998,-687,686,None,Move,development
1568717499.219,-687,686,None,Move,development
1568717499.228,-687,687,None,Move,development
1568717499.235,-687,688,None,Move,development
1568717499.2529998,-687,689,None,Move,development
1568717499.26,-687,689,None,Move,development
1568717499.268,-687,690,None,Move,development
1568717499.276,-687,691,None,Move,development
1568717499.292,-687,692,None,Move,development
1568717499.299,-687,692,None,Move,development
1568717499.315,-687,693,None,Move,development
1568717499.339,-687,693,None,Move,development
1568717499.603,-686,694,Left,Pressed,development
1568717499.603,-686,694,None,Drag,development
1568717499.611,-680,695,None,Drag,development
1568717499.619,-675,695,None,Drag,development
1568717499.627,-667,695,None,Drag,development
1568717499.635,-655,695,None,Drag,development
1568717499.643,-641,696,None,Drag,development
1568717499.651,-625,696,None,Drag,development
1568717499.66,-603,697,None,Drag,development
1568717499.668,-575,697,None,Drag,development
1568717499.676,-551,697,None,Drag,development
1568717499.6829998,-526,697,None,Drag,development
1568717499.6920002,-504,699,None,Drag,development
1568717499.699,-492,699,None,Drag,development
1568717499.707,-481,699,None,Drag,development
1568717499.715,-476,699,None,Drag,development
1568717499.7229998,-473,699,None,Drag,development
1568717499.731,-471,699,None,Drag,development
1568717499.7389998,-470,699,None,Drag,development
1568717499.803,-469,699,None,Drag,development
1568717499.811,-469,699,None,Drag,development
1568717499.821,-468,699,None,Drag,development
1568717499.827,-468,699,None,Drag,development
1568717499.883,-467,699,None,Drag,development
1568717499.891,-466,699,None,Drag,development
1568717499.899,-464,699,None,Drag,development
1568717499.908,-463,699,None,Drag,development
1568717499.927,-460,699,None,Drag,development
1568717499.935,-452,700,None,Drag,development
1568717499.9429998,-447,701,None,Drag,development
1568717499.951,-443,701,None,Drag,development
1568717499.959,-436,702,None,Drag,development
1568717499.971,-429,703,None,Drag,development
1568717499.9770002,-422,703,None,Drag,development
1568717499.9829998,-420,703,None,Drag,development
1568717499.9910002,-417,703,None,Drag,development
1568717499.9989998,-416,703,None,Drag,development
1568717500.008,-416,703,None,Drag,development
1568717500.008,-416,703,Left,Released,development
1568717500.343,-416,703,None,Move,development
1568717500.351,-418,699,None,Move,development
1568717500.359,-423,689,None,Move,development
1568717500.367,-431,679,None,Move,development
1568717500.3760002,-440,668,None,Move,development
1568717500.383,-449,654,None,Move,development
1568717500.391,-460,638,None,Move,development
1568717500.399,-474,616,None,Move,development
1568717500.407,-482,603,None,Move,development
1568717500.415,-489,590,None,Move,development
1568717500.424,-494,579,None,Move,development
1568717500.4329998,-500,563,None,Move,development
1568717500.448,-515,519,None,Move,development
1568717500.455,-520,505,None,Move,development
1568717500.4629998,-523,496,None,Move,development
1568717500.472,-524,492,None,Move,development
1568717500.479,-525,489,None,Move,development
1568717500.488,-525,487,None,Move,development
1568717500.495,-526,484,None,Move,development
1568717500.5029998,-526,482,None,Move,development
1568717500.5110002,-526,481,None,Move,development
1568717500.519,-527,478,None,Move,development
1568717500.5270002,-528,475,None,Move,development
1568717500.535,-528,473,None,Move,development
1568717500.544,-528,471,None,Move,development
1568717500.551,-529,470,None,Move,development
1568717500.562,-529,470,None,Move,development
1568717500.5679998,-530,468,None,Move,development
1568717500.575,-530,467,None,Move,development
1568717500.583,-530,466,None,Move,development
1568717500.592,-531,465,None,Move,development
1568717500.6,-531,463,None,Move,development
1568717500.609,-531,462,None,Move,development
1568717500.6160002,-532,459,None,Move,development
1568717500.6360002,-532,455,None,Move,development
1568717500.643,-534,446,None,Move,development
1568717500.6520002,-534,445,None,Move,development
1568717500.66,-534,444,None,Move,development
1568717500.667,-534,443,None,Move,development
1568717500.675,-534,443,None,Move,development
1568717500.78,-534,443,Left,Pressed,development
1568717500.86,-534,443,Left,Released,development
1568717500.924,-534,443,Left,Pressed,development
1568717500.996,-534,443,Left,Released,development
1568717501.083,-534,443,None,Move,development
1568717501.091,-532,446,None,Move,development
1568717501.101,-529,451,None,Move,development
1568717501.11,-525,458,None,Move,development
1568717501.13,-516,473,None,Move,development
1568717501.137,-513,476,None,Move,development
1568717501.143,-512,480,None,Move,development
1568717501.149,-511,482,None,Move,development
1568717501.155,-511,483,None,Move,development
1568717501.164,-511,484,None,Move,development
1568717501.1720002,-514,487,None,Move,development
1568717501.179,-518,488,None,Move,development
1568717501.188,-525,490,None,Move,development
1568717501.195,-535,490,None,Move,development
1568717501.2029998,-548,490,None,Move,development
1568717501.211,-566,490,None,Move,development
1568717501.22,-584,488,None,Move,development
1568717501.228,-629,481,None,Move,development
1568717501.236,-677,471,None,Move,development
1568717501.2429998,-733,459,None,Move,development
1568717501.2510002,-794,447,None,Move,development
1568717501.2589998,-864,432,None,Move,development
1568717501.268,-928,420,None,Move,development
1568717501.291,-1000,407,None,Move,development
1568717501.2970002,-1160,374,None,Move,development
1568717501.304,-1227,362,None,Move,development
1568717501.31,-1286,350,None,Move,development
1568717501.315,-1326,341,None,Move,development
1568717501.323,-1366,333,None,Move,development
1568717501.333,-1397,328,None,Move,development
1568717501.34,-1427,322,None,Move,development
1568717501.3479998,-1441,321,None,Move,development
1568717501.355,-1455,320,None,Move,development
1568717501.363,-1461,319,None,Move,development
1568717501.3720002,-1473,317,None,Move,development
1568717501.38,-1480,317,None,Move,development
1568717501.387,-1486,317,None,Move,development
1568717501.395,-1492,317,None,Move,development
1568717501.404,-1499,316,None,Move,development
1568717501.411,-1506,316,None,Move,development
1568717501.419,-1514,315,None,Move,development
1568717501.427,-1522,314,None,Move,development
1568717501.435,-1534,312,None,Move,development
1568717501.444,-1546,311,None,Move,development
1568717501.467,-1557,310,None,Move,development
1568717501.478,-1593,306,None,Move,development
1568717501.4829998,-1604,305,None,Move,development
1568717501.4910002,-1615,304,None,Move,development
1568717501.4989998,-1626,301,None,Move,development
1568717501.508,-1639,299,None,Move,development
1568717501.516,-1654,297,None,Move,development
1568717501.524,-1666,294,None,Move,development
1568717501.531,-1678,291,None,Move,development
1568717501.539,-1688,289,None,Move,development
1568717501.5470002,-1695,288,None,Move,development
1568717501.555,-1704,286,None,Move,development
1568717501.565,-1710,284,None,Move,development
1568717501.572,-1718,283,None,Move,development
1568717501.579,-1723,282,None,Move,development
1568717501.587,-1726,281,None,Move,development
1568717501.595,-1728,281,None,Move,development
1568717501.603,-1730,281,None,Move,development
1568717501.611,-1734,281,None,Move,development
1568717501.62,-1737,280,None,Move,development
1568717501.6279998,-1743,279,None,Move,development
1568717501.6360002,-1751,279,None,Move,development
1568717501.643,-1758,279,None,Move,development
1568717501.651,-1763,279,None,Move,development
1568717501.659,-1771,278,None,Move,development
1568717501.667,-1777,278,None,Move,development
1568717501.676,-1781,278,None,Move,development
1568717501.684,-1786,278,None,Move,development
1568717501.6920002,-1788,277,None,Move,development
1568717501.699,-1790,277,None,Move,development
1568717501.707,-1793,277,None,Move,development
1568717501.715,-1793,277,None,Move,development
1568717501.835,-1792,277,None,Move,development
1568717501.844,-1790,277,None,Move,development
1568717501.8520002,-1788,277,None,Move,development
1568717501.86,-1786,277,None,Move,development
1568717501.867,-1784,277,None,Move,development
1568717501.875,-1782,277,None,Move,development
1568717501.883,-1779,277,None,Move,development
1568717501.8920002,-1774,277,None,Move,development
1568717501.899,-1772,277,None,Move,development
1568717501.908,-1770,277,None,Move,development
1568717501.917,-1769,277,None,Move,development
1568717501.924,-1768,277,None,Move,development
1568717501.931,-1768,277,None,Move,development
1568717501.948,-1767,277,None,Move,development
1568717501.956,-1766,277,None,Move,development
1568717501.964,-1765,277,None,Move,development
1568717501.972,-1764,277,None,Move,development
1568717501.981,-1763,277,None,Move,development
1568717501.9870002,-1762,277,None,Move,development
1568717501.996,-1761,277,None,Move,development
1568717502.004,-1760,277,None,Move,development
1568717502.6520002,-1760,277,Left,Pressed,development
1568717502.74,-1760,277,Left,Released,development
1568717503.3,-1759,277,None,Move,development
1568717503.3070002,-1753,281,None,Move,development
1568717503.316,-1744,285,None,Move,development
1568717503.324,-1730,291,None,Move,development
1568717503.332,-1718,295,None,Move,development
1568717503.341,-1700,300,None,Move,development
1568717503.3479998,-1678,308,None,Move,development
1568717503.356,-1645,318,None,Move,development
1568717503.363,-1602,330,None,Move,development
1568717503.371,-1551,343,None,Move,development
1568717503.38,-1505,355,None,Move,development
1568717503.3879998,-1432,374,None,Move,development
1568717503.396,-1376,388,None,Move,development
1568717503.404,-1322,404,None,Move,development
1568717503.4120002,-1262,421,None,Move,development
1568717503.42,-1203,435,None,Move,development
1568717503.427,-1152,447,None,Move,development
1568717503.436,-1088,461,None,Move,development
1568717503.444,-1021,476,None,Move,development
1568717503.467,-965,486,None,Move,development
1568717503.474,-880,503,None,Move,development
1568717503.479,-843,510,None,Move,development
1568717503.484,-814,516,None,Move,development
1568717503.492,-793,520,None,Move,development
1568717503.5,-777,524,None,Move,development
1568717503.508,-767,526,None,Move,development
1568717503.5170002,-760,527,None,Move,development
1568717503.525,-755,528,None,Move,development
1568717503.532,-752,529,None,Move,development
1568717503.54,-749,529,None,Move,development
1568717503.5470002,-747,529,None,Move,development
1568717503.5570002,-746,529,None,Move,development
1568717503.572,-745,529,None,Move,development
1568717503.581,-744,529,None,Move,development
1568717503.5879998,-744,529,None,Move,development
1568717503.621,-743,529,None,Move,development
1568717503.629,-742,529,None,Move,development
1568717503.637,-740,529,None,Move,development
1568717503.644,-738,529,None,Move,development
1568717503.6520002,-734,529,None,Move,development
1568717503.66,-733,529,None,Move,development
1568717503.669,-730,527,None,Move,development
1568717503.677,-729,527,None,Move,development
1568717503.684,-727,525,None,Move,development
1568717503.6920002,-726,524,None,Move,development
1568717503.702,-725,523,None,Move,development
1568717503.708,-725,522,None,Move,development
1568717503.716,-724,521,None,Move,development
1568717503.724,-723,519,None,Move,development
1568717503.732,-721,518,None,Move,development
1568717503.74,-721,516,None,Move,development
1568717503.748,-720,514,None,Move,development
1568717503.756,-719,511,None,Move,development
1568717503.7629998,-719,508,None,Move,development
1568717503.771,-719,505,None,Move,development
1568717503.781,-719,502,None,Move,development
1568717503.788,-719,499,None,Move,development
1568717503.7970002,-719,497,None,Move,development
1568717503.804,-720,496,None,Move,development
1568717503.812,-720,494,None,Move,development
1568717503.819,-721,492,None,Move,development
1568717503.827,-722,490,None,Move,development
1568717503.837,-723,489,None,Move,development
1568717503.843,-725,486,None,Move,development
1568717503.8520002,-727,483,None,Move,development
1568717503.861,-729,481,None,Move,development
1568717503.867,-732,478,None,Move,development
1568717503.875,-735,474,None,Move,development
1568717503.883,-737,472,None,Move,development
1568717503.893,-738,470,None,Move,development
1568717503.901,-741,468,None,Move,development
1568717503.909,-743,467,None,Move,development
1568717503.916,-746,464,None,Move,development
1568717503.924,-748,462,None,Move,development
1568717503.931,-751,460,None,Move,development
1568717503.94,-753,459,None,Move,development
1568717503.949,-754,457,None,Move,development
1568717503.957,-755,457,None,Move,development
1568717503.965,-756,456,None,Move,development
1568717503.982,-757,454,None,Move,development
1568717503.988,-757,454,None,Move,development
1568717504.157,-757,454,Left,Pressed,development
1568717504.205,-757,454,Left,Released,development
1568717504.212,-758,453,None,Move,development
1568717504.275,-758,453,Left,Pressed,development
1568717504.3720002,-758,453,Left,Released,development
1568717504.421,-759,453,None,Move,development
1568717504.429,-762,453,None,Move,development
1568717504.437,-767,453,None,Move,development
1568717504.456,-781,453,None,Move,development
1568717504.462,-785,453,None,Move,development
1568717504.469,-792,453,None,Move,development
1568717504.476,-798,453,None,Move,development
1568717504.484,-801,453,None,Move,development
1568717504.492,-804,453,None,Move,development
1568717504.5,-806,453,None,Move,development
1568717504.508,-809,453,None,Move,development
1568717504.516,-810,453,None,Move,development
1568717504.525,-811,453,None,Move,development
1568717504.533,-812,453,None,Move,development
1568717504.548,-813,453,None,Move,development
1568717504.556,-813,453,None,Move,development
1568717504.563,-814,452,None,Move,development
1568717504.5779998,-815,452,None,Move,development
1568717504.5879998,-815,452,None,Move,development
1568717504.596,-816,452,None,Move,development
1568717504.644,-816,452,None,Move,development
1568717504.6520002,-818,452,None,Move,development
1568717504.66,-818,452,None,Move,development
1568717504.725,-819,452,None,Move,development
1568717504.732,-819,452,None,Move,development
1568717504.7389998,-820,451,None,Move,development
1568717504.748,-821,451,None,Move,development
1568717504.8679998,-821,451,Left,Pressed,development
1568717504.941,-821,451,Left,Released,development
1568717505.1079998,-821,452,None,Move,development
1568717505.117,-817,453,None,Move,development
1568717505.139,-814,456,None,Move,development
1568717505.158,-774,471,None,Move,development
1568717505.164,-766,475,None,Move,development
1568717505.171,-755,477,None,Move,development
1568717505.178,-740,479,None,Move,development
1568717505.195,-716,485,None,Move,development
1568717505.204,-705,486,None,Move,development
1568717505.217,-693,488,None,Move,development
1568717505.256,-666,491,None,Move,development
1568717505.2729998,-662,491,None,Move,development
1568717505.279,-659,491,None,Move,development
1568717505.292,-656,491,None,Move,development
1568717505.298,-653,491,None,Move,development
1568717505.3070002,-651,491,None,Move,development
1568717505.313,-648,492,None,Move,development
1568717505.32,-645,492,None,Move,development
1568717505.326,-642,492,None,Move,development
1568717505.334,-636,493,None,Move,development
1568717505.342,-630,494,None,Move,development
1568717505.35,-625,494,None,Move,development
1568717505.3579998,-618,494,None,Move,development
1568717505.365,-610,495,None,Move,development
1568717505.373,-601,495,None,Move,development
1568717505.3820002,-595,495,None,Move,development
1568717505.39,-588,495,None,Move,development
1568717505.3979998,-584,495,None,Move,development
1568717505.406,-579,496,None,Move,development
1568717505.414,-576,496,None,Move,development
1568717505.4220002,-572,496,None,Move,development
1568717505.436,-566,497,None,Move,development
1568717505.441,-558,497,None,Move,development
1568717505.447,-553,497,None,Move,development
1568717505.454,-545,497,None,Move,development
1568717505.462,-535,497,None,Move,development
1568717505.47,-525,497,None,Move,development
1568717505.486,-514,497,None,Move,development
1568717505.492,-503,497,None,Move,development
1568717505.498,-495,497,None,Move,development
1568717505.512,-477,497,None,Move,development
1568717505.518,-471,497,None,Move,development
1568717505.526,-463,497,None,Move,development
1568717505.534,-459,496,None,Move,development
1568717505.541,-457,495,None,Move,development
1568717505.55,-453,493,None,Move,development
1568717505.5579998,-450,493,None,Move,development
1568717505.566,-448,492,None,Move,development
1568717505.583,-445,490,None,Move,development
1568717505.596,-442,489,None,Move,development
1568717505.605,-442,488,None,Move,development
1568717505.611,-440,488,None,Move,development
1568717505.617,-439,487,None,Move,development
1568717505.6220002,-439,486,None,Move,development
1568717505.63,-437,484,None,Move,development
1568717505.6379998,-436,481,None,Move,development
1568717505.646,-435,480,None,Move,development
1568717505.6620002,-434,478,None,Move,development
1568717505.671,-434,477,None,Move,development
1568717505.7270002,-434,477,Left,Pressed,development
1568717505.8070002,-434,477,Left,Released,development
1568717505.8379998,-432,477,None,Move,development
1568717505.846,-430,477,None,Move,development
1568717505.854,-427,477,None,Move,development
1568717505.8620002,-422,477,None,Move,development
1568717505.87,-416,477,None,Move,development
1568717505.8779998,-407,477,None,Move,development
1568717505.8860002,-401,477,None,Move,development
1568717505.894,-393,477,None,Move,development
1568717505.9020002,-385,476,None,Move,development
1568717505.91,-378,474,None,Move,development
1568717505.919,-371,473,None,Move,development
1568717505.927,-364,472,None,Move,development
1568717505.935,-361,471,None,Move,development
1568717505.9420002,-359,470,None,Move,development
1568717505.959,-359,470,Left,Pressed,development
1568717506.038,-359,470,Left,Released,development
1568717506.1420002,-361,470,None,Move,development
1568717506.15,-366,469,None,Move,development
1568717506.158,-375,468,None,Move,development
1568717506.166,-386,464,None,Move,development
1568717506.174,-405,463,None,Move,development
1568717506.1820002,-447,458,None,Move,development
1568717506.19,-489,452,None,Move,development
1568717506.198,-536,447,None,Move,development
1568717506.206,-602,438,None,Move,development
1568717506.214,-674,428,None,Move,development
1568717506.222,-756,413,None,Move,development
1568717506.23,-842,395,None,Move,development
1568717506.238,-946,375,None,Move,development
1568717506.26,-1024,359,None,Move,development
1568717506.268,-1181,331,None,Move,development
1568717506.274,-1251,319,None,Move,development
1568717506.28,-1317,308,None,Move,development
1568717506.286,-1370,301,None,Move,development
1568717506.306,-1454,288,None,Move,development
1568717506.311,-1480,283,None,Move,development
1568717506.319,-1496,281,None,Move,development
1568717506.327,-1504,280,None,Move,development
1568717506.335,-1510,278,None,Move,development
1568717506.343,-1512,278,None,Move,development
1568717506.35,-1515,277,None,Move,development
1568717506.3579998,-1518,276,None,Move,development
1568717506.3660002,-1521,276,None,Move,development
1568717506.3739998,-1523,275,None,Move,development
1568717506.383,-1525,275,None,Move,development
1568717506.39,-1528,275,None,Move,development
1568717506.3979998,-1529,274,None,Move,development
1568717506.406,-1531,274,None,Move,development
1568717506.414,-1535,273,None,Move,development
1568717506.4220002,-1539,273,None,Move,development
1568717506.431,-1544,272,None,Move,development
1568717506.438,-1550,272,None,Move,development
1568717506.446,-1559,269,None,Move,development
1568717506.454,-1567,268,None,Move,development
1568717506.462,-1578,268,None,Move,development
1568717506.472,-1590,267,None,Move,development
1568717506.479,-1600,267,None,Move,development
1568717506.4870002,-1613,267,None,Move,development
1568717506.495,-1625,266,None,Move,development
1568717506.5029998,-1639,266,None,Move,development
1568717506.5110002,-1655,266,None,Move,development
1568717506.52,-1669,265,None,Move,development
1568717506.5270002,-1683,265,None,Move,development
1568717506.542,-1713,265,None,Move,development
1568717506.551,-1725,264,None,Move,development
1568717506.5579998,-1732,264,None,Move,development
1568717506.566,-1738,264,None,Move,development
1568717506.574,-1741,264,None,Move,development
1568717506.583,-1744,264,None,Move,development
1568717506.591,-1746,264,None,Move,development
1568717506.5979998,-1748,264,None,Move,development
1568717506.607,-1751,264,None,Move,development
1568717506.615,-1753,264,None,Move,development
1568717506.623,-1755,265,None,Move,development
1568717506.631,-1757,266,None,Move,development
1568717506.6379998,-1760,267,None,Move,development
1568717506.647,-1760,267,None,Move,development
1568717506.79,-1761,267,None,Move,development
1568717506.798,-1761,269,None,Move,development
1568717506.806,-1763,270,None,Move,development
1568717506.814,-1763,271,None,Move,development
1568717506.822,-1764,273,None,Move,development
1568717506.83,-1765,274,None,Move,development
1568717506.8379998,-1766,275,None,Move,development
1568717506.846,-1766,277,None,Move,development
1568717506.854,-1766,277,None,Move,development
1568717506.8620002,-1767,279,None,Move,development
1568717506.87,-1767,280,None,Move,development
1568717506.8779998,-1767,280,None,Move,development
1568717506.895,-1767,281,None,Move,development
1568717506.9420002,-1767,282,None,Move,development
1568717506.99,-1767,282,Left,Pressed,development
1568717507.046,-1767,282,Left,Released,development
1568717507.454,-1767,282,Left,Pressed,development
1568717507.542,-1767,282,Left,Released,development
1568717509.391,-1767,282,Left,Pressed,development
1568717509.472,-1767,282,Left,Released,development
1568717510.4870002,-1767,282,Left,Pressed,development
1568717510.566,-1767,282,Left,Released,development
1568717510.879,-1767,282,Left,Pressed,development
1568717510.968,-1767,282,Left,Released,development
1568717511.072,-1767,282,Left,Pressed,development
1568717511.127,-1767,282,Left,Released,development
1568717511.2229998,-1767,282,None,Move,development
1568717511.231,-1768,277,None,Move,development
1568717511.2389998,-1770,272,None,Move,development
1568717511.2470002,-1771,268,None,Move,development
1568717511.265,-1773,264,None,Move,development
1568717511.2729998,-1775,262,None,Move,development
1568717511.279,-1777,258,None,Move,development
1568717511.2870002,-1778,255,None,Move,development
1568717511.295,-1779,254,None,Move,development
1568717511.304,-1779,253,None,Move,development
1568717511.3979998,-1779,252,None,Move,development
1568717511.408,-1777,251,None,Move,development
1568717511.415,-1772,249,None,Move,development
1568717511.423,-1768,248,None,Move,development
1568717511.4320002,-1761,246,None,Move,development
1568717511.438,-1747,244,None,Move,development
1568717511.447,-1733,244,None,Move,development
1568717511.454,-1707,244,None,Move,development
1568717511.464,-1663,244,None,Move,development
1568717511.472,-1595,247,None,Move,development
1568717511.479,-1526,255,None,Move,development
1568717511.4870002,-1428,264,None,Move,development
1568717511.494,-1347,270,None,Move,development
1568717511.502,-1240,282,None,Move,development
1568717511.51,-1131,295,None,Move,development
1568717511.519,-1022,309,None,Move,development
1568717511.5270002,-897,328,None,Move,development
1568717511.535,-796,343,None,Move,development
1568717511.543,-719,354,None,Move,development
1568717511.551,-631,367,None,Move,development
1568717511.5579998,-567,380,None,Move,development
1568717511.566,-516,387,None,Move,development
1568717511.575,-488,391,None,Move,development
1568717511.585,-476,392,None,Move,development
1568717511.591,-475,392,None,Move,development
1568717511.6139998,-477,392,None,Move,development
1568717511.63,-478,392,None,Move,development
1568717511.639,-486,391,None,Move,development
1568717511.647,-487,391,None,Move,development
1568717511.655,-488,390,None,Move,development
1568717511.663,-490,390,None,Move,development
1568717511.67,-491,390,None,Move,development
1568717511.678,-494,389,None,Move,development
1568717511.687,-496,388,None,Move,development
1568717511.695,-499,387,None,Move,development
1568717511.7029998,-501,387,None,Move,development
1568717511.734,-501,386,None,Move,development
1568717511.7429998,-498,384,None,Move,development
1568717511.7510002,-489,382,None,Move,development
1568717511.765,-478,379,None,Move,development
1568717511.771,-463,374,None,Move,development
1568717511.7770002,-449,372,None,Move,development
1568717511.783,-432,367,None,Move,development
1568717511.79,-408,363,None,Move,development
1568717511.798,-379,356,None,Move,development
1568717511.8079998,-342,351,None,Move,development
1568717511.815,-297,343,None,Move,development
1568717511.823,-255,338,None,Move,development
1568717511.831,-207,330,None,Move,development
1568717511.839,-163,325,None,Move,development
1568717511.861,-134,320,None,Move,development
1568717511.867,-100,311,None,Move,development
1568717511.8720002,-93,308,None,Move,development
1568717511.879,-91,306,None,Move,development
1568717511.8879998,-89,305,None,Move,development
1568717511.896,-88,303,None,Move,development
1568717511.903,-88,302,None,Move,development
1568717511.911,-88,301,None,Move,development
1568717511.92,-88,299,None,Move,development
1568717511.928,-88,299,None,Move,development
1568717511.951,-88,298,None,Move,development
1568717511.958,-88,297,None,Move,development
1568717511.968,-88,296,None,Move,development
1568717511.976,-88,295,None,Move,development
1568717511.984,-88,294,None,Move,development
1568717511.992,-88,293,None,Move,development
1568717511.9989998,-88,291,None,Move,development
1568717512.0070002,-89,290,None,Move,development
1568717512.014,-90,288,None,Move,development
1568717512.022,-92,288,None,Move,development
1568717512.031,-95,286,None,Move,development
1568717512.041,-99,283,None,Move,development
1568717512.048,-105,280,None,Move,development
1568717512.056,-111,277,None,Move,development
1568717512.064,-118,275,None,Move,development
1568717512.072,-125,273,None,Move,development
1568717512.079,-131,272,None,Move,development
1568717512.087,-138,268,None,Move,development
1568717512.095,-145,265,None,Move,development
1568717512.103,-148,265,None,Move,development
1568717512.1120002,-154,263,None,Move,development
1568717512.119,-157,262,None,Move,development
1568717512.127,-161,260,None,Move,development
1568717512.1339998,-163,260,None,Move,development
1568717512.144,-164,259,None,Move,development
1568717512.151,-165,259,None,Move,development
1568717512.407,-165,258,Left,Pressed,development
1568717512.407,-165,258,None,Drag,development
1568717512.407,-165,258,Left,Released,development
1568717512.419,-168,258,None,Move,development
1568717512.425,-170,258,None,Move,development
1568717512.4320002,-172,258,None,Move,development
1568717512.452,-173,258,None,Move,development
1568717512.488,-174,258,None,Move,development
1568717512.496,-175,258,None,Move,development
1568717512.504,-176,258,None,Move,development
1568717512.5110002,-177,258,None,Move,development
1568717512.559,-177,258,Left,Pressed,development
1568717512.6220002,-177,258,Left,Released,development
1568717512.7270002,-178,257,None,Move,development
1568717512.736,-178,253,None,Move,development
1568717512.7429998,-179,247,None,Move,development
1568717512.7510002,-182,240,None,Move,development
1568717512.7629998,-185,236,None,Move,development
1568717512.768,-189,230,None,Move,development
1568717512.775,-192,225,None,Move,development
1568717512.783,-195,219,None,Move,development
1568717512.791,-198,214,None,Move,development
1568717512.798,-200,212,None,Move,development
1568717512.8070002,-202,209,None,Move,development
1568717512.815,-203,206,None,Move,development
1568717512.823,-204,203,None,Move,development
1568717512.831,-205,201,None,Move,development
1568717512.839,-207,197,None,Move,development
1568717512.847,-208,192,None,Move,development
1568717512.854,-213,185,None,Move,development
1568717512.863,-214,179,None,Move,development
1568717512.871,-218,172,None,Move,development
1568717512.879,-220,168,None,Move,development
1568717512.887,-223,162,None,Move,development
1568717512.895,-229,153,None,Move,development
1568717512.903,-233,145,None,Move,development
1568717512.91,-237,136,None,Move,development
1568717512.919,-241,130,None,Move,development
1568717512.927,-245,123,None,Move,development
1568717512.935,-250,117,None,Move,development
1568717512.9429998,-253,111,None,Move,development
1568717512.959,-256,107,None,Move,development
1568717512.975,-260,100,None,Move,development
1568717512.984,-261,98,None,Move,development
1568717512.9910002,-264,96,None,Move,development
1568717512.9989998,-264,94,None,Move,development
1568717513.0070002,-265,93,None,Move,development
1568717513.015,-266,93,None,Move,development
1568717513.022,-266,93,None,Move,development
1568717513.135,-266,92,None,Move,development
1568717513.151,-266,90,None,Move,development
1568717513.159,-266,89,None,Move,development
1568717513.175,-265,89,None,Move,development
1568717513.1829998,-265,88,None,Move,development
1568717513.198,-263,88,None,Move,development
1568717513.2229998,-263,88,Left,Pressed,development
1568717513.296,-263,88,Left,Released,development
1568717513.359,-264,88,None,Move,development
1568717513.37,-267,88,None,Move,development
1568717513.3779998,-277,89,None,Move,development
1568717513.385,-304,90,None,Move,development
1568717513.393,-334,90,None,Move,development
1568717513.399,-382,90,None,Move,development
1568717513.42,-450,90,None,Move,development
1568717513.427,-722,95,None,Move,development
1568717513.436,-865,102,None,Move,development
1568717513.444,-1003,111,None,Move,development
1568717513.467,-1421,145,None,Move,development
1568717513.476,-1532,156,None,Move,development
1568717513.5,-1636,165,None,Move,development
1568717513.5070002,-1765,170,None,Move,development
1568717513.5129998,-1799,169,None,Move,development
1568717513.52,-1811,166,None,Move,development
1568717513.526,-1816,162,None,Move,development
1568717513.535,-1816,158,None,Move,development
1568717513.541,-1817,154,None,Move,development
1568717513.5470002,-1823,150,None,Move,development
1568717513.555,-1825,150,None,Move,development
1568717513.684,-1825,150,None,Move,development
1568717513.6920002,-1828,157,None,Move,development
1568717513.7,-1831,164,None,Move,development
1568717513.708,-1834,175,None,Move,development
1568717513.715,-1837,187,None,Move,development
1568717513.7229998,-1842,203,None,Move,development
1568717513.731,-1851,223,None,Move,development
1568717513.7389998,-1859,238,None,Move,development
1568717513.7470002,-1865,253,None,Move,development
1568717513.755,-1868,265,None,Move,development
1568717513.7629998,-1870,277,None,Move,development
1568717513.77,-1871,288,None,Move,development
1568717513.78,-1872,299,None,Move,development
1568717513.788,-1873,310,None,Move,development
1568717513.796,-1874,316,None,Move,development
1568717513.804,-1874,319,None,Move,development
1568717513.812,-1874,319,None,Move,development
1568717513.82,-1874,320,None,Move,development
1568717513.8279998,-1874,320,None,Move,development
1568717513.843,-1874,322,None,Move,development
1568717513.851,-1873,325,None,Move,development
1568717513.86,-1872,327,None,Move,development
1568717513.867,-1870,329,None,Move,development
1568717513.8760002,-1868,332,None,Move,development
1568717513.883,-1865,336,None,Move,development
1568717513.8920002,-1863,338,None,Move,development
1568717513.901,-1859,342,None,Move,development
1568717513.909,-1857,342,None,Move,development
1568717513.917,-1856,343,None,Move,development
1568717513.925,-1855,344,None,Move,development
1568717513.941,-1855,345,None,Move,development
1568717513.948,-1854,345,None,Move,development
1568717513.956,-1853,345,None,Move,development
1568717513.964,-1852,346,None,Move,development
1568717513.972,-1852,346,None,Move,development
1568717513.98,-1850,346,None,Move,development
1568717513.988,-1850,346,None,Move,development
1568717513.996,-1849,346,None,Move,development
1568717514.004,-1847,346,None,Move,development
1568717514.012,-1844,345,None,Move,development
1568717514.02,-1840,343,None,Move,development
1568717514.0270002,-1837,342,None,Move,development
1568717514.035,-1834,341,None,Move,development
1568717514.043,-1831,338,None,Move,development
1568717514.052,-1827,336,None,Move,development
1568717514.059,-1824,335,None,Move,development
1568717514.0670002,-1823,333,None,Move,development
1568717514.075,-1820,331,None,Move,development
1568717514.083,-1820,330,None,Move,development
1568717514.091,-1819,329,None,Move,development
1568717514.099,-1818,329,None,Move,development
1568717514.107,-1817,327,None,Move,development
1568717514.123,-1817,327,None,Move,development
1568717514.147,-1816,326,None,Move,development
1568717514.163,-1816,326,None,Move,development
1568717514.1720002,-1816,325,None,Move,development
1568717514.179,-1816,325,None,Move,development
1568717514.187,-1815,324,None,Move,development
1568717514.212,-1815,323,None,Move,development
1568717514.275,-1815,323,None,Move,development
1568717514.283,-1814,322,None,Move,development
1568717514.291,-1814,322,None,Move,development
1568717514.299,-1814,321,None,Move,development
1568717514.3070002,-1814,321,None,Move,development
1568717514.315,-1813,319,None,Move,development
1568717514.323,-1813,319,None,Move,development
1568717514.332,-1813,318,None,Move,development
1568717514.347,-1813,318,None,Move,development
1568717514.379,-1813,318,Left,Pressed,development
1568717514.475,-1813,318,Left,Released,development
1568717514.587,-1813,318,Right,Pressed,development
1568717514.6920002,-1813,318,Right,Released,development
1568717514.875,-1807,318,None,Move,development
1568717514.883,-1796,322,None,Move,development
1568717514.8920002,-1785,331,None,Move,development
1568717514.899,-1775,341,None,Move,development
1568717514.907,-1763,356,None,Move,development
1568717514.915,-1751,378,None,Move,development
1568717514.923,-1737,411,None,Move,development
1568717514.931,-1725,445,None,Move,development
1568717514.94,-1714,482,None,Move,development
1568717514.947,-1707,520,None,Move,development
1568717514.956,-1703,566,None,Move,development
1568717514.964,-1701,621,None,Move,development
1568717514.972,-1704,665,None,Move,development
1568717514.98,-1711,705,None,Move,development
1568717514.9870002,-1716,744,None,Move,development
1568717514.995,-1721,773,None,Move,development
1568717515.0029998,-1726,805,None,Move,development
1568717515.0110002,-1729,828,None,Move,development
1568717515.019,-1732,848,None,Move,development
1568717515.0270002,-1733,865,None,Move,development
1568717515.035,-1734,876,None,Move,development
1568717515.043,-1734,886,None,Move,development
1568717515.051,-1734,895,None,Move,development
1568717515.059,-1733,899,None,Move,development
1568717515.0670002,-1732,902,None,Move,development
1568717515.079,-1732,906,None,Move,development
1568717515.084,-1730,907,None,Move,development
1568717515.092,-1730,908,None,Move,development
1568717515.1,-1729,909,None,Move,development
1568717515.1079998,-1729,910,None,Move,development
1568717515.1239998,-1729,910,None,Move,development
1568717515.155,-1728,910,None,Move,development
1568717515.171,-1726,911,None,Move,development
1568717515.187,-1725,911,None,Move,development
1568717515.195,-1724,911,None,Move,development
1568717515.2029998,-1724,911,None,Move,development
1568717515.211,-1723,911,None,Move,development
1568717515.219,-1723,911,None,Move,development
1568717515.2270002,-1722,911,None,Move,development
1568717515.235,-1720,909,None,Move,development
1568717515.2429998,-1719,908,None,Move,development
1568717515.2510002,-1716,904,None,Move,development
1568717515.26,-1712,898,None,Move,development
1568717515.2670002,-1710,895,None,Move,development
1568717515.275,-1707,893,None,Move,development
1568717515.283,-1705,889,None,Move,development
1568717515.291,-1703,887,None,Move,development
1568717515.299,-1701,884,None,Move,development
1568717515.3070002,-1698,881,None,Move,development
1568717515.323,-1696,878,None,Move,development
1568717515.34,-1688,870,None,Move,development
1568717515.3479998,-1681,864,None,Move,development
1568717515.356,-1679,862,None,Move,development
1568717515.3639998,-1676,860,None,Move,development
1568717515.3779998,-1675,859,None,Move,development
1568717515.387,-1674,858,None,Move,development
1568717515.394,-1671,857,None,Move,development
1568717515.4,-1670,855,None,Move,development
1568717515.406,-1668,853,None,Move,development
1568717515.4120002,-1667,851,None,Move,development
1568717515.42,-1666,850,None,Move,development
1568717515.428,-1666,850,None,Move,development
1568717515.435,-1665,850,None,Move,development
1568717515.475,-1665,849,None,Move,development
1568717515.4829998,-1664,849,None,Move,development
1568717515.4910002,-1664,848,None,Move,development
1568717515.4989998,-1664,847,None,Move,development
1568717515.5229998,-1663,847,None,Move,development
1568717515.531,-1663,847,None,Move,development
1568717515.5470002,-1663,846,None,Move,development
1568717515.562,-1662,845,None,Move,development
1568717515.569,-1661,844,None,Move,development
1568717515.574,-1659,842,None,Move,development
1568717515.58,-1658,840,None,Move,development
1568717515.587,-1656,839,None,Move,development
1568717515.595,-1655,837,None,Move,development
1568717515.604,-1654,835,None,Move,development
1568717515.611,-1652,835,None,Move,development
1568717515.619,-1651,833,None,Move,development
1568717515.627,-1651,833,None,Move,development
1568717515.6360002,-1650,833,None,Move,development
1568717515.644,-1650,832,None,Move,development
1568717515.66,-1650,832,None,Move,development
1568717515.667,-1649,831,None,Move,development
1568717515.675,-1649,831,None,Move,development
1568717515.684,-1648,830,None,Move,development
1568717515.691,-1647,829,None,Move,development
1568717515.795,-1647,829,None,Move,development
1568717515.811,-1646,828,None,Move,development
1568717515.843,-1645,827,None,Move,development
1568717515.8760002,-1644,826,None,Move,development
1568717516.371,-1644,828,None,Move,development
1568717516.379,-1644,830,None,Move,development
1568717516.3879998,-1645,835,None,Move,development
1568717516.396,-1646,840,None,Move,development
1568717516.404,-1646,845,None,Move,development
1568717516.4120002,-1647,853,None,Move,development
1568717516.42,-1647,861,None,Move,development
1568717516.428,-1647,867,None,Move,development
1568717516.435,-1647,876,None,Move,development
1568717516.4429998,-1647,884,None,Move,development
1568717516.451,-1647,887,None,Move,development
1568717516.459,-1647,890,None,Move,development
1568717516.467,-1647,891,None,Move,development
1568717516.475,-1647,892,None,Move,development
1568717516.484,-1647,893,None,Move,development
1568717516.661,-1647,893,None,Move,development
1568717516.6920002,-1647,892,None,Move,development
1568717516.756,-1647,892,None,Move,development
1568717516.9320002,-1646,891,None,Move,development
1568717516.952,-1645,891,None,Move,development
1568717516.96,-1637,890,None,Move,development
1568717516.967,-1629,890,None,Move,development
1568717516.975,-1622,890,None,Move,development
1568717516.9829998,-1612,891,None,Move,development
1568717516.9910002,-1602,893,None,Move,development
1568717517.0,-1583,896,None,Move,development
1568717517.0070002,-1568,898,None,Move,development
1568717517.015,-1551,900,None,Move,development
1568717517.0229998,-1535,903,None,Move,development
1568717517.031,-1521,904,None,Move,development
1568717517.039,-1510,907,None,Move,development
1568717517.049,-1497,908,None,Move,development
1568717517.056,-1486,909,None,Move,development
1568717517.064,-1477,909,None,Move,development
1568717517.071,-1472,909,None,Move,development
1568717517.079,-1468,909,None,Move,development
1568717517.087,-1465,909,None,Move,development
1568717517.095,-1463,909,None,Move,development
1568717517.104,-1462,909,None,Move,development
1568717517.1120002,-1461,909,None,Move,development
1568717517.161,-1461,909,None,Move,development
1568717517.177,-1460,909,None,Move,development
1568717517.232,-1459,909,None,Move,development
1568717517.248,-1458,909,None,Move,development
1568717517.256,-1457,909,None,Move,development
1568717517.264,-1455,909,None,Move,development
1568717517.281,-1453,909,None,Move,development
1568717517.289,-1453,909,None,Move,development
1568717517.2970002,-1452,909,None,Move,development
1568717517.304,-1451,909,None,Move,development
1568717517.32,-1450,909,None,Move,development
1568717517.337,-1450,909,None,Move,development
1568717517.3520002,-1449,909,None,Move,development
1568717517.36,-1449,908,None,Move,development
1568717517.64,-1449,908,Left,Pressed,development
1568717517.719,-1449,908,Left,Released,development
